-0.0488480755193482
-0.996834867960644
-0.916927494646295
-1.03551156981042
-1.0338242278182
-1.19537096949579
-0.94453762614993
-1.08968415470811
-0.795426138584147
-0.942875326273186
-0.898066200600623
-0.979702510116939
-1.0835033583981
-1.04198223954662
-1.07635662436544
-1.09394224468895
-1.00293010206726
-1.24622832762327
-0.833138277186732
-1.0297452707507
-0.90830671445076
-1.00605024356363
-0.999846082723854
-0.915986267950351
-0.91277443326304
-0.997689119691078
-1.02617479858138
-0.930157516368705
-0.888186622447815
-0.956993904880227
-0.817518120785867
-0.781105058831461
-0.772672066442231
-0.728663930649305
-0.948078643800579
-0.970750762745952
-0.859866821763482
-0.875124877562228
-0.845122938013048
-0.968741990972254
-0.879850747522724
-0.812391771196622
-0.811525628644499
-0.975341743710892
-0.820841091558393
-0.949664436571113
-0.966601070408144
-0.826649196098215
-0.94790812129584
-0.818850870328483
-0.986442291921386
-0.921789833571192
-0.783665224245777
-0.84986615836971
-0.785410655912146
-0.72329260867283
-0.821858981889346
-0.802267890958865
-0.855914547541836
-0.871206994221966
-0.908989592808901
-0.969396408484687
-0.940256070397851
-0.928763201163929
-0.832069087332282
-0.887387692834944
-0.721532426860619
-0.867745483173431
-0.955975888748892
-0.902957757959399
-0.715381332392522
-0.826415552704893
-0.80673151323359
-0.854805081838222
-0.757552430559593
-0.807372790829642
-0.962392895365237
-0.76845656480452
-0.843859872293728
-0.719415125668616
-0.816704070508096
-0.898796415323534
-0.864752573034307
-0.783746935861591
-0.83172428499708
-0.793917703837729
-0.838540975801736
-0.892054733725736
-0.883855038063473
-0.847076579600597
-0.84060746494516
-0.956425341027013
-0.734624582962854
-0.747096634956659
-0.830140158034467
-0.767059549826007
-0.798808159910803
-0.887693096437216
-0.838277569649589
-0.722926195062136
-0.916763222863146
-0.75931496947974
-0.689941290315732
-0.852004394577499
-0.854671253407094
-0.826021510209454
-0.887145017259226
-0.78103922184687
-0.652566815660345
-0.74860386294786
-0.787974652958949
-0.874711033436596
-0.919836330324808
-0.713871847223719
-0.747259271762768
-0.654794953822011
-0.848919858463116
-0.7883532649318
-0.890754538648854
-0.795377423222537
-0.801224316077846
-0.74326262276135
-0.739479052114794
-0.821645260503526
-0.842682312596744
-0.555344300018269
-0.791720105593539
-0.876972638905827
-0.69299133114989
-0.664978971262103
-0.743990866261698
-0.872875675296962
-0.956653055207498
-0.817667440237376
-0.942569908805331
-0.694231356742846
-0.670792161483154
-0.887797324890037
-0.701080033805548
-0.859253537168528
-0.612392676546408
-0.8305667712562
-0.662160950876784
-0.797715611056255
-0.6257405490776
-0.562483439429403
-0.682557386220865
-0.656772247623769
-0.524706236649179
-0.614429429529715
-0.704522984925086
-0.849301996860299
-0.745513461789376
-0.618455350346093
-0.684613450972271
-0.752541650494266
-0.718497585235851
-0.854632347625015
-0.623566098423855
-0.722060211456441
-0.620594336203615
-0.545174484528932
-0.685104943876713
-0.592196649385875
-0.73853809368225
-0.745802493905618
-0.764902858571951
-0.700889082546314
-0.724965060007613
-0.760415396143485
-0.655814883994109
-0.400487977835994
-0.700306683423134
-0.591741298780571
-0.678560968875267
-0.678311802178514
-0.597483237136061
-0.621192251747727
-0.728459128309257
-0.588088960540387
-0.711363052734788
-0.544782219071225
-0.675106752730614
-0.416854148132495
-0.63724374937846
-0.541854398910908
-0.621905841815043
-0.663944847573309
-0.464082058555162
-0.664661042698128
-0.611260583631143
-0.562243829206818
-0.54985649432414
-0.566836559074875
-0.650445722787595
-0.623588468946759
-0.458736732627169
-0.543927914323486
-0.598683582298219
-0.676468624647026
-0.613747600593695
-0.570607260908157
-0.582134624802107
-0.620701273259936
-0.475126948225269
-0.550767522435856
-0.60396133724984
-0.607209140724708
-0.461089307593105
-0.751918388912206
-0.582574819748112
-0.580743398661492
-0.496872673401985
-0.58890767665441
-0.62618769039264
-0.593992887334107
-0.568744131937942
-0.540370999095897
-0.493953617700894
-0.531587475856522
-0.636270839768847
-0.453688236966364
-0.678877251427825
-0.617391544526412
-0.52419966752184
-0.634902637862534
-0.48760206525235
-0.502238601235211
-0.500900652270621
-0.516267858447772
-0.588664214423152
-0.4943669592711
-0.523662958761797
-0.574959214804768
-0.493503019697327
-0.588954930964105
-0.480649997259273
-0.426283055387189
-0.609409876111101
-0.550164557173955
-0.529986329375359
-0.424017155436394
-0.52513959934176
-0.446802163707067
-0.603220639185692
-0.431095871872411
-0.529065312754877
-0.572304504950848
-0.490574589797774
-0.491446542247699
-0.46769142017098
-0.560836744700333
-0.640444208479207
-0.487825493992333
-0.372596121157764
-0.532993449997448
-0.492398290397043
-0.491641890234831
-0.505056300471543
-0.556838825818021
-0.451763202967741
-0.524053590242635
-0.423577505869686
-0.427316706557883
-0.496961884441766
-0.3137370664551
-0.443568139245324
-0.519759291568241
-0.408247411069323
-0.47560843615544
-0.448282415377473
-0.53311134398329
-0.402465048731103
-0.415874996323374
-0.594880978286037
-0.68263475933701
-0.62104291276157
-0.515654632059907
-0.406346494199486
-0.369820321017835
-0.366298853760429
-0.437748698101623
-0.492315226197433
-0.360111770314812
-0.516222543355296
-0.505064411628925
-0.473294175302054
-0.17798291099459
-0.603889141126921
-0.402729340062768
-0.440889227600747
-0.425315989683262
-0.438483622315039
-0.395068135256283
-0.535724728641327
-0.485446692224532
-0.466418714715129
-0.428325083582939
-0.418901716410849
-0.337406532982068
-0.432597439500896
-0.339299726555985
-0.391275252512098
-0.486470572097413
-0.490779186510906
-0.552688666188835
-0.507647091916968
-0.401779596456027
-0.415574210791776
-0.297476657443395
-0.484193178115739
-0.449523236631466
-0.399457942995775
-0.552775067736459
-0.324841179626523
-0.154782152930198
-0.277953264313336
-0.370321495218568
-0.474254557385703
-0.401332704957299
-0.283339706596032
-0.402992578123703
-0.28236740049747
-0.373888833694266
-0.264419570992597
-0.392787072969152
-0.249622274256907
-0.311599606420086
-0.331957491016593
-0.346853659836549
-0.447054567747921
-0.452029837102736
-0.414459171170218
-0.467278465147614
-0.224751363938335
-0.397085372627636
-0.278678009987357
-0.397079378237673
-0.292782875253216
-0.333793550905096
-0.574368779487479
-0.385026861972975
-0.233999120546407
-0.352264095661316
-0.264590164230749
-0.227160181703417
-0.297259182305896
-0.30645814634036
-0.292433221154541
-0.316616436955935
-0.448465933946757
-0.269557718554734
-0.328494672163581
-0.286543646995574
-0.307826474938283
-0.254799006687811
-0.296218786943027
-0.19983754367138
-0.313655443044448
-0.292040200042745
-0.190990668248161
-0.442861499345389
-0.217496327003304
-0.327410570792595
-0.295161999554306
-0.21439977072554
-0.212728642485356
-0.329559520811743
-0.234860066018722
-0.361449546827758
-0.417558962706145
-0.156919876005512
-0.293876457927796
-0.159082747164558
-0.207332881474692
-0.175434475326778
-0.296539646026415
-0.451245400736078
-0.26911239676067
-0.164661305488262
-0.18986666316153
-0.296825107160958
-0.21016909252936
-0.231134836859025
-0.258569278247653
-0.21100944805121
-0.216341143235928
-0.490141979115904
-0.213127525906895
-0.195024312544167
-0.404904938986567
-0.164855339925262
-0.231931863812137
-0.289943281079108
-0.0633899897516572
-0.264579377983357
-0.0134958065029407
-0.109644406593309
-0.0492229835031366
-0.306978871578538
-0.162159834981678
-0.136074839854312
-0.0255344563253796
-0.0812373901184255
-0.139703326729041
-0.110301590379227
-0.295051833626749
-0.0778062046239854
-0.30460935124637
-0.158815147132383
-0.214443990448743
-0.101183921990508
-0.186443733234307
-0.214861286646032
-0.0632284468768276
-0.146135042070123
-0.137053783624722
-0.141257066200549
-0.121648566783455
-0.162653268895269
-0.227154092839568
-0.194403341332021
-0.170187494147668
-0.0959904166656463
-0.178220721096753
-0.102904211933662
-0.13432137803319
-0.102418783129644
-0.101810779747108
-0.078411914328429
-0.0774952820416493
-0.0912036796903552
-0.097517886666538
-0.0403122252459411
-0.286585292039846
-0.00927269672323573
-0.311917194966157
-0.178143461910863
-0.0401815598463597
-0.153111971902704
-0.10689957014604
-0.185116006870934
-0.120647805750011
-0.185455533424528
-0.0300189281054942
-0.201337558127224
-0.268686953041584
-0.0404067671664003
-0.0831659521814524
-0.203522352392694
-0.0279063883341551
-0.124016579124541
-0.16330305796401
-0.225682170048836
-0.214426690632079
-0.108010087339605
-0.131948157745249
-0.00504857380865214
-0.129576305356364
0.104049386035076
-0.08860972192651
-0.0366198801356227
-0.0344659230305154
-0.104541513524132
0.0455014899845718
-0.106709903619153
-0.143750476646342
-0.157182429405504
-0.144967280405152
-0.0505379577032769
-0.217877958861769
-0.0993379606633664
-0.0506795463490243
-0.00230603024837772
-0.089307155431437
-0.0410713755164047
-0.238516393124831
-0.0376715059147018
0.189825331012343
-0.0189746771935975
-0.000941161779507686
-0.1617958564552
-0.0483845186047985
-0.0276269258045929
-0.0184220201066955
0.0252980481275968
-0.147110672208138
0.0474990548802401
0.0572621735037412
-0.00721293680398039
0.122734512153168
0.160342928240368
-0.0692156127683856
-0.0874887879660437
0.0391396996402672
-0.00585232934133883
-0.0500192414441603
0.0130427716616492
-0.0238048631224973
-0.0786135021487715
-0.04197629221574
-0.00180320150013448
-0.0451103672146395
0.18832623195381
-0.0258643386797564
-0.0434175892863787
0.039937541768316
0.0290232597454353
0.00271922993009455
0.0247193442182081
0.0591566372392764
-0.0248156612689473
0.016735600394728
0.120962334120166
0.0490985511126141
-0.0522599642371248
-0.16012322261633
0.0778374919216974
-0.130133038293997
-0.0736485485547545
-0.0337661553013595
-0.0672216962330157
-0.0638298564311757
0.0284322105647917
-0.118484375422119
0.144387458019539
-0.036079048754883
0.10014038762674
0.0359660450029784
0.0807707046235023
0.105627222782207
0.114729281787319
0.00547009395079752
0.200979157066351
0.0751668595472376
0.111941113363744
0.171299695621166
0.150048328501243
0.00433260405520477
0.0743813445057862
0.199136412269296
0.201586661039417
0.0181396241529063
-0.0308552583303091
0.0710998833701826
0.0888100528971113
-0.03596569104479
0.0905378862536913
-0.0121609366506494
0.13407964632087
0.00748991504923884
0.204230272651617
0.0406820522639265
0.0444576926655465
-0.00950000289890195
0.0824749443661807
0.11578456904674
0.22330181802689
0.0763195856135934
0.157042845058338
0.203865284203604
0.262206230683381
0.20499690774359
0.184926225723834
0.119897760359427
0.230924923952317
0.251623728573288
0.102484413050473
0.0409038796690823
0.0842018687997969
0.187279394434092
0.128940365791402
0.261265256009022
0.22748582379891
0.205706404990386
0.0570442406560481
0.0474652331867063
0.191577901693726
0.000130436141028462
0.188699926388467
0.158644655958639
0.0941333516364225
0.179560681763094
-0.0206072534582808
0.274231666874124
0.161171459288446
0.197364388751011
0.160258650268505
0.175105971072541
0.174762483257929
0.142980086877436
0.181154488486239
0.0913569301631795
0.240002741047232
0.346739488797813
0.140627636251275
0.242425075338999
0.136361866863406
0.213836593280347
0.132309828931602
0.206959355680968
0.12437531348486
0.256966481208378
0.211202330740415
0.247115562035346
0.199843546324484
0.214815802566688
0.192327185730407
0.249210934997946
0.162990757740414
0.221775746959091
0.337636364460859
0.197411798943639
0.299559822497133
0.171279210303284
0.258199134532545
0.301359245983444
0.138751686821884
0.257351539145224
0.238127620801114
0.233618831327065
0.195679590276338
0.110781124370816
0.298014869077031
0.231053262745133
0.307246881900148
0.262589191739786
0.257528395434359
0.311618085324739
0.37339479742964
0.127060695767157
0.407912133602984
0.275023739407808
0.340391576783367
0.271934138082546
0.406370602020259
0.251489210757655
0.191100240673944
0.0837737623261796
0.333638847182739
0.324881912385259
0.265947719337396
0.185624440691669
0.366477096595056
0.33850880924058
0.352988586772005
0.033013266508317
0.202319218687374
0.177327758162636
0.180611333228077
0.452632203885185
0.28312242462052
0.401101913935115
0.118291386525608
0.332196357029056
0.377071980283154
0.382861382306748
0.199927111135616
0.561373196001862
0.215181617510882
0.288530067000012
0.349013427325415
0.268097262225036
0.464114656369908
0.334747693536635
0.269182529276453
0.416913965197551
0.409671292430105
0.314671827324228
0.331006043750459
0.37681251301222
0.421350569949307
0.367055669121039
0.415484872889905
0.394374070234194
0.388639718138568
0.3486776975226
0.37190163340964
0.298441956103625
0.378781357206637
0.498128814067006
0.44555690851147
0.487583968666068
0.424658713740739
0.297704649426451
0.416706876014345
0.43600747718768
0.326536908141524
0.328464060491019
0.34911006843223
0.342832628657408
0.403816311005781
0.370209720326303
0.363974475182767
0.464336570841043
0.48635290716096
0.446275370068984
0.616641758420741
0.460021900242924
0.424746246859024
0.372301106125914
0.345230695324433
0.410942597361728
0.371892779596968
0.284607866321643
0.318863971217619
0.379643700308828
0.346192670318314
0.456997500113664
0.304676075637101
0.328056529150747
0.499148663335319
0.405417976699819
0.477917269409193
0.530451110920621
0.342259390027888
0.29328761453734
0.430290630319833
0.519200416529583
0.457451845737449
0.413770295436285
0.499177694469425
0.544235025033494
0.319235356151279
0.433328902751324
0.394193679633562
0.394092449932818
0.414976943862702
0.522720209212909
0.622265746215515
0.429287463633954
0.423257344463485
0.536068252342129
0.371363717347204
0.436918509010753
0.426695552451422
0.405311224505522
0.367079841089192
0.408054296845213
0.361718961105941
0.447802353826604
0.579358329403764
0.523576187547485
0.542603465817742
0.401461039386333
0.507990476690824
0.67716560916678
0.523461248044447
0.426953138238049
0.491970990812028
0.55235645358255
0.471094413086096
0.414705838232446
0.560077135804048
0.544997833489484
0.536305993444852
0.494258988162628
0.575612754935857
0.632043506530303
0.468164403677
0.587083294660526
0.518148630556668
0.542871964459153
0.457772700427378
0.505115334524647
0.544700539764303
0.605943632446242
0.470520859405812
0.581599401728815
0.49892079998878
0.62654300053723
0.577195635116002
0.634716938401356
0.546795268953958
0.583959669515423
0.561661460112188
0.506411989193661
0.55520905236124
0.468531871858945
0.710806439130653
0.475656195960263
0.605686268188265
0.646112854995335
0.624507278915316
0.512424551958348
0.56582325728166
0.650019285132889
0.488978560744951
0.637536513339602
0.47875805918515
0.619089272501879
0.51817114043121
0.627808550250223
0.632222725424163
0.463864630376043
0.391281128939358
0.737037685656733
0.617758964849283
0.512158511968666
0.588465948489646
0.572360100728861
0.67765813849665
0.522483309010479
0.589669007094069
0.637031942284999
0.685023945977665
0.543054971466107
0.666777933662288
0.582701692552737
0.522272633307117
0.552687025497821
0.664178066828694
0.688072372513758
0.639935905974837
0.519859489839839
0.668554633438829
0.760381980952565
0.664118886391813
0.760891674737621
0.563609866464187
0.724175846274519
0.743487657703634
0.641973994700078
0.486985979018625
0.657754622233755
0.540200029629945
0.70780879212742
0.771295632449183
0.803909602731305
0.543520308030883
0.567268890074715
0.647563460317383
0.751582300073176
0.674195739657244
0.757117534365199
0.6487118664982
0.591803078699442
0.762488262583846
0.67907501226622
0.805683260523013
0.632936300568444
0.968106390344375
0.779840562417719
0.743660882324803
0.75788266962599
0.745810310904933
0.704569212111799
0.755976084159206
0.631414303324951
0.825676204868553
0.598555824410346
0.714254158200013
0.738016563302352
0.799887456434522
0.708787526286801
0.63363647265326
0.844048508369511
0.787032647694035
0.650337893207064
0.659765798758698
0.58516229768577
0.638445151300569
0.756298620496101
0.711070933790518
0.650881638376824
0.670607957262731
0.792632300172125
0.763301516227775
0.683167150769596
0.811587173769188
0.671658577421874
0.636307926880096
0.702820158478859
0.72556103848983
0.807741363632303
0.684086575272436
0.691860892390476
0.844179646749083
0.733725408616264
0.742206501340982
0.720291063443236
0.717433647988742
0.809137234175238
0.759491351591732
0.800945675609997
0.943256483880069
0.946520138318117
0.852810664021398
0.760678869395462
0.699535591736815
0.7765106270305
0.703525401392739
0.733247679089902
0.654798033441532
0.729569559373666
0.739836081980912
0.788428878791414
0.723741633692043
0.781990742762612
0.848056670012875
0.850412129857057
0.737208503762718
0.743719716385063
0.759023036035529
0.716952124605505
0.783976588275878
0.811204863654764
0.840528729254147
0.717231389786499
0.86789464445963
0.836375056489213
0.802122988066556
0.748558632415601
0.821070119663251
0.734589897105435
0.907470080125072
0.853610355481124
0.799873629114035
0.874409258397644
0.883542950497997
0.849650898774488
0.68752695965049
0.955536446596012
0.838621200991101
0.780907924332294
0.905807163937492
0.890634188306111
0.860338463173476
0.844511256137182
0.8227255541292
0.769910848311586
0.974587379773932
0.777723359703135
0.786068819729093
0.896921895957569
0.889177787086585
0.883682717536011
0.835492845692506
0.904498024844082
1.025190646764
0.851445148006091
1.01161463422615
0.822727273292842
0.95335120687977
0.790325653778373
0.770430124842913
0.88916472900101
0.805417735698659
0.849230887735679
0.883979712947965
0.904957085507378
0.803330989885176
0.882252027619434
0.887147188097902
1.01601831327308
0.844195184123026
0.894709080318883
0.975662699357361
1.10298476985483
0.936207581217617
0.945102423949944
0.974038194283827
0.930590026306385
0.918373329191644
0.884112452350443
0.900230211795282
0.829613721898435
0.846380949181618
0.90934346911548
0.860139735352036
0.977969586713748
0.827250218706512
0.938637971499773
0.847411791701699
0.878334926431237
0.89922755290891
0.997382868191345
0.813078245367942
0.882304100225674
1.01641760976518
0.91336631970185
1.03700651995841
1.07462640706531
1.07695575629613
0.89698575657841
1.06498911643099
1.02911416203123
0.858499533168341
1.11846325848854
1.00969711701547
0.938662311711031
0.922308337542468
1.04963435310782
0.920430566710948
0.95803974812479
0.966807723756879
0.908814724676481
1.04608331059102
0.971263447476048
0.959993857481249
0.992722833983331
