-0.109056171766246
-1.01122607080742
-0.925138709121626
-0.981232109147236
-1.10862518102087
-0.893917601811786
-0.930596949617489
-1.01182877687037
-1.02005253687826
-1.01401892239583
-1.0623984444252
-1.06838146184638
-0.87904888774214
-1.02442279045105
-1.0551147057891
-1.06356732328641
-1.00213520783658
-0.961347590381173
-0.962317823577383
-0.960422278601266
-0.995418852032889
-0.981942026409491
-0.986091296783869
-1.11343373265443
-0.914016965621281
-1.00992021959346
-0.917673385868558
-0.908386606888134
-0.986137021535659
-0.962620838224348
-0.950408953946572
-1.04709831369925
-0.928070569087165
-0.895071544881763
-0.72329497884987
-0.95264675513485
-1.06264408238191
-0.954050265305179
-1.08417968455722
-1.02591962287416
-0.969526506207195
-0.923490380934989
-0.982103177762456
-0.802582271921443
-1.03657146515157
-0.918347401413218
-0.936851726583356
-0.998758940151326
-0.892392272028656
-0.754109320962598
-1.1062117411621
-0.764318030429535
-0.720001214871554
-0.877469836366186
-0.915804751504153
-0.824742670330356
-0.995612588750786
-0.935584755529972
-0.959187331870523
-0.878394579886331
-0.87146546774608
-0.83803058716136
-0.901259373686223
-0.849438303444315
-0.824960056885161
-0.80136468349389
-1.04519915401665
-0.92534129349637
-0.945370904788065
-0.765534309324314
-0.9476376180204
-0.722323606591217
-0.78196351487915
-0.943376544457596
-0.828094223968765
-0.825277193407717
-0.789308379217866
-0.732906389769209
-0.984370852882836
-0.774520336307156
-0.740724150859782
-0.774092353330492
-0.823711133316335
-0.946698668457972
-0.886466967643914
-0.877111066231092
-0.810571580505032
-0.623882185959377
-0.874579634476438
-0.938869331215394
-0.890166334056111
-0.908295918408772
-0.797283616830373
-0.772709076782462
-0.74620569985639
-0.687868990090549
-0.793059857570477
-0.824960681223621
-0.755769892825653
-0.896702348339333
-0.712757873122866
-0.673906504555214
-0.696605510958543
-0.751153244353965
-0.812224358872918
-0.816111924574254
-0.83144559436401
-0.742991384016388
-0.847321983111725
-0.820271965539332
-0.770585392886029
-0.728448257053379
-0.70525714895985
-0.776202769737341
-0.845280934025999
-0.666208242144484
-0.837142306130547
-0.879534674199821
-0.820478568577685
-0.7527402052928
-0.8003915719705
-0.660299574008208
-0.767422972908085
-0.818233777010689
-0.876414623524889
-0.778346114532724
-0.946170053238004
-0.690572160450875
-0.73113908091877
-0.689505102465129
-0.579188085747405
-0.766600799730367
-0.636540577451217
-0.548527893823964
-0.815601632374962
-0.747412726335483
-0.769256223039579
-0.775435064161734
-0.826263406782709
-0.764259449089609
-0.78621329195053
-0.739600720260291
-0.696462690090687
-0.664733581623438
-0.751694735708467
-0.684240716361868
-0.616513950826749
-0.812492190725208
-0.62725267176329
-0.692594310780667
-0.636727328874271
-0.615944327043912
-0.707010516527275
-0.60984713426832
-0.73392719633171
-0.695497214789851
-0.641112743033371
-0.657453547584637
-0.813925528552489
-0.654621175865637
-0.770156077977571
-0.593825732139216
-0.649807923633295
-0.845983866032156
-0.549001726290169
-0.579414215249606
-0.72345193946578
-0.579280766645293
-0.76686985434065
-0.609599727536754
-0.501749461540574
-0.633986067326977
-0.757349674019006
-0.630496593203054
-0.607138844523095
-0.727150105474778
-0.60605289087279
-0.766703040568913
-0.574118732229333
-0.751706711816301
-0.659055373093192
-0.746098414291095
-0.765942490881726
-0.64892980472803
-0.723288640883859
-0.64970024248762
-0.610143469175098
-0.642540943458747
-0.661811600943187
-0.723853054919817
-0.669389824924465
-0.67753306367667
-0.658129748229971
-0.5137353463604
-0.555680298038487
-0.611042108474615
-0.619802946658265
-0.730306919883922
-0.654079865244421
-0.728911837786209
-0.749648660668586
-0.461586909736243
-0.54807954657735
-0.583306467375073
-0.661343541938173
-0.650419335591619
-0.711009815507663
-0.565763114706849
-0.691210593751573
-0.688022353802988
-0.413480934156854
-0.577231819944798
-0.636571552900424
-0.558343375565966
-0.647723719157602
-0.60153233658866
-0.472224903685968
-0.462492534082477
-0.540919940192128
-0.492194017525241
-0.631184762311896
-0.514933155120434
-0.430804070497438
-0.618191197345527
-0.590925281859832
-0.542673042210975
-0.555492603101643
-0.658745403737893
-0.563465018883398
-0.567488469207334
-0.704087599371843
-0.684058227739108
-0.50293525643914
-0.466049827857849
-0.476420301430046
-0.448233735570547
-0.687660099293276
-0.597804856385052
-0.447207355782716
-0.547435144210452
-0.431910944063753
-0.48873513846716
-0.550576372017529
-0.407082015825062
-0.530540490659431
-0.27896168075691
-0.596467488599978
-0.549300658327198
-0.318489378178182
-0.457154626733445
-0.720594349390249
-0.443913163776845
-0.511004629035569
-0.495806761023342
-0.371673829415424
-0.468783189977589
-0.515648856436779
-0.558366798026048
-0.567982970944231
-0.532271262302396
-0.502732673287184
-0.391403098850649
-0.604079753256425
-0.451410458047558
-0.521541382398362
-0.440072857053315
-0.502627576190484
-0.510148365303517
-0.364739622371009
-0.485245478408312
-0.571719543798954
-0.321577142002563
-0.475321604290737
-0.335972993015589
-0.443821439997477
-0.552594198783527
-0.359123781457776
-0.48907105761929
-0.490503257354927
-0.432632062623736
-0.475613946467654
-0.622041267439352
-0.352449329499085
-0.481192483733563
-0.360768804695895
-0.405535477976161
-0.547298476355452
-0.465892232866007
-0.426209301244439
-0.478069588266883
-0.38598744988885
-0.38880257711357
-0.379086007441062
-0.458002679524946
-0.431251038252627
-0.412403042192836
-0.445541029047714
-0.414727440807293
-0.551132839829255
-0.383228621516725
-0.314814444696824
-0.354036646951705
-0.30448113406331
-0.321555488003544
-0.347048069490823
-0.398662932920215
-0.555235063389874
-0.615634456935616
-0.510105976576421
-0.460459245799382
-0.493211254594114
-0.279215718169248
-0.498500457273126
-0.559947937616462
-0.420960723866792
-0.371311214733987
-0.326821296865682
-0.33511809617699
-0.293599053163192
-0.395450417684692
-0.198964287865201
-0.215806254403351
-0.546032778606372
-0.275792798980814
-0.266303711470983
-0.503247062954312
-0.296936309901756
-0.343714771968669
-0.36216074088096
-0.219758792023963
-0.40227402769513
-0.475993039557936
-0.309782135345393
-0.338866294787617
-0.248813602618122
-0.306722320762433
-0.214215420754963
-0.349244663904544
-0.325393784742116
-0.353593728464536
-0.450569421525174
-0.271355180441364
-0.332381065393528
-0.358425953256472
-0.208637780735684
-0.200287795863997
-0.28036521824432
-0.240985344239829
-0.358078798512776
-0.404322772236798
-0.258437782978261
-0.359437405963113
-0.269486213125028
-0.354147216445096
-0.290008724047577
-0.367999993501067
-0.296681663514823
-0.401185311421413
-0.304989821853219
-0.376917006071376
-0.171495805704034
-0.0482952468846595
-0.315739858462725
-0.142108391872411
-0.38175478700361
-0.155842671611673
-0.358892890227182
-0.358269616689447
-0.240646291907942
-0.424641870586626
-0.291390017914619
-0.244388753715835
-0.341958346902871
-0.323001475589058
-0.119020728466032
-0.358964802513052
-0.367888344053398
-0.181415093329492
-0.211280026112271
-0.209743529318616
-0.184911054962504
-0.216873669973985
-0.0672672850106892
-0.236350834074585
-0.25998029085612
-0.140311099796046
-0.268945418690661
-0.213219383132401
-0.277368081041543
-0.193090019073109
-0.159373151669301
-0.303836408558394
-0.345661637780174
-0.372124648999991
-0.280910615532682
-0.241560439214278
-0.232512788766023
-0.162267662085236
-0.191056310556536
-0.19210719664517
-0.203420047363769
-0.212458192650555
-0.308171772299994
-0.321091832499067
-0.291288085899962
-0.156772888909424
-0.142346190292832
-0.168334276530813
-0.128407696867749
-0.212633215955679
-0.160135617027168
-0.242632127149665
-0.249558523150441
-0.0870064823993678
-0.125187103652333
-0.0834754260313189
-0.144362023919289
-0.0851334524118093
-0.053068537443154
-0.0511092803134278
-0.24309252126486
-0.319540965883844
-0.186912272168388
-0.129860527481891
-0.223935336013597
-0.260843300592952
-0.235437903157076
-0.165976595952043
-0.0841810970511415
-0.110000688976032
-0.114174055102332
-0.118890940723914
-0.184301258988545
-0.0913353719194516
-0.21089788726705
-0.174796600411349
-0.165223392621687
-0.166865605529543
-0.11983496103887
-0.14118771424344
-0.0382022090155213
-0.0253470249182582
-0.220087446540037
-0.000249637332527474
-0.0908936266453629
-0.0599558881465154
-0.182639806728091
-0.155138852759017
-0.0203466027282412
-0.142946043245399
-0.149370858819711
-0.127546904872114
-0.105858334993725
-0.178964066106348
-0.0748846934602116
-0.0277240248846624
-0.0766679574543208
-0.039239756706458
-0.00826208588387795
-0.127121058924519
-0.0891174290912467
-0.0825402645148153
-0.0079324884327377
-0.214606048298982
-0.104483433485753
-0.140829226482601
-0.226373501731978
-0.0269957306284466
-0.135328793955585
-0.0688270780273082
-0.0612948444952871
-0.0399174497928627
0.0858113705501086
-0.118640269316762
-0.0632679077334329
-0.0577845457764758
0.117219990264566
-0.0421461012607169
0.0127295349996845
-0.0940107780990862
0.0901780523125688
-0.0792903217225699
-0.101064713903884
0.0647108927292349
-0.0802832491782036
-0.109545399611986
-0.0556517552405482
-0.0404054795864207
-0.107428924825923
0.00936079395420658
-0.0310993609200952
0.0375045187829621
-0.079193919025392
-0.197120576971974
-0.1513560990397
0.102548408266149
0.0465734352865403
0.0345862063846465
-0.0121386208527141
-0.120167067607993
0.111309687289524
-0.00612052547570505
-0.0952503146342658
-0.0195782391496981
0.0764912533825166
-0.230249837120688
0.00750747561073568
0.0758923365517855
0.00661981591978288
-0.0550613890543154
0.00045387934321816
-0.0614622277751083
0.0302690476834238
0.0545171852663512
0.16711702385904
-0.0779426058672938
0.074875396939333
0.198725689169665
-0.0459554137763734
0.103507805248385
-0.0379355525812787
0.0810023208917209
0.101380923936733
0.0601926939083975
0.098343812925054
0.136148015947936
-0.119787222259331
0.21076561348932
0.0733495512172288
0.170619720186743
0.0756304929046444
0.102435775215564
-0.0617341042026594
0.00022285676555572
0.106114440338207
-0.0551292799698154
0.128609992753377
0.12275731484625
-0.0955837100678069
-0.104777366841164
0.0279012777282434
0.168524300654392
0.107599040043375
0.137730754217495
0.0887047512612821
-0.0454966815456912
0.0361178149161728
0.0468281945449852
0.0234097421177426
0.0451065364022359
0.134739470889545
0.111862545005074
0.000167998843100267
0.0540175865500082
0.103953638401671
0.0831541679035745
0.0530419968690942
0.0801365959447911
0.00590322614588018
0.145576460746193
0.260047025440366
0.108963532849795
0.246652424939193
0.120737962971272
0.156015476803371
0.346755806373542
0.134168584844815
0.222089087566638
0.212966402001402
0.173810842436795
0.123536745354013
0.103833181277301
0.225495924733031
0.0642295673001856
0.156758740223384
0.092512043800893
-0.062709248922503
0.139537289918191
0.0640790831005018
0.243362963086224
0.238270823353682
0.241256859081209
0.0944835763212742
0.107433239990853
0.181084614826356
0.226777307296088
0.111512022128844
-0.01324857313643
0.239386333169331
0.29098088064321
0.104252312464884
0.176264977558657
0.353431913326616
0.416294889969372
0.21303652522068
0.14478989425769
0.272195177297935
0.369466343696725
0.307935514319792
0.184801576592336
0.175378636757648
0.0871026772593581
0.255241248254406
0.30148907844739
0.0733091696159516
0.290410975493569
0.261104940729348
0.280962571486542
0.164227118562842
0.244922999906179
-0.0164029574232034
0.195012621717705
0.202016743770601
0.27153196841508
0.235828838738286
0.37630860855742
0.239316587005966
0.225909608245641
0.206688362811715
0.237946239623287
0.291063144420103
0.313869004697459
0.200418340181646
0.148131775185685
0.304262581685694
0.268389305585417
0.405742011824681
0.0389705205402916
0.343711927156949
0.261772871884229
0.236729914968132
0.111595698475428
0.29943897270415
0.44366093439772
0.316463188997124
0.0595044948453299
0.344628735741051
0.211133497642914
0.247021280176012
0.225902044495118
0.353385282922433
0.253662368885271
0.248340030633418
0.345805853335779
0.36062636036192
0.0609634697857704
0.345313502746779
0.198629359152789
0.450428628888701
0.364163947735259
0.473334763017464
0.231121173918902
0.344141373015138
0.295193274895147
0.206100080123551
0.35032857445625
0.199565999426261
0.190451533664892
0.468495233940058
0.311128511728303
0.345876492632273
0.401848555333473
0.432643301805709
0.392368668333214
0.364342012199061
0.210059211347747
0.224534361724048
0.335663847237737
0.378446888554533
0.367446494967187
0.295995754345847
0.312053621017922
0.334916819876753
0.394105048972043
0.439346470526395
0.344858992206878
0.332263574145558
0.209249652761304
0.375212072526328
0.328608483498519
0.375766373531698
0.411868054452663
0.441097127917237
0.447044537573067
0.3174111899583
0.435580633469337
0.243407382866744
0.370583247723846
0.465365588577614
0.334196484008156
0.430340181980943
0.351867811879899
0.494705587072695
0.475866116675483
0.410305645773452
0.472872394238602
0.46442868159879
0.420220553370586
0.407298072840484
0.420703927249703
0.391248978760345
0.475955180456633
0.352258154324671
0.45275904162315
0.275713956837745
0.364287534796692
0.356210782747252
0.379733887271239
0.272602669072015
0.486880939604566
0.272301833130124
0.430932748424009
0.431394246781035
0.404476802026407
0.464497947468016
0.450602964580109
0.519093218321975
0.289883809959597
0.399017576342942
0.292655025111462
0.361769691859845
0.610311257373545
0.500674886941364
0.489748438468852
0.366738275714794
0.328823494468997
0.406863587455857
0.441242941623514
0.458852251556244
0.416948231986976
0.588647367329461
0.39965062570792
0.458760208322281
0.361893439544542
0.45433968611787
0.328261026804734
0.457924260039243
0.475811033222299
0.38394702343235
0.491263316522748
0.5373423563316
0.534404044799021
0.567544296675203
0.462172123415235
0.457506381822193
0.313891153687355
0.533842426235995
0.386983176570023
0.507441381701964
0.545642489411384
0.370549412229638
0.437407248706984
0.516729184759693
0.313515150872378
0.380977225844115
0.518956025328393
0.452923350448152
0.555948802501359
0.468307052725661
0.329066243474644
0.614228689846743
0.552305975388861
0.483409144120185
0.493751444405157
0.55310335051024
0.514461907288863
0.501101157091733
0.573793850077861
0.535094731807839
0.594072230162345
0.641191006580669
0.479242252580132
0.500628243149051
0.488684387180115
0.695526815944776
0.528714669321459
0.520565539328578
0.491457023605535
0.483323761325951
0.553833209276559
0.5800663261995
0.599193899572478
0.49054164615126
0.695867104996764
0.513377695972792
0.65494110272869
0.521806237093898
0.633158715727606
0.513793785940252
0.594631931103678
0.563717790751275
0.536780550504717
0.677944774962857
0.610303910136069
0.628257468373151
0.694219110363959
0.598915517375422
0.576454442534463
0.659770999391069
0.62948108766364
0.632226464952547
0.443467246903099
0.615211509641079
0.645203217780051
0.66499509963495
0.601452237325051
0.374398843914539
0.565269280473952
0.59083616937946
0.60859577439936
0.563989733934548
0.456094613869122
0.612316507980575
0.691523882190878
0.67458290835429
0.556646430159731
0.57353551170014
0.799978580051731
0.671442691874476
0.70158670122439
0.614810023772896
0.678679752005223
0.640910334940156
0.555812136534484
0.65704508437182
0.464846234579453
0.507024516586886
0.586349950904409
0.597327739567269
0.612710142684833
0.775716035484195
0.541275217948202
0.528149388517158
0.607546610834303
0.547729934218991
0.590491724735639
0.467021926280436
0.680733754341226
0.628759401787141
0.699165280223608
0.659590443710907
0.811359952983677
0.653177434456759
0.654605516857766
0.688055567241587
0.569349328138148
0.706930785705259
0.719832960224339
0.717903318952813
0.7241000537098
0.753439629859539
0.735274237545371
0.777410973645332
0.678478111750971
0.795642172980269
0.622062100512091
0.821918259347013
0.730489798236818
0.801233162677198
0.754332381304277
0.724996527725625
0.687834208409115
0.847456308853466
0.790839322532806
0.763687595274454
0.713324970430058
0.74856219381321
0.724304458295755
0.748118820062641
0.723871820417874
0.609513756906233
0.837172024144793
0.59019686687744
0.67389784121226
0.798469866173966
0.736915152769946
0.851742617103156
0.74615304487822
0.530652568412181
0.803122283749053
0.924927996059728
0.832309921799089
0.857233958407571
0.676425624860465
0.815864126198947
0.869487884588143
0.703745633955438
0.728598919348953
0.824137500280287
0.825697616829876
0.860435587051518
0.776004995639379
0.787011589959146
0.805261358868066
0.613765292553447
0.787000225810613
0.772958598101527
0.723129344994601
0.769010018754638
0.54326132109501
0.702296581460565
0.802595307519121
0.837070824398231
0.834429812650862
0.685136185025978
0.759993274832738
0.808772547030167
0.942659829318001
0.781787297748942
0.697121149827145
0.765138813885905
0.770114226573531
0.826317176439424
0.836676581201176
0.732685652699972
0.889320333097994
0.768998112099791
0.791525605007004
0.802339658401875
0.813130389199143
0.780278110239763
1.00659099777611
0.776764838775601
0.858886503617621
0.857874961128292
0.957634612700611
0.761591849036096
0.736152965080607
0.907480761968973
0.891544913259626
0.852684260070526
0.690425824724025
0.890202524912272
0.859979804459599
0.933031380214333
0.913206786604056
0.802363400187221
0.74289248702261
0.917216523942578
1.04928998630056
0.750760203708629
0.833964992000819
0.879396028930214
0.879365934590548
0.883003874104802
0.897068032868779
0.819327565254111
0.913140618433878
0.893695789218142
0.929107169384282
0.789921414798929
0.866166403990441
0.948959003765343
0.916102258180066
0.96095428625043
0.90807393264938
0.858102633083298
0.862498502589482
0.850994131863878
0.75968140678573
0.957498559452811
0.827078234770931
0.887598218122482
0.888051287946051
0.839427560223239
0.831981369818488
0.978010345155187
0.821824201786973
1.02620361633909
0.865399226813684
1.00775412198859
0.954387892824459
0.820010134996302
0.884012253194007
0.845232651585391
0.974714756974407
1.00962669082045
1.13576483387165
1.00133266295944
1.09406054587933
0.869898871428342
1.03394651646321
1.05771591514153
1.04791090830006
0.943290972457175
1.16746510805992
1.07872224746006
1.00909053338132
1.00685982196678
1.08418137648633
1.0097557797814
0.892684048641991
0.970775358325762
1.03408355610602
0.904141084311051
0.921089199910289
1.03773287842592
1.00487556146879
1.1472281056344
1.01624418792569
1.05223837957211
