-0.00763690200824605
-1.0766757759159
-1.19798112694671
-0.961560823660872
-1.07138277968496
-1.06424292862852
-1.00362619572637
-1.14683469689237
-1.01570957126927
-1.14005967721619
-1.08242772921548
-1.06216022419178
-1.02067320750671
-0.955328069313375
-0.809404967171233
-0.944223952029442
-0.984589504487555
-1.24546088679613
-1.01190515099484
-1.00298377066309
-0.932340974316107
-1.02647945753065
-1.0819916556015
-0.970872243527838
-0.843033635108117
-0.89072169717174
-0.876085898036833
-0.832080315699636
-1.02220136128296
-1.04286180656927
-1.08803272115844
-0.903135509839659
-0.970197040907732
-1.10324390285476
-0.981110624106829
-0.881850447947779
-1.04601560458461
-0.916031313550801
-0.953495498712931
-0.907087821944112
-1.00214908629258
-1.00811667586579
-0.724041625743663
-0.895535269467166
-0.942321723076085
-0.937289713942899
-0.756305167160229
-0.809468205922941
-0.914217100187565
-0.901652916986144
-0.875206912428429
-1.03504321302436
-0.935734525158616
-0.950747013499178
-1.01461930055523
-0.89507743341114
-1.01733906704924
-0.763753005401594
-0.888826303918043
-0.89994104056141
-0.874415614273755
-0.837580958717006
-0.885974461836635
-0.790591192001317
-0.968852189547558
-0.919031437818479
-0.782446826742402
-0.843276528838451
-0.947837048567343
-0.906686105951539
-0.852926213266145
-0.835260962889146
-0.838957607474112
-0.663233256553672
-0.886105688858544
-0.846383765706298
-0.927625901321869
-0.7018967942352
-0.833911205497437
-0.760785141862219
-0.735728625104181
-0.880705774245337
-0.900521409178122
-0.9034066930334
-0.860673733830022
-0.94755621216828
-0.881906890062751
-0.794541696918009
-0.936062073990571
-0.799803957851127
-0.750830909957935
-0.660754680321302
-0.791250252087327
-0.815913176575892
-0.722724353058062
-0.775095123124024
-0.837598006632002
-0.651686804426317
-0.874448378996213
-0.730808487462536
-0.752251248548444
-0.935736876231783
-0.959847103351523
-0.75527873190358
-0.747543454748023
-0.771139927987511
-0.818485760141603
-0.759236335941149
-0.821454938611921
-0.651620081732507
-0.750803032008605
-0.652862754600288
-0.735785821449573
-0.799199788074694
-0.664992587758671
-0.753544943239259
-0.713700687810651
-0.786843863747882
-0.609138597894831
-0.652649123735372
-0.878346817701362
-0.837568435992669
-0.764822810911332
-0.788709334460789
-0.741713691106872
-0.770458181777761
-0.775754031550287
-0.802567316475029
-0.608612163154654
-0.890053082383966
-0.742492728995205
-0.849883400979268
-0.76233394631114
-0.630843069181882
-0.767913175315631
-0.696459864394142
-0.728532743170608
-0.659090027769865
-0.661757896298787
-0.64273397159882
-0.687880691873377
-0.790780552294126
-0.654453274643911
-0.72017177373954
-0.893012331105038
-0.549845100650606
-0.640256158912254
-0.835704567275486
-0.737793739589888
-0.707119186062753
-0.694995475189439
-0.729092439694097
-0.668588512205058
-0.699204587633175
-0.586841288230332
-0.71638940071864
-0.620230833590087
-0.77745568299286
-0.583618979812246
-0.670145443550374
-0.690198496542364
-0.783441969698331
-0.713554438845998
-0.695552112572463
-0.765576296258341
-0.654301249394685
-0.607407231043594
-0.598063286391211
-0.714051461781858
-0.62079046528389
-0.552455371336514
-0.661673332001794
-0.588197359453884
-0.615766396721403
-0.860853874250342
-0.623817362246697
-0.634091876067453
-0.635265589949565
-0.672027170194643
-0.762691345767098
-0.602546506193768
-0.409166125158996
-0.644059701000834
-0.603122286114427
-0.652215367746217
-0.600439810705266
-0.779767735834771
-0.841622524953822
-0.664680850511456
-0.519721100219289
-0.628430393118196
-0.55747228225863
-0.532748372047331
-0.575965281941814
-0.437567763699221
-0.48164582846278
-0.606218621323819
-0.835355048728831
-0.671112319830323
-0.493735000240897
-0.480479813332592
-0.573962799623922
-0.602930446410525
-0.557880251865232
-0.600218416726826
-0.568518760241291
-0.666921157904185
-0.464903369090137
-0.58568162226307
-0.542595411283111
-0.721458346917993
-0.474526273661048
-0.650189213598984
-0.397692225580523
-0.479530538444927
-0.583794171384624
-0.68635103725801
-0.528406331210412
-0.403928260923055
-0.711801026777859
-0.437879842386655
-0.719607666852452
-0.573898536942727
-0.435752541023894
-0.518507381220257
-0.653689133647418
-0.442091699361605
-0.594028036375131
-0.465200334793416
-0.56179782160003
-0.64678792459238
-0.464606652599846
-0.591686189534809
-0.574564392511334
-0.572075509877758
-0.628700023506861
-0.342897202816761
-0.71291285378029
-0.536533686859657
-0.830566510421284
-0.554660444314261
-0.512535159952111
-0.625335331857367
-0.630620138750158
-0.464786515728798
-0.566751820316368
-0.581383553302719
-0.520532195509993
-0.529897952388254
-0.473923344404018
-0.549530520830396
-0.496501700305871
-0.420260640392568
-0.536955424200352
-0.325341806091943
-0.464454138098634
-0.494623531259888
-0.423213898876055
-0.473172263554901
-0.427857885875353
-0.58664371378734
-0.427132697573479
-0.389648411849231
-0.604475016155041
-0.303094612076007
-0.340064548499383
-0.317471666028273
-0.264568989554129
-0.546041623807134
-0.372501961055716
-0.424340165352178
-0.523843535199915
-0.524024554556952
-0.562970381717141
-0.595397695922988
-0.491034002695795
-0.401065980699787
-0.352800478245822
-0.111839162939512
-0.511700946392937
-0.593320047433604
-0.528083400145007
-0.52168805439428
-0.397167014054241
-0.478956431782943
-0.502176047186247
-0.413912870027079
-0.421453611969695
-0.259974675747948
-0.378835836312388
-0.340620770687052
-0.453385933951513
-0.277292154716198
-0.425557916053521
-0.284762717045647
-0.371384014328644
-0.352492943592835
-0.350572606659775
-0.328843376570251
-0.35873290887699
-0.11177124293218
-0.487438364929391
-0.331816233940566
-0.323509642771077
-0.486241852575219
-0.26898512292996
-0.412450527255149
-0.380004943479254
-0.354888645043125
-0.43147071123963
-0.439250954278111
-0.282861726336332
-0.385138358175327
-0.276989453592557
-0.345661630200458
-0.348229828129397
-0.334977570494388
-0.359151258634556
-0.304110832571421
-0.451023224821008
-0.454532532379298
-0.365210111505655
-0.325059603214384
-0.261999613741876
-0.424636446170221
-0.409808948277443
-0.337561571724732
-0.474489050716923
-0.36450383828859
-0.280519494372909
-0.496167530003245
-0.419878969616825
-0.37455853263394
-0.204369545802209
-0.275176649437006
-0.202879328926616
-0.305580737426541
-0.361517362776905
-0.412631005621585
-0.426792757228271
-0.496837481146153
-0.298162519805565
-0.417059186279799
-0.369062098189183
-0.410861487923593
-0.335087054594637
-0.56371563760289
-0.397446158677486
-0.249542049759828
-0.281637565213938
-0.267267801372477
-0.312459742921162
-0.320041469039992
-0.27976205505302
-0.355424660066436
-0.2865884443919
-0.354765021403615
-0.152089743860706
-0.382305711776735
-0.0240071496576196
-0.296576645300765
-0.303791573128014
-0.282515213405095
-0.294269324807123
-0.371949645703842
-0.147098396402006
-0.279228090162914
-0.192805576616622
-0.267549262444363
-0.264265024826494
-0.323611884520161
-0.341016552447657
-0.384984323927817
-0.136903484446374
-0.192957582730505
-0.226852478400675
-0.247517951285708
-0.252266700597242
-0.401062082881545
-0.167103715046302
-0.352656004817832
-0.198919054958404
-0.25741377881048
-0.117572298059101
-0.260031931107608
-0.268598870350715
-0.0886483072437363
-0.136393425723743
-0.20921940922024
-0.245090873771878
-0.108686963459834
-0.16143363280876
-0.13777958567136
-0.305410523390957
-0.11052411453519
-0.167921234606906
-0.302873232059614
-0.127240236069457
-0.347940818332221
-0.107680497796683
-0.193933482367633
-0.191550858584002
-0.166726584140592
-0.224252853357235
-0.168453468414016
-0.266593921869558
-0.277018391393326
-0.228683215403627
-0.0725750502846938
-0.136159504061441
-0.0625948039514124
-0.3016423603773
-0.103657464804229
-0.199387446621074
-0.141934030863377
-0.129912206236045
-0.195263992747028
-0.186615226387265
-0.169855537615535
-0.181799573249293
-0.167803085315967
0.116689522162181
-0.173640269333871
-0.187689638693394
-0.0985191816663511
-0.1682010065505
-0.159223339534213
-0.107704036196482
-0.126635341203773
-0.103319948979634
-0.145254279649865
-0.150900974199882
-0.036954915110286
-0.186671768498154
0.00796822831684282
-0.0740543724492668
-0.184095375404251
-0.21856685329399
-0.0176675437027611
-0.176889219205359
-0.0460859449866768
-0.1882249684785
-0.263317480832433
-0.243746592361784
-0.0317383990545034
-0.2117886082527
-0.0608336484096287
-0.254117260283007
-0.00411736946195287
-0.168346810932984
-0.176222087279723
-0.132233955618257
-0.187607330900106
-0.187514845825742
-0.0367554451984605
-0.17298995922286
-0.0470844932354299
0.038529835817645
-0.175003792125906
-0.181700498202099
0.00270911165530211
-0.213759742588504
-0.0929398153897069
5.32825095428233e-05
-0.123281129021152
0.196065427926429
0.0632980670466524
-0.134484983512235
-0.0626554338236719
-0.0603761611287703
-0.0939264911035068
-0.127988296543393
-0.0421638218002463
-0.000354573554192036
-0.0832326726539665
-0.0526123947321958
-0.00466255981406744
-0.0691311503219361
0.0374119048994792
-0.185050625333611
-0.0122677968589058
0.102180001707841
0.0653699718079914
-0.103654645543994
0.0653526850062499
-0.0815866830900407
-0.063877184780397
0.06912689115738
-0.111548141667634
0.0112985762757105
-0.0564794409573578
-0.127771255941854
0.0759011711411362
-0.00972535697702903
-0.0479224877544544
-0.152913502339426
-0.0667706350406376
-0.0686553242725763
0.0948753006888026
-0.143422645323742
-0.0946720800471206
-0.0118052370159047
0.123267500128165
0.0110122871407197
-0.0824243500563203
0.0514248906516472
-0.10830329567374
0.00191827398508451
0.0330689513700005
0.114074822121442
-0.0801039820708127
0.0466423664732406
-0.0372609711021717
0.145615700942052
0.0454603734072128
0.0573999123678879
0.027056416923115
-0.0603719536260543
-0.0875660631312281
0.013858377060925
-0.0277502177101843
-0.0827821007512195
0.125870717514398
0.00795238448966795
-0.102762737426514
0.0860949917524914
-0.102395185092334
0.0016303888437285
-0.0730466165129072
0.0720073353151355
0.0216209583697898
0.0488732028543256
-0.048438333126092
-0.011797864105369
0.0677414820641262
-0.0537707097247587
0.230649058758087
-0.067229068722894
-0.00618906987779812
-0.0605056575222896
0.0712455298655075
0.0473365482607965
0.0406232246283355
0.153478847740889
0.17648942060505
0.162799601614104
-0.00287661365644457
0.0583074320123628
0.0586367338063335
0.116749612909171
-0.019665051755631
0.0619318263664565
0.167767153056979
0.101317503808363
0.111108016364891
0.138708549346306
0.03474382146609
0.0428122646201808
0.200802124574599
0.123136416586922
0.0973765611522657
0.107298119231331
0.167432545621295
0.187616020665032
0.153361921879629
-0.017019486818996
0.121324721404629
0.110821916961677
0.102384913822463
0.133004933360395
0.263295198754009
0.0830035465522009
0.271567675258945
0.0801314430913085
0.0809117861517492
0.134963305451486
0.207287530231414
0.141468467437183
0.0715982419298654
0.232292159713117
0.055645704536851
0.087608668425508
0.107980082103028
0.209520875893185
0.185935967355181
0.086805856868688
0.218241843667145
0.249820261053089
0.217585373033003
0.00726130119396678
0.141213385763394
0.258592333900421
0.192913034574226
0.137859393876696
0.263546843764285
0.196188605115408
0.0824110114880527
0.27493921264144
0.148838042898986
0.273435465454094
0.131822971916113
0.0991765294927684
0.155071059299543
0.136151382374061
0.0969358415545777
0.169997851512319
0.256814198750095
0.229000385129962
0.214936569275271
0.261507128215039
0.338325491213989
0.337833492847588
0.259677756625884
0.274142777122658
0.182948677242398
0.0436205939431518
0.202814286026582
0.18886403242555
0.27242375136695
0.267936737142779
0.110163199807195
0.324857412977271
0.215505594347852
0.255835919516713
0.294005559641708
0.224865193544212
0.243519469595159
0.33888380378682
0.326624985014405
0.303590735758099
0.217200926062539
0.315437100883696
0.271717547134779
0.288958347516744
0.28333520458066
0.236003030864074
0.204106507841098
0.256390716508747
0.304281503098431
0.218284505715958
0.265193483189813
0.223323683229183
0.209285621761879
0.314231519835362
0.366223652441155
0.12233899599797
0.249514220165119
0.152629832961094
0.345271807824818
0.207768566757745
0.344192477642725
0.239859308202087
0.24124990529547
0.300544695274445
0.266897352939061
0.464337826277732
0.467235360387383
0.409221146388316
0.256129604286423
0.327328294239887
0.304243295580321
0.393699453415061
0.321000968155363
0.254402329658767
0.410277259100795
0.295894559975417
0.401663040313441
0.289825406192217
0.313944468950777
0.383029867665772
0.270552358315539
0.425186599602697
0.276344634010676
0.491539421024789
0.478144918137537
0.31067299858842
0.351924895533084
0.401690816768643
0.326761418527174
0.419614226370627
0.450121957845712
0.460915839089163
0.353275756270766
0.370550283311541
0.476464079595485
0.293545748793169
0.425108306098134
0.306624494654719
0.463932734565184
0.36080218521815
0.583640422005356
0.320717221343184
0.388977481265248
0.347158390439111
0.331800674781349
0.321904076857744
0.443088977642379
0.468599271264845
0.372905382708442
0.350797368616922
0.503852126698353
0.307990750570244
0.422634987034093
0.576766608129715
0.366162047847069
0.316899410404076
0.391895219958744
0.34782640049571
0.321794795429614
0.432507912801768
0.38548311648199
0.584982001844045
0.297265107725341
0.501148598068987
0.340356398339114
0.431347965732835
0.471567659124366
0.542385335526655
0.334415386142476
0.467281729395831
0.457564952367609
0.549394900871473
0.495570381447535
0.409243340664105
0.368320020004684
0.458291789855306
0.344600756617909
0.348257591433772
0.291706157993836
0.402699311607375
0.483531001715652
0.582089156872737
0.520472376483042
0.564100411098465
0.446712608518088
0.447792758464384
0.564507043933423
0.53285399361272
0.497632822262241
0.490685541654471
0.55680708122996
0.530328405931607
0.542911715058448
0.376105462345273
0.605976753051797
0.520910489603453
0.54230487813499
0.502263776676648
0.569103458543631
0.611967120664142
0.400280987446647
0.480511076932021
0.507043669219086
0.35744953484767
0.515090435093717
0.584910502301756
0.540454263656925
0.496346652530683
0.451002117847749
0.441956245134264
0.543296715884944
0.585511011970291
0.471145046215359
0.471874053936447
0.471139240044943
0.382489886417734
0.473870452399749
0.704553795225288
0.612494614458853
0.550225998167326
0.690391041187689
0.539087074388849
0.516036304639051
0.616487225156795
0.651054192426951
0.57763569274777
0.588860844943042
0.428813813215312
0.40558431720597
0.535145432541576
0.603363965451941
0.637935545802788
0.612230664202526
0.636242913181618
0.521138703871671
0.635212575543147
0.600860539398038
0.490108948059169
0.507232905977767
0.587183154223312
0.377152317858015
0.705889053963974
0.495358764619994
0.574919915423784
0.581730705252983
0.461453174446655
0.614029425537194
0.55274329899715
0.57790067748239
0.613892214218542
0.734999026245728
0.460374840356676
0.630243556378806
0.583852131042496
0.543947779441624
0.767461936385073
0.681110361703891
0.567408548776216
0.465932831242888
0.568983931832187
0.676950088548454
0.578418560384303
0.528474586023787
0.517400572711852
0.632111920767803
0.557046129812893
0.603489876016931
0.605165787810883
0.478712155971594
0.565144715748691
0.649241421901468
0.611888481497818
0.519404121939645
0.744019818846296
0.686228011383478
0.681905054068664
0.667166749280235
0.739129587694969
0.44963492104545
0.533504918862364
0.681288642580708
0.570914123969307
0.642658688456292
0.564959757687337
0.58629164218453
0.761509603833565
0.66629303444616
0.733019517635615
0.52634275919948
0.587627035727963
0.841903750464302
0.629203345914811
0.813560542948372
0.424667797248125
0.683618236742732
0.712175889470945
0.683717383630906
0.733615599661937
0.693517038721721
0.676146633050418
0.759666444512633
0.781369831750956
0.533104468070257
0.708615416705587
0.703229039747292
0.807436207801931
0.772542486695649
0.707344984513602
0.75893319227491
0.738086779214288
0.693273940078882
0.759512283953687
0.64224414414074
0.59672291394814
0.730467187074608
0.726015503797521
0.786087409982212
0.627668472356861
0.549569313553735
0.68740174599617
0.749878403306388
0.752451323861525
0.803257528843888
0.749076240373211
0.81802246368691
0.751589140609098
0.728036445655429
0.792222883447099
0.752354304121488
0.754674317549402
0.735706586775705
0.788441386480777
0.684915937005351
0.869497440625913
0.873485517557848
0.783969760477947
0.721005243933964
0.793348534129034
0.884213794971552
0.775885700715789
0.753924912198158
0.912060745108636
0.856724354380193
0.78036879623891
0.856016799324661
0.78669155539715
0.782707525102223
0.743871978942102
0.812716247458538
0.822330259718519
0.886321924332821
0.922909970369365
0.79673136705575
0.758713350518298
0.747630008149603
0.695784640193352
0.766642701966984
0.810019029938269
0.652003076142084
0.876413381900082
0.759601572414319
0.924771808753826
0.898362518966797
0.905947622348619
0.880906095424826
0.860843677451476
0.887735412818929
0.68709292206175
0.847696512233648
0.995024679771588
0.839327047398477
0.8725534520136
0.945412470308195
0.896290626357142
0.804879018675836
0.694972169805788
0.865844217666892
0.861783784085823
0.882722042656543
0.871514513877801
0.800683896168612
0.733687000562865
0.928777799129878
0.691144899985123
0.927772447385741
0.818055121791989
0.982278636415578
0.773344798094953
0.885472662999528
0.845696997538557
0.849053718179899
0.909806681917087
0.925617513926206
0.953623619869598
0.865547623971606
0.966877531943013
0.878660003131315
0.957237088081123
1.04545423502141
0.830886618080886
0.946436007647948
1.01540978478291
0.905178800942272
0.718506457007618
0.956249409038823
0.811852743540661
0.856063402707265
0.922069968871769
0.988590783826065
0.840346505208791
1.03746822735186
0.969438677128435
0.892811103812864
0.939021738501953
0.869361971777945
1.06199384536447
0.837646658171726
0.937677513008921
0.88377968180914
0.899603415169355
0.69935348039464
0.856434543084912
1.01148204300197
0.856897183080009
0.910829546390719
0.821294894113727
0.987735749597882
0.979435859621822
1.00144542376636
1.02664202671103
0.995608065000467
0.88062465171975
0.988604855108494
0.894769636854254
0.837293298039892
1.02220536696477
0.94247225042993
1.02373382773339
0.964986105741258
1.04185775903305
1.0548610681262
1.02090059007495
0.899766996125167
1.06044562268912
0.928831774769021
0.966566665584155
1.02611010236008
1.08351301138873
1.08382147677394
1.05471512342506
1.00396767481178
