0.0593175740261754
-1.16401129695744
-1.01610983461598
-1.07028454088706
-0.965235163203625
-1.06113382515236
-1.02747135539352
-0.914001657865653
-1.11855151918693
-0.852492641995069
-0.970669167588192
-0.870152436896754
-1.0051382432452
-1.03250483998966
-1.11924439269793
-0.987657003236138
-1.02807962609903
-0.921391562483114
-0.81859473591092
-1.05893114476427
-0.886115259261706
-0.842028947420294
-0.982047931149785
-0.919976445843786
-0.993095637303971
-0.944340208583117
-0.929835310104446
-1.04838531256187
-0.839898754036298
-1.08025401044524
-1.00711759905336
-0.919484462759632
-1.01741379517507
-0.940198909982951
-0.91155400528874
-0.912603822641083
-0.865845939181753
-1.10147368332832
-0.980821862300702
-0.782753712629522
-0.932353774869072
-0.916511610811745
-0.934217430286404
-0.957035102215254
-0.97631799556722
-0.949665931811025
-0.893747351514085
-1.00430388757325
-0.877934122946507
-0.879063973964525
-1.12797648974366
-0.966343144739212
-0.780581562936222
-0.919545552732695
-0.926197969315466
-0.736878394973925
-0.89374673284263
-0.896790628994505
-0.950377891995115
-0.91399071993066
-0.886718466993724
-0.870991604634686
-0.976538703728903
-0.81659958865989
-0.796910345423933
-0.831918485120591
-0.905405015252154
-0.915310443364717
-0.944693301495874
-0.746500888188325
-0.724401820601042
-0.757576360487598
-0.93545767967749
-0.912065249243188
-0.932259265598656
-0.942944051215065
-0.903600204322401
-0.700666639257718
-0.881655114031765
-0.781377120589227
-0.736597845279364
-0.990648472271679
-0.909832700012696
-0.88048998649456
-0.888644532915036
-0.85980749395178
-0.847247481989899
-0.850576733984437
-0.908025291359205
-0.757713382284561
-0.783521674033636
-0.684863372582406
-0.875666875837666
-0.84556469855938
-0.731131915057044
-0.821045372791986
-0.881207659181117
-0.82717333068854
-0.76618520436055
-0.819996406523361
-0.814467426561173
-0.733388280085106
-0.768634210236382
-0.864145750831014
-0.734066921097625
-0.815896407256963
-0.742774800641859
-0.698683035849406
-0.777696099445426
-0.694863055020989
-0.91080672825306
-0.774945861731886
-0.594672304100386
-0.889117796506748
-0.777947117827044
-0.83993522407298
-0.682912365023834
-0.854191296434185
-0.682939490251453
-0.621592403462881
-0.77625430681291
-0.776183416527195
-0.818844518536256
-0.697899955985006
-0.654374687125574
-0.755797572305953
-0.746381381209289
-0.887778607040198
-0.714378366967383
-0.763282613375175
-0.825007598860916
-0.677975556230085
-0.61467905879466
-0.750958172860829
-0.819788119175111
-0.746003870441393
-0.790038386930474
-0.787534514376592
-0.73818369418455
-0.675247468027594
-0.620401703430645
-0.724906963464232
-0.646539253077096
-0.848199750435143
-0.612946927459334
-0.797242116399333
-0.653946031379231
-0.763938842412375
-0.682203389097307
-0.719884637627687
-0.699390502809146
-0.603678081631416
-0.5837196000641
-0.581017438718951
-0.588618523183161
-0.681800512123267
-0.643459468924164
-0.645284135139487
-0.585211132362493
-0.666841200505551
-0.756164004782048
-0.830922989468805
-0.653804430155338
-0.672763372843631
-0.638807700346804
-0.647991148093945
-0.832204902192986
-0.700472364068498
-0.634226355746231
-0.720816602306889
-0.61120062486254
-0.593907118629492
-0.652030333499108
-0.754103644182782
-0.721979862766752
-0.524248665709143
-0.617685827334768
-0.694040516495797
-0.754503607504875
-0.673533593534547
-0.641678621099672
-0.531249874604707
-0.485593246437327
-0.768618403264942
-0.701548349367825
-0.532573005992218
-0.644381419139581
-0.726285354951103
-0.590377868419348
-0.717652347397028
-0.545621072952741
-0.475274513402424
-0.711559829939567
-0.476168167728896
-0.671417410112601
-0.465428648254857
-0.608444926643918
-0.700661206538608
-0.581907161859933
-0.622702293185236
-0.531354732523527
-0.420479250619219
-0.47638040682373
-0.563280715738632
-0.651777976260752
-0.679416389610987
-0.61513207424349
-0.502852543148364
-0.632833349990051
-0.632861687360298
-0.678101809780958
-0.613572786437206
-0.513510639987527
-0.576689726967945
-0.671481145076998
-0.450991057358142
-0.556641053872639
-0.577962993011142
-0.531458227489719
-0.530333202538125
-0.696082108393086
-0.453320779040907
-0.593615223439537
-0.617170527340279
-0.581808420707437
-0.490140418802436
-0.477283259881823
-0.645096313737156
-0.538530684924474
-0.623325630700969
-0.489735412623844
-0.688994997641811
-0.638579762290404
-0.678178385573252
-0.577716453962468
-0.606984410711713
-0.629390219978882
-0.444210973399132
-0.42950968184155
-0.530071545575932
-0.522456330210259
-0.632171426002999
-0.547887526900016
-0.468258366151648
-0.526525167882254
-0.496740201179624
-0.489762344006898
-0.619373727286833
-0.403938665685037
-0.455998808686247
-0.539538536996771
-0.413862190938285
-0.507431693593787
-0.521088507387345
-0.513662983118564
-0.396171018062733
-0.505080216351159
-0.574484878139234
-0.388154178158513
-0.392060461407387
-0.480035074865656
-0.489328702725909
-0.541781068450938
-0.540796764105202
-0.34349723077839
-0.596413894423369
-0.53336469306168
-0.469567701871058
-0.582473739761903
-0.398186032490274
-0.54917415743854
-0.547577785004319
-0.29949178841862
-0.316293423265768
-0.481451018201135
-0.422348641546959
-0.369524302892386
-0.425387280762311
-0.424931873633102
-0.328077240768598
-0.449276213028276
-0.518191854036367
-0.457420596898898
-0.395294774099332
-0.471307914958116
-0.361358455481686
-0.292056140964025
-0.414130187142765
-0.469151646783825
-0.353036660363488
-0.456792924391131
-0.445910728252369
-0.583403487711808
-0.314740511961344
-0.228266300962889
-0.388482706467902
-0.325660611708707
-0.526286379717995
-0.417243659483659
-0.307103666528093
-0.53065285953505
-0.287322176472044
-0.488492244545143
-0.526302774653204
-0.497818256230384
-0.498817748582338
-0.292216216723707
-0.388817090239378
-0.298276970318192
-0.221728461799824
-0.182434076291486
-0.315394673382725
-0.344963837372754
-0.448335565584799
-0.440506429060227
-0.376529166651672
-0.41805168276102
-0.311116870459205
-0.325879208331896
-0.360748849813324
-0.254527418543177
-0.421600926279556
-0.175362401507537
-0.460371976539755
-0.326295961124898
-0.403857480977455
-0.463882059911359
-0.413992658002961
-0.363982463358677
-0.399147197014363
-0.37044855289941
-0.451236460569713
-0.234498580098101
-0.301010719938993
-0.400110798234353
-0.43289183605566
-0.29299183658088
-0.503658196369162
-0.328934328967109
-0.370775510694686
-0.435345728304827
-0.427208755849111
-0.301233874372014
-0.154983402530071
-0.236360314170274
-0.285799341476174
-0.358765450525246
-0.230438788505288
-0.372804350727694
-0.392108690953435
-0.326876467841318
-0.246508414493849
-0.187822928414398
-0.229970463368767
-0.269453181669948
-0.452963602818542
-0.304300648243157
-0.34911952121026
-0.419056008282843
-0.362823771958755
-0.307402753234
-0.19770858775192
-0.250947391604662
-0.179592277133334
-0.233151846792554
-0.183944763025923
-0.357020515833015
-0.192963288014681
-0.296624578582059
-0.369782541109824
-0.34146975943284
-0.292991953762819
-0.291305450571928
-0.234435737793562
-0.195714503276695
-0.253454681330499
-0.180946955766453
-0.255375354298733
-0.229325203587693
-0.170506633574257
-0.254838898794682
-0.245891781667778
-0.2980701557314
-0.155245315785543
-0.231406762151071
-0.185326021129615
-0.300224473447141
-0.227871558973395
-0.311302150096862
-0.316360585081181
-0.104069507931076
-0.283000787625582
-0.143727512537236
-0.208675842728423
-0.179433708559382
-0.243928522756639
-0.141200557111767
-0.222499863533203
-0.209283158286951
-0.209347374515702
-0.218160810384784
-0.194431420528298
-0.165281403224628
-0.170255445105723
-0.300116888355705
-0.0774616616288721
-0.284631814353907
-0.0720628715036421
-0.178012662344149
-0.178000802068498
-0.0191339851890137
-0.17189194041019
-0.127562254444268
-0.216364441617527
-0.299675904623072
-0.146283710306727
-0.142378585233358
-0.175031562227457
-0.0648988953089408
-0.144464135865973
-0.137196142904058
-0.269862177366263
-0.238441115809088
-0.341414232005581
-0.193483185566858
-0.15560689500313
-0.252311692989428
-0.198196831527507
-0.259263350587336
-0.125380936448444
-0.18245188156661
-0.0870023944681386
-0.180309147821016
-0.237103742657946
-0.12738915535651
-0.228355406005121
-0.170595304863345
-0.158565316089575
-0.135481411311139
-0.0453699100636227
-0.240871059022811
-0.161127425658337
-0.198245818169907
-0.231400475492721
-0.124238891231134
-0.0879777295688083
-0.147151867132678
-0.0348620095498061
-0.212426708485693
-0.145893711914419
-0.0484430882165656
-0.247301065558308
-0.0289671917382087
-0.134712141372413
-0.0892228988993529
-0.208013164867437
0.00776760761708929
-0.171721168888796
-0.117544507452096
-0.087879856901481
-0.0854277478626134
-0.0929203524217758
-0.0211016545256085
-0.0390807151951945
-0.22034152179859
-0.205103725457357
-0.182434859583814
-0.173058279321835
-0.0365908741429502
-0.176211392339466
-0.135483142330536
0.0831639435199609
0.0496330433006283
-0.00623194011209047
0.0308696304090077
-0.039280536631527
-0.0158930828506301
-0.117367233082627
-0.0315083816145019
-0.0437697833011618
0.133237328855037
-0.101798356983108
-0.0867927970618427
-0.300294727280296
-0.074103576246007
-0.0461455787357372
-0.0523681418868204
-0.123583648074023
0.138679661315623
-0.0749586877036305
-0.00456669454366904
-0.0240120752603192
0.0357766070194015
0.0126967789917766
-0.0465538385417324
-0.106609556672572
0.0203011755692767
-0.0635360140134765
0.0744288372443339
-0.0416836449449377
0.152097097673115
-0.0513601158559015
-0.0696267576653904
0.0431680882010465
-0.107108015712466
0.0192597285123268
0.179513844151974
-0.0085750097837306
0.0262567560672079
0.0263691085711402
0.0131996362223633
0.170682722685631
0.0988244460738565
-0.0450366584480271
0.0734090186329918
-0.127656302175621
0.0506162135215333
-0.0343994320764637
0.08968802151731
0.136642876803045
-0.0530313422424849
-0.0977188923468131
0.0927880673386123
0.0595830148541726
0.0757661746328106
0.116093693284038
-0.0460358889096113
0.0402748001061548
0.143779098361536
0.061470012870972
0.0702147358947763
0.23983795485587
0.0619326238153379
0.0628998248914686
-0.021782829383665
0.0802340173526109
0.0898079180318669
-0.0816469594576742
0.152708114093506
0.154868251156107
0.18941619437052
0.129021507130097
0.118591096241624
0.268976118277825
0.101491823352563
0.298889436963402
0.183896586853492
0.188809280232014
-0.0821398738126357
-0.0587608034975981
0.135783161921308
0.121348275589117
0.0130580476161127
0.22328168085109
0.247923205633036
-0.00929478842966363
0.0312392542795728
0.15957575208223
0.042993798245431
-0.0615926829620117
0.0824167106970099
0.128786092758024
0.307752050216519
0.0128372583578833
0.226069176401168
0.306987559739125
0.0409584497879968
0.201753987933428
0.108235948502747
0.11077859806053
0.21400229297577
0.039693447777288
0.274968452107967
0.165225738357644
0.292765316408649
0.17058549321012
0.179934643966277
0.136058658095955
0.210954411338845
0.241346030643167
0.120386211391962
0.229718671417767
0.217245564966735
0.19238663747737
0.0754271522447031
0.100843713120344
0.041472911944858
0.0804417674081116
0.13880050023134
0.169904705238678
0.220028649298754
0.228513005548603
0.143876134222903
0.267240484930081
0.0472193059084667
0.154172792655355
0.238475495737746
0.264177667299142
0.140072094012253
0.228377400765265
0.298523167936702
0.273184609021444
0.272741733528269
0.200770746163406
0.238812089970614
0.129700924370878
0.0952971834942931
0.205914596101776
0.331167238759893
0.0927444333465038
0.278948587481916
0.189211164929663
0.198293990650945
0.262073013855946
0.180945909087895
0.14373811350541
0.256941564028672
0.122163793380667
0.209615096816496
0.213801792661518
0.327203597484203
0.189409870601226
0.24234274373822
0.212512633379731
0.296472054133811
0.201978631621387
0.199877763439307
0.21335253480375
0.33181386067338
0.441745677322616
0.130808665489602
0.464677242759357
0.296735741796137
0.344249068584251
0.279172585344879
0.313501893349474
0.257720024440943
0.318686607696996
0.176115946624586
0.185844289945241
0.200750645009054
0.312712340382082
0.403869470284851
0.279023169092785
0.135179005242764
0.273877739472633
0.269581045963604
0.312613827590181
0.240575144067727
0.306767736066207
0.295230495770908
0.267280494165337
0.42799228164233
0.316313136836946
0.444759198232466
0.2514239943635
0.367680251492817
0.251284185277343
0.360905248773036
0.273181306897302
0.291047028916032
0.235633121268746
0.269889941406855
0.309139169316823
0.447779401568788
0.478063452843068
0.367192748611919
0.364793931885556
0.196190478288785
0.35218903496357
0.310705728867506
0.451997097657602
0.387759990610158
0.417732117567866
0.250947212036184
0.420353281601936
0.462063383699152
0.320831604466169
0.539563022124094
0.368329296266588
0.204151421019223
0.292362400237737
0.358168269904301
0.284508352138218
0.393810977725615
0.371255940716283
0.248644193443083
0.302082906411938
0.582492142115151
0.22864652047007
0.422942353816266
0.365614538701775
0.531434326144377
0.288519117981818
0.358749308611669
0.396293512412063
0.275001367055707
0.347942368497622
0.412582758443139
0.271472616723197
0.317749287916939
0.514643948979181
0.535028236391441
0.428390248613295
0.386327307498475
0.400078594415427
0.296780170266909
0.440451468349802
0.498337826050028
0.503034190860793
0.495482719102227
0.395216476023762
0.413724540843716
0.412451088316165
0.43092804455285
0.53892772990942
0.418111428890689
0.308958344351938
0.44300497565055
0.411291564547621
0.375615281583999
0.535536216396572
0.533679320606515
0.483273243101046
0.429999589158873
0.35931374014681
0.485539952882704
0.394671517305841
0.519303347387475
0.417719464591474
0.493843991954224
0.36267434592624
0.321256108241551
0.508286134516837
0.510714915313632
0.38666401838487
0.602335161206706
0.516460761712645
0.519650906433522
0.457464770741118
0.439223811325968
0.473234433553617
0.552816577608824
0.511752541179858
0.547419514138138
0.534990578829966
0.457772274128175
0.459044191064988
0.526081792666771
0.468838797763662
0.512754593088378
0.557495268902296
0.526919922015237
0.535133750357789
0.627283919437035
0.597397167983427
0.541287591982938
0.493397491247431
0.359844318179412
0.466289482181596
0.515918312050536
0.669779436141337
0.46966969250672
0.522110943522845
0.520193207973173
0.531115655321383
0.396609488868882
0.38445328934652
0.40581605805229
0.577624704729638
0.578992428205633
0.517495181239526
0.509111460760033
0.520017536170808
0.379175149132823
0.526553998658995
0.479283859086598
0.426171564112173
0.691031666686676
0.506556799164167
0.42842541855198
0.498948388120754
0.645933990904442
0.63077299166768
0.623005604983546
0.646868807281663
0.495447753055512
0.54367404736333
0.744110583275118
0.562373083891943
0.580503760654213
0.488551843599273
0.584413615975034
0.614045550454671
0.536583940255972
0.569945862798051
0.49832886437145
0.635910679156979
0.726511258879974
0.592201529386013
0.647991543441939
0.585128271107191
0.661984720009527
0.485884703894548
0.540855374356277
0.565058686462464
0.618549123820545
0.749986633422708
0.605686968141794
0.657753942020396
0.609389929107584
0.77322803551239
0.555307079531575
0.51311910473838
0.631120779940344
0.427939596159633
0.574505252975625
0.747019931413155
0.531386728859461
0.676757469398376
0.783175401473506
0.721211190340116
0.355267127731363
0.67387159676124
0.709311433594286
0.604459912794352
0.508437579541705
0.442584430901986
0.658088489622283
0.631890669271027
0.829594540140013
0.738958588904698
0.711092418521046
0.61484532073127
0.721156016256874
0.458917932101712
0.64255784677454
0.797335845249397
0.646274625800179
0.810990366199697
0.637576087719097
0.718505763115726
0.72415852421533
0.685704349405418
0.804139278364866
0.674972554862251
0.704870972491004
0.79964674964959
0.659503352130139
0.662932864909551
0.683700702253692
0.854662584875696
0.594623522650099
0.740834376693923
0.677905677912324
0.713230124843762
0.837589102814495
0.786322257051887
0.679793017144071
0.71589751096767
0.764611946403003
0.734006589960797
0.66839120268756
0.787748231908931
0.824356424859019
0.742135218780597
0.731270380845191
0.647080490479946
0.713838417133946
0.748999337482953
0.668343561938918
0.629827226390662
0.708993474564404
0.841647546675415
0.774283419241585
0.778749987933489
0.844965231426487
0.787215816324311
0.78847213166839
0.824050997299689
0.852901497040073
0.791515858866655
0.741876339767746
0.713349688907653
0.833310281137833
0.726818851916193
0.729665422993339
0.847789958840656
0.776666649823229
0.769240536362241
0.763870835870705
0.773641455419483
0.777349652191449
0.747441383869511
0.798079112629483
0.814639715859253
0.822503931592099
0.823716806817497
0.768770538725022
0.667550723733173
0.903153051445978
0.844714063357034
0.61835225313078
0.885627963220447
0.921287054511121
0.702780719058247
0.765168531855452
0.731860699941958
0.833726317097677
0.905562368256206
0.901759471930332
0.724086551924953
0.682524251286366
0.868944475432571
0.824451676947693
0.714781505184348
0.816146423703239
0.691585856803614
0.809108793841376
0.855385546017261
0.957717900111428
0.929093218183433
0.797334069573097
0.835743873086326
0.839968009174499
0.819160191402789
0.844807710236591
0.942567272643428
0.858938997331225
0.856130269507432
0.810917831402809
0.719493403107332
0.667724685031342
0.915721494340006
1.05814937318935
0.846189831774285
1.03078727133328
0.80688510233381
0.904952646529289
0.886223003341196
0.893772156104235
1.01216662884549
0.819253998514395
1.02985511501311
0.960319444875495
0.893395939532801
0.890998185185489
0.854366850643714
0.992128362978419
0.925146607308539
0.86359343251401
0.96055225736497
0.852451323110504
0.940458866228816
0.964198285599159
0.871649238265624
0.937921742774225
0.832400675995287
0.907205300077897
0.839525092920443
0.836923584898841
0.766187249484899
1.03688847647759
0.783550346262272
1.04435062192324
0.993303804927649
0.802350711373714
0.841855284552938
0.879306719802302
0.908624418536777
0.979928844719715
0.829609548489018
0.823669457577517
0.902040758563872
1.01629055308551
0.956853299310437
0.858865448934182
1.13427759665983
1.03842119483224
0.941848818874176
0.931588758512617
0.897400396627323
0.893666840675159
0.952888955954573
0.75673350725632
1.01753219678067
0.85853146721804
0.98158234630347
0.911514227592269
1.07098350342325
1.11864478262456
0.931960589528326
1.0049480709194
0.944531135174811
0.880509906854559
0.883298300004443
0.923508895884006
0.938678496335103
1.02036737505626
0.910125318433048
0.937252396189389
