0.00226083483307205
-0.917224870559721
-0.945093965632848
-1.08831507931983
-0.957624560587949
-1.00729005197381
-1.01358180176433
-0.997920810817204
-0.956329506379036
-1.01634409731948
-1.15341436721258
-1.08734417492553
-1.04370637608403
-0.941782886587026
-0.969111318100375
-0.93369375018948
-1.04107972295245
-0.968288721628402
-0.923060304442817
-0.970027976730579
-1.04819484598583
-1.0570543796511
-0.96054133787066
-0.876255766812447
-0.804791213080199
-0.886071853062652
-0.92454030444986
-0.826845568036686
-0.95982651952424
-0.970524498107383
-0.84056274011532
-0.981911454050596
-0.820053899917031
-0.978817087839051
-0.853321265973168
-0.945089108677759
-0.986058431221531
-0.916910509448517
-0.977341386155388
-0.927920413376007
-0.953598537857385
-0.811927483509123
-0.900382798213909
-1.03237233139343
-0.833937689232646
-0.943267938803609
-0.80114389759667
-0.953764718540935
-0.830086560302242
-0.896720984450363
-0.731111420577668
-0.753956085090521
-0.970044324829563
-0.821609084532819
-0.940859572629589
-0.704496427335592
-0.724367500584265
-1.00758446486189
-0.866897376718593
-0.881997842355821
-0.791742895620244
-0.90769063087821
-0.796859587533802
-0.912605089831143
-0.840109373167501
-1.00876852095965
-1.03269763660518
-0.757393061051934
-0.911210281124217
-0.818219427539466
-0.837744211519803
-0.854559623139962
-0.909887870011118
-0.941348220934523
-0.897817583794137
-0.788989158225789
-0.86218273634639
-0.97013106431306
-0.872186204076176
-0.935017872065077
-0.986805650884745
-0.930910973636033
-0.931758651450532
-0.923461903658324
-0.759452840419695
-0.763194623472689
-0.870943095386847
-0.937856284528189
-0.915391462893721
-0.850015392995017
-0.740487864513124
-0.837233515266258
-0.812595451070467
-0.730836325171579
-0.839225403823255
-0.874489656122665
-0.723612281502482
-0.802191206360584
-0.702228878893952
-0.803074291310706
-0.871955966605082
-0.67223359652322
-0.779379141984804
-0.747846069945661
-0.800398182475726
-0.804891258127543
-0.825423089773319
-0.716605428250361
-0.662928882379654
-0.615198274068672
-0.875796652875024
-0.677610362992224
-0.801166341951158
-0.732193409713515
-0.678005918865941
-0.777348609103372
-0.696191801140684
-0.737640392071116
-0.695666040533606
-0.567684318217759
-0.731244230777631
-0.734099285864645
-0.850346591679495
-0.917458282578417
-0.786067266676747
-0.771327040733913
-0.767547633590635
-0.816299794792613
-0.626912993847343
-0.661438836425236
-0.775842033851882
-0.758386193308656
-0.715266203210412
-0.814093633831292
-0.678909812498586
-0.682180766390707
-0.843117831089732
-0.639738707652005
-0.703201242031869
-0.68381015848337
-0.731086601361576
-0.563093354730266
-0.699029770411099
-0.70827605796584
-0.86823598854755
-0.672868959626166
-0.804084264825736
-0.506977682366072
-0.818801140236302
-0.69521621835378
-0.69240666911859
-0.696660581613902
-0.644634918218422
-0.863063960570424
-0.634119106417675
-0.550098913131942
-0.778610045376257
-0.721000628574022
-0.752685493141164
-0.611281665904578
-0.693310330236823
-0.778573052511497
-0.786221408403878
-0.692624339314072
-0.61163857512054
-0.638890709752756
-0.813836624222234
-0.621943815392878
-0.827805654996253
-0.604221756216379
-0.645059712251211
-0.712127104857242
-0.633989506105982
-0.775287664213668
-0.678625931962408
-0.672921440946557
-0.618534829264303
-0.645626416125576
-0.606691340332194
-0.600700327281128
-0.573703181788886
-0.529386466812393
-0.657705860609374
-0.580778614143849
-0.661618244571954
-0.644748165754479
-0.660186784962986
-0.616928961066893
-0.474325567474624
-0.694721652559272
-0.531641399765445
-0.62866507482416
-0.622105742196466
-0.586624711769902
-0.638797133932067
-0.622981226897057
-0.621172416605954
-0.635581399492647
-0.789246205717292
-0.732129323575461
-0.577733648573644
-0.537276661139446
-0.522907310389026
-0.60890708288538
-0.656822466658983
-0.591845501645875
-0.672986830705606
-0.480793819104153
-0.649591813318587
-0.546366543217538
-0.657629648528381
-0.530308983880481
-0.515358633443646
-0.747006873150466
-0.48184914083335
-0.591425399140584
-0.552628379698404
-0.615181703171563
-0.543581386180393
-0.486573039540203
-0.553572149592693
-0.517705868828807
-0.575370480709789
-0.50076864603934
-0.596337758967428
-0.66795370131764
-0.484125404449025
-0.492772835620937
-0.528469794510021
-0.490324088958208
-0.543060833375874
-0.584501967735852
-0.569505864961172
-0.559953732121728
-0.645259278749731
-0.468128274920797
-0.459243235100042
-0.385251807841231
-0.526216514673804
-0.554476332446965
-0.399637878881362
-0.406426376331998
-0.60592947171141
-0.477435327900656
-0.56072319515031
-0.377512546438175
-0.484120541875735
-0.406684425094498
-0.498689872799582
-0.63796107088368
-0.527585956297368
-0.375903050830646
-0.574712510678315
-0.433373894846933
-0.519516378824847
-0.536537112973038
-0.499214893065328
-0.441273610475187
-0.686433078402438
-0.520185119664969
-0.448228700185389
-0.451451368213695
-0.556031696168663
-0.540046509325302
-0.48793179239056
-0.625860642238699
-0.516990077530662
-0.514317608584708
-0.49694477411209
-0.45286611465091
-0.422946826180778
-0.382646206622032
-0.55400527725742
-0.550136335107522
-0.471131543216955
-0.325241875443849
-0.380247310039687
-0.359663633262573
-0.522543856344654
-0.454746250155031
-0.29795402735928
-0.494974959433805
-0.387151083548553
-0.398672807937968
-0.489509118850651
-0.445894230453672
-0.463181179813713
-0.412400342126142
-0.464864574146973
-0.365333729155008
-0.34803021269346
-0.446560923201349
-0.47473579906073
-0.448794976163873
-0.38061763310946
-0.596296530895848
-0.383234204660224
-0.385993630934951
-0.404000476315937
-0.303823125801047
-0.34525426134983
-0.384895275870626
-0.424128735007484
-0.458643719003369
-0.350438969782348
-0.504951446564444
-0.500243492611582
-0.322308479396795
-0.412086420858365
-0.392299208095708
-0.313103767036302
-0.568782705215048
-0.224050540569958
-0.291266969169095
-0.35367402606735
-0.267418156004367
-0.304858355532895
-0.27778800797889
-0.455745730972836
-0.385293909972242
-0.350232557858801
-0.423735002383814
-0.401629914689842
-0.37230208076979
-0.17007073674771
-0.430210976590054
-0.372434173369163
-0.339649127861875
-0.257381463640222
-0.380261025366969
-0.298539556531768
-0.256022371156195
-0.443317575714992
-0.255569622864934
-0.321132905120077
-0.50871875216498
-0.316198183921096
-0.286593579516736
-0.353897772409605
-0.37076785698929
-0.232170330989118
-0.456728049713124
-0.445005459750929
-0.392834448822794
-0.292060725097806
-0.0909936709316299
-0.386856508481483
-0.267264978390442
-0.239535696903354
-0.310170003784349
-0.316489677524333
-0.476760457258064
-0.400137168147163
-0.385335147508825
-0.233900630162113
-0.300321065405966
-0.219456703096515
-0.347578825186447
-0.332511392584623
-0.256683128410087
-0.373146055467908
-0.270627516169347
-0.28781954124241
-0.417960260685793
-0.458543383320164
-0.316116176902214
-0.286427986395389
-0.293692460454275
-0.0820625596362487
-0.205023283339511
-0.228780965663278
-0.224750424843052
-0.301169069868794
-0.305607669972259
-0.265309452102099
-0.257609639672113
-0.224583644635849
-0.270771245173188
-0.225462759736495
-0.13153848014256
-0.387359466667008
-0.239241864129678
-0.292334646059435
-0.0220613717280988
-0.20159849828967
-0.226365063585833
-0.128738435228516
-0.172005474912832
-0.226855094570189
-0.34809365366519
-0.217643649924462
-0.120948024802332
-0.161848715741785
-0.117739568192542
-0.18671355826537
-0.287464557303145
-0.233828584514917
-0.259282976961667
-0.165169471320545
-0.318248971961191
-0.255406504973243
-0.230292239764839
-0.204781727454123
-0.161567787155815
-0.165643230419662
-0.0646221645135565
-0.162667069267343
-0.243148189527836
-0.0651638398148365
-0.428299125542542
-0.172356550470536
-0.158345524131034
-0.234105687425212
-0.237654539405313
-0.138811593753513
-0.202695231623705
-0.0795200895690221
-0.0223450082315585
-0.161097990173061
-0.155241855390812
-0.0721030105824291
-0.177336958579372
-0.177640947286019
-0.136511017985579
-0.150950095218551
-0.167938867112784
-0.253988523908876
-0.158291796080806
-0.148979497532938
-0.189576817243263
-0.0373348234571267
-0.22505940924527
-0.127749615837017
-0.0830976303315906
-0.152022691737817
-0.109495534621419
-0.0929352195644997
-0.0314985826259003
-0.0968909064599781
-0.109829175250326
-0.0199673247824682
-0.0482431171974517
0.0439573514199074
-0.137200430132903
-0.191022870921844
-0.207077134817783
-0.229574003907961
-0.0514268627695431
-0.20191491195705
-0.0399388456643051
-0.2684367617891
-0.129748556419235
-0.105894151245899
-0.105931193105192
-0.247026904769052
0.0143079012562193
-0.151246623288201
-0.149225405778205
-0.143566014381622
-0.0240498891961101
-0.00925422584724994
-0.0526289958291824
-0.0477053554278669
-0.114645176578694
-0.0686026076008995
-0.00950098605647032
-0.0320434450168113
-0.220025062416485
-0.0220890031186335
-0.157585225182756
0.133332592981248
0.0110062998720654
-0.00144217517079171
-0.0182868426073566
-0.196331112482266
0.0872776597476795
-0.00299885159211078
-0.137398169841756
-0.13721324689261
-0.0272747351636842
-0.00170939310979994
-0.152812479320779
0.0669165636639552
-0.127581565542596
-0.119600526620005
-0.00679536759574305
0.0728652002907423
0.125641088133977
0.0112587790056866
0.0955606779563475
0.0363365090327218
-0.0823436782205121
-0.0947064510608153
-0.0475362664577305
0.0120150277043344
-0.119344463803959
0.126153504471909
0.0543175319986192
-0.00474889201607833
-0.184107654777552
0.128516922348898
0.029710078123465
0.106035416244167
-0.133181844319561
-0.0384292536105545
-0.0582701711232685
0.0994780317192503
0.0704553063346551
-0.0532567009150412
-0.0297820437944055
-0.0943079981069792
0.0224365043662251
0.100409521800476
-0.0163755698233675
-0.0438181705980487
-0.134184357632732
-0.0153598324800197
-0.0267219168852828
-0.0875422855216206
0.0437496449912792
0.0400766220781849
0.166192472595641
0.0663808718040701
0.0183700041861614
0.055327578218592
0.144777012087541
0.028930501296403
0.12055850579322
0.117673242280678
-0.0681016006381862
0.134613891615919
0.208116345667315
-0.0263763091207209
-0.0084595416145497
0.0238426536926158
0.09667855496053
0.0622429624547092
0.00626458885726347
0.0800517668871382
0.0796483346698173
0.157222300715053
0.0793303209994392
0.0509072661072616
0.069346826568857
0.04285777644558
0.026233042612805
-0.0198096996017543
0.178503230600616
0.279657564587297
0.150290592095337
0.108967696624533
0.13344490410507
0.197116985587619
0.000439255911867731
0.0818612538625155
0.171632092075101
0.0256939032518571
-0.0148846723811433
0.245069828642239
0.359305303071486
0.237927243374561
0.203498907706134
0.111331131405064
0.187890892535402
0.102643326374584
0.288413538155983
0.130123991330869
-0.057402094056256
0.115607161681261
0.127755127217811
0.156760968785
0.270322678426625
0.0936330376769906
0.091711256998738
0.173488838112591
0.294437623041944
0.255771454460693
0.130927942335317
0.239229170566586
0.147842322967393
0.299276166204089
0.0499147273339758
-0.0200466380941355
0.0805177534520048
0.213152230715465
0.117281811041676
0.108727351367732
0.252675352918707
0.244692984906626
0.0480875293461981
0.167899461758753
0.116353473172933
0.0699440886797645
0.157231752804883
0.161640121649208
0.192063445377663
0.0809065606764452
0.138666899993158
0.120316757853264
0.0632787305102508
0.227195640196108
0.187837506116294
0.336059893802214
0.116064732358551
0.168167603975488
0.157208898792708
0.282919573587942
0.105056380815561
0.3185463241839
0.103255273433308
0.26666412905204
0.326079946237435
0.31727316226511
0.257715995775453
0.166692362018774
0.211178855770643
0.218282265313004
0.161952077634568
0.236419618202023
0.0966619801213542
0.285776398971166
0.335651648191497
0.332058081750043
0.386463271616953
0.152892422855289
0.0916376050128268
0.407485112810785
0.12931689628812
0.277755794926764
0.249880855319724
0.239563252488949
0.289092561920094
0.175158691947255
0.193325241260423
0.361515028034274
0.325711887643101
0.252826366856503
0.173549716182378
0.12359707120238
0.253455247093848
0.351274032998246
0.175159929790844
0.2424996958228
0.355507038782823
0.344721819782457
0.200312001380454
0.500080026558752
0.237188745127634
0.436888911665921
0.324943895561202
0.358098157332051
0.226279437476241
0.322293231661969
0.471626177800697
0.211128895690968
0.39299824771036
0.222188390042056
0.333491120229912
0.245022607966145
0.265299739178075
0.438378008529188
0.318409467014124
0.270608508250239
0.301316128805282
0.330776845524027
0.28846053162848
0.493576251996504
0.33939352770724
0.325301446925517
0.289058703302474
0.172282682280957
0.291001149081606
0.355303626672184
0.404698054745152
0.306843273116715
0.347513202645036
0.339104160354643
0.408820543404868
0.367519746111263
0.494443497481361
0.381945329543934
0.298874996808203
0.297546179513443
0.318858440903933
0.421484952762245
0.350995081223393
0.38289749152842
0.329244886896467
0.226045772010312
0.400098210606325
0.481373654537634
0.365253641368115
0.299336579624604
0.439633961481585
0.407929420976865
0.340818097333238
0.343635221240502
0.348512316334241
0.347050976544728
0.401669595381555
0.354219528288759
0.413715896679588
0.451855881175304
0.344660862393027
0.474796970911436
0.4639546340039
0.48059061592088
0.405798625069042
0.305535975201234
0.338713053980636
0.466719985085099
0.445039207103883
0.363345036991998
0.409344737637698
0.293517418542822
0.46593806681834
0.433341358664933
0.323641256637002
0.44204408225252
0.345413168245085
0.498706470322537
0.371698910744108
0.525422565744004
0.431998763797446
0.651375681771438
0.497558814629445
0.405637991060516
0.440668966837022
0.358656283307552
0.475788467993098
0.456635856845554
0.396990020614841
0.61040950413407
0.457567184712257
0.322675046178144
0.49873590404832
0.420050886050654
0.475169354386345
0.373367989129526
0.47497900043072
0.474947960705743
0.341572681631101
0.461867215610841
0.513366351629442
0.309730851976791
0.452953678443129
0.441339750805943
0.497592643486253
0.52916591900079
0.402618330788351
0.32203980888699
0.519233844677652
0.5674171409906
0.453391089126561
0.381334495205192
0.428749710364011
0.643782318237342
0.551941896092589
0.62538634087737
0.53300797292805
0.578852325824169
0.524553867725737
0.587710958904026
0.621254368681151
0.430924119863493
0.600941528933332
0.476086437665249
0.292302143850515
0.499169423178713
0.605588597263936
0.429538609045961
0.414299048014434
0.511679747182366
0.650239853558306
0.528643978859203
0.454236812700377
0.490823001278513
0.658794888483471
0.501918841129484
0.526263932980928
0.496802414607345
0.544133891438311
0.709865790445753
0.627432105610973
0.512381775844183
0.50973175603066
0.607876028244909
0.705804831526716
0.588140089561517
0.587620374880717
0.545699474460489
0.612471752963159
0.557150248867565
0.619030519893337
0.640524824004613
0.458436639649229
0.690018645436776
0.490067846847835
0.629482815611664
0.576258234693448
0.693834674525467
0.57972775927366
0.598406680619212
0.614988374131171
0.584203094266133
0.596631112502314
0.637292692432665
0.580688003796385
0.530166612207608
0.578302340846243
0.687829670775199
0.726911040041009
0.698854925139566
0.491535048635026
0.715360485410676
0.630266609314638
0.463717773040067
0.59281367720781
0.462333240420001
0.756602016540739
0.516404733477626
0.597087365232261
0.644087025500538
0.709014904283487
0.845361561276153
0.597768027004469
0.480007718887213
0.633148304993846
0.580782584379802
0.686181501628122
0.623933841312519
0.500148466025391
0.789358535081943
0.66348804458752
0.664314206679425
0.74531266373634
0.759514740254425
0.629217966381535
0.578015947052976
0.705026312243139
0.615350076577287
0.641501567895015
0.650085063384527
0.816018367023733
0.612025848479996
0.651374822609076
0.700706284427151
0.583345457622545
0.708004494868333
0.746828323792473
0.75016978525487
0.652265978728942
0.644887201610687
0.783652166060203
0.622556831405131
0.604154725396943
0.565948316375925
0.738305376481673
0.772927630656279
0.695103800623832
0.590952986992526
0.761572404999266
0.654530059521993
0.812144507065876
0.703947751977501
0.646770066286353
0.733370585038818
0.570139689715272
0.629785700072044
0.662649987611025
0.632890766332242
0.613650434331983
0.78105427468723
0.708823594883134
0.742700510854593
0.73242335262698
0.78232864372471
0.777315311815353
0.705360433671989
0.659420613525989
0.822651716092792
0.620887746921356
0.884978910132427
0.799326701153913
0.777595048823319
0.752869384321186
0.734089995293537
0.763630420068546
0.796505573160471
0.760706472419615
0.827605753005414
0.738912933403371
0.755672158948504
0.854369803143384
0.922309465098872
0.778308643318554
0.703098450745505
0.894886607930109
0.723216485872946
0.784587648217403
0.656765391664196
0.849910487867696
0.784707329840822
0.77816883393056
0.782407686371763
0.861885425798581
0.783429278052995
1.02440289043263
0.876975614422916
0.883521206583096
0.850081231277942
0.702353840622304
0.845653177939072
0.817819033551295
0.855051747399869
0.864641510063782
0.876097750358092
0.945878815244067
0.782675602717006
0.924956229577349
0.889788914225067
0.760468929903964
0.859990489710621
0.879565826038812
0.899679175122266
0.800999355639174
0.872480299766188
0.78167075454196
0.821471846778433
0.854626291645173
1.00987782075567
0.763144474318261
0.977638441025429
0.875940695333883
0.829025701940201
0.962812169959902
0.847175056068078
0.929682459570233
0.910918264707334
0.97368212205506
0.839453842728077
1.05628867139917
0.847469768805874
0.925708146622773
0.780710544670072
0.940984776181568
0.802581528703578
0.835394893714583
0.805433386535977
0.873941583957193
0.865935182338862
0.892240505435027
0.872680570189497
0.848144233946516
1.15159036323282
0.760781444884432
0.963444575694689
0.945343012109472
1.04649127185601
1.0280133244553
0.958106068864826
0.813315976705915
1.10572181380455
0.891220753365663
0.993949707984244
0.938504753818959
0.994857410480631
0.926535265797502
1.10565796542293
0.873232134573095
0.831725154753751
0.954406240113432
1.12646360031643
0.846900352904369
1.05263986992513
0.890344530875046
0.972924150481402
1.0418315894725
0.923051773356215
1.00654511711093
0.931086096434973
0.897854887788728
1.00479968036945
0.996025912269447
0.882172897879915
1.0475877159634
1.00743947060067
0.919451718222101
0.915950403007077
0.958456509684179
0.992267453071231
1.05061630456348
0.947517028383903
0.760800548954348
1.11106409980298
1.04488548966453
0.882297916607479
1.10559938905194
0.84825740004084
0.957403733405838
1.01422033637862
