-0.153589662183226
-1.09047138610141
-1.00046567069146
-0.922854908916255
-0.921910995284394
-0.897617397264953
-1.12141283777313
-0.951512768170672
-1.13607611240516
-0.946581192093046
-1.07096892303838
-0.837650935951872
-1.02491506609298
-1.08962557359266
-0.948094657558151
-0.92877830797158
-1.01164432775198
-0.903403983895476
-0.941795502687209
-0.868967372000625
-0.901693773599596
-0.989904495842691
-0.914642328849056
-0.908297538352614
-1.01410003659134
-0.901126434976222
-0.848588346719865
-1.02725160463918
-0.841207716110462
-1.02774895321744
-0.875599351448527
-0.954992466816956
-0.948239670689365
-0.935890095290982
-0.943279413638178
-0.976598881411314
-1.05010652558926
-0.959690782278964
-1.03772727639367
-1.00227868029706
-0.801655038507352
-0.904188177703483
-0.84672015741379
-0.868900944065835
-0.868989207122967
-0.954303461784748
-0.858281836821171
-0.951789533786844
-1.03761977530879
-0.925997833371058
-0.825378843590178
-0.813587048259959
-0.869386859077806
-0.803414273978252
-0.910521078832602
-0.812478058435216
-0.918020911409464
-1.05448509632081
-0.885325923839352
-0.765788730176006
-0.915384425183548
-0.888052695711339
-0.844196883232158
-0.803862167336614
-0.833724778777942
-0.825440063766706
-1.02454355944153
-0.731134222540275
-0.714313371047093
-0.873423261713865
-0.928044918447408
-0.861562788682109
-0.774337474733898
-0.919001465586975
-0.869328064382749
-0.840621283685655
-0.869011773297396
-0.829033227801737
-0.936964840941598
-0.920272644056121
-0.743662921148747
-0.77530601018269
-0.831698160233492
-0.794645686018221
-0.800179605964513
-0.695740078369627
-0.875260934807358
-0.9155993031148
-0.798851521963775
-0.72196586073833
-0.862765889288581
-0.702642697902548
-0.757517758616704
-0.712502555198587
-0.852577324098798
-0.774204882151529
-0.748859139547788
-0.701161404747924
-0.770524351758351
-0.767314161263552
-0.759660989448812
-0.751264045254468
-0.671899007597488
-0.825241091013387
-0.791880971142341
-0.884178868860133
-0.647671828864037
-0.983572811269923
-0.859760324250851
-0.658083616941727
-0.69376061696193
-0.700705832825049
-0.855626835168574
-0.769021640873545
-0.78106010525197
-0.723118439854698
-0.670501977566351
-0.787400507868173
-0.757060396933862
-0.873282839852707
-0.676726366416926
-0.847592869816425
-0.823234566766277
-0.741503228319583
-0.677900099250873
-0.841753369220088
-0.722774684414806
-0.768000053976003
-0.729634170963048
-0.724973973807573
-0.614664118764235
-0.793103894023333
-0.783356050549278
-0.672322502332886
-0.74804275211259
-0.677536165886397
-0.722309799674803
-0.717830067146462
-0.762018852094772
-0.689241677587725
-0.492676034035117
-0.734719781259021
-0.394630025234456
-0.737368849228018
-0.645750267122097
-0.745142664450286
-0.775003641555219
-0.605485776717499
-0.803680968225104
-0.680418873157667
-0.666434157429527
-0.599682971510231
-0.63707102180376
-0.76535307727013
-0.700943164014629
-0.616461480379428
-0.871802220599416
-0.716364245921815
-0.635463632251574
-0.746639156666366
-0.806213104965309
-0.595486053387714
-0.604241502072755
-0.719244164006755
-0.644182136982375
-0.680905240605561
-0.708488696497179
-0.729933664007682
-0.631795707918844
-0.58240637984264
-0.635816824358414
-0.701509789424259
-0.676486537784182
-0.620087547196828
-0.647828169672326
-0.641258344614581
-0.459762963944943
-0.605563030886145
-0.733777089809239
-0.611159989238073
-0.513217147274364
-0.618225650900916
-0.643607794458076
-0.611621930580273
-0.701545160530994
-0.651285938219408
-0.699056540774815
-0.646121490410376
-0.442297737977681
-0.584952755736462
-0.693761402564894
-0.715808777403835
-0.560458055758874
-0.725283334906821
-0.63067360426808
-0.72669352867212
-0.728651624922768
-0.619544760159256
-0.78956922470426
-0.57357920632324
-0.496070513539473
-0.745166229737225
-0.420975159519858
-0.51378624808689
-0.701606211575621
-0.559921920404388
-0.473830751979436
-0.739642780403134
-0.633873019660378
-0.609272702183415
-0.601046280294533
-0.613539416849778
-0.595616371151613
-0.525129841958838
-0.515532851878727
-0.557508891599399
-0.727678932821009
-0.504564911383368
-0.651983422645862
-0.496960041983038
-0.563060572010627
-0.398165967114406
-0.577103490344047
-0.593941061614144
-0.597530912056827
-0.608069715578538
-0.537156684743521
-0.498172302894681
-0.502868230380374
-0.439141524873713
-0.444672682459503
-0.549113537971986
-0.480227395301202
-0.589457178458456
-0.514915186232904
-0.556374141877129
-0.626005710448162
-0.564069422594167
-0.451715042313944
-0.59432909374865
-0.658254958217445
-0.554292014383125
-0.540503854974596
-0.408164483131798
-0.438166719971552
-0.509241340078958
-0.464358099845493
-0.59280546083101
-0.51540986596925
-0.513158297302311
-0.605872733759124
-0.499030070661196
-0.492951260941405
-0.618631688739534
-0.453761449302872
-0.598064880815221
-0.442367718503409
-0.359124158760093
-0.52013478749093
-0.499430259612125
-0.530568022741393
-0.538931944180372
-0.464813649463976
-0.392306042503544
-0.450070167602076
-0.399374330891234
-0.51246645648211
-0.46958628830726
-0.520156448764072
-0.431448852857612
-0.378875051977525
-0.293699286675887
-0.5422003684663
-0.436339568175809
-0.531479887406322
-0.393395509734305
-0.520424793002396
-0.33154183636861
-0.448356869802236
-0.354927410253343
-0.498224587169769
-0.472844496551891
-0.468983495993589
-0.598388060547317
-0.422840510379855
-0.36280945585863
-0.325891161206775
-0.530611696926156
-0.330047057606623
-0.396748668864542
-0.406679518366117
-0.471285441525154
-0.420501380830476
-0.479132351365272
-0.312910017720024
-0.365453005944022
-0.425322599998358
-0.552736435580145
-0.279477134749453
-0.26596088791504
-0.518975189351504
-0.418966129254202
-0.361865605010841
-0.470100636617702
-0.51204799210629
-0.5242383946602
-0.384005833544821
-0.431579199320519
-0.353004285779388
-0.358814655468264
-0.390368801719353
-0.443014573726894
-0.296052575283215
-0.381765523440876
-0.290657988611752
-0.284398118571807
-0.425405150617813
-0.486912107497199
-0.37645253273572
-0.307809299535979
-0.259726278096744
-0.482668077458468
-0.271551983374525
-0.419336090577592
-0.420319064483013
-0.314233436979237
-0.325236988591633
-0.2884856638241
-0.305212623889072
-0.383804529758749
-0.292525580315288
-0.287999629549938
-0.372540645769579
-0.197819482942832
-0.225147905336463
-0.486475244162969
-0.339082322713936
-0.274001501666787
-0.333958403923026
-0.255650230381921
-0.373085998447579
-0.40834504632887
-0.161244691690846
-0.354929763240313
-0.390264959573022
-0.406659231961512
-0.278994466691229
-0.335077244668854
-0.413625577096865
-0.271813937777043
-0.348268256310031
-0.318598453237166
-0.282864782371102
-0.317719122479492
-0.237526324724041
-0.462343954788996
-0.193098573341931
-0.140556132718907
-0.244195389106035
-0.109625218006314
-0.173906528788446
-0.535639738740556
-0.426211411943625
-0.358523543524431
-0.322860098361635
-0.336690698142395
-0.361217360021145
-0.226155031936016
-0.281295932603449
-0.0900945910330022
-0.287668669231214
-0.116998228295367
-0.127933661434558
-0.28094095780482
-0.234422345266025
-0.21679408299561
-0.370589816774768
-0.192159553627961
-0.209680730399117
-0.15831040296637
-0.27588163194606
-0.170587827115275
-0.161202122843347
-0.227115818021934
-0.349656769348546
-0.311568517034019
-0.257780568362314
-0.20562977022048
-0.354323727211884
-0.257639801589751
-0.184551464835648
-0.263668503277945
-0.139789873098901
-0.344937002692032
-0.0785525098334838
-0.247346363678999
-0.211553350815246
-0.35985743818326
-0.127102839218921
-0.311275635729762
-0.359079741852333
-0.0488786846215127
-0.18795993213137
-0.17360510826166
-0.312604179584176
-0.0895256480369867
-0.00708134708901732
-0.142963951587657
0.0529690358295467
-0.177007015120711
-0.176930451529102
-0.062372035736845
-0.138797874412003
-0.138172178809416
-0.0966400359560772
-0.060853993514619
0.0048185314539885
-0.200067165865992
-0.13619146698064
-0.132169459691623
-0.169429932243476
-0.338904595784729
-0.178307036099037
-0.0527991997287979
-0.139556879664442
-0.237808648456164
-0.0827758130048479
-0.179598236853502
-0.0881795914802094
-0.171528214036647
-0.097997543735836
-0.29855736695775
-0.167931984816387
-0.16876096480334
-0.0770606338501124
-0.184042928125095
-0.0920316057706572
-0.0983167597929858
-0.03337366000427
-0.15723348480429
-0.240995732196508
-0.0754202762534956
-0.173277672294857
-0.0900711013509767
-0.215907722771858
-0.0971547601246693
-0.0834759808884748
-0.0908685595587062
-0.0158699397316037
-0.0130088894721748
-0.199710310445399
0.0916384759953397
0.0302737280185891
-0.281220520855776
-0.133283923109941
-0.0627244566848983
-0.0172553506992419
-0.201564228632263
0.0806041917692893
-0.133015034532801
-0.120485723488183
-0.260450023023202
-0.151172143732629
-0.0641049428212074
0.00485374429942082
-0.267120661749101
-0.0825137335586895
-0.152669897172263
-0.0327156109629186
0.000641114829994588
-0.0322820537205292
-0.0411519599249969
0.0136471842644885
0.109653015263416
-0.0357968000183542
-0.0184850705107615
0.0183350562044328
-0.192383366292152
-0.146512322040665
-0.113444059280706
0.0305054809425373
-0.00514261282765905
-0.056622480695041
0.0502572783935238
0.0447085274385648
0.00594169209288365
-0.15085199563763
-0.0721335438672093
-0.124571013686505
-0.0550555090187768
-0.0510896382656498
-0.0322085283695815
-0.119281458691369
0.00789458105123275
-0.0104808195749389
0.0420255497828392
-0.157448324333339
-0.0846084983903389
0.0232364692925732
0.0148020909494697
-0.0926840571446146
0.041782888012112
0.220477283793278
0.0344107489842276
-0.00664986355486418
0.0639199514718188
0.100251236656349
0.16785711562668
0.255089392450911
0.00791276133000942
-0.100693118764036
-0.0426637977953378
-0.01078206647272
-0.0938087967749276
0.0391128178392649
-0.0269734793494264
0.0735555708423894
0.0190175226011465
0.173668413921708
0.0123461790775835
-0.0423782750418655
0.0342522471407618
0.121980156139254
0.0154093559378473
-0.066705978823415
-0.0192922783930845
0.0254575108071293
0.051800239846889
0.109689607772504
0.000149584376164363
0.117871507867322
-0.0294284295210735
0.138358304975647
0.134539381106119
0.240410176498553
-0.0515561365578797
0.0390676317701765
-0.0284349925123548
0.00948906912969855
0.114112220741985
0.193313646635303
0.0438272269373819
0.208064556855738
0.102608059174767
0.033942255417502
0.171937226436763
0.123896699805258
0.189213953419285
0.0960493920767049
0.0923911675695373
0.123353787847398
0.187386642177819
0.175298775569379
0.0796296856372159
0.0396122023473919
0.164671834851463
0.135687370671431
0.0818033608227741
-0.0236713559496174
0.206450187981758
0.159073647776589
0.161634683627269
0.225999776315299
0.247398993737076
0.188670956523494
0.142921277362966
0.160566427298057
0.143923010296275
0.0528261893521914
0.00126792186821768
0.112977721580264
0.0885689571716146
0.143294361406988
0.118475202657728
0.183542276111693
0.23257085221114
0.149216085160304
0.178486878015494
0.225456299890786
0.0633521280110096
0.117461328282216
0.0776538094439871
0.171934788981592
0.26957901962689
0.178672958766376
0.295656648735731
0.20441505438325
0.13662154461151
0.250319265736122
0.250656203811283
0.163286656546565
0.158822502193333
0.0301798735666621
0.165142371689977
0.160125542935653
0.372642568111432
0.270183909849574
0.0871358735119522
0.24055343146988
0.139947710340265
0.0770389584008031
0.21404528667971
0.244907252357624
0.126377531745976
0.288819816878999
0.173741962221525
0.113747841426016
0.179707839104448
0.435824024293704
0.227645303384518
0.153217051268663
0.108655348377502
0.16797104902756
0.0883884380869099
0.275054135567224
0.0463078655177062
0.286423306709514
0.155255928075092
0.180888413037148
0.307876361346951
0.156013562890595
0.372911611346325
0.272895213500006
0.199964420159785
0.279726029846252
0.27264289833873
0.183847998590548
0.254068928029308
0.222275583012123
0.169376994111991
0.265035493688777
0.318654050599204
0.256778356288303
0.316056809905168
0.338980214458752
0.189082794993984
0.172143579806703
0.205048157026836
0.2079784219491
0.288139307709712
0.318811347957993
0.222766996564408
0.119183663444593
0.265294163078203
0.34930893175275
0.309304252206278
0.225718101441157
0.336161849800139
0.351799777639444
0.327588629098881
0.22096155612103
0.213454344590151
0.273206878435623
0.351510600771723
0.243882748648535
0.190014775767426
0.325789802746746
0.407115338030226
0.145698879135983
0.201300768486148
0.291915563510531
0.307107860083619
0.500514109847542
0.360923117713839
0.389293054421751
0.272655881687805
0.404113057891924
0.358295374315931
0.351989495589957
0.259216510746338
0.309243110625023
0.350555126533698
0.223766697327955
0.232699768358909
0.427161297970428
0.366527918731355
0.31841220768714
0.456033671105821
0.495768973431038
0.266303262064406
0.461576056667575
0.36475091893568
0.361837480571297
0.285780789920377
0.446952006775445
0.0998287223402529
0.272398536787929
0.344976358307578
0.375493303935102
0.456941155032525
0.357056092432623
0.43717149403451
0.457367351777527
0.294071378757386
0.323519571988349
0.407572985424878
0.419988259694444
0.544526057831291
0.264199189324954
0.462396828326381
0.579505839118369
0.340649575153637
0.534679151617414
0.588483754858668
0.35113911595713
0.33157613437127
0.402280475181085
0.360890834954531
0.437721266417719
0.485476025691904
0.390459562741018
0.42296915982807
0.398118768324658
0.442511815556606
0.328589715313279
0.451738259118693
0.498808077648508
0.404293332444769
0.469729760528182
0.234006236157643
0.495809500442283
0.559970186689276
0.383750527724113
0.385647566187593
0.386360798782575
0.483709301559762
0.444702104550005
0.559846795069784
0.38190264237115
0.505843614811118
0.425024490157509
0.492169546324855
0.548692954529218
0.474689675860578
0.503829656229298
0.625289867019073
0.389435342875867
0.317231808873233
0.546512060671678
0.436849954283469
0.527497301863468
0.500548317120247
0.35005704856805
0.350147613717456
0.314597066680742
0.457393397375913
0.559832929343728
0.524835727167404
0.435279599517293
0.53611784625904
0.48297511874752
0.47344614125219
0.518920412369646
0.337877052465315
0.537575929903289
0.520756333986949
0.487124550404086
0.620214003715447
0.463053279328354
0.574337668604515
0.57889879729376
0.403267190342202
0.431316768574515
0.662830907196167
0.521212577504217
0.668787507430723
0.556326776847554
0.492355511805227
0.506144062435411
0.575146487694435
0.585036428728875
0.618886286592359
0.57146761790346
0.555608379940703
0.552085046779788
0.392304984597062
0.520430283352021
0.512606055398896
0.457887080893847
0.429264087632883
0.693068620956918
0.624164642212278
0.512346580562751
0.66990229077204
0.595095462496929
0.532880386676542
0.759077905603071
0.547858027899774
0.548631866479765
0.561961487067242
0.708779261737727
0.737992656607357
0.599746194158536
0.671929834649794
0.596823787161317
0.62035166365149
0.606811684093266
0.636817631476882
0.478516158789122
0.594642796771321
0.638375821089811
0.629544687269825
0.567537157263963
0.515751681364149
0.690641964509195
0.63455426976486
0.570110965878118
0.600917987408655
0.597265604333589
0.716804720288741
0.608537170490333
0.672818080105407
0.767712239504037
0.668074693161946
0.654320313472031
0.661251674682868
0.546718485553764
0.554140188566608
0.711442051382579
0.557140318551777
0.649892668964948
0.724665595007951
0.622577925883241
0.580059620954811
0.75468025553419
0.54272779975572
0.599051318249885
0.727535611293341
0.722385871836744
0.661301566639116
0.590438406013431
0.645511055611051
0.757405245066963
0.66173545044272
0.752828832628144
0.692136637141567
0.692260356452474
0.588598561957488
0.597384025762942
0.597166955551364
0.698378587562772
0.65092381514896
0.626525294667346
0.711486178398365
0.658633035080973
0.744808348043358
0.70480808741272
0.716791746005546
0.887528706130731
0.710816115693301
0.651063054768821
0.685551997648929
0.698044846201041
0.636941158643034
0.671821923915316
0.823923092193066
0.777603853189195
0.812208235970475
0.720899003804558
0.614524753690812
0.84233125539354
0.702321576195743
0.775841530779442
0.695841936833172
0.672336065684974
0.74141769449082
0.641746091460145
0.736072900726366
0.794794434702608
0.721474951448915
0.594519821923201
0.616301568532708
0.641286022748891
0.670825627963989
0.64133736394865
0.710630284885881
0.725705681120367
0.703886643906254
0.733882904469986
0.688072115047165
0.73621793028161
0.737350095893898
0.687296605699717
0.698636828274828
0.72935622473917
0.744692893124166
0.698167015301338
0.739452231382364
0.747313678775454
0.781538908841459
0.887976298802558
0.769466161150411
0.851486716226207
0.794339876939148
0.71806381893831
0.846956757905219
0.724888073047015
0.793767246039679
0.748182291454546
0.783672430970756
0.748327518751111
0.809324875084925
0.801120028826501
0.950280747825944
0.874882551140552
0.841053613170447
0.945763116508679
0.839868008554953
0.929944791949305
0.749881584482983
0.79931524901101
0.807896673963658
0.728243840277325
0.864046207780328
0.677738218389796
0.723575141462605
0.761098452923686
0.753987031743985
0.800900156892222
0.837881062303052
0.868221415323955
0.829067794474186
0.712315571643691
0.692701245117722
0.900495138726976
0.806350869822398
1.06844710897896
0.892943532231858
0.951414705677633
0.955126789596615
0.856541823918694
0.903374044758135
0.707127706254119
0.92776767684412
0.923537960648902
0.820208847374867
0.767341252022703
0.752730587063145
0.897174018748337
0.8578820894841
0.899513840489008
1.0074238254737
0.891977928164114
0.791481417220899
0.876851961148867
0.964266345896412
0.780323427962162
0.824280705626488
0.867856549024531
0.808432202428202
0.969454389967412
0.822563495348577
0.86450447876879
1.05120989525905
0.955943797154766
0.947838505111685
0.837233484511862
1.00981383126179
0.885476168296386
1.07304234736887
0.949541563328107
0.834306273310669
0.934303877766518
0.876514329108485
0.800197592250628
0.935415275685474
0.797742232261963
0.929072555203622
1.04257428502649
0.752534108601584
0.977106243958844
0.80454037106907
0.963931094381971
1.11926319957121
0.864461125046982
1.03949096450038
0.807164694368972
1.07000829533968
1.03169525222062
0.965087996265312
1.00147179743366
0.964462357051354
0.950550802499907
0.907365582550899
0.811759263456063
1.04028308508257
1.19010192094338
0.926294504330236
1.02324461466595
1.11090260268178
0.822792118015947
0.977482075604644
0.912558098835936
0.775057720788983
0.906869535478672
0.86314949296878
0.890128174026593
0.999429356253516
1.01066676447558
0.965730464492331
1.04497363324055
