0.00267839449279962
-1.09266631276424
-0.97469225522521
-0.927199498097553
-1.00060334585758
-1.10896092184627
-0.753058557360602
-0.938542181457752
-0.995585639559712
-1.04332045273983
-1.09914548731157
-0.988198540686822
-0.961513011595531
-0.989868353240016
-1.08284456545783
-1.02641602621333
-1.06981846136122
-0.909355662407952
-0.954640879698285
-0.975766037757992
-0.969181197311656
-0.941525036197181
-0.829821263970296
-0.954023966712652
-0.819420777981348
-0.947936563132295
-0.968007578369957
-0.97512155165161
-0.928622349455328
-0.836377294042391
-1.04387562852936
-0.95037365106093
-0.862645296191178
-1.03761872862074
-1.18164108771795
-1.00166347405331
-0.918225112968431
-0.779381860840381
-0.78641676599502
-1.05779357220662
-0.966922677915447
-0.911276683099996
-0.945267383083995
-0.927044316456148
-0.94272127469241
-0.928982617726135
-0.970664417968778
-0.985021617922652
-0.898604754594165
-1.02702855193053
-0.931707020211162
-0.878929771110428
-0.918661318621986
-0.952496791470561
-0.846043075300877
-0.979917475519694
-0.807153132358881
-0.84556691985154
-0.945914618796054
-0.821545861986451
-0.991257849341705
-0.921368677021483
-1.04723715269527
-0.844016000978478
-0.74358149265653
-0.850544627262824
-0.810285395280129
-0.936129510541618
-0.695542424927801
-0.863562219092002
-1.01646654145926
-0.578250953342993
-0.768213609755926
-0.914064745761731
-0.82318593183025
-1.01245815803977
-0.95622953874418
-0.967750104311168
-0.86680806516885
-0.859401620524509
-0.83141320763504
-0.886497258491545
-0.849526608062456
-0.909816731018322
-0.831269071567051
-0.980837495568965
-0.917404273357622
-0.891785518630354
-0.790232793675916
-0.829008053764912
-0.7302945093305
-0.82531720125496
-0.742840106813887
-0.652456555462099
-0.833855984919491
-0.706471925068864
-0.945210396343249
-0.857654119919509
-0.753663501379146
-0.814469730012185
-0.69802835475141
-0.75496315998082
-0.848228993624648
-0.86430603747776
-0.839042967900944
-0.614550389468432
-0.677748519268081
-0.783527726639107
-0.691282127726567
-0.658232673447243
-0.809980317047794
-0.877080268180173
-0.727944668044111
-0.766009001479857
-0.730298999092679
-0.810673537584177
-0.764047027688831
-0.63612602466323
-0.686688725186284
-0.77891864403186
-0.879152205588626
-0.80225831817488
-0.847120076927246
-0.79811460975506
-0.581671816073015
-0.797282261889445
-0.859426795167481
-0.805113650600273
-0.723116509548766
-0.793929675598526
-0.655573109152619
-0.675733649947067
-0.656471222581183
-0.588156259295836
-0.655698715004505
-0.661262143166515
-0.72476806953582
-0.664251537815385
-0.695882672600445
-0.674432164369533
-0.625516515054722
-0.751137980976627
-0.851697444813995
-0.654054696447085
-0.799931978199505
-0.656831428915771
-0.60999680969461
-0.751943646650828
-0.779298882750252
-0.723994852758599
-0.577654638078164
-0.709240093849583
-0.792494810546715
-0.73422664088378
-0.782067147771169
-0.610686626947834
-0.788352554148211
-0.614783623989229
-0.76840417241748
-0.701806991931849
-0.691303330857761
-0.584387609555193
-0.596375093392152
-0.651911441191448
-0.661365163849109
-0.586994374149076
-0.685444680993198
-0.711489035152334
-0.673050159437682
-0.59165789204433
-0.742399233167951
-0.650418248411541
-0.826395736453578
-0.577422221482683
-0.714426390915773
-0.767941352868268
-0.627560115904536
-0.687506932183622
-0.630658409081629
-0.718608640257061
-0.628589567496204
-0.582897725708103
-0.72950481148188
-0.557091847009411
-0.627464496768217
-0.571032498195422
-0.67368079317622
-0.674390697194767
-0.696288047976452
-0.636279350847381
-0.605426920022494
-0.682219360727657
-0.653716823417769
-0.488580117311203
-0.581557445435238
-0.406245214083947
-0.689535508008419
-0.536491627342713
-0.499425701100041
-0.644417680023513
-0.61108144782756
-0.601971784905058
-0.736941038905773
-0.686671691145011
-0.614570209017318
-0.715059643091637
-0.483688639234436
-0.526962333586979
-0.470531441910327
-0.655179555227339
-0.614400184721311
-0.50882736683491
-0.600807871378269
-0.612611476890385
-0.606865535823518
-0.621570397530289
-0.515509920694732
-0.637497389793467
-0.518127349856291
-0.414136034888893
-0.476391181511163
-0.561539265967821
-0.49634625574792
-0.640556982193994
-0.537837279995932
-0.546727235857784
-0.656480887124303
-0.562123500385433
-0.312472297961755
-0.484298908832105
-0.399996557389384
-0.556281500136296
-0.528019334107893
-0.525672819846866
-0.499755044586102
-0.337503207690233
-0.65972899292019
-0.58161612144156
-0.430057377455776
-0.444536674092141
-0.434950471764789
-0.525963799526247
-0.529486314962006
-0.498899379966269
-0.380519652755279
-0.64474877704892
-0.612637399796789
-0.41562374470282
-0.456913283773605
-0.502348398778206
-0.398409414814966
-0.516793193628963
-0.355696885589387
-0.425965475339305
-0.730608885707797
-0.421037086587736
-0.500202312671123
-0.631912444815161
-0.417532009841907
-0.567803108521229
-0.362535391759077
-0.581608060580836
-0.463449860131866
-0.320497789751529
-0.403167299760785
-0.538351974078907
-0.46329066274307
-0.488695044739299
-0.475390126146384
-0.409683679156429
-0.379703403019056
-0.389622879405889
-0.419868329117245
-0.368531277727976
-0.323518517064813
-0.511138848888572
-0.474714502381155
-0.49065414427113
-0.397252989829516
-0.349802334055077
-0.488087675496157
-0.454128954343613
-0.588148651211319
-0.361496598919889
-0.410585238647494
-0.477747525505368
-0.434553827301398
-0.326539347676227
-0.307060918687966
-0.405082744219176
-0.279448142164821
-0.375114913112481
-0.431487885819045
-0.335675579965141
-0.521334258170303
-0.261835049151121
-0.499814860515228
-0.497985320538045
-0.462949339463682
-0.41328637203479
-0.314760987659692
-0.409966926406797
-0.374595535614829
-0.348412120105125
-0.559505374008868
-0.384798056048302
-0.338966072861351
-0.426853435410498
-0.380544787230812
-0.286698222837375
-0.390526016361892
-0.415886062887085
-0.389893876768739
-0.397372689438557
-0.422036563186433
-0.336047349962756
-0.39991193389057
-0.495829950963014
-0.460932197390043
-0.255698816033699
-0.419151400710887
-0.241947871474743
-0.429422102754896
-0.251847718915073
-0.316453633870954
-0.600476866591481
-0.451252699923423
-0.386577350613387
-0.305196560261128
-0.439296029378199
-0.292896689996725
-0.260950180947932
-0.295742052726955
-0.203525375654614
-0.394436512454932
-0.323540177886007
-0.347200205314486
-0.353944645197856
-0.380720089775228
-0.285498518305062
-0.298394479174965
-0.356568462003976
-0.334212861479423
-0.278294099470072
-0.406362701980908
-0.297596813150396
-0.441199597953643
-0.251941742276249
-0.30902629588272
-0.275314391932168
-0.252943858200965
-0.226615384431029
-0.427904985908528
-0.336368312660943
-0.173873964946945
-0.353607601764774
-0.209039727438974
-0.300058090449013
-0.326945164863622
-0.248326587454378
-0.114552357391334
-0.383107452938779
-0.392841625302569
-0.247186084680685
-0.413615673854757
-0.272547882709233
-0.38864038115692
-0.278272257541683
-0.259590171136408
-0.263910390567344
-0.287048869923107
-0.294148570434632
-0.232363045711459
-0.269954543023022
-0.230088186478132
-0.199538181039177
-0.220448628628207
-0.172130433323264
-0.190535370796843
-0.218104999534735
-0.151343356380285
-0.370528514170216
-0.298348887538901
-0.236533967474257
-0.328880914340127
-0.300433047390432
-0.24744363348363
-0.294414884243493
-0.143278909751261
-0.235069895918745
-0.271571280315412
-0.22957841965111
-0.286891128280963
-0.117505646721802
-0.226885107307619
-0.215246930993151
-0.165004619322336
-0.263793739948357
-0.282562940763382
-0.124539838304619
-0.158311933941845
-0.200177165071612
-0.0525257885729625
-0.116588501712505
-0.294115725826116
-0.128908509322149
-0.122318273652046
-0.117217761490273
-0.296923823909045
-0.138808086574728
-0.130408588703677
-0.214864349262823
-0.153253169944485
-0.125206912149117
-0.138694549734799
-0.0872785054978953
-0.195989813623268
-0.156788757326825
-0.219129133556371
-0.104224844586291
-0.191068334390662
-0.233150226727211
-0.0660149581426205
-0.210952762394446
-0.0866250077034479
-0.280650428414283
-0.247081123931044
-0.118333630397956
-0.239738525825546
-0.265804119448503
-0.320988347579743
-0.266001396128924
-0.122022969962946
-0.218023082629045
-0.104062058215965
-0.14950789691128
-0.205366513420129
-0.00540138598881853
0.0335970709406614
-0.0896390620460924
-0.174456724797686
-0.0838910246969438
-0.216423385349897
-0.105659660276303
-0.178250044131296
-0.186300932357354
-0.0465449408481394
0.0435491301415105
-0.0924504992178645
-0.0782818071234275
-0.200869305821169
-0.218073207404597
0.00335851564851978
0.00927314744410032
-0.0843298611290223
0.0581582291142195
0.039757910023969
-0.219447374361036
0.0565622813679341
-0.0315099409373511
-0.134143718827921
-0.14700564322037
-0.115463210935215
0.0266656484463372
-0.150945715204947
-0.0517107244823346
-0.0959272158490675
-0.0768077108550773
-0.0871133672221078
-0.101666359490199
-0.122800024940392
-0.00126876143889805
-0.15099470768825
-0.0839818067957805
-0.113048564678199
0.0167210713645241
-0.156695689819248
-0.240630700640142
-0.0680299930018442
-0.0114868608735187
-0.0243625845187553
-0.188874490806489
-0.146538554353109
0.0355039767881134
-0.0466521681908507
0.0459938666054373
-0.0744278600488485
-0.108500598739951
0.0343048343280906
0.100265564328801
-0.0911106623343021
0.0173210632018138
-0.0607915201370098
-0.0505365074299893
-0.172537080918663
0.0087722658956857
0.0408438670418861
-0.0579538457729543
-0.0332259285891312
0.0128920659921925
0.100461793866577
0.126291513958168
0.085594663298773
0.0740339289874097
-0.131022785027448
-0.0702580096152876
0.167594290393042
0.0415124512358631
-0.110575692321243
0.0635064521769888
-0.0246352176078175
0.110311292784051
0.0948830305545992
-0.0590877297296001
-0.129894632409195
0.0518426793736975
-0.0315657074546579
0.0735988191217409
0.0263671258705666
0.0494513771251553
-0.0363536590206136
0.291039011021571
0.136730689179689
0.141946743412591
0.025676728748082
0.0357586758632761
0.102550372729336
0.172530839781406
0.114002449520549
0.0916694289604681
0.086066944672367
0.0161985926122659
0.0825793646977812
0.0612055561797655
0.220669981046819
0.112483687905084
-0.00857760962506356
0.114378644458132
0.0165056802791357
-0.0290804725867864
-0.0504793943897158
-0.0227178686819282
-0.0408002279701347
0.183455961331731
0.106633231996029
0.108556926296796
-0.00369852633659006
-0.0429295723889477
-0.0284487324425359
0.235074558525659
0.0993503899003799
0.121039308212619
0.120827624123046
0.042203393476352
0.167844526464964
0.122072182716819
0.17469125816396
0.0866477268413747
0.106030311150503
0.218219446918196
0.128201074482448
0.147023798488863
0.256235326247583
0.142888712748798
0.107594246801509
0.195045658346039
0.288640471393427
0.144412933254314
0.121310969746091
0.188789502143722
0.154329663511368
0.150602169894065
0.0987848451556555
0.0138004110572025
0.0838517965173635
0.0894425049084688
0.205870952118687
0.181419369586614
0.179601415280735
0.161894127410293
0.237742224654054
0.298144872906179
0.0455595350635223
0.233313574232685
0.144223168997944
0.143551970364986
0.310377592111426
0.185618040465695
0.237209123628767
0.323701661790321
0.130276884994064
0.0766491992007825
0.154371913397081
0.133197013566371
0.284269617733752
0.0951700623783608
0.150623909818513
0.326988881170399
0.162538325291163
0.0242901747043427
0.0875372745796189
0.175620592540284
0.0681897924284528
0.331842990009556
0.241725264978521
0.021950094830448
0.255310138414404
0.306541517044684
0.211654612818161
0.284467380061491
0.191590656692958
0.23276657951086
0.17885361927975
0.402423779257042
0.0582699940093069
0.288544234682046
0.279433836376686
0.366823551023205
-0.0618800510251701
0.383004512592546
0.325349489241935
0.274772306584324
0.351076112580681
0.0797235646114758
0.22853549222069
0.340364903469253
0.250249441816567
0.220416853326163
0.284409831856414
0.384613108729234
0.20456911729453
0.380739296935082
0.20657646228188
0.282566983063427
0.328137211723196
0.226054168447434
0.177294425169255
0.353583530723675
0.165759070753914
0.358216527983955
0.131983086617348
0.372886438164805
0.250628497480274
0.301642956525478
0.277939615787763
0.383453616610696
0.328483073141808
0.285622856093633
0.0931443483280607
0.539756666107936
0.3582945074891
0.210758685618666
0.28649593203114
0.324590015348872
0.224771450927028
0.434903548104919
0.406258586428019
0.252081939461984
0.442241514384577
0.0932874022040858
0.364101886241806
0.40369250981732
0.402912617059614
0.298457224465836
0.279689785154976
0.159477051877721
0.260145395182063
0.425624552611032
0.361007558394195
0.207137025028667
0.313557420945872
0.587056115272605
0.322206670548378
0.208047844238886
0.3299320718796
0.236122630216332
0.279288115761468
0.392494649250672
0.392971878807374
0.30414785610267
0.264663318013411
0.345029059974783
0.339917100570045
0.203980188961101
0.326027620030484
0.329447623328969
0.208844222860103
0.287266566997661
0.394028613546491
0.594156624506451
0.270984025701417
0.451176307121623
0.310665728477132
0.37471278380346
0.312409448472016
0.453037872689873
0.454411168134194
0.354027250533843
0.399878026857434
0.465569211483561
0.327807212059866
0.427501816801601
0.440985483128132
0.416080124831078
0.274770780969779
0.335008327027058
0.629666838562952
0.373972366504765
0.402100433392677
0.429186083498483
0.437418108127072
0.499218285451156
0.407201496740357
0.436768260387244
0.301768048895368
0.470158547613861
0.418912059843058
0.45303904166276
0.447964158366779
0.528273186779596
0.315023458717321
0.560897285040978
0.331784380325995
0.495932723865059
0.416307500309319
0.417369992992824
0.316497849387368
0.485512414836934
0.413041041127423
0.437848867020311
0.39118280019837
0.54620317313606
0.467765651891483
0.458265793342407
0.643738000819651
0.418118297444954
0.500495062050853
0.552665399844281
0.47688822635717
0.365053259369402
0.333897635777401
0.369220903137118
0.323771807012647
0.437579894184317
0.42769550357747
0.6703647538267
0.469357538479054
0.584116512948962
0.576415244598305
0.485725819082544
0.485728562634262
0.33555747127975
0.595153646411775
0.50503066116194
0.530523294651305
0.591168631926247
0.502159221091678
0.434088603254797
0.505802489522391
0.476017747960392
0.347486727569728
0.567209847364102
0.515625598080319
0.579634926276889
0.557621307377315
0.407333758120195
0.439730382025277
0.565315323126325
0.472760856741548
0.469625402822132
0.628991496761545
0.541815646889182
0.555905219949097
0.532340546548747
0.635383945286255
0.617714728714078
0.565840880286228
0.530184653339207
0.461637179033541
0.460101056373223
0.527399438561468
0.51017727405988
0.509035678940184
0.607336160447326
0.494700021753844
0.65682894986769
0.638828901400228
0.615533384710315
0.65022050755326
0.540913260490064
0.499545136055072
0.663129111123752
0.656399685538107
0.56385554336856
0.565853838559197
0.790650864556409
0.716180323396947
0.752048084608213
0.62184285199907
0.581878824067039
0.642122154448517
0.737726124026723
0.621442512352957
0.572026871419224
0.709327636929597
0.618951458314943
0.617016879367009
0.650074858607675
0.67795040509146
0.571202970419337
0.614977235808834
0.660557872494057
0.762931368259811
0.507922880858402
0.595111649536005
0.704892911117649
0.57528541211072
0.340719941252952
0.644590453117147
0.72268711001183
0.807897745073588
0.671582161739525
0.680512493549343
0.766895024694925
0.568785417843738
0.658563437523937
0.527888323578478
0.692842218346632
0.492902924851915
0.718053702700414
0.537967584099971
0.700737107776797
0.617535092053353
0.513155058938612
0.74318499722948
0.692896722711212
0.761191106278884
0.700651560836393
0.73880586287823
0.745003925698318
0.752698573464564
0.683480286517511
0.659487345049365
0.712164398702076
0.500609741954458
0.771971978926924
0.671511810741559
0.753417815815738
0.631086435971136
0.644745048900651
0.772752652756327
0.750710176322227
0.832846332884178
0.711583604447039
0.729274980076317
0.606728820420887
0.659980215926582
0.723100687598629
0.707266706713731
0.69969577086805
0.741814307147428
0.695212002019358
0.743661248458106
0.712853769470105
0.623176198586677
0.611790616236362
0.658921648285207
0.591516251381911
0.591857524646661
0.714655679873389
0.749125918038413
0.622024182687342
0.734457333616452
0.700060244334877
0.686246309906579
0.728042265012027
0.80494558135168
0.737135624000521
0.880475571670467
0.691710389210883
0.509819440574023
0.65427331266725
0.855572083322148
0.659237671820882
0.680846990263301
0.70209962094475
0.73168806258977
0.65403169535413
0.68009749211955
0.780396726886297
0.67795743864418
0.729089326492606
0.790949845612378
0.774995896310783
0.810664107867683
0.767972563659009
0.786485709338584
0.759629996293514
0.761690328966099
0.803189038129881
1.03037915829458
0.77943313198324
0.765559948852761
0.928270840768365
0.868782540324972
0.933451448005573
0.785939382745902
0.80428363455776
0.952305571985273
0.816915640714162
0.691822488743629
0.73964313204223
0.827566725223598
0.72348346424517
0.745423983871191
0.931964310730917
0.670485900327739
0.811045622277174
0.801108955061907
0.756523641135282
0.845033273295049
0.825134369551721
0.784030550305577
0.971858558037702
0.859499999694713
0.794304262639526
0.813768914349081
0.821811269806472
0.84899085894623
0.798245715235256
0.992654937009588
0.793510198608091
0.761129063890746
0.973569699591188
0.986462353715495
0.849105391291475
0.813730813244144
0.897011696073704
0.900421833400562
0.85334917760197
0.961138777094912
0.771824580141679
0.784604279231218
0.78583980128937
0.769536588680611
0.94173088735672
0.977519488278397
0.804352568241427
0.959717074267632
0.958200689160255
0.881269013107647
0.845189710467638
0.893890281207815
0.905119580169619
0.917452454179796
0.883307043226962
0.958529119840401
0.914209315086069
1.02647556437516
0.851862853224445
0.964948515959544
1.01566154194884
0.940570086178529
0.862571300937174
0.922798582557121
0.917574195303658
0.708841146174912
0.898751054330162
0.81655568171079
0.895016735307023
0.880065931939834
0.9730451143139
0.867050217964695
0.862041841118556
0.95511540749186
0.737825414638716
0.948518533637291
1.07764597601071
0.867112110608897
0.808829774076631
0.949204908720156
0.861129180230269
0.916031404633645
0.98714691943531
0.985770836557632
0.999992871946091
1.03268319857407
0.908168171535425
0.947408051985595
0.929916261187966
1.01339657342632
1.01829405145021
1.02110920847826
1.07766441755551
1.0414614478995
0.976145439940224
1.02948889167643
1.0153110901319
1.13557157776268
1.08357146080014
1.06024013872906
