0.0453274609329328
-1.14766741217602
-0.954985638483692
-0.938156165025917
-1.02013993517916
-1.11563208197618
-0.949133394372952
-0.962172116579991
-1.09481376475172
-1.00787503571525
-0.943174293156037
-0.974770197100079
-0.943421804874605
-0.924585869557081
-1.10455305100376
-0.938355611737073
-0.931219867671289
-0.93010071504782
-0.92898852128619
-1.08792991468007
-1.1814460432222
-1.02814293825016
-1.08718607285972
-1.0459675808998
-1.1570088953402
-0.959525888099144
-0.859394051273942
-0.920890989291644
-0.898228123580064
-0.94227584224939
-1.1091846677652
-0.970816973767575
-1.04168961574501
-0.882219628379503
-0.850431701576784
-0.927586673911889
-1.08212441069225
-0.922252120424452
-0.787163285947914
-0.90226313610306
-0.936990865428355
-0.833830078832532
-0.845713235285749
-0.970215682546653
-0.829392050623217
-0.689528537561068
-0.725717940508277
-0.89017473028325
-0.965891747968502
-0.871931556417379
-0.925595749322036
-0.891758444260305
-0.912700259837338
-0.91455190167362
-1.07555497986848
-0.915555704486168
-0.791462029522639
-0.908413590375011
-0.796631702597912
-0.914206970663794
-0.859740648752942
-0.671654995376258
-0.913040354922181
-1.01667348993654
-0.834398108329935
-0.895172739899214
-1.01154043533876
-0.911248785125827
-0.722975784694923
-0.853343268223125
-0.873326210821929
-0.94294716656561
-0.69424844038695
-0.948067731891057
-0.967338508783013
-0.902641041929501
-0.798734085394793
-0.799711538950287
-0.76164343741539
-0.701151353886599
-0.799582620262625
-0.997805093548996
-0.921201384407358
-0.889886555654288
-0.794431929710194
-0.81491618897776
-0.892553429951078
-0.855578094267313
-0.759535459374134
-0.862015299311922
-0.839881277370774
-0.797847505398828
-0.808485298763992
-0.772537628889079
-0.794845944918445
-0.733590158004853
-0.747891845563971
-0.871572857677708
-0.951589786249448
-0.865831836716007
-0.814497903292126
-0.787698433615933
-0.899975649163231
-0.821375423202338
-0.719653607824315
-0.730150999181966
-0.826421457860617
-0.919367366303892
-0.78734991925467
-0.809601741187332
-0.687966061130671
-0.82272195940822
-0.755138767399575
-0.680339671420647
-0.941636390023372
-0.841429788961564
-0.884656545822667
-0.661599352087047
-0.817699730305861
-0.656920529455729
-0.704371336634201
-0.780105126240065
-0.730636261943785
-0.812228867722645
-0.706543475106221
-0.888851480322337
-0.779811023104557
-0.660161904875949
-0.719460691572842
-0.734611478680342
-0.841039775421767
-0.755874842237414
-0.729085733197409
-0.674872337546945
-0.649202113061391
-0.732146300632443
-0.764094990341338
-0.605693465646582
-0.571388710578094
-0.891936253168653
-0.569567135808774
-0.590476998909042
-0.693231146394505
-0.687159770847965
-0.650901700216221
-0.710688703923608
-0.643346586039265
-0.61204989562963
-0.683643871883381
-0.812853995073317
-0.670293076033522
-0.734018211450972
-0.644587623071631
-0.681825007353587
-0.653116463707134
-0.660757793211845
-0.794874513317078
-0.668063586894805
-0.67060206095271
-0.755882728810364
-0.699347282601509
-0.612208493483107
-0.67914997585294
-0.498658285538002
-0.787764310232672
-0.575237648066926
-0.609632097722362
-0.609631399757315
-0.56546162279445
-0.521497343779038
-0.459552772928933
-0.650270798512638
-0.710984116759396
-0.723305039543257
-0.681582546067563
-0.627337010933762
-0.51863251011722
-0.580809434126175
-0.601210946812831
-0.560802909117901
-0.918216678438501
-0.568021298259498
-0.50386872156683
-0.659291659274625
-0.737594386796523
-0.701777023479333
-0.615220320896261
-0.592539698933265
-0.658614983961026
-0.747168199496004
-0.564105734226349
-0.74246521706155
-0.594056772142368
-0.543350869024489
-0.547741403433496
-0.671166083266773
-0.532278299843714
-0.481220485581269
-0.545344746889491
-0.565564162297532
-0.550840857924025
-0.697999556852279
-0.609706785255064
-0.540453611499858
-0.483830100066993
-0.532109922228313
-0.649885380382463
-0.573650362136318
-0.689174805496139
-0.555211599047581
-0.512027297632197
-0.471603574250047
-0.64483797112169
-0.625807920158065
-0.524717323926473
-0.682451559137791
-0.561398022538853
-0.536108233047511
-0.473480815617178
-0.431509559415542
-0.662493993242358
-0.550293944779479
-0.602464501815619
-0.639160327657467
-0.625399836840049
-0.732557695561941
-0.595250623640689
-0.599524114898057
-0.412512968444871
-0.385776647104349
-0.63900174995107
-0.560518518396138
-0.648529095934911
-0.500078339097269
-0.609678766063799
-0.522541061296009
-0.568537389248449
-0.428401378596682
-0.492521716470145
-0.411464837655612
-0.445563657624463
-0.64651765290134
-0.52585910909122
-0.528842940861612
-0.536811404129042
-0.496781123243005
-0.457682878953816
-0.58390216204462
-0.606356791649417
-0.46308353622632
-0.548435332327908
-0.553812789594626
-0.460120884408824
-0.493878830840693
-0.51906306383713
-0.482747226656831
-0.503475177626013
-0.396715491526594
-0.484511419772526
-0.54741050866076
-0.50606859521643
-0.525011859547978
-0.653053933729935
-0.503449818294338
-0.559800811747762
-0.452884547559643
-0.480821710369705
-0.522300645365498
-0.578489551961052
-0.490860884022376
-0.591091543490028
-0.363462130859551
-0.401811238952998
-0.462726176349831
-0.361126566170019
-0.526698024527085
-0.40910289355973
-0.407874673689894
-0.405844381488295
-0.448864887709328
-0.487024691974328
-0.490122091433742
-0.242960585162678
-0.5133656154258
-0.370324288733682
-0.36984563500042
-0.478687697505701
-0.606827071871829
-0.349510135010888
-0.397721752912934
-0.434404017127368
-0.520678752774303
-0.350787727115033
-0.297187004455151
-0.397731165150393
-0.317276434808351
-0.546247258113099
-0.388032293242559
-0.323789161540048
-0.503436342975547
-0.35590657909891
-0.470547913776798
-0.241744164266017
-0.337986193491409
-0.458517894970386
-0.342523407494327
-0.54497980096504
-0.359788697010917
-0.384915366786823
-0.502440506297286
-0.466345211005106
-0.497416782701823
-0.504545891050079
-0.254867191099792
-0.26218194386603
-0.213306888793511
-0.481670408363579
-0.396874785482413
-0.426259276339338
-0.258265543799642
-0.401670424424371
-0.152771796614805
-0.416612267386993
-0.363333157670168
-0.198454415163101
-0.346974370839785
-0.383111362405622
-0.412179928767972
-0.319769219354401
-0.224269345561098
-0.405531477414245
-0.402194871923084
-0.420069651256323
-0.372505213848199
-0.336301529445564
-0.321303808551237
-0.412240007828558
-0.280203992206563
-0.313721565772216
-0.204897289432094
-0.320380964163131
-0.39819246631074
-0.242637846174554
-0.434974109030369
-0.352810977587476
-0.231226800774323
-0.404314872290235
-0.404567354441931
-0.215340891282725
-0.317886933579846
-0.23911912512226
-0.421819683462195
-0.331182832781648
-0.109549871494867
-0.248118302434019
-0.313690804220527
-0.15029164034655
-0.256206347706013
-0.185606879737365
-0.309376579133911
-0.329239946887108
-0.304679882877538
-0.110519507739457
-0.271514214687949
-0.315980115390289
-0.20441104950585
-0.354937181598042
-0.179864126546989
-0.258554726332522
-0.197619730826778
-0.347005250266552
-0.238948038472996
-0.173545124967116
-0.238930882565057
-0.159111943939818
-0.334586731650674
-0.14549017688468
-0.305039486224321
-0.347594931926266
-0.0638237271773994
-0.27275919928312
-0.388522765492413
-0.111980673035397
-0.250555466561723
-0.160993934863247
-0.254242629908875
-0.185781033803005
-0.316954996916508
-0.199070822326908
-0.246828183235268
-0.186824504591978
-0.270961762048229
-0.229367311370109
-0.339244555974971
-0.313513846798914
-0.168662033838623
-0.218383569136645
-0.249612688841214
-0.216205053283714
-0.271708271417576
-0.269708590466251
-0.317882091632068
-0.163665248488103
-0.213374002462512
-0.215296639522093
-0.0810701507724461
-0.142511721584626
-0.272283676310843
-0.0257470633246001
-0.0650617659666918
-0.110895200206027
0.0191107752074759
-0.31705410476342
-0.0941563604134111
-0.211027549464797
-0.14514545949807
-0.113963123847331
-0.222867176573576
-0.179765250584086
-0.173338753559753
-0.172090774946995
-0.00176148384422114
-0.259382934676778
-0.233539168793488
-0.0540576138577435
-0.27679003640854
-0.0805454465369048
-0.0965010042841609
-0.178373351136496
-0.140805439649496
0.0972126313916775
-0.119016345489037
-0.181114110083621
-0.0997739087437213
-0.179787467259894
-0.297349222158452
-0.114973723891535
-0.128736635010844
-0.0258582585824356
-0.158387897796788
-0.136343783294178
-0.0263551444122116
-0.233770964789432
-0.162138235495018
-0.105590602480027
-0.187006529163102
-0.0380667478175511
-0.063981784159496
-0.07163255511671
-0.131968800124656
-0.0238966904486163
-0.16873011451978
0.0152982598185802
-0.159950287194682
-0.0520161824472582
0.111341745095996
-0.15266993925065
-0.00333339046296612
-0.164502658820545
-0.0168724764003197
-0.2085727179744
-0.0547379145652475
-0.116529552878867
-0.0212203682134496
-0.0968409245253821
-0.0598521908069783
0.0111549773518888
-0.107770310239738
-0.196709861511339
0.0305588568953215
0.0147832772855614
-0.0828746811398332
-0.116085457520796
0.0254055294011315
0.0660710771941977
-0.171691865067319
-0.11393719651864
-0.0275992281047404
-0.197910665466928
-0.171278169871945
-0.0413050636626421
0.0126415241956631
-0.0213250081108159
-0.0349309220365091
-0.0543310495745442
-0.00696107864401871
-0.141133681209508
-0.0661887666776408
-0.0592999737695743
0.0127050722560499
0.0531565211906768
0.0395313856977779
-0.174004839392368
-0.0244651658428503
-0.0626648427072758
0.0264057135374267
0.0234912159318748
0.0803154747339016
0.0585278509379254
-0.189528206325696
-0.0380224944945655
0.0827320388085596
-0.0324569519129821
-0.0361758257814919
-0.0286409735294774
-0.148030957746099
0.0475303556766453
0.0671754438823295
0.0430580923586794
0.0929823198987512
0.0360287196034412
0.0917211881009921
0.149571986935644
0.0911007547874632
0.0566520459088571
0.215880455224362
-0.0309947318059939
0.0643890518176349
0.0306127880599579
-0.0569571099539795
0.235807253126223
0.000975830401430021
0.0810873359339653
-0.0562099664800859
0.0321483351057407
0.084504200228555
0.0254437914179122
0.0443266207357158
0.148957794543417
0.0511468279640373
-0.00465342771704627
0.0860940162475188
0.0357442604604688
0.202178302486698
0.11760770142567
0.115489487526549
0.171338020884796
0.170920194150094
0.249553887573591
0.00524812228123495
-0.0355422486414305
0.0953710628988251
0.0932251817928562
0.0376067466859777
-0.172290427617227
0.0696639613057628
0.0875647711205992
0.0180153586305763
0.0309305704336077
-0.139202373050294
0.0550051076790225
0.00877514085632405
0.104705231166852
-0.0242245824589681
0.187759078881085
0.122860371041989
0.129434241157273
0.0721455815358188
0.168018338405047
-0.0389250984031969
0.178480248343887
0.0909502852109896
0.138530145963534
0.312988335048378
0.314197311794547
0.185339456894261
0.17774287554305
0.184974740538858
0.0932084915808212
0.124817252030323
0.245888347897886
0.250869956504668
0.215255442145773
0.110756034074553
0.0697938960337502
0.186493583730074
0.238967628233724
0.128556604511452
0.180799715249027
0.235234757085649
0.160838357479522
0.140396547810415
0.352371353330547
0.151511516834259
0.412991276985264
0.162614013465399
0.181795131716189
0.0859890346045941
0.17610373915021
0.247751289343307
0.367271265364194
-0.0209693075878115
0.28408381546146
0.213914088090016
0.222288858021581
0.323915343985441
0.298442906893964
0.314186473919396
0.253089667656929
0.146267527037121
0.247997326236802
0.120445695161259
0.189864730450952
0.17843844254128
0.252371929664596
0.231397544116697
0.204122135501392
0.299675237520588
0.21838470839626
0.391183825636315
0.116799990378383
0.273059458784312
0.110154119904537
0.174097128367929
0.222992683386133
0.143020184629528
0.176754679766255
0.406681239129225
0.397099202855121
0.149076216576163
0.258159601151602
0.164986785001709
0.245990423400191
0.265722916076587
0.363774230156774
0.259058896087654
0.153658795868889
0.254420210374921
0.298834128229291
0.388456772294273
0.276518687346075
0.256266046976842
0.269602157480786
0.288108965405898
0.227040871673797
0.316312653108032
0.323228451604024
0.116499394674078
0.271624328083983
0.244377249285476
0.189327102932666
0.222623292353433
0.170085267355358
0.28897907861557
0.274670506834182
0.262989326816921
0.424497677957227
0.326233520395325
0.22542518494159
0.150034035656585
0.348807848557052
0.217139303000018
0.359697284351375
0.215419333999829
0.328874160165479
0.343656964019175
0.351647207462142
0.350835820539773
0.279430644320924
0.479884886364674
0.391822210211515
0.273585452612195
0.234880315112735
0.25030804826145
0.474165360006098
0.236251846752024
0.350720818039609
0.446667708283248
0.29123874029018
0.269776593302574
0.355437457619803
0.450563458102513
0.440379111905736
0.322318509197738
0.268625109995204
0.40098124416943
0.260315306261207
0.282633783420916
0.565534222075536
0.401902195612317
0.318999442133197
0.27808682794325
0.363339699010998
0.402633445283173
0.342499332928696
0.514977957792832
0.294100984696098
0.424400020264891
0.393622134970656
0.467568669069596
0.370654923999568
0.352983807213156
0.462059481605829
0.419817778787394
0.308449512935627
0.371025320336293
0.203447846729824
0.378662802544402
0.489968909287686
0.556686207896988
0.278357903572461
0.339781049988851
0.313561643548876
0.48086622010198
0.362385675119096
0.434615138895733
0.330398242275501
0.541542656855818
0.563367971343087
0.368679444950774
0.509559404963335
0.373763660789665
0.478530384787008
0.419182284305183
0.374364375352785
0.554518701383058
0.34617447838728
0.426406656495636
0.42518238840234
0.570688735194519
0.4473801899422
0.39874005609406
0.399249890723713
0.362838051556777
0.508795043998571
0.352864422268645
0.462737491491621
0.298262768487511
0.271212411286253
0.602015783870817
0.559395481008509
0.373020481407481
0.529865676084641
0.409488792191875
0.4467011555328
0.422880101588816
0.539256785449088
0.468106370749487
0.525430014195058
0.608692686627154
0.431905440124427
0.611163025275141
0.65468345399607
0.517141942226729
0.51481190633623
0.369217126048422
0.531855145432164
0.513201755096374
0.463214888684998
0.520559399301896
0.450280807975557
0.555328316595833
0.696762730607422
0.499476055855335
0.531469007558693
0.496595060054325
0.424974644969008
0.380143245897627
0.449363307323456
0.505283838455786
0.512819600378902
0.649433696317019
0.578658827051669
0.566750660957321
0.471502125087111
0.288325409023462
0.501972222795881
0.562093231266575
0.526462722564226
0.632168556357502
0.541541901806627
0.484642991699255
0.603537172602827
0.449895653342842
0.588626117807248
0.526737356297563
0.40883779294599
0.586776235767786
0.532219968802876
0.63908659200346
0.562129377318564
0.455793249299529
0.628870983716626
0.598834954891914
0.599890016647483
0.453662624405814
0.630156117569842
0.703444699662781
0.648379850602202
0.485108438097024
0.628802618592063
0.569117986895348
0.544217030769241
0.575836057698936
0.533351167343665
0.739125821468583
0.726438321988492
0.585894253046931
0.53631339861443
0.419019971824878
0.517454642745054
0.538246846638178
0.538835161068158
0.535410969197262
0.507437179241141
0.568250884249473
0.506296342670953
0.536259129835375
0.669595956615836
0.413543321597492
0.716469546296489
0.633125539877005
0.83368763595099
0.600294572105865
0.624115555604915
0.708477990027728
0.653942106756401
0.570117774312884
0.671893665485827
0.587195542540223
0.641193460772626
0.532253586168128
0.599441558631736
0.756012998359939
0.684752803311211
0.684860075843984
0.625966888046222
0.524802891629043
0.803855743203399
0.753692169239709
0.658641593318871
0.683723605143446
0.615666558836856
0.633186331217555
0.811088759435382
0.626251411707371
0.748372140596382
0.696882897084654
0.579780836192434
0.758149113313153
0.60375149101045
0.569865777947058
0.660020122294475
0.671933124728019
0.701730782113566
0.620045900388271
0.778791569183082
0.632877838413033
0.547166516113824
0.692748703162505
0.669972862136554
0.588656679391286
0.807365434504538
0.710113028731292
0.739162347621108
0.826306989264609
0.765287879161401
0.676119623650084
0.659015590635248
0.5224405954021
0.850011439552726
0.883877744888112
0.759320565168742
0.956261706603609
0.649166328549213
0.755291302395821
0.528438389145654
0.661569872328202
0.628648183431119
0.843709332683565
0.682069375899068
0.540495764548367
0.826032497624214
0.714500209945792
0.72184411829927
0.740026246413821
0.863920501812386
0.95172573800695
0.785802790063367
0.746174018388203
0.646462918142252
0.791378741041297
0.720678361158392
0.494115283920985
0.809652039178613
0.775789523399697
0.85443924067044
0.81053706907021
0.837898948392555
0.6374009212882
0.691839927763031
0.838228689361736
0.82986460866806
0.709823000850727
0.799595306532742
0.816659773325424
0.818362198185086
0.641548154434251
0.795252509473388
0.815570160889603
1.04345217263908
0.75770637752305
0.790478007435374
0.868039692404761
0.829622201767891
0.775995822953893
0.825803047869161
0.787293417767496
0.802909275669039
0.79832541033392
0.823538374101434
0.779112172946204
0.735524122388384
0.772410238999465
0.729237791862688
0.805999436863331
0.917493514591463
0.913287271864021
0.896456603599999
0.779297520948592
0.704238207427838
0.881954179711683
0.927824146413556
0.923907536658318
0.716225938604479
0.829900960981421
1.0116280538482
0.797814940397269
0.847913051867609
0.796316124055855
0.934024852766106
0.818856296290954
0.853869839653477
0.827592403040871
0.825322401665661
1.03048965363965
0.784955021759729
0.91773546675525
0.898346906273179
0.933499711249736
0.981843586374436
1.02326759247735
0.851435244352578
0.975283655226869
0.928452834545695
0.979290312426715
0.829894902419397
0.842917461450854
0.811863623650364
0.960524845345898
0.962009145576161
0.952305496451405
0.80818134460437
0.935929388870721
1.13092090340625
0.86261688590792
0.857166736068968
0.99412673537842
1.08346281083851
1.0598864981014
0.755964502857462
0.95840190529661
1.05921518498428
0.962696986229824
1.01151698561413
0.917368666524117
0.771586462632774
0.819228515240248
0.916092624798562
0.965899599593117
0.955830247221377
0.891834353819985
1.01010144723366
0.949843394653435
1.17488095174681
0.853785313716965
0.914824296811691
1.03108454209837
0.918548395306691
1.10234716278993
0.93107971576092
1.14649336458631
0.910616848490445
0.983996796896564
0.903588659766137
1.00865653981561
0.977011307506791
1.01964106443122
0.979139245710862
0.924672592324018
0.986532163743206
0.916219775635675
0.839410962238531
0.99402768316501
1.14673714792142
0.959848191055438
0.955266243148938
0.977110608981554
1.02005072656345
1.09903408624326
1.02288320439495
