0.136650323102864
-1.07953189224547
-0.982260944901964
-1.00174134542565
-1.04286428493211
-1.05483162761204
-0.861980607567642
-1.03781935824926
-1.06221334086487
-1.11942602207703
-0.885018332609767
-1.04984575579395
-0.976324766396344
-1.16320743681119
-0.842567138957646
-1.0482975053126
-1.01633276864295
-1.02259976452128
-1.07932643929873
-1.06684535825064
-0.962459365814815
-0.890787984230411
-1.01783523523807
-0.927814256215821
-0.954769604388188
-0.99612973664021
-0.825558103618899
-1.0345386127045
-0.862045458968089
-0.803484021473531
-0.962384134312539
-0.944646987415685
-0.889286432291801
-0.789243308446038
-0.976537192827956
-0.771687927120276
-1.01935772963898
-0.913400737587179
-0.840507986049267
-0.954227647779939
-0.870202777441291
-0.839655487006635
-0.982235146607829
-1.02319625802136
-0.979286005921298
-0.947087509821252
-0.932762308303102
-1.01021759492902
-0.912548488346099
-0.947427037614015
-0.916240277937515
-0.972370096902458
-0.920407399280558
-0.863520343914728
-0.904637970480757
-0.944996293646866
-1.00933774345496
-0.98632262384458
-0.826273334855437
-0.732975960663343
-0.977714298657742
-0.865274866109281
-0.883395142920807
-0.843224032938569
-0.883570779563956
-0.891341286769077
-0.856263068698126
-0.861778240500401
-1.0720784309296
-0.942955532253559
-0.851349247848003
-1.02505760495816
-0.821975783882108
-1.04295740443497
-0.926633920946435
-0.840718692696333
-0.801806350738517
-0.895702652518378
-0.762613277598845
-0.835582846864754
-0.781724990515712
-0.837011486297565
-0.935648580162489
-0.864894109790778
-0.830553970448673
-0.842929665715025
-0.753005695827798
-0.778428112970166
-1.01426039918971
-0.701447142751373
-0.616235849304188
-0.846135716691534
-0.765992869819946
-0.795273582169212
-0.857217669121351
-0.713910533243289
-0.752848313823101
-0.93683010492059
-0.816873115427499
-0.852214243210479
-0.659591432754742
-0.695545201159001
-0.890301163834915
-0.797814746970056
-0.817179217931248
-0.681927860203931
-0.837834901512362
-0.770349898560085
-0.828551644962372
-0.7969277933399
-0.85715491044666
-0.803692613310638
-0.809030571551146
-0.669394027256157
-0.837222716605423
-0.720273129214297
-0.780291983658726
-0.845520324516285
-0.593781985747348
-0.746151794612673
-0.784069383698793
-0.598251484820518
-0.742722086487572
-0.786226691703143
-0.721598191714899
-0.814667283326942
-0.851543890949844
-0.57059600994703
-0.623963302891519
-0.723560814574292
-0.800387764046007
-0.777908317757897
-0.749659055740287
-0.690285727637771
-0.958796974527591
-0.768719014713332
-0.690004256708855
-0.707083036437676
-0.734460545661485
-0.792965465651022
-0.741852018780759
-0.772086390298234
-0.800263315436494
-0.815397550771534
-0.65128679501319
-0.670045241699486
-0.664170014471127
-0.628169501690658
-0.628796696290533
-0.772287630289905
-0.597571034327166
-0.660012942298964
-0.682825266045099
-0.747071413724429
-0.730601658633789
-0.667797952630329
-0.68348568105636
-0.558165628865803
-0.693207436229397
-0.726910427489116
-0.597758759650277
-0.556835011127574
-0.632588775003626
-0.81004574575779
-0.650997819877055
-0.500872958740825
-0.706419446630869
-0.625131333182742
-0.695454517701435
-0.57115927603156
-0.701559680402198
-0.619231390260272
-0.735897501581943
-0.709546774028865
-0.483853138512708
-0.665223007083397
-0.627215786227506
-0.660722703987897
-0.772577724526214
-0.608534845452805
-0.537293122983913
-0.544300802959034
-0.506370042870668
-0.63065060032909
-0.643367029291617
-0.526125298300282
-0.625427628108298
-0.722931172705751
-0.387809302085941
-0.633656486751407
-0.591067802939685
-0.60180511014865
-0.600674668418893
-0.646646213941016
-0.609909434791288
-0.616293901235693
-0.722655119233288
-0.799312403900144
-0.517126610076625
-0.678977411521027
-0.570000025023546
-0.51698781288327
-0.667797179668619
-0.603884820592905
-0.640427718576398
-0.656820343900364
-0.717667710036202
-0.663447224398612
-0.533835188648485
-0.638710479203951
-0.609938311773998
-0.718614772728273
-0.594462545239466
-0.760396355341558
-0.631243237526927
-0.449257627296194
-0.562913664994278
-0.552629615409527
-0.491604504187518
-0.504853280054514
-0.554915674897573
-0.561151932316698
-0.606809219592537
-0.537662373962852
-0.516135879586961
-0.578025590985195
-0.556148951119406
-0.74153220202695
-0.575269415003381
-0.428212367765375
-0.514610977448455
-0.47909838882874
-0.624252370526354
-0.484069185451408
-0.773229121077841
-0.553020866335238
-0.522243863832467
-0.733473793364117
-0.492157263042816
-0.441254088669699
-0.479101756586695
-0.538362903394044
-0.550346870360192
-0.491839696618114
-0.782814672880374
-0.55311676307899
-0.406167258259817
-0.406905918269661
-0.487316838322057
-0.701523107140415
-0.553805165749388
-0.540602303667536
-0.553667924974836
-0.372755948731617
-0.479292451295635
-0.301578801792118
-0.44214179679051
-0.518810128366948
-0.670549631794032
-0.458502712923968
-0.400301008064043
-0.382422918155655
-0.438552650395348
-0.597808609399492
-0.48061912400941
-0.495247715541651
-0.467891094896985
-0.504553376864088
-0.603434613712692
-0.521295714959311
-0.379481424052099
-0.328103453584947
-0.682799212870509
-0.555156386625428
-0.342984187073185
-0.491522998835119
-0.303572747414731
-0.540487000619602
-0.4480569992608
-0.314599994406263
-0.535134178146374
-0.511199410207732
-0.439692177307694
-0.384517347170789
-0.566229515659865
-0.358588163389565
-0.418954653466299
-0.453384738997187
-0.307296853765067
-0.549125864388342
-0.359413885066621
-0.428302560315009
-0.460669632170452
-0.349745300305757
-0.406063445428166
-0.517255694809561
-0.356398612682307
-0.40862985013238
-0.42430134066409
-0.370122932053961
-0.369542891811634
-0.410750873212976
-0.331486089358041
-0.453277843414609
-0.200237772475644
-0.392325424820543
-0.428964351846279
-0.497935117020296
-0.364782204814223
-0.397825416343076
-0.163673492148076
-0.37886287213766
-0.364405560396211
-0.427601653163119
-0.427142982025118
-0.391754850695841
-0.256322976861811
-0.369565346639217
-0.343841042326218
-0.309722541082407
-0.370853442362484
-0.329083374733929
-0.307980418395303
-0.298561786258059
-0.360328196711468
-0.237161765210225
-0.432436888671153
-0.331865833557795
-0.429030995705172
-0.304426091510467
-0.387370231492538
-0.479597995489343
-0.316765182879335
-0.24953560258661
-0.244559505660275
-0.314699180979146
-0.383922686725726
-0.425948841519143
-0.302624179800475
-0.323752309523721
-0.304982268227471
-0.262344676649147
-0.297193139668535
-0.492297263523099
-0.287576571302176
-0.255293429607798
-0.2171857664336
-0.396332615094983
-0.364117445554657
-0.342693105749785
-0.354377028859247
-0.350797889270163
-0.290138800683898
-0.244384010571133
-0.394795309677504
-0.271075989159996
-0.140494297692326
-0.13089124452883
-0.203980650508359
-0.263773183837293
-0.334557537599451
-0.111426715354119
-0.110509331075416
-0.40864190486631
-0.336139507274252
-0.378746489505942
-0.241687543335525
-0.283723336496777
-0.262193849214076
-0.211424644093681
-0.341895182359053
-0.296413284777089
-0.220308875764125
-0.127201885788423
-0.298765218446072
-0.186718225399399
-0.138858517593741
-0.331540248713985
-0.27883001747667
-0.147261997589298
-0.312914526712658
-0.219146378135467
-0.0629674920434723
-0.136637211347969
-0.416258353424413
-0.210628253764775
-0.152571111217028
-0.141638234419811
-0.207425334334846
-0.229359000700945
-0.271394276576588
-0.274202557574325
-0.147422517372818
-0.275105108498339
-0.199939813634474
-0.261880088155988
-0.188444072398905
-0.0923052739381418
-0.192678462473707
-0.199775926921037
-0.35523822098143
-0.223853314716728
-0.242603634377289
-0.25984830083775
-0.0411869642411243
-0.246674359669794
-0.128948955363218
-0.263059611271127
-0.232022050654945
-0.254748621374798
-0.197915550814217
-0.315068052829707
-0.0674694004113819
-0.122789467278792
-0.194721550070752
-0.321156771313976
-0.212474431175609
-0.203809099307497
-0.22442417156189
-0.176369868719742
-0.105962164493635
-0.325626513483656
-0.241942621161567
-0.0792065613470159
-0.190997534291263
-0.146525655406577
-0.0978949894332353
-0.14166041326697
-0.163607407550394
-0.212405632713657
-0.099301220528771
-0.182666785546229
-0.232391010788591
-0.0254738300700102
-0.288633230138333
-0.0519888817926929
-0.130823115220186
-0.0481630938157521
-0.101609304853024
-0.250801440768801
-0.169787076344343
-0.18429577460156
-0.216876893203465
-0.159058783646544
-0.0900103054016332
-0.070835741478957
-0.358428983551857
-0.205305030658622
-0.187281806410548
-0.00818857619055428
-0.0112556344800581
-0.14670201948047
-0.0374442251223391
-0.207562350636489
-0.134460056510305
0.0444863566510384
-0.0508738874204921
-0.132587319885274
-0.0420571839621826
-0.218390345480595
-0.112583313218999
-0.0609206569962747
-0.0948159457399595
-0.0441007271768737
-0.010972580409599
-0.0361380205730195
-0.0498891460764017
-0.123947303105023
-0.159683913928647
0.00244404959174809
-0.0643105749670835
-0.174704342236235
-0.218586306855884
-0.121832030285479
0.0274040613738263
-0.00442163828830379
-0.0485920629586717
-0.135593467666285
0.12132353534315
-0.0335102008044457
0.0577442673523551
-0.13863578489612
0.0300053068668132
-0.173937826847562
-0.0787636677577022
0.0696715961721175
-0.118314736945369
0.0320203937442569
-0.0391436833921656
-0.147261533930857
-0.128486528239587
-0.0556951035859894
0.0967655231397964
-0.0213134094508192
-0.108931212902722
-0.0789512711101794
-0.0457554165068185
-0.0253594723118832
-0.192965481539602
-0.0682014907215122
0.0193924688195957
0.0795119857223655
0.0377364103759314
0.131009990185898
-0.0181730308124612
-0.0563223414116854
-0.0879555320724394
0.045621831406772
-0.0502117696590254
0.192626113571654
0.0503928970984339
-0.0644819706574131
0.0646884168958219
0.0513261217624778
-0.0995370128326953
0.112593929824431
0.0810245055253873
0.0558397994941822
0.0280786998989339
-0.00289095362371961
0.0254247312322028
0.0514445056018495
0.0223237109146329
0.00812350299281035
-0.0149226916204419
0.0648832149143364
-0.0709388766178571
0.08891278645616
0.207940101998596
-0.0217729911022391
-0.074110144502006
0.107407747154483
0.0693514859638611
-0.0210050960403096
0.17798529076245
0.227351440147396
0.0287683161401818
0.121713826172393
0.131859554782394
0.0781204593086287
0.200764070702441
0.117486191904025
0.102634542143594
0.0401624847883732
0.111944145789707
0.105984817806748
0.0402258653459808
0.132260004122805
0.0974073511188748
0.101350832028735
0.0790598694063539
0.204480897238436
0.214479722746894
0.0245061287330458
0.0313424674525788
0.196049591869098
0.178167799392963
0.0666974725123459
0.194105988073572
0.150408423505622
0.29221390406142
0.122951898573518
0.181512312109606
-0.0243657911862755
0.237347404542492
0.169103931110217
0.326118546689834
0.0624047716992916
0.0292690045784072
0.12737107750019
0.0559583279529786
0.0985649092694381
0.0591982168270284
-0.00324410426104863
0.088722423553498
0.156640597012182
0.085179121595364
0.12926473957548
0.0998303579138841
0.175786049111257
0.152918656115165
0.194339758289903
0.218827760759046
0.334863472707556
0.173112564339679
0.10137711871835
0.0782574090173219
0.282727651592243
0.185724873514898
0.141548536653625
0.0770386650624694
0.176637128711155
0.257068989376757
0.169535212933117
0.146207903829498
0.297985952303275
0.161360851199694
0.0959500065252187
0.210658962274944
0.154828348269261
0.0700432110800583
0.0834009920229936
0.117073992390852
0.286377284315798
0.387238292302857
0.142700901491138
0.180734884728725
0.214273778189191
0.265939423622322
0.127100100973851
0.300316454193913
0.2110452781966
0.172091072159297
0.335331570774461
0.282209468979304
0.128007658642791
0.309658231700842
0.245391333020657
0.2208664670376
0.165380984342702
0.109676831767211
0.331075766456723
0.166051595545139
0.240220356350161
0.0853904579875857
0.169371034953059
0.205491579181435
0.17991300878942
0.252746830867408
0.318077604054193
0.215669158753404
0.283497843985651
0.162553772821505
0.226003377895426
0.217316561706695
0.191500097277139
0.294384231721708
0.398552317796387
0.151908353476884
0.351519382123691
0.317465690160007
0.191166679619783
0.156954856456752
0.191356982613102
0.326055409183287
0.269936115082716
0.297942284142362
0.398108239669556
0.248187276704853
0.228460846857541
0.452783867160145
0.456326486963179
0.423677758045747
0.177763416465058
0.324275767451416
0.316207841969448
0.377098037750308
0.411624431786586
0.269866625458287
0.171796129973811
0.445508297402109
0.424189776818586
0.29564603924447
0.354201654056146
0.547405061057323
0.258862031990512
0.322848036211496
0.426536744257244
0.213195725421007
0.406090330351154
0.240059436761226
0.365415976687577
0.339448807738681
0.320480763847868
0.387281535517491
0.425990961541729
0.396521570407844
0.165290742396294
0.27609163935585
0.361674470578852
0.309805382320466
0.398562545910875
0.303645171645036
0.248496700248876
0.279530899692754
0.446778622978729
0.429671900013061
0.482300506207458
0.432756992460266
0.38225926097773
0.398249015153741
0.313583005213939
0.434894449281945
0.284119513088419
0.342484882037288
0.319435362300275
0.513178701522588
0.418910186459359
0.431974938755933
0.414159594716653
0.348464171356703
0.215053142548103
0.360179362202415
0.416996331054685
0.284940030395728
0.451534381509332
0.397097694448339
0.448715660917463
0.253106739350594
0.476597386132225
0.596101126954403
0.514903231764736
0.470412512192804
0.347686818307566
0.51381797652629
0.375169910533783
0.505135427360801
0.448476162359459
0.562545728671498
0.448915018848667
0.42709456472067
0.574401795898185
0.590956428696757
0.515061949192823
0.47155874420888
0.45219637156109
0.276092399803293
0.442318868487803
0.415485545189662
0.457135230795631
0.584684563000144
0.320821213108531
0.327843546899748
0.465225119018807
0.546712505279269
0.340443515310957
0.507541187076418
0.337879103795584
0.531048660019207
0.340246344816482
0.536653254975099
0.560497559480644
0.596000325123005
0.470207034604583
0.371630245122683
0.559819944042199
0.574946638556742
0.526842837531073
0.512924474856971
0.553820500757913
0.571872099951633
0.468356479692429
0.508191517959528
0.500103410838809
0.464001575428134
0.532853831421587
0.671407032278687
0.504019426811434
0.425939464995809
0.552821991578673
0.688881031519177
0.358142747037777
0.453713489008869
0.398832348843336
0.52313765513666
0.300657169079568
0.545693462296803
0.466431897981917
0.402775626435054
0.520011908520876
0.499751643204722
0.583805800782963
0.679094514113794
0.563679783198387
0.495233087313244
0.36456485644143
0.650848242676265
0.324686010857359
0.39483147013336
0.682026211876299
0.450040828954642
0.48808205016674
0.620745331745733
0.584345708067384
0.493074291127287
0.452887119033239
0.557235651117406
0.722140147389066
0.435904236339998
0.398499163503833
0.417231850746439
0.656819841286874
0.628801665456127
0.632759351074055
0.62471019313737
0.622805906896513
0.593425213995284
0.611618049462857
0.572239770855904
0.718218875190582
0.493622708425756
0.599780798853979
0.501528356777144
0.682003275117078
0.699838699627821
0.577582587378201
0.609859509107229
0.668024074762084
0.662409060571905
0.634610511281029
0.650090821579651
0.544168515202141
0.668118193700413
0.578232036949932
0.56112939606159
0.546232809208627
0.560898286375795
0.681369947478798
0.643524114382973
0.665439923778607
0.691851741697836
0.533412231163842
0.83889745638493
0.707990840997492
0.525420350265942
0.702883428142025
0.655914315455952
0.680151634640541
0.689544053807536
0.75085901591666
0.739751398472156
0.701881521169133
0.77850323021371
0.723912969225958
0.517734545633131
0.717668248314199
0.645807090991978
0.396906194711154
0.556299640902702
0.658423129528808
0.801774527787498
0.702979724514986
0.812749861304561
0.700340861438266
0.684528777931376
0.624033830247953
0.603718118571518
0.690373167416549
0.766608286875321
0.605970302401855
0.644668983627412
0.667797971181682
0.661621625824491
0.760671065369235
0.818754781782171
0.767093690364428
0.676692189300055
0.703147328327019
0.704709701970822
0.719268479625431
0.696377610494889
0.706465457080372
0.661923356330409
0.733117794732296
0.765759699982621
0.687586435051248
0.729714548015109
0.709007938648122
0.671812086915426
0.773232331931103
0.698311253192027
0.692865339829435
0.852540117123128
0.904445310449653
0.860011595606602
0.728286806054578
0.755132237881475
0.843062026760954
0.673578162057127
0.761215741965742
0.756760568570418
0.811172678096123
0.824046860194528
0.762347876645279
0.795187108801722
0.689533319168147
0.875556558901404
0.757569110969331
0.585030153659387
0.810947243434724
0.696727988975178
0.525171362994907
0.768928016592868
0.749706076699438
0.654661803201947
0.906733024623497
0.993669409286324
0.720302205174315
0.773966231225013
0.857499405859484
0.772349739754141
0.81520205459931
0.951628876058389
0.6637473628655
0.738910749924669
0.844696173618092
0.813235704721608
0.996415575423356
0.861169718096831
0.74425350068291
0.828693478124515
0.947148978613289
0.964048720395821
0.711222872985627
0.850387643336949
0.747336379364117
0.731526668824974
0.757934446760683
0.823144596128684
0.834752634827779
0.911905426201275
0.898199030136281
1.02188789895735
0.788847057257171
1.02838653085034
0.84259267309119
0.801758317004879
0.917141729786638
0.85132270841712
0.874914506065794
0.810161738073145
1.00008587846563
0.693952902234742
0.75993515260291
0.663681011413646
0.724925934795775
0.818958904814655
0.854863338967234
0.894559521087026
0.776813632215083
0.948362298585381
0.897190870671709
0.929630726298204
0.924626073238889
0.927376267193311
0.895386734975034
0.975786268981333
0.824201945134446
0.857889446210574
1.06691607517269
0.740032771633444
1.03225171912454
0.79106023510283
0.982307353578813
0.949631044582105
0.82401612883265
0.887224006075108
0.956489146660124
0.943231374868342
0.84416672990386
0.886353839081196
1.04377436395528
0.889215080074652
0.908743866562406
0.878075151903033
0.907429140142783
0.948136167597957
0.786814728122791
0.960288266690688
0.954184680424713
0.827668523249296
0.970936634520302
1.02544741263718
0.932144467807289
0.912253837180068
0.783037762679592
0.876519076224718
0.997714763744994
1.10885324373687
0.803000850330514
0.937906053867199
0.945445683451608
1.00875494861341
0.943420811977796
0.986829036756684
0.939279610145129
0.986503951309438
0.983398339363244
0.818992916187645
0.995908793180151
1.0164674231869
0.964857484007221
1.02990807029123
1.02675856869792
1.04378372425302
0.969486692526794
0.952767536247314
0.870291720148499
0.921294913232995
0.976606629811703
0.893576391036214
