0.0608369873500861
-0.974503654767394
-0.895004656369692
-1.08498565854214
-0.971520859125072
-0.927679282808521
-0.97938764846374
-1.03941726598059
-0.921897043834129
-0.950011163970287
-0.926202623156401
-0.951050654565554
-1.05196721733544
-1.05939853387385
-0.905671563846991
-0.951807379021735
-0.77538620544315
-0.882585526681347
-0.952882331705862
-1.01007801553077
-0.996070879096714
-1.00079502497245
-1.0518121647142
-1.13860516610942
-0.836712995365987
-0.812571510586576
-0.896174205597006
-0.857356679909453
-0.992732421752082
-0.894165755386434
-0.982128791908976
-0.92214159838334
-0.827848873532046
-0.993764534833459
-0.941680039976628
-0.995474356079004
-0.969966539955571
-0.863197557260962
-1.01609999248457
-1.09142737928161
-0.938053043486034
-0.833527270141463
-0.962111187328102
-0.984509995258189
-0.855432405000386
-0.787026092681076
-0.928489580400843
-0.822238271382748
-0.871759571393363
-0.905955027041501
-0.82372421491846
-0.819734283310368
-0.866560154977501
-0.923870144770995
-0.958411598884448
-0.837432437604838
-0.742352705055593
-0.8074650783338
-0.889196500620624
-1.08868317839281
-1.00122856022598
-0.862263642459397
-1.03616418732125
-0.882843094267696
-0.815214961591595
-0.821324444192587
-0.877250167641612
-0.780999112536987
-0.74304582175259
-0.814808045258871
-0.790085357652614
-0.930424405222088
-0.984250801927038
-0.822585314451992
-0.637976738679366
-1.01487982690973
-0.800672874860118
-0.812140406312455
-0.953943133111588
-0.831098872600603
-0.712515183952916
-0.885887085515883
-0.883679545509345
-0.919110863564674
-0.846793514061283
-0.840794043078516
-0.691160406402604
-0.799784487409091
-0.850355801195481
-0.797011104954278
-0.877603550825974
-0.695967991115703
-0.820230769166537
-0.765537754534015
-0.90783784497128
-0.726915634351438
-0.646011928541394
-0.823706659120676
-0.870363184188385
-0.914042061558364
-0.898017460683777
-0.79747514914413
-0.843951639914217
-0.654780167902511
-0.741633073873852
-0.901521953206989
-0.875486663985633
-0.710897428872924
-0.86594751422428
-0.863420983790404
-0.803567787364211
-0.87098808065514
-0.719834164782263
-0.798878199897097
-0.735759435512471
-0.618090570417937
-0.754875814992115
-0.68458079570917
-0.792411120601896
-0.779966727614193
-0.894869485787377
-0.779008981000217
-0.820942968608805
-0.747373080110351
-0.692484617763703
-0.716987918183176
-0.781797287933998
-0.759718241687819
-0.653184915041911
-0.850110716189331
-0.640249324250664
-0.774557066594858
-0.696476332446185
-0.695690672312947
-0.822112024607881
-0.631983839979451
-0.718247384362699
-0.820658308232082
-0.714806696958624
-0.85563146830992
-0.653775097623622
-0.646571370441496
-0.72578316201254
-0.630308688231858
-0.807249707843155
-0.733517611774525
-0.787488153981284
-0.724924725756149
-0.680901642845937
-0.606188965034666
-0.645006539535427
-0.606626511760217
-0.725021302273104
-0.802570152483564
-0.522046709987168
-0.709286990195305
-0.798042752332276
-0.680457352128837
-0.749377544173089
-0.589540739623442
-0.507978951180817
-0.759772996707285
-0.745278846895672
-0.590586695431018
-0.557161281185193
-0.7655544148701
-0.583983582383475
-0.596481922798725
-0.661542497269228
-0.720071016857803
-0.593176412548718
-0.654469784419342
-0.618640427680066
-0.645642890496674
-0.746165086490403
-0.869081764766137
-0.57767510776386
-0.560501211152514
-0.733251218312789
-0.426380224332082
-0.562498467886629
-0.725583790318716
-0.696095777587319
-0.656169550366413
-0.690252283035616
-0.657465888620545
-0.592266496681514
-0.699594604399666
-0.542857998574139
-0.465999230613541
-0.569169743422211
-0.625358854210088
-0.655692113357154
-0.567528870264482
-0.653690960804267
-0.642868048873514
-0.686752388277552
-0.588930897814674
-0.66644141441231
-0.588873365918172
-0.583848205126612
-0.623552729460268
-0.534777282981308
-0.656540828474779
-0.547273215170123
-0.527727830540557
-0.559081906635114
-0.721846333451202
-0.610140489544056
-0.567694865634518
-0.623764301713066
-0.475729878124857
-0.719474621247227
-0.541705994837021
-0.39155042034306
-0.681819414785838
-0.500011932790402
-0.520444562946678
-0.676868733421467
-0.547711886924427
-0.602817044908261
-0.698442508711369
-0.494798683937247
-0.533272390011276
-0.587868456982723
-0.502792391195385
-0.50080716755798
-0.550469185508784
-0.549623959798555
-0.447846477721272
-0.495678570599574
-0.497124505378152
-0.476831897939355
-0.386278395343496
-0.467625057153839
-0.643494416614418
-0.429460626974255
-0.411115114158947
-0.607142177122636
-0.571932858299421
-0.714618831360617
-0.481038812116399
-0.611268728473959
-0.588570274244092
-0.511925245793841
-0.346624382685821
-0.643719628563171
-0.532437379845457
-0.518542684999124
-0.537761603694858
-0.454129856168705
-0.612000120684637
-0.47249672249925
-0.659530714158451
-0.599315075022582
-0.479365075660334
-0.466532653000485
-0.37580097689503
-0.393351005033457
-0.312180684638101
-0.447338470765075
-0.492709129931737
-0.408003586807522
-0.402591470062354
-0.419867926186281
-0.520919892092618
-0.498670458124234
-0.419879221794238
-0.330523672885322
-0.464470608870218
-0.46922014463518
-0.441301375367452
-0.318849532003109
-0.493836299154632
-0.308346365850914
-0.383743807106334
-0.450973336989368
-0.453534291784107
-0.468486764545738
-0.386232421014972
-0.510954936570377
-0.374115394078273
-0.488614746200451
-0.480455539436236
-0.431904247645259
-0.33961738505067
-0.39950895101349
-0.495322125195856
-0.407988274717662
-0.432620178565517
-0.339486368315216
-0.383739753681667
-0.292502846451884
-0.390145930381151
-0.580076676808346
-0.376587705333167
-0.286474873742639
-0.375575831443686
-0.417715267423943
-0.353184192044012
-0.300487769573783
-0.516368036770719
-0.358079380937579
-0.524216862422113
-0.432525843171406
-0.427486812215838
-0.49221481976746
-0.43790174827119
-0.436605464584889
-0.382132531094984
-0.556821699117404
-0.361389163516818
-0.400500800334467
-0.430284287373693
-0.391467619403759
-0.27726892838209
-0.404961612770483
-0.43563847563835
-0.403797079289059
-0.378572891710568
-0.390446444429546
-0.331604260870173
-0.454285839679737
-0.364611921125226
-0.412493883260558
-0.246887530303167
-0.450028978261869
-0.352026369004296
-0.39656351532289
-0.273371822041001
-0.497331043332278
-0.291830512919995
-0.230898318632067
-0.333190416356653
-0.410810440344669
-0.299473767016431
-0.382546452819248
-0.377529434618385
-0.331992074537907
-0.403862989376834
-0.343112490579983
-0.296268689040463
-0.218949584830969
-0.333224476077032
-0.468552876715167
-0.264964711655467
-0.341349673506505
-0.233868541839886
-0.282766704669255
-0.25140657865497
-0.224248998320028
-0.251037582008323
-0.368803395564711
-0.336901725636361
-0.331935966619717
-0.183006281166593
-0.157405624491249
-0.325342393343191
-0.222030694996468
-0.227089272973238
-0.332961437888018
-0.152202661342057
-0.160647150656715
-0.2918563166469
-0.280474181872658
-0.52382131850067
-0.312258500767867
-0.382331043428533
-0.24009371089416
-0.191105444354203
-0.179849928876162
-0.412681194606324
-0.316282269955958
-0.17491681034765
-0.286459748707712
-0.15846935620233
-0.27929679055848
-0.183405833762051
-0.350939240869524
-0.33216495008326
-0.145221422754751
-0.380399269307577
-0.299528657013182
-0.1482462136494
-0.306103888399684
-0.201272191703757
-0.232199046114203
-0.270649899964441
-0.168202371039024
-0.120826394138231
-0.189041390748388
-0.124286811083383
-0.168618022462866
-0.316087601631283
-0.0782058328991963
-0.379883461882985
-0.185718283545014
-0.0127289922249916
-0.299457534975589
-0.210421542677463
-0.208899712333752
-0.21121961903533
-0.17477015476895
-0.118167223342987
-0.322603827680633
-0.13811028825397
-0.064747758266826
-0.193808485634245
-0.229071132868419
-0.233549900422537
-0.0886628448563285
-0.0747680049548874
-0.2716834469647
-0.277448550720388
-0.238633751537576
-0.112449636048923
-0.0329159275839822
-0.184831983559887
-0.249119244269212
0.0142023309674424
-0.148721783694144
-0.188535275444082
-0.178983645416802
-0.245272765295223
-0.111785135088891
-0.252372081815018
-0.115409079837975
-0.172202308680061
-0.129588215307565
-0.0939422794431211
-0.0855315030346434
-0.229384669783809
-0.181632993776174
-0.158767638675936
-0.182178187509437
-0.236305939771808
-0.0667465817086464
-0.29902997974179
-0.177524812953637
-0.141834135411579
-0.104890971963966
-0.0701416722977263
-0.13218207896467
-0.118870881347896
-0.049911911854537
-0.0971840579561251
-0.0809857900127752
-0.263369534436355
-0.218340577957334
-0.0431450257726221
-0.127735848678457
-0.0860013664156457
-0.0954227428788704
-0.0462459631305764
-0.12832789480206
-0.0396091719077985
-0.122343633351473
-0.0397511596775443
-0.16823582583309
-0.0555447739686845
-0.156107787335354
-0.159086726299171
-0.0639596603829292
0.069785785331428
-0.0807183790504866
-0.0529894697617494
-0.0769317319987082
-0.196305187493005
-0.0457529798732907
-0.105180664155882
-0.0878955307671827
-0.0282202398013473
-0.014775652681637
-0.00502749780883574
-0.0253472631486101
-0.0759861805322505
-0.0378256013993247
0.0289045579617577
-0.0056114663617841
-0.108855211583838
-0.078571669628993
-0.188345380755586
-0.00236742204525056
-0.00989994927782452
-0.0948423862815238
0.00408368393237041
-0.00805884705486665
0.0136640027935664
0.0142044910781989
-0.0505188846430997
-0.046285742165218
-0.0331849090681832
0.0476100774100883
-0.0236418264352968
-0.000356341761614541
-0.134931886368444
-0.0631230992618434
-0.0131102851635534
0.136167996134177
0.103920800954816
0.0316583692584372
0.122900378698457
-0.0571071533343466
-0.0550816408186732
-0.0264799090849334
-0.0185730122401237
-0.0354688303229629
-0.0406445122534054
-0.0115561993783967
-0.0456686261676172
-0.0609834882196068
0.0861895622798567
-0.0820731413052085
-0.0715812869761117
-0.0794308818095581
0.0878098144239911
0.053153758034004
0.140772953329042
-0.0240453958550371
0.086506223944759
0.0744176229586913
-0.0251977178476354
0.0529439593962803
0.0438936444556409
-0.0259699366786147
0.0619621569150712
0.00933580263572262
0.00568103234719601
-0.03337367011005
0.105683651615618
0.0854948457212463
0.121996350182814
-0.038863326973219
0.0622038273656064
0.100692032231641
0.052253681879034
0.104421293399425
0.0384526874161979
0.0776862570050654
0.17792683221823
0.181110757458636
-0.0315330888557535
0.0472697664711592
0.172233724492305
-0.019538996318393
0.0623292948846581
0.163205067548249
0.00890381403652536
0.21122373337819
0.154291766304286
0.0839485629521868
0.142381529943909
0.179118885069372
-0.0176178701651291
0.0275845058533617
0.199073704140409
-0.0629907757776345
-0.0305952200607313
0.049291910974981
-0.0927578959029057
0.0705952580982304
0.118337709478085
-0.0178858788036063
0.126973767703833
-0.0303425962876048
0.0446429496254508
0.0316374621569479
0.164051985836564
0.0513757327541056
0.137009236651702
0.178250177888885
0.138398435337461
0.30097063265153
0.150356582199793
0.174209395860184
0.212385454503944
0.153160269542437
0.244760251503662
0.170405917148082
0.218387503078706
0.14456082953139
0.263551260094597
0.0247469374768965
0.061525527633839
0.245709153859579
0.315411938662893
0.266353737846485
0.0834019902311026
0.172908974922044
0.0316659460175887
0.163717929564397
0.0935534946865305
0.256580964642946
0.109888312771699
0.13427867346416
0.187952384590224
0.254296997592982
0.126902895539387
0.0641632672022128
0.151373497011467
0.210481819835091
0.281216004325656
0.281793169227753
0.12632709749438
0.0751793498712243
0.13370486075123
0.0373710826251625
0.110960297887991
0.235175710319928
0.269350099902809
0.0885606572184023
0.155584403848075
0.0972447891829887
0.184016275218112
0.286592301898142
0.213894129024913
0.200766203115515
0.25864321908825
0.163147342801696
0.252200881450818
0.174438357488522
0.289232437643842
0.311584435290097
0.33977190840845
0.367179214347654
0.284416724312787
0.2366902185153
0.450066000665306
0.363694042532351
0.228728312251482
0.152392650202096
0.126890802415102
0.149108603704089
0.287026385550243
0.283405104655596
0.376524493135791
0.298793851998539
0.125495323715188
0.403628104556292
0.288764235749709
0.270056208633456
0.238370038885697
0.196185416443397
0.174126230123105
0.280782320177403
0.406210951904946
0.140451978854755
0.368955224607965
0.262053488069978
0.373267627378592
0.237144269012895
0.300450229096017
0.293929852226995
0.209938804337183
0.277381169097928
0.272163760163555
0.381966734150197
0.394104638033785
0.201256142808125
0.23970619612532
0.306516031469229
0.339711785528426
0.176049209271333
0.337209464126709
0.260366387920707
0.246946900753167
0.334498562504693
0.30568060931388
0.23592816557754
0.395375455157924
0.49842977746886
0.351891446571868
0.263834677369054
0.356868324415103
0.402118196852948
0.456493681762334
0.482238330398355
0.471649336233216
0.306468913611071
0.443378878831003
0.36618525180294
0.310229738584247
0.359012072596181
0.222231777720216
0.306059355343406
0.406639652827737
0.373505444921005
0.316352003283766
0.334101601479743
0.331810555633741
0.373926935178093
0.476030467337586
0.402284972738636
0.382798665687164
0.270680222245458
0.345842013476404
0.527355406185975
0.290796985054363
0.324994543950267
0.488643707143195
0.399929700938966
0.498130711630833
0.427600215871032
0.447778240943951
0.362509002273119
0.224709792282793
0.259159833075892
0.477342605478668
0.364723306003426
0.491653834159322
0.404121764089445
0.454794901798591
0.412235275539474
0.389859867660108
0.43049248750061
0.500823683433308
0.496199937560065
0.36929281880126
0.382436441738638
0.437287444053873
0.363102576623053
0.581213302107409
0.557219131305225
0.413749496390626
0.508582035764521
0.362138471601535
0.445082762747863
0.58498481138733
0.470864653861461
0.459662629377536
0.59885796490062
0.431838986762909
0.611049503631242
0.557008495179264
0.493762333466784
0.386235704143796
0.440525903974463
0.515590805627468
0.477211137670145
0.550682068766957
0.404435449511659
0.329456983410997
0.521930204263959
0.538561137590479
0.592609815221849
0.448973946604312
0.46029861968395
0.407395251153779
0.703779691609777
0.483315450537575
0.561096537898426
0.563071386453116
0.570405990451751
0.581093919718249
0.50823981798644
0.407951192024854
0.415507047991544
0.58847500172096
0.578386027263204
0.44372625998327
0.547638154227522
0.551478411712827
0.555965461553834
0.534576213687145
0.492923080739865
0.531978019294186
0.484343996884338
0.567429864277924
0.485721270052073
0.424136790704704
0.527638390507248
0.510033439604713
0.577658836046366
0.575448785114834
0.655365070444871
0.564096252210751
0.549101696429853
0.642268216301685
0.415047774995631
0.629267030976305
0.565334573400876
0.454058447485137
0.675254829824888
0.492459397408488
0.664900254705177
0.619892621073561
0.528003398759833
0.452108793185398
0.571993867534319
0.533911828560003
0.653143277532657
0.624254390860779
0.627533862146747
0.460927564282858
0.616410141951712
0.57834227424204
0.614891191483187
0.581304934398686
0.452612795950332
0.626268004158067
0.607364575520613
0.499726362190881
0.667073214550568
0.687811838578531
0.663121395689075
0.691877617387049
0.644603236132218
0.654394908077539
0.674576214918424
0.431901745608801
0.652998356294397
0.661531387355852
0.677665685032408
0.701744211543287
0.597985709584839
0.599856062499619
0.607920873551334
0.733156299810312
0.673303648324615
0.428994932533307
0.681426376217179
0.518653780673738
0.643993673214638
0.616320409172577
0.675627601715109
0.546476371376928
0.448058617913785
0.708593194371975
0.704301472993892
0.616094770555445
0.742829663342364
0.492285274283312
0.722385879289838
0.617198120382709
0.655563173875367
0.509630737499027
0.66533041850223
0.742402199494251
0.545854643767332
0.745034955067343
0.521872099832974
0.581529585117014
0.731140322279058
0.580134192438007
0.831898084705886
0.577898359801793
0.596180220359121
0.81893527672659
0.702977197781846
0.657403252385834
0.819552786994913
0.552184859783618
0.748870466606282
0.674550883962148
0.756706881677424
0.698110830584225
0.715946290388528
0.837555105372961
0.650882888189836
0.80196359911822
0.744958186505975
0.629803878201712
0.735849701322006
0.664457527305303
0.716744596630683
0.78581319633997
0.629847778287696
0.671715864822808
0.550082376906774
0.587296064573237
0.704052623990563
0.716953345133768
0.82824709190845
0.6728081479717
0.741372703043466
0.68303156139257
0.751167193296513
0.609510551966839
0.762408446211021
0.771503696595255
0.717768046601606
0.760597697239631
0.825045176922117
0.680714651819633
0.741820239909458
0.851389265188633
0.793514597616445
0.735674598605071
0.658765996615111
0.841525140098488
0.800945517590855
0.66871519162123
0.620913923868917
0.821764000545218
0.731149016915348
0.853411208116622
0.800194158974744
0.848418840843933
0.822760648481624
0.829725111242723
0.803984525234591
0.93260091366287
0.858206743624982
0.85109077614787
0.940311311008509
0.791602551594792
0.937088869786741
0.939632183259759
0.861783123699048
0.960079829361093
0.796785564122559
0.9305250548237
0.728339303030882
0.851647627557783
0.923516116704139
0.767020459264661
0.997027383647381
0.804847837206405
0.847717122312083
0.885131017043495
0.851393257951905
0.826889329507226
0.836937097880848
0.65389695672673
0.81037815218223
0.769450556902762
0.933654669751072
0.663365461225093
0.865598988625705
0.94438641021602
0.699561470199333
0.777445195295945
0.989587682351524
0.875582970892892
1.01057335353383
0.775932219475878
0.935052917676294
0.938379692281547
0.855587867788706
0.965675380863998
0.916821152028371
1.03634010359988
0.900454521063364
1.01833101789233
0.930542211161176
0.987349869972002
0.845143304512459
1.01364687020011
0.815505937055839
1.02847897386843
0.817756704651548
0.861694194891607
1.03969053902011
0.966119884205277
0.877248179573891
1.08334576850001
0.81853378552106
0.919706390526676
0.882359153916542
0.995177305048344
0.949780025738189
0.909528929199291
0.920777382050755
0.889307129829878
0.91584454417074
0.897995822602707
0.955493543579376
0.917277544172643
0.979526870027259
0.973454246762497
0.881579525311667
0.750744438301306
1.01890906029968
0.982384030372489
0.873723819775015
0.829593303434092
0.884101632730784
1.13442610665877
0.973127902435529
0.842422411496756
1.02379826614973
0.97820325434967
0.919455127587629
0.958850303438242
0.960219665708505
1.06108098059793
0.881154198768045
1.19001229354537
1.00159066501039
0.838271300827654
0.953772631239262
1.01665710330048
1.04119089549878
1.12172379372963
0.82747049686633
0.892369331155667
0.912065514654867
0.937290692468526
0.893584062012105
1.15098731192828
1.00987039022414
