0.0822075842796649
-1.16204246416935
-1.11073031901203
-0.858735893573434
-0.893683632105232
-0.978952535922798
-0.9656732031661
-1.01167990097747
-0.981014242353193
-1.0298008336565
-0.953018299869779
-0.955451364992511
-1.05813475316262
-1.01655638859955
-1.04848472596635
-0.989963301889705
-0.92316792877523
-0.947989494922283
-1.0687378502592
-0.969025504300084
-0.96077353755417
-0.945503701364654
-0.995341089874665
-0.928946331904732
-0.927646396868408
-0.846112485875744
-1.01296981660648
-1.01909037229221
-0.984875044713345
-0.876038632461633
-0.916927434838553
-0.805016327025556
-0.980435370027187
-1.06864555021809
-0.743082440731504
-0.988264427531691
-0.729492121091522
-0.811911577960561
-0.924813004662699
-1.01501538590352
-0.805942800052612
-0.782639021478581
-0.847710365772696
-0.937002069517558
-0.79813387527593
-0.91034455106391
-1.00322748652239
-0.789596118289377
-0.85140372763263
-0.857444252569816
-0.886062249807008
-1.06541832457649
-0.929690830115477
-0.89234427661358
-0.890817944174996
-0.899705822258591
-0.869421859438977
-0.932566932575727
-0.798131410212356
-0.865238000889065
-0.830808320049741
-0.956622617777723
-0.861808018711475
-0.737571140360117
-0.910532546506024
-0.667487837840073
-0.856604512788138
-0.796041474767761
-0.851974545853612
-0.853769731389627
-0.880219437674901
-0.822037093466404
-0.831976455957843
-0.82281559002368
-0.913827551999064
-0.776481008199416
-0.802125878167262
-0.749303991192039
-0.773032222267915
-0.855081785658759
-0.776959353587473
-0.855916133290556
-0.813864597931519
-0.867297300561728
-0.968313553358548
-0.854732470776893
-0.974371612520001
-0.774005607306313
-0.998856358152472
-0.900564723912867
-0.89618972324956
-0.787323145381822
-0.785916950009861
-0.803476161196375
-0.736364051279532
-0.734808794800884
-0.701974745449276
-0.791023558841462
-0.755541686444791
-0.744654135816157
-0.849876616794777
-0.816185301023914
-0.838590634062081
-0.787201847176552
-0.875246415771402
-0.841079544394785
-0.801602834931893
-0.749229392528955
-0.738708264721128
-0.74702138275371
-0.779072283130079
-0.61459965289358
-0.878631559773977
-0.810267881949408
-0.727261703243835
-0.800160970490078
-0.852686741519663
-0.840392742780777
-0.655928803087646
-0.761034434415766
-0.890424785991473
-0.894453167633287
-0.771550176665889
-0.87478558430117
-0.716926072212645
-0.707695919415145
-0.683661744829679
-0.71585827974619
-0.698191280326846
-0.706370997952689
-0.705661057383771
-0.723853188619351
-0.674048983067785
-0.864430809962112
-0.848106270096883
-0.692351974938795
-0.745368092051116
-0.803056771044663
-0.798481145461227
-0.799240316301281
-0.747095508632794
-0.656444603027908
-0.580688816607536
-0.875676511894717
-0.875140031984075
-0.760579365889236
-0.748608717621449
-0.731919362345979
-0.623906355244795
-0.755082825251151
-0.686711299096521
-0.694145276015157
-0.763818694353392
-0.722646258965937
-0.795021506785445
-0.596150017472312
-0.704065996398113
-0.690315396526545
-0.724827527848413
-0.642911741388463
-0.535320480504936
-0.641356990179385
-0.527166795303289
-0.72060640656068
-0.652632101849559
-0.6973272018287
-0.719508937246218
-0.709840881331272
-0.660031612400048
-0.715104436921041
-0.663597225747368
-0.731740414411247
-0.743703660221819
-0.815641519583622
-0.68721839457289
-0.564352132946681
-0.637793612237544
-0.688823409130897
-0.684361459070622
-0.614694943217066
-0.65587119080717
-0.640137733327435
-0.641660835226339
-0.542578169417602
-0.622626614917304
-0.64238348737214
-0.695060516053751
-0.735088983505999
-0.77364463819308
-0.716234087464287
-0.648442450093751
-0.773515628580959
-0.606524164418582
-0.58731423842292
-0.77158809982121
-0.557702492731253
-0.644611231161022
-0.571588364103747
-0.764697206952138
-0.514889541672741
-0.547477008684334
-0.626316045045
-0.529377599929238
-0.68359173812324
-0.557807793215463
-0.605099423227504
-0.778741643304322
-0.763447335010804
-0.597912836198989
-0.468785704095099
-0.583266489606355
-0.689389301900518
-0.682455257574184
-0.503362094178525
-0.611351109089492
-0.660412316940703
-0.534790915122261
-0.440974717290657
-0.662931288522678
-0.462055876876108
-0.630905961777045
-0.641476670023306
-0.620892698930949
-0.699912596702835
-0.524242317314837
-0.44176724305312
-0.472332612096528
-0.574736225184045
-0.567752472782094
-0.47176565251014
-0.388177340620712
-0.470812469277984
-0.336542952866497
-0.516926056837513
-0.476513222720543
-0.540869341282727
-0.501922872973568
-0.385330026041687
-0.582775716777274
-0.494103324795665
-0.554822697827868
-0.427560569480017
-0.5143053393057
-0.596544535646115
-0.562106838972796
-0.513622303888095
-0.524345609973421
-0.515205158082001
-0.518429424080841
-0.566366706645884
-0.612553572857197
-0.384949579295222
-0.569443201912573
-0.559468372571554
-0.389849800917233
-0.444809627424976
-0.694143832978793
-0.408937718460114
-0.467661183319686
-0.579016890993988
-0.470904446279614
-0.365759366813503
-0.527378762832561
-0.438396742351606
-0.524117449895187
-0.46323606179181
-0.4750728949709
-0.589981957524307
-0.335127722632637
-0.413899423449273
-0.661492947815042
-0.454619501352434
-0.443653330376599
-0.464654450086357
-0.408724777203195
-0.466719212947688
-0.353020283989199
-0.475440069357314
-0.301273809960701
-0.412313299494607
-0.360060091535342
-0.415453194069989
-0.468354955823529
-0.463182368489709
-0.402792018991921
-0.270743072244986
-0.442028705678163
-0.452466456283779
-0.559443156007683
-0.488354773759325
-0.391616961697871
-0.295650683426
-0.403360761659593
-0.676311708939294
-0.454037725588339
-0.406325552917935
-0.372602697597226
-0.378379024402883
-0.323673687915786
-0.441753514927713
-0.37380733015901
-0.533267600777388
-0.202459824278176
-0.403969495769079
-0.269980423480984
-0.433282066287375
-0.244686288149368
-0.320482075430022
-0.379569352827729
-0.338431433011706
-0.382846847624825
-0.278501483527489
-0.436387382324582
-0.605185090199887
-0.292615297882372
-0.227592822877436
-0.3012533961682
-0.312902621033981
-0.360421182169453
-0.636632988114568
-0.103991943136926
-0.256224667644713
-0.34597738115436
-0.477047904500279
-0.255004238741105
-0.355357583398859
-0.496262817874812
-0.507197445942248
-0.375102229630529
-0.312771455133682
-0.230255869571009
-0.329822318364823
-0.336858342058167
-0.527915725197345
-0.218531681440853
-0.48289289474
-0.312702536265023
-0.287003517296989
-0.318949698388056
-0.237141849763388
-0.448969410472776
-0.371463692268155
-0.274843380945684
-0.221632402328821
-0.403040398440114
-0.382280784714958
-0.278831350109661
-0.375131453358115
-0.214260666674729
-0.235911746342913
-0.329823082804212
-0.360993339549189
-0.385206518241535
-0.345723177137764
-0.0665977439956224
-0.31828479979658
-0.283902919237954
-0.210783096360515
-0.262477684109338
-0.254586118572232
-0.522639536908393
-0.282514661000049
-0.0432081628080761
-0.265176360628262
-0.404183446667379
-0.234491019291819
-0.265679911977595
-0.231584018435063
-0.161621408987314
-0.457015162662819
-0.212049704822219
-0.204537373693618
-0.376416062487591
-0.141972295388374
-0.141556088190476
-0.302305961558718
-0.254001909770492
-0.285038586296144
-0.176847968826401
-0.2591931581683
-0.0828099259502304
-0.182490340376712
-0.297188654674254
-0.153427332557633
-0.244572014739308
-0.172670570549318
-0.202545949612274
-0.239266921936565
-0.278495854110585
-0.26281416920371
-0.270241119388722
-0.254170370040645
-0.250888692964183
-0.181437128684266
-0.0734196354531811
-0.112366479772235
-0.117286152032881
-0.326521510248751
-0.227966223021796
-0.352425550985933
-0.25039339842072
-0.222271348995067
-0.0570962227798122
-0.257014609432348
-0.162505399828503
-0.102543320767393
-0.260301488265037
-0.183501353126579
-0.187986359611134
-0.207725313700173
-0.0945231160883194
-0.119866390243837
-0.289705829089459
-0.176693647415763
-0.138200582195019
-0.296105321750562
-0.0169028737074228
-0.126652731287009
-0.170824424796781
-0.201192603249534
-0.260255655143677
-0.145480560575277
-0.169963047234517
-0.160682188421322
-0.275812954708463
-0.137577285025646
-0.172193181182035
-0.0747102611432256
-0.240053694380038
-0.310676342153632
-0.0941986947417927
-0.20245016920038
-0.111977754574426
-0.274818073044853
-0.215489570092863
-0.0381019143098221
-0.163099254506981
-0.245366745642435
-0.138869410710958
-0.0640845975525437
-0.0311178797764724
-0.187174398821864
-0.11388031359439
-0.177485458220453
-0.13515493587817
-0.100255117124842
-0.205386033650843
-0.152829247414689
-0.0834321658991042
0.0298763750850267
-0.127349579202398
-0.0303828864728337
-0.0527910936216146
-0.0818574419312958
-0.179535983890613
-0.0194033824651719
-0.134956607317586
-0.138227849688463
-0.0392065166057078
-0.135477112478804
-0.0585717107104607
-0.119885344988815
-0.173544462529679
-0.273452130689676
0.0592883053041388
-0.146330330799556
-0.00714076098691868
-0.0840390222440319
-0.131673277611805
-0.0989600257318705
0.19152895561575
-0.0497635213785395
-0.0699145661209278
0.153394379205406
-0.0611863800501316
-0.270652226344864
-0.0426904863674385
-0.104319637047289
0.00198901153064722
-0.0552013804904083
-0.163621367569632
-0.0440035828744294
0.0290210087391477
-0.0917733374045892
-0.129511435437547
-0.195571238014505
-0.12577326725247
0.016512190807681
-0.0556764083309796
0.0507882342090559
0.0913701208324406
-0.14298581649716
0.0696928243997527
-0.196718912001109
0.046139327531728
5.42282920144928e-05
-0.00825170159147425
0.0350836298145864
-0.117848843307807
0.0448982833576485
-0.0157468479366502
-0.0514010861404613
-0.115311678401641
0.106224562617831
-0.0820246441121729
-0.0478858770823178
0.0242217391139703
-0.248743312512927
0.192157278703692
-0.0584408827205443
0.115265476561748
0.111232898378459
0.137113904255892
0.0919310960275399
-0.00419329391230875
0.0806798189808663
0.0214166118726808
0.0456583630434315
0.107502477439617
0.0244692212308773
0.0493020981014833
-0.0637131699857904
0.0134036750318377
0.230709373325111
0.150815222192457
0.00209503447017536
-0.000719708675948822
0.137630941047839
0.163719885090369
0.0308018366948249
0.129842762109149
0.105698906068476
0.107540956615994
0.105337481238834
0.21062194208904
0.0480802333291897
-0.0171581802954174
0.0111301049712828
-0.0238762197139351
0.0202775500891237
0.055210752881884
0.0849012275988423
-0.0687341813071126
0.102458251421489
0.221087467092225
0.0920141658124236
0.0395077516406857
0.119286836812826
0.124741765202467
0.194841782747142
-0.0356929610558328
0.151509237108311
0.110368464372045
0.0835698697809614
0.067169802586433
0.175202942643416
0.223816465277241
0.114044006346345
0.179941355400831
0.0523457915374834
0.0647798486008487
0.157750835793045
0.250181993834982
0.242871442922005
0.0570038752985542
0.185585698373518
0.0860904331098868
-0.0727189000959318
0.239865631273749
0.0444897018640518
0.0577238043350869
0.0999710558874905
0.0557501321130534
0.0739024316799327
0.159277815733835
0.0719913460911285
0.0152823070957225
0.275702659270305
0.0166922940357678
0.154879500928689
0.137532361550429
0.0916351860125409
0.161433228872446
0.228555796254711
-0.0252966197209143
0.271107215805057
0.138800500084932
0.232965838001784
0.344470915221691
0.0684056404913702
0.282921966333019
0.0828864705647573
0.142671931106472
0.0733644979865839
0.202337751043949
0.155668418607964
0.259183782344832
0.0991005470461696
0.110906544866382
0.14265105990262
0.174478321282351
0.221898670022214
0.17309148839425
0.133539336279684
0.0373649969520161
0.0198723106527425
0.138372679047413
0.244943583057031
0.295522577556246
0.172691015796788
0.21241195378905
0.24919628928841
0.153659474476985
0.389261826415023
0.304570767360586
0.210335309337469
0.284943311872369
0.203518785640102
0.382152811942726
0.301986831359908
0.331611901702791
0.107950823798428
0.19019497597016
0.180185773113013
0.165283411437826
0.27701120897112
0.284343604602136
0.254870518560718
0.323519871707594
0.155262187188249
0.302165019201533
0.188726152123581
0.125927021465404
0.15148571442918
0.375678890184769
0.258571422476252
0.329931269064151
0.422521733878984
0.164518572247318
0.26897928921338
0.347550452187804
0.262838648467192
0.100979781176628
0.452653568872962
0.293392548807035
0.251012560989277
0.205509961526711
0.422966281608123
0.459903819662047
0.247739056766083
0.45324478630343
0.331329265818188
0.399808897474373
0.255482357243006
0.128492216637532
0.340792891824128
0.419042956650852
0.285580317471178
0.289884483824023
0.285704200180909
0.292586836195868
0.414023025227096
0.370579362227138
0.259054824853776
0.448725733468127
0.284143204921709
0.326730822781281
0.320449272428942
0.341865801767008
0.314596221706423
0.395510094626198
0.233997814165909
0.248533493516851
0.286063734518384
0.231290290231224
0.443576398432994
0.398570092810089
0.435803128350142
0.443797000110135
0.4234663152259
0.523302906365264
0.351629462575553
0.388219142996452
0.401362196030754
0.277972908444859
0.264809830419661
0.435059756824099
0.354982412865232
0.281024956655895
0.486272550365211
0.241652849872538
0.489216069815018
0.397281819169909
0.390509612234311
0.323607907732307
0.482428799353913
0.388911901774119
0.253988936149433
0.278889810574807
0.399152957660619
0.40951227956724
0.452888630895341
0.468587318805146
0.350892181688748
0.397895757585396
0.394497098065124
0.20535464269038
0.361159640748802
0.331011338706528
0.46124396381027
0.397322776941452
0.466958368600893
0.450711512992357
0.370224442134744
0.45394327401386
0.516729697998297
0.4873487689954
0.346850334678455
0.432560315482841
0.467893063890737
0.428785555774703
0.397324578040124
0.475326135760275
0.454420630995434
0.339040365017338
0.547907939003049
0.498126203218117
0.438363151355238
0.405294170760897
0.59008870600137
0.442817735948927
0.514062779092986
0.267639782419167
0.562861335250965
0.404763029606151
0.525788602133965
0.514784643723312
0.48096947991954
0.429919294132008
0.513239296374895
0.506506300057604
0.481779253050052
0.460633809712204
0.417973355568299
0.415321060073539
0.539860059789608
0.548722445179445
0.500871050639557
0.3042032085987
0.574148822936813
0.526961197010853
0.48807640616256
0.482369416008244
0.521255206322443
0.423699796100336
0.547488172490785
0.481594854474723
0.484066123059644
0.517434058844839
0.441015426769766
0.46946920562342
0.458439945179012
0.395792181397158
0.429409974919734
0.468514566664975
0.56537224016134
0.487974482166148
0.545834192940215
0.445062801704653
0.524450022342569
0.593231775922174
0.629184162967219
0.748054958341389
0.485621525571853
0.611990734896277
0.538938070617616
0.522549578562291
0.639232101854436
0.594016004190646
0.512120860803331
0.736129063721868
0.553278909823846
0.566220859841246
0.571952267309335
0.631040419239858
0.51939340481744
0.659774699610881
0.4563392860868
0.531387663388102
0.548393827312596
0.566634814811967
0.566325625667471
0.587378515960543
0.520059847902246
0.49819997891244
0.480468050412384
0.416356785289158
0.575088631845122
0.608235646684378
0.513630210430321
0.723179186930232
0.630185267386435
0.625195983878118
0.439175440248156
0.530980121555124
0.500340914901189
0.718408334844587
0.671897423882278
0.693168478399175
0.654555962287867
0.565613299876668
0.65749810313877
0.607321792619677
0.685068952174557
0.587215982295244
0.574013897703785
0.607361588959416
0.465348924682671
0.722379858061299
0.703564816278029
0.680550047764757
0.559701858358546
0.766333721987962
0.519343002920824
0.773990234856309
0.544651323250098
0.633341319608571
0.636908947018379
0.468625138725829
0.568012747661651
0.700244824234735
0.695787355591043
0.682598333090457
0.696029211236176
0.583367508742398
0.765693418075642
0.748641837613874
0.831413724999616
0.762822480540016
0.617579150741048
0.544367844643806
0.566122308416927
0.649087926860642
0.577867620838582
0.605975450225253
0.546765118485449
0.733173504738831
0.658239681777506
0.819749525562154
0.752206318965929
0.713790934400371
0.710776593787129
0.554886379128048
0.689581442481118
0.684690951056199
0.840955849195983
0.671095285768291
0.790872873593783
0.584084526865834
0.624173505384025
0.700283094027883
0.708273830105725
0.61547298896254
0.686401951827345
0.648859598329985
0.772600856436316
0.753834478755386
0.67460969464018
0.585994447773167
0.70960225485546
0.630505691933016
0.860491848918349
0.844949531628116
0.802147854146878
0.713473750033727
0.743260869945395
0.752432721664506
0.704036667432319
0.851355225588139
0.766549799002749
0.751753449755075
0.625615771182999
0.818321461984565
0.731946925602795
0.836581805222613
0.687886132356934
0.733741476420933
0.812956945548898
0.789021096942921
0.77455670424302
0.611970330234814
0.696399866737913
0.742202059741937
0.761454433975591
0.76256386580807
0.804283950461952
0.672136004638261
0.760656018221571
0.843566432508881
0.893630131279529
0.744191496134132
0.834942725219738
0.712510624944247
0.865879546932285
0.840508802317126
0.88167256452696
0.812442020850468
0.612337837589812
0.871054787681898
0.801156938066921
0.741447786717197
0.722866077216934
0.676342453964813
0.849365716761732
0.754283298543998
0.741578668934297
0.926025847922614
0.866536106996417
0.702669074907443
0.80472380958574
0.757563199128513
0.771523886219872
0.668075795891392
0.706752138520036
0.735499099449019
1.03200307013665
0.830034789155742
0.823294671422922
0.848279561325831
0.763421128403002
0.83916754828106
0.875811238048449
0.706493283344995
0.805706445965178
0.84923383947526
0.834856519497712
0.937142566275612
0.851964354637989
0.971476279792079
0.772606877730074
0.987927221840916
0.814274858192976
0.908078433237712
0.841862270221321
1.07102999471815
0.894143176447791
0.990854154190505
0.820653231898481
0.912720256822717
0.918429089797727
0.87087139119094
0.89953007504524
0.9913699748134
0.845497488143736
0.917179632855485
0.929384794093386
0.819042671384874
0.934523180793457
1.1133951706277
0.978631569076712
0.842566181034214
0.982136371205954
0.853534262923591
0.896053745845644
1.02710753548716
0.799410268952242
1.04501975298486
0.940876495985423
0.878506568914221
0.841531627911389
0.912717759349801
0.932402335238791
0.887370102546543
1.07060296605019
1.05643555633292
0.91376242554832
0.885540898829868
0.988013497085398
0.93158963894968
0.998082753208888
0.958710958805259
0.893434525501639
0.946545722374437
0.967879106488475
0.875089542073361
1.20310169322514
1.05790784931469
0.977675640351359
1.02285061838568
0.995685191226627
1.07642253843452
1.0517534272646
1.08603049847079
1.12543755986448
1.00078467932378
1.03449753226082
0.949131574205823
0.852559727800651
1.01699222113195
0.970879407911905
0.959735004241519
