-0.10421928767653
-1.15338400749001
-1.08792307489676
-1.08283226658467
-0.978719061995107
-0.995739701915338
-0.889199422019977
-0.955854098508228
-0.997085771580556
-1.11766469942082
-1.10116040535601
-0.909506090459675
-1.02907495259536
-0.944343309378073
-0.939652061479765
-0.978726440755706
-0.943851745180029
-1.12456530844567
-1.00143688384603
-0.980203144958671
-1.00800907431165
-0.900594488632112
-0.934204513726199
-0.943699300665988
-0.959061466280279
-1.04003092069597
-0.848360246149785
-1.03799965407505
-0.954616804616458
-1.0914970529649
-0.948118889085118
-0.886578635333798
-0.799548559220853
-0.976937975792843
-0.85359435914297
-0.888521508715971
-1.03405301583326
-0.973885766047931
-0.958965467567533
-0.909729253859132
-0.889916849192203
-0.847997138467042
-0.932272387470103
-0.939553061961714
-0.907649143954574
-0.861889650026509
-0.816412042235673
-0.757495901251963
-0.774048168039598
-0.906191470720765
-0.923573205980015
-1.02315402239278
-0.959698223328621
-0.711241766707296
-0.778990643422044
-1.04570726142497
-0.858213138011439
-0.824654334018139
-0.774440938541918
-0.899364253082663
-0.85137269239357
-0.866129230891074
-0.757465352561968
-0.818765932613911
-1.0046567511281
-0.882451086216915
-0.865286639050005
-0.779727482864547
-0.81318001626279
-0.790818853256098
-0.860707536261814
-1.01140740429571
-0.886528039120814
-0.990896316208136
-0.900211254762151
-0.773136002328185
-0.979548835852127
-0.747199031951134
-0.76080057527793
-0.899483490512515
-0.89652809127406
-0.839650520671751
-0.743640627167182
-0.860508560478367
-0.848685236395254
-0.956808048699684
-0.880461377439482
-0.927601300678649
-0.827712437934875
-0.7255900138759
-0.821612295694913
-0.87391634856305
-0.79681402982677
-0.884383160392505
-0.863515896288559
-0.802235754566837
-0.856254613715229
-0.751646750606123
-0.805291076857158
-0.808617784330721
-0.717499569174241
-0.913730869288508
-0.662722665567527
-0.981010544153128
-0.832234481867886
-0.836024921813113
-0.925475253143628
-0.723663355124152
-0.925579455793429
-0.730328383307388
-0.809968215097599
-0.652229692749224
-0.839724308429111
-0.807845243316364
-0.902887884224358
-0.890764486248479
-0.662211358772917
-0.709144698645355
-0.666598152002697
-0.874753829351429
-0.754209588289128
-0.782630977353241
-0.793465684666428
-0.693187172172243
-0.627584009035291
-0.738753901490627
-0.853438907583139
-0.803763214439235
-0.626240146511467
-0.741098693451056
-0.730429903035404
-0.735965416452635
-0.827414039029733
-0.585595234347098
-0.671308875947027
-0.761689203841993
-0.762250410057537
-0.818785770776216
-0.685493286291589
-0.822961023768253
-0.603987877081467
-0.689904800614505
-0.580353666302609
-0.7936878106033
-0.736340261970014
-0.858026135538988
-0.823621399525835
-0.719629126065449
-0.741987174215465
-0.64874943773679
-0.708216044855873
-0.656800973085546
-0.772240409432505
-0.675313704176134
-0.720956131350717
-0.608369796653949
-0.679493458217278
-0.486037592871667
-0.738456800304597
-0.82788747508684
-0.844465485230344
-0.433299577799965
-0.797703120493348
-0.625680431935563
-0.677615790889573
-0.536445049180077
-0.580075297003435
-0.624582656225449
-0.584157490678031
-0.576110852230724
-0.527161126415819
-0.80908885734579
-0.667658663780212
-0.667298120130251
-0.598905311513433
-0.699194271654768
-0.749184756481029
-0.703788289665669
-0.599863620636459
-0.689876931347162
-0.619592205195699
-0.661904213868128
-0.6633230560518
-0.712373365649974
-0.630927183750595
-0.475439522750601
-0.624131230045496
-0.627342338916314
-0.604628263449517
-0.638986859448569
-0.614227676440182
-0.778578263298581
-0.713009369634639
-0.708298648151423
-0.615505318705716
-0.733174873339301
-0.617549753912607
-0.719457728215366
-0.704770423945389
-0.504752538938652
-0.657881391780031
-0.639272847358441
-0.591727830575503
-0.691076948462646
-0.446496783689673
-0.579504591523449
-0.661429151593309
-0.51876046990392
-0.653312868908851
-0.706876923505348
-0.463640090620627
-0.544467519269346
-0.491476308157316
-0.634868503665212
-0.544347491192224
-0.441209463129531
-0.521276108165759
-0.408212572248199
-0.376428932790088
-0.588291963163634
-0.575229457638132
-0.494589938170975
-0.617361969027418
-0.555907636319961
-0.491507453673241
-0.487039055324942
-0.689898454090901
-0.50666914927408
-0.681893718809388
-0.353471667796242
-0.463601745981151
-0.494214116432143
-0.512305254088782
-0.505640372829015
-0.552275554675639
-0.698557033182627
-0.513453045944571
-0.676280739754438
-0.416398109953382
-0.636266417749115
-0.570081278250959
-0.476695196895442
-0.433612296639106
-0.408772660285819
-0.53192574323147
-0.481138305292493
-0.71491787704138
-0.424213877774506
-0.56239500397138
-0.442389267640981
-0.441945603990779
-0.459374013151701
-0.6550586811292
-0.519954417437732
-0.73235617282518
-0.583886351734579
-0.443592980515425
-0.358766018324287
-0.513454032783088
-0.384442441024393
-0.502064945246846
-0.547514525589281
-0.387320388744903
-0.476447202220508
-0.550395846996129
-0.523307858756576
-0.439436843889439
-0.582241954136777
-0.457469140098464
-0.562862491517061
-0.475377138813054
-0.340878600203528
-0.416219114421851
-0.430845020668275
-0.358745036916605
-0.467358283173007
-0.352659520271522
-0.725313016587097
-0.401484238669062
-0.386586020172051
-0.370165935615021
-0.391543265638355
-0.505651414945694
-0.434817570545515
-0.380264905075621
-0.491207365111891
-0.454981184019396
-0.487465552671996
-0.318103840353649
-0.568531914784748
-0.350162881279607
-0.453080234437351
-0.284022337450887
-0.287090892175656
-0.415976259357789
-0.33721316893639
-0.346460018273323
-0.371531995442684
-0.516472546614472
-0.562387177833994
-0.343015017279013
-0.513601647275374
-0.412006391495131
-0.490577968271706
-0.44642365802185
-0.403143997195911
-0.396712668766708
-0.341941899511044
-0.43940723425453
-0.312323908533837
-0.443205408678962
-0.315065296154685
-0.362940031046836
-0.273077724246283
-0.430081915576948
-0.40305567303963
-0.406320230397789
-0.399995897947892
-0.348186494410088
-0.322299134959469
-0.24214833074193
-0.379969103674669
-0.241842998114159
-0.471895502551609
-0.166303052321397
-0.444716348164624
-0.359155222451615
-0.43030474702573
-0.251781585624416
-0.331051430557797
-0.178525070247102
-0.25958251272289
-0.417794509159873
-0.396209182437274
-0.303650053584476
-0.385888862052009
-0.359957380137407
-0.250166905084796
-0.342792539082069
-0.312651264777973
-0.297794955033341
-0.330142367921055
-0.248602131716955
-0.229827931900841
-0.285428480534984
-0.100949378832076
-0.219389696827829
-0.187824752892871
-0.319071199267137
-0.199950010135407
-0.269138498716079
-0.439661694940459
-0.200042742673625
-0.175695995596313
-0.374796850423526
-0.281524265324213
-0.291525775525507
-0.0466977327855567
-0.435429334742415
-0.296036178682595
-0.255009886553111
-0.168662745586457
-0.329065631001425
-0.128079215186595
-0.343402885594633
-0.1900436613788
-0.126739924276973
-0.255314048650201
-0.292535824261042
-0.331428279794125
-0.230983702419852
-0.303050642087365
-0.174049457914273
-0.238228523521093
-0.330057995639753
-0.335427380037726
-0.285281870186916
-0.344883263121336
-0.28866602126476
-0.109302789056159
-0.130006032674905
-0.268722460791469
-0.289733619158019
-0.293104890437388
-0.274092137203806
-0.122835555055288
-0.227252760521029
-0.34772734551502
-0.109038348233556
-0.0533097746427511
-0.256457298070349
-0.0996773806149801
-0.299914564377047
-0.219933379165694
-0.29628545834886
-0.268667048887796
-0.337419929401972
-0.175035229200608
-0.205897758296922
-0.197689732976548
-0.120386074435805
-0.187779751084825
-0.231657544481157
-0.0792410038261001
-0.131298037875899
-0.228415004976973
-0.0902397888625668
-0.151121603565131
-0.150944462552155
-0.192510350274915
-0.321002308360221
-0.205942436841162
-0.238564499265028
-0.260228831144635
-0.0926204172587237
-0.189220062046565
-0.160418541774466
-0.253224911239574
-0.0713771852846838
-0.0432513150525615
-0.243147732299762
-0.139724838609031
-0.100618841086179
0.0214560431780579
-0.0501820263767469
-0.168842263710367
-0.148100344735849
-0.160292891815996
-0.138972082158604
-0.0592957916105532
-0.0981997996195886
-0.0321021124351928
-0.312417958531978
-0.0175338634661187
-0.170490611522351
-0.16175113996831
-0.0568364403144304
-0.0541504999610749
-0.0493725528754739
-0.0435675635749752
-0.150869712961308
-0.12789837552909
-0.157280101269793
-0.0289814769516876
-0.0497620542202546
-0.161554555819869
-0.131831328106435
-0.116068906790266
0.0949588850698877
-0.0574205874006145
-0.0992179001036619
-0.0912642029904993
-0.128810629449267
-0.181855132072238
-0.12629147597637
-0.172781552304962
0.00420807058055459
-0.0299627791468994
-0.213813147680698
-0.209203142954612
-0.194437964800578
-0.0938145816065114
-0.123436911556286
-0.221591818719129
-0.110031442950584
-0.122684940145334
-0.191155726795529
-0.127114150098307
-0.157761167624782
-0.085707898602321
0.101899909095475
-0.0311582963100197
0.0681080008247077
-0.122910532474406
0.002460611135915
-0.0328131143847955
-0.0702275672878639
0.0188180985165695
0.0707281483140941
-0.168575618117105
-0.0523789576776867
0.0137361102327955
-0.0696223246557778
-0.0119828036677673
-0.091591262868344
-0.0329750614009703
0.155684057313062
0.03391163708432
0.0390882680863465
0.0569036818999397
-0.0485873364591523
-0.0913221054211251
0.00172019501627477
-0.013303242842387
-0.0217257848513031
0.0174411190976129
-0.100617622139605
0.0171721733702523
-0.0112696769203066
-0.0163694983950079
-0.0316821944553488
-0.0174298127189157
0.100508594725573
0.0635716783276142
-0.0701668031412771
-0.0899784697647152
-0.0721871036405995
-0.147471791344824
0.0261889632810649
-0.00216240304137655
-0.117013045194764
0.0442922340634079
-0.1133020281966
-0.018260869648664
0.0431940777775182
-0.0392222123933321
0.0970127884030208
-0.0885549748654708
-0.0448992354063514
0.0762114349458879
-0.0177381577430705
0.0214982427809826
-0.0662316597363639
-0.0690614683957823
0.175743257476259
0.105148217365975
0.00939886686847115
0.0217998239647808
0.105118966708526
0.20018785696214
-0.107862137406979
0.129035750664777
-0.0911296142344725
0.150595539147071
0.0292236351415505
0.0316506669758322
-0.0646277122057997
0.015498562059344
-0.043649464689833
0.0897378171215455
0.00457739615663958
0.219321011327637
0.0483601239152288
0.302060039034127
0.0467677024883932
-0.0870398802139875
0.0503138496881521
0.143716287594158
0.0437519572249568
0.113641849488109
-0.0238653968506354
0.141382789234508
0.158455223735059
0.102943992537017
0.0669638019017165
0.105754844366261
0.0836991171314483
0.241788888189473
0.153257978244202
0.255734313462328
0.181546524778747
0.207533176404496
0.0466124294586609
0.0837892812391181
-0.0390004619063288
0.158098682602418
0.0751429832287534
0.131026883229592
-0.0222030259884383
0.141709649550544
0.181711794996262
0.167273211550962
0.118227719595867
0.205735231780913
0.227481493865635
0.154799026376158
0.168855008016127
0.1071370468103
0.0481371652063889
0.0702059294605373
0.108815377243175
0.17119384431632
0.191596023924698
0.0305046175427011
0.17519403517451
0.118734938790357
0.248127036450646
0.0946989673171389
0.0935644268291859
0.241663317271035
0.282663133297212
0.0290858915753434
0.335601147821082
0.248730242205724
0.227213954444048
0.283104141029718
0.324257912527576
0.193781740625835
0.258984916404402
0.129852490452048
0.254382659185273
0.219978441042175
0.275326552380036
0.149608826464865
0.179420025180276
0.213505162466056
0.123693750822544
0.305511680874987
0.248238279352123
0.142138762076312
0.330581747068625
0.249173528569886
0.156906756544124
0.327100254017151
0.128929288991539
0.365930476218232
0.174526600444967
0.180900985515959
0.160712890189143
0.311915544234386
0.301630474329687
0.224366174080983
0.274215112710394
0.290414495823915
0.243851277597228
0.29261356429016
0.150545013356208
0.233064614895416
0.414544546880816
0.281387448883121
0.215702879905813
0.216893811101135
0.158508694183251
0.258411199459529
0.23549179542373
0.319458292620066
0.171298154456096
0.34253376068066
0.355076597632912
0.276259039066719
0.292348437364705
0.290220981799855
0.317304987245006
0.293127210261553
0.279895499570928
0.184060380732294
0.375824264793679
0.298381332499008
0.18210697910537
0.0616818603271047
0.309235923341261
0.219163676617728
0.349193648566712
0.130148910487659
0.222912430071068
0.403966925098772
0.389495528454064
0.231691417657536
0.379370425760957
0.194592428170226
0.36277204439678
0.320897618114119
0.27950806637422
0.18432208405586
0.354958121588576
0.287196383513652
0.262644264303725
0.375195263270614
0.300958910539091
0.158959875013764
0.267651060294972
0.47496164461642
0.29160811639541
0.300209117956544
0.269837332801027
0.440220913692808
0.334416116631133
0.300510671585372
0.393242923275791
0.390870140496943
0.350657117274959
0.40360123336134
0.407562872870661
0.275037131190759
0.333678130370889
0.355939849546762
0.215507769339857
0.365243934938965
0.493375222636746
0.278798436384784
0.469385909176715
0.359762951911316
0.312830360697124
0.35483870829891
0.506128358505406
0.199352949315708
0.430294274194748
0.327631768710222
0.328496295530601
0.453958692426455
0.404156247789056
0.490160653961497
0.346175507059328
0.579326155472264
0.445585709980275
0.258513292115454
0.50767393259252
0.350429065569688
0.488785951492966
0.433217915463136
0.381536536901105
0.472305509740315
0.411315566611269
0.289057695561106
0.301829865317039
0.475285562659255
0.499366934357455
0.55245914633465
0.303631498580742
0.52652211936983
0.284085522880123
0.420130204336759
0.399561961662874
0.491288196621159
0.517091683522672
0.441120717904332
0.34103284799745
0.43878684152115
0.415903383825627
0.584552285990934
0.320670375131916
0.518430901037366
0.517323847208095
0.429039196261805
0.352387036011254
0.474047877813254
0.608908116792772
0.611657172793294
0.445465059965892
0.370867889217128
0.441828154994201
0.512777537519505
0.411115387503226
0.39653860203533
0.469458531074481
0.542981716060557
0.476098977588081
0.571800399470996
0.531817021769777
0.552579548618326
0.462609368876172
0.646037570529013
0.582036122462945
0.57428505545946
0.346098589746323
0.355165851103894
0.587896097852161
0.499772588376682
0.593099167527873
0.444375426106695
0.388339285277361
0.453450482356546
0.491090362816089
0.528618993848887
0.540357215647774
0.469075479573898
0.590420985813573
0.479340046940395
0.689089483846189
0.530826267182003
0.562253750694901
0.460542059300325
0.447169074972885
0.644869055235013
0.619125043345528
0.532897034781915
0.540560496507334
0.588036854278243
0.540695706705377
0.506420877765011
0.641935444060117
0.554675054707613
0.587495379469232
0.601642065696313
0.479297323846366
0.543882326544585
0.678069657101931
0.493718099343961
0.551946356170295
0.571028284794231
0.446763877843828
0.717796209251852
0.548006331567833
0.443808638499857
0.586114246819602
0.582942957674044
0.484996623547223
0.500055193067409
0.545536151625187
0.573546614492472
0.779771907529733
0.642185954830754
0.606921861688522
0.567739980867353
0.607340096513679
0.530036411591924
0.728989938113513
0.520969313096563
0.612976868979088
0.516138849874677
0.62882946252302
0.671809571968994
0.578974356701883
0.666409713187766
0.657655673736997
0.74042291279639
0.623005596780278
0.647023057226344
0.577618666182667
0.420927900605376
0.61227654206511
0.570138915759218
0.588082022580129
0.691235799425283
0.68373336311981
0.727479700180024
0.644145534577034
0.625748316041671
0.780045089567701
0.709973213074447
0.64037429114725
0.776711848822095
0.616697455405609
0.729149421500251
0.58232964336527
0.744058930473824
0.651401371101439
0.583713913264846
0.758482275511261
0.636863793637165
0.628917068097061
0.624063516523104
0.787761418121955
0.823991531862494
0.582645676304225
0.654101439400871
0.651419437303002
0.797374137353523
0.63765754944489
0.777618958895161
0.765953608953607
0.650384558896192
0.699421545723757
0.577514393125006
0.766103076276248
0.777851853730993
0.722657980439841
0.686928427720379
0.732263547115846
0.68046159219238
0.834564372417338
0.734553119966058
0.755308656550231
0.757332786487544
0.701828167842017
0.639757827477384
0.738928390889673
0.780513356154309
0.684865456579578
0.73708963582568
0.614352941700935
0.732141590514022
0.799419589754924
0.768184592792057
0.573091584132067
0.727923857032145
0.788860973080216
0.849164283732408
0.702040122595497
0.674024349312194
0.823292351509006
0.683547441809498
0.711619978906254
0.780327122388407
0.88446751645904
0.752470354133669
0.729371831682232
0.932587536176599
0.800392702187537
0.813057916686081
0.778034448883355
0.782768989374666
0.87793580089006
0.780375174143501
0.750237286577787
0.735651258831388
0.858635548450105
0.779834323177329
0.672327740609624
0.910164230908296
0.840851448824235
0.628862880280248
0.875901163479966
0.848825955675877
0.869219859476627
0.54058080204342
0.867204565951824
0.963407127089689
0.88989483872907
0.942290671347721
0.858212224326619
0.76674222845792
0.81583992791904
0.792247056666
0.972765933398307
0.829565953711599
0.839488681901214
0.708394199596348
0.950550010749915
0.748795833649027
0.793840631799731
0.792752044509142
0.742948891345473
0.912832274153076
0.996318199314534
0.720480503703387
0.709576498817201
0.881010357540957
0.901345186255933
0.785139744627589
0.771311371568983
0.97626057617063
0.945603702821622
0.858462637591085
0.84008284493901
0.935901608901944
0.788513337998467
0.748847622003837
0.798345403767749
0.983225941250121
0.845460839725352
0.799554305750008
0.804871361735567
0.906620058001896
0.808271100148463
0.992512238225838
0.840671434329849
0.856103079349091
0.89071512366292
0.828441459217122
0.998259410429435
0.828127526966755
0.862862749303376
0.895650683589592
0.985527137147376
0.85884316269768
0.978340299344047
0.922940353870895
1.11144560900541
1.01628484009682
1.09051098239339
0.917339402314086
0.903481520293416
1.09213746466314
0.901010320423525
1.01108300322388
0.955392059270368
0.859590618319754
0.921049307958948
0.949954922670391
0.91284399362871
0.952244228286939
0.946085387328323
0.895858193802637
0.87609952904985
0.918577423900096
1.00173216370195
1.11866012990429
1.01898536894387
0.816077572452735
0.963219946708177
0.856563689267807
0.961026064666028
0.952521178775533
0.928091249918974
0.80288741290978
1.01517812984736
1.00951375633517
0.977568653026097
1.01266499806791
0.905130805145087
1.00830474354567
1.04203335110218
1.03293483862279
0.916731560001097
1.03261540722079
0.923231089305134
0.985684998449953
1.04804782594351
1.1257191511025
0.928922186332494
