-0.0399861081455237
-0.984352594205227
-1.11782399746338
-0.980749459400678
-1.03485472964326
-0.945553678218929
-0.892751829162347
-1.13199910074759
-1.09528364544776
-0.955786015492145
-0.948774670180155
-1.02823931369405
-0.844189249454607
-0.881529696982279
-0.880281565243121
-0.973846577508691
-1.03164210972698
-0.85625173832877
-1.05392171873731
-1.02072577965076
-1.057332396923
-0.981662792097502
-0.954356224493177
-0.953631840809216
-0.904610436025382
-0.984922322129952
-0.859543341012943
-0.966150771604171
-0.999843592828689
-0.832912016291215
-0.902293047969431
-0.856915644073042
-0.857965318700191
-1.0004917322652
-0.935961440037497
-0.910767993982627
-0.920037263019875
-0.796007949815256
-0.882515624100715
-0.799740149518056
-0.978032357528765
-0.820592961571757
-1.02351142209269
-0.858309962048609
-0.984519527295412
-0.873826432909662
-0.945217420319794
-0.993677396530901
-0.936919611984892
-1.02514222628682
-0.923542554941194
-0.79778095296103
-0.989584558104239
-0.915423382035617
-0.751929479642299
-0.961452964213615
-0.782197050628277
-0.941437149433088
-0.975710517648
-0.831297039703365
-0.854118111713258
-0.823732441942478
-0.890061356200836
-0.856672382591827
-0.725381122923226
-0.888811581278641
-0.949229060024219
-0.896673952380031
-0.775438196083632
-0.88354509598075
-0.876462487806589
-0.941216655414972
-0.789555439379818
-0.929817051681648
-0.858967261708391
-1.00034156837418
-0.806892926192508
-0.768760394384881
-0.722767403409488
-0.836680243799098
-0.807066964883505
-0.840409038076017
-0.88021444523681
-0.759266616801497
-0.869302507971732
-0.749865548220373
-0.767455141711258
-0.739660626041966
-0.804821105853219
-0.74441465155126
-0.910286527655738
-0.849433964370484
-0.745601856623131
-0.775771148912606
-0.776775990494098
-0.792208932836966
-0.892149562505596
-0.802001448400966
-0.792052439763432
-0.781154267937781
-0.658958043993867
-0.683065869702694
-0.727356144022325
-0.757012870783401
-0.753104565202841
-0.875665100610896
-0.824054354416346
-0.807650705257444
-0.606359632116719
-0.841594088821617
-0.668958248045882
-0.733414409246078
-0.826580404419026
-0.687011238649034
-0.807313118772205
-0.801645397853553
-0.794978341912296
-0.82144510493322
-0.817021507231006
-0.785651427052133
-0.758265296201352
-0.773986018943808
-0.811858710229994
-0.690553136613585
-0.743664275791631
-0.626626319212912
-0.833798715244274
-0.689614119922919
-0.638018673385345
-0.797731815680065
-0.749296111443571
-0.677237218032396
-0.778229714706696
-0.777559305646868
-0.641931874423006
-0.589174541338962
-0.769110954202666
-0.860159064867359
-0.697896774407634
-0.619971882659906
-0.551057713833621
-0.709218344623165
-0.663920216203699
-0.729563451271753
-0.79948292123387
-0.63620174822241
-0.73029375872163
-0.655019964133196
-0.661070813172473
-0.812678003262123
-0.683242935606876
-0.704347643017668
-0.852811692559479
-0.751577807581763
-0.63177439809788
-0.672221736668323
-0.624085459394566
-0.682619120101768
-0.662679343804868
-0.657741871031777
-0.865333288918905
-0.700626633998803
-0.614248015679545
-0.640321537650995
-0.755584555813651
-0.620167292415932
-0.570390831191523
-0.7062567354516
-0.747859354235437
-0.617555992512416
-0.742936750133642
-0.584656432038441
-0.60428068021827
-0.684770992371794
-0.667045220060537
-0.793772304960919
-0.629663042664887
-0.639883323050003
-0.726879717149655
-0.642645190652765
-0.6291997994587
-0.670378571796908
-0.490181607856795
-0.728459270805128
-0.727108069136297
-0.559575989318125
-0.619720686526139
-0.635949239475147
-0.585199973860058
-0.627921135891603
-0.661487154630744
-0.704994443850056
-0.615060563911467
-0.581708695669519
-0.620513472539909
-0.532149802979027
-0.58142563320122
-0.685628936088661
-0.582714899169646
-0.578020258490506
-0.675790172823902
-0.558986529416312
-0.521470184365562
-0.725155761110263
-0.607023518770193
-0.643192326470794
-0.669284137304112
-0.464716127099386
-0.635810423291219
-0.569927414725765
-0.506709863941597
-0.750275458098427
-0.639988679244537
-0.461327642390129
-0.729825392906498
-0.562870269882671
-0.576205910067192
-0.641930908712199
-0.504295565782985
-0.685463471043992
-0.682959561283354
-0.540565178897826
-0.468039853614337
-0.578990525932231
-0.636652061447151
-0.469643645362665
-0.597230681961742
-0.527133708411421
-0.454631742510588
-0.404574094972034
-0.589598985740133
-0.573673965537603
-0.467428381878445
-0.367347099086901
-0.521521031681037
-0.489065259033234
-0.499647497774506
-0.56125865161084
-0.500671592443861
-0.583815381224505
-0.525114920258857
-0.442125620331671
-0.55782833618508
-0.475884222441288
-0.472762146099155
-0.50334412889387
-0.679920542394243
-0.573623308531281
-0.576358708067667
-0.414286242559292
-0.480715241582823
-0.583442360411946
-0.507460460736585
-0.577160927300894
-0.398429780243961
-0.427365687685514
-0.44418631083084
-0.52612045526666
-0.631394345353956
-0.439254188568664
-0.56813019235265
-0.477622412229158
-0.394490077820688
-0.397924410976509
-0.394833751446849
-0.361742568784444
-0.457300535535108
-0.549332781606793
-0.487102471285636
-0.516757255071272
-0.371493466845528
-0.5737364548886
-0.452213216369795
-0.359273840517038
-0.418917259718733
-0.376572257394499
-0.404552293610269
-0.3412612188867
-0.25136898118153
-0.395457801651186
-0.39839529289368
-0.325536786150245
-0.337088551271514
-0.570075675750976
-0.5545039254857
-0.425315400852497
-0.486943300896637
-0.508139338900956
-0.293757395299351
-0.406785567016478
-0.454463584135742
-0.361182666755606
-0.51507244717815
-0.408000264014577
-0.364621213836447
-0.330123451144438
-0.48785015994462
-0.468580550923799
-0.406632898814908
-0.385865063273009
-0.415893506193396
-0.383560671193328
-0.356151822198525
-0.280713991680633
-0.510121648412485
-0.453300632714434
-0.417068365810542
-0.412223497205839
-0.375950618767512
-0.455077798709755
-0.352408336824214
-0.4119952828848
-0.43636036634477
-0.470013443689809
-0.488033657257873
-0.248294023959329
-0.551481183836299
-0.365164880265668
-0.317539919657028
-0.334234086502907
-0.370626118183118
-0.232218519103192
-0.284149569311029
-0.330316012891906
-0.17814255311493
-0.319930832012556
-0.245798477927928
-0.347412794710173
-0.355675603380945
-0.450951618531515
-0.488488856699967
-0.271024147344911
-0.427730644681677
-0.384130683389706
-0.397941932535443
-0.414357107512691
-0.280298746623576
-0.356945580767813
-0.195339541675993
-0.262444450100521
-0.407422989008454
-0.322150807922477
-0.211456496274734
-0.333291266421128
-0.323067064072156
-0.218316800154855
-0.29020963411368
-0.419733956812047
-0.430017195961231
-0.331460409487559
-0.325926983488382
-0.409429941817264
-0.259336169973463
-0.119151375842691
-0.334255256414619
-0.151229328978221
-0.158558654606772
-0.327165270782017
-0.282206969642066
-0.264481193437491
-0.160706723117739
-0.294298704008223
-0.252680180246101
-0.345133945419235
-0.384397744024884
-0.141859630958866
-0.514475176329562
-0.299919417360525
-0.340530116603528
-0.290904826665055
-0.136818377199116
-0.277238583661424
-0.131772945356627
-0.262967879473914
-0.32797169281097
-0.225409795483463
-0.246854498602159
-0.263974338304886
-0.407158431958509
-0.26099018688497
-0.218207254404504
-0.156463631710328
-0.273276371166898
-0.243188415248637
-0.287242200310721
-0.333036897987487
-0.214883562477562
-0.195049318216163
-0.272391061778903
-0.204235464195939
-0.215017031467917
-0.193644246301618
-0.225652071573101
-0.20211156407414
-0.31535375571732
-0.221888884051407
-0.10393806035635
-0.222864121220809
-0.248879560902262
-0.101082070473342
-0.298293425557135
-0.171925057856611
-0.280380580556767
-0.10831434233825
-0.235439747101983
-0.0882444878165683
-0.118819324286351
-0.230402263462323
-0.177907905461558
-0.15301133359454
-0.289908268136264
-0.0116036963139806
-0.182808617896291
-0.155073537594635
-0.102098656489131
-0.259583992653547
-0.0673234356577125
-0.186210669041285
-0.0959603395998401
-0.215017835531892
-0.138634701729894
-0.137064372235892
-0.0285518077784864
-0.123048786893237
-0.146369142377494
-0.262670539406483
-0.368189511032204
-0.0513404576047864
-0.134938111948725
-0.204520636588329
-0.135764511364781
-0.128663541580316
-0.110643534062269
-0.0332639754192227
-0.0518108406036355
-0.178403928972723
-0.0271725565201911
0.022737738241946
-0.0424919737958614
-0.106572417295554
-0.0793688686566418
-0.0927019864221004
-0.00189478378169053
-0.100617350154784
-0.219846765938559
-0.223337171912252
-0.0735363513707006
-0.108889355372256
0.0190124873998421
-0.0856370746787649
0.00528598177708833
-0.0756525328378189
-0.0744921491971148
-0.0728391327820929
-0.0822547289183589
-0.0197121756961043
-0.106784928296241
-0.0494809482591873
0.0144157630998948
-0.113457472515765
-0.150930725627624
-0.164382605915422
-0.0478684497637193
0.0154521038667765
-0.227442864721251
-0.239370353664442
0.00532085118053995
-0.0807793237879309
0.0755026018921847
-0.0402737396929632
0.147228961616073
-0.12002549393096
0.0557875935637218
0.0647864801967036
-0.0893891792085568
-0.0463182563246847
-0.0422878909051741
-0.0207658772944692
-0.0606878547145243
0.0967268803242608
-0.165929215334132
-0.0715810020753037
0.0684705299134215
-0.106630744657479
-0.159047972307445
-0.147806119026298
-0.0132500483080217
-0.00407074462160063
-0.0814795754851307
0.0568538985168267
-0.0468682890805518
-0.00993653839760724
-0.0106511150211527
0.149310200485414
-0.143521260656101
-0.0149913159580215
-0.0396227621877942
0.0921614156842241
0.0419837529801125
-0.191174528489744
-0.0346654994830228
0.0778340252659248
-0.0287799514852609
0.0505804281972717
0.0180509587165619
-0.0652536125583189
0.0107252843825525
-0.186888813328252
0.0331645370175363
-0.0762577165092089
0.0390110878800555
-0.00422020914937483
0.00826363846810891
0.0488162477349394
-0.0678153421525659
-0.162232396506988
0.144487349788556
-0.000662460387905523
0.0633810749956745
0.0762349658770942
-0.0964022473092803
0.134382818201334
0.0057249388475086
-0.0126441725680275
0.0175259335618384
0.0645926196906266
0.00394961154313358
0.0432138878598094
-0.0285949695980425
0.0969380483675901
-0.0128630974492226
0.00690481088977614
0.010327394796497
0.188538287210534
0.104196905377743
0.104049038261861
0.0734335896635033
-0.0624516430760794
-0.00925677289853417
0.134586929688508
0.142548434985459
0.12724244056482
0.0579614840195282
0.0178396290277846
0.185551820474922
-0.0974346589012115
0.103443425786017
-0.00807250775346061
0.0198171499948124
-0.0726912486495784
0.255125584083923
0.293482683924751
0.0958062261392582
0.0676636923682361
0.121987551419614
0.0645037646422517
0.0660271142269228
0.0317367647125889
0.23929645760476
0.22298296040588
0.0525380703407922
-0.0408903845707698
0.142665494935732
0.0226813913844736
0.261370393366888
0.0511151658372249
0.361592835401116
0.0965052357831801
0.186467253865672
0.163453223550919
0.235880969354129
0.196707754283977
0.0988188975122783
0.214260136397982
0.241446050281912
0.105763804699818
0.333012359144999
0.118481077924213
0.168244506731815
0.116397700601091
0.224539767803235
0.0951936587022522
0.152675952900982
0.161791745927734
0.243159658130667
0.131540729777276
0.161812215861904
0.207067811778028
0.259442129995783
0.282803538385715
0.204553345107154
0.294320483315996
0.195404065165016
0.112714429185497
0.288959861011422
0.1123836022177
0.171123210980089
0.240796519130589
0.322288320038894
0.252078454682848
0.204491619894917
0.26212633904239
0.106897722499154
0.295288384463582
0.204830265929788
0.173572793627409
0.373121605891957
0.139763658392573
0.201968518680141
0.139890572101704
0.226792294117968
0.295423351958913
0.183455189775658
0.193916478329708
0.114142102605228
0.36500302702797
0.176192601983713
0.0813613006615563
0.204910599255408
0.215025289471154
0.311718455428325
0.216082519191197
0.21903912907947
0.297048117349244
0.208997891826523
0.128376847154093
0.270753230792984
0.282496359879656
0.126409453029914
0.221309950122263
0.34455211915176
0.271087211521199
0.334556142280307
0.280048017402573
0.166756760045616
0.29531794261126
0.321986394254232
0.305953696805301
0.144686812276303
0.289584385018505
0.244743103465867
0.391688753478858
0.258887545865103
0.271538293927567
0.378748828948337
0.300706195582634
0.349627556882324
0.204354844042041
0.355960823358318
0.224575452254732
0.361320284312279
0.2283455651522
0.0890538312943146
0.327479974980001
0.274214063582995
0.228778031122224
0.3575648571479
0.153214834155004
0.427971229100149
0.231045651172065
0.330157973708986
0.420312130267105
0.274683183637391
0.288869312612771
0.38919027429471
0.238952592888527
0.41291925361955
0.328513712939459
0.512895223437332
0.363814404452228
0.271313327648999
0.222377697663614
0.255871545110804
0.378249023256586
0.292023687915864
0.425826672084234
0.523478479717469
0.408128659206253
0.417232975311697
0.524100516343772
0.349090270766061
0.405597477841019
0.377179849791779
0.295759803408016
0.419616807977372
0.37245684542917
0.355534068856975
0.356403647493023
0.449593636361719
0.257626808105984
0.50898005911149
0.431753697388844
0.413834124530915
0.45321947856674
0.374508478510886
0.562327277016095
0.414235914240029
0.318718996793042
0.327541833860275
0.477646747829943
0.31202572936993
0.418964541446298
0.35717225773024
0.488073284515586
0.434687407563497
0.468729942945555
0.338300785494128
0.357856817275003
0.418413747179974
0.389171912168148
0.360587345000611
0.495647766372728
0.456161734746119
0.368099805612075
0.427531152339219
0.509597859123253
0.472692198441094
0.424749749715224
0.574530737680727
0.482853768314776
0.421745345525438
0.434278304850515
0.386030224049386
0.487763254070679
0.480771851257162
0.490350754980931
0.523172282142914
0.565864352436148
0.489078923225648
0.387320686082763
0.334583318662977
0.503046305564467
0.423804335504101
0.520383053945645
0.554897123277747
0.328634646388649
0.496920699476166
0.298941645558867
0.547199736412684
0.370954289295282
0.497503322194306
0.51100593767252
0.550809629153745
0.505066868634089
0.282128248106038
0.527154107970099
0.436347854040504
0.555544008702832
0.373619295524646
0.512294663137611
0.487981993385737
0.459831826082138
0.443893969119311
0.655267570348489
0.298796658510429
0.560912709557943
0.588021311457683
0.513055794704903
0.616863414606869
0.501342058984522
0.616573778020942
0.350971800931458
0.536571160421161
0.325831172341952
0.496098632759323
0.487788126046422
0.531207337982926
0.462404204544979
0.50942332028067
0.588356517974664
0.617214215862564
0.393748907295765
0.647276199722003
0.578759044925159
0.525843922351908
0.63798495345148
0.612202863113947
0.515671919740733
0.544675200918186
0.544592327658172
0.616086361100515
0.605675187594105
0.612718618958615
0.48083433858014
0.610952138729616
0.604502688733239
0.606913545351477
0.565216887013261
0.611759829465117
0.542672533928292
0.559449671256234
0.516090583716771
0.630645268412631
0.511436978648447
0.415913104696071
0.530902258580811
0.593730811050576
0.458657692609508
0.564245670466852
0.543944888313561
0.588247011319388
0.783472597186146
0.557313065796854
0.548593594724425
0.521539095439625
0.56557478395587
0.534918515809548
0.61783215663846
0.606723928607882
0.567339778122706
0.499828128181068
0.504768424507396
0.392902272103204
0.538053925430743
0.745844355545825
0.676242074261483
0.623993691443217
0.608555163422939
0.452620437650464
0.80977062851257
0.431173851568373
0.645713711853121
0.618223295492386
0.608518575223856
0.653461491928887
0.576453151849131
0.562190566870209
0.700590780333
0.765430598152999
0.68860972272758
0.71651325162709
0.613429882938082
0.677588566372112
0.504841882131035
0.682175885905625
0.627457154149477
0.754691682876848
0.787064256308196
0.673725580859561
0.728004919947778
0.516825024191446
0.766151406838776
0.637471007993912
0.558086805054118
0.633540171455178
0.787966639880229
0.59812578481367
0.62375217868923
0.723143280691683
0.797025962823418
0.69061316677718
0.680530454996747
0.826999376955697
0.740817932852366
0.561747011591292
0.661352016735779
0.625004150174658
0.838788604870175
0.767897543675252
0.692023221921638
0.608266118925629
0.721411452788823
0.780328140398112
0.853416390776154
0.856925085404841
0.705096629486901
0.825028277644561
0.613276407595852
0.580571128604243
0.805671215891835
0.871343766289812
0.803444738410147
0.726046276944025
0.70330213538507
0.785631990025834
0.741556354981125
0.750756362436037
0.858220072576002
0.768091444197477
0.664357090581613
0.668923863940727
0.750386849617231
0.840776596379935
0.810318470691909
0.666704799659246
0.779607605318465
0.722886764575307
0.735753946159631
0.554714026925586
0.701214979337566
0.627405704145509
0.801285230175137
0.801113584249746
0.805082391162866
0.84869002307118
0.801794512606685
0.75041669922819
0.80494533586737
0.784392838017026
0.809562033025059
0.838037555721057
0.645823597582814
0.769094233267956
0.733889667531378
0.754263122424564
0.723085878901456
0.905938724232381
0.874734935075917
0.895186665652031
0.757776874537976
0.931540790946091
0.871932232363273
0.853296005659445
0.864006291358642
0.560631063407434
0.867170401133843
0.796426488682737
0.843400038298344
0.850316504944904
0.777656969683731
0.80270453999937
0.871478249020096
0.766026288561359
0.755279638352094
0.676638918301212
0.790097886750973
0.571572858464418
0.759725003262653
0.776874043998872
0.767447838859632
0.988579008208196
0.763276072451356
0.991631641591009
0.814302880637739
0.937992764176767
0.806145110801225
0.975302255652346
0.852865325349609
0.940064996676488
0.927124868915343
0.859025493838553
0.858850455152951
0.878111322648183
0.789224986426637
0.951900033640045
0.884559749783865
0.879378314178831
0.834261847287273
0.767175722071486
0.966801228466454
0.868895994432461
1.00502617386846
0.875887416596374
1.04878779659252
0.952702416593552
1.00124777709058
0.874677026400917
1.03875873928298
0.887292787575491
0.906144748011292
0.892681467024171
0.984429544989798
0.855792126148947
0.804594114964084
1.03739125429011
0.970710685915553
0.863182588413298
0.979337744925323
1.0154824922951
0.97076031919105
0.77918180731787
0.923579133945296
0.843607638532147
0.970151006587434
0.960412053648259
0.950855369343509
0.99959492245044
0.878398601208376
0.874806816151621
0.930903847294957
0.942181712177092
0.955187227794724
1.01628186531661
1.01214487311885
0.870068295670904
0.904920451597006
1.0447473646162
1.08765920024168
0.977319861326617
1.04371331693129
0.990651139044956
0.998309453044941
1.06357516106087
1.09348661925771
0.956685846463631
0.974129601022735
0.972336409697352
1.07282060909833
1.11298599821354
1.13661210602744
0.991186183215089
