-0.0244703140323365
-1.04148683108714
-1.00018833914665
-1.00905410412542
-1.02502037595302
-0.888912255498266
-0.966489794565866
-0.948517799630108
-0.885830902106399
-0.933010680105862
-0.971040241023426
-0.939301797794814
-0.935221334141609
-0.910580648439812
-1.03201021692852
-0.887976838570727
-0.93490850257691
-1.05425932699723
-1.00837594575455
-0.971566078783232
-0.915858500856759
-0.911649009021831
-0.85480358705105
-0.971975131906063
-0.922577507710811
-1.02784650107845
-0.908473161255666
-0.990037089827775
-0.891303285359205
-0.905567583970491
-0.821494720405139
-0.934129781271289
-0.883150814905849
-1.09371476397932
-0.921348834835572
-0.813593929936474
-1.06692358180564
-0.959794232080588
-0.960532431733132
-0.990426760791566
-0.773224109891628
-0.956950915909265
-0.89352864934564
-0.871199324113091
-0.912890886248947
-0.918001409605098
-0.889952430123475
-0.780610237114925
-0.986687636302965
-1.07417077457923
-1.05473760450591
-0.817804891603526
-0.847748656917946
-0.756322099804532
-0.882623547161249
-1.01769957500138
-0.79116745497054
-1.02864813207487
-0.969897590660875
-1.00377014151799
-0.834632779287444
-0.825984489831536
-0.826362351504293
-0.79471793693104
-0.991897367601422
-0.840519594579867
-0.779171101831362
-0.81433192588163
-0.832075466756135
-0.860238949648571
-0.841733618494494
-0.899155780048368
-0.886911682354204
-0.768515789330658
-1.05657475205411
-0.831167266187151
-0.932444250981831
-0.788931543245859
-0.876672991910542
-0.923437852234292
-0.802391833919811
-0.835958589494053
-0.874165792996008
-0.829930279525681
-0.755024404281952
-0.820027366104044
-0.85182272674352
-0.881711121827778
-0.801634511720799
-0.790118649152311
-0.821408909111737
-0.692673072067239
-0.718428577267195
-0.911379520844894
-0.989883821927401
-0.822902459346926
-0.860376283828213
-0.86262263062673
-0.779381525849005
-0.790298453671902
-0.822993862108699
-0.789770118490498
-0.623459206456602
-0.888754132429361
-0.769863210732063
-0.637703418016752
-0.895311337676077
-0.854997410570748
-0.740490231998057
-0.888628898607551
-0.790695191963268
-0.685142608803961
-0.822391858925676
-0.720324374273159
-0.759171812127604
-0.742298395587912
-0.814501395362434
-0.752276453382714
-0.753559674583717
-0.663686422020313
-0.908172708550486
-0.796326785671117
-0.805851905948168
-0.779739765138674
-0.71620672136111
-0.762901873745372
-0.850792019550941
-0.777403352611884
-0.851469200667851
-0.784711720481908
-0.683963553134655
-0.585364397802648
-0.633020333695596
-0.758807374716294
-0.623537501381255
-0.655125610889795
-0.791718762598707
-0.967362973434192
-0.609824163855435
-0.756141692999959
-0.744450768968436
-0.849649859905516
-0.604894856678997
-0.742271884665041
-0.707707245978479
-0.585102297740717
-0.622031221507164
-0.723039503974377
-0.730923993150821
-0.700979929546497
-0.595694994042656
-0.685133044136087
-0.579562123126595
-0.751153656475061
-0.733555290403265
-0.657912950212593
-0.634129992012895
-0.683269519589186
-0.708373265241222
-0.58938150692654
-0.774108830999054
-0.663650840004477
-0.626263565197942
-0.725561316323394
-0.716524753618986
-0.619580154505237
-0.706880841490695
-0.635302198174515
-0.884879507058797
-0.586205300541056
-0.668036225296786
-0.773050630410035
-0.729296645923852
-0.838679374056939
-0.659054691732128
-0.629814632654075
-0.53122327931054
-0.55599186654061
-0.586775625797
-0.729079394525218
-0.75714578448558
-0.71390095238901
-0.580133694728433
-0.728749549673117
-0.671611265411713
-0.638373597072376
-0.57001858944681
-0.609425298761133
-0.526612076665743
-0.615095214316856
-0.545903772815259
-0.74360281387897
-0.590744930994652
-0.675797463995365
-0.524760936008521
-0.595671198784927
-0.675340671860473
-0.620404583110806
-0.534249449107403
-0.554300213434303
-0.732154658028286
-0.640042415330357
-0.585311289633562
-0.545608695562165
-0.608786502037165
-0.564101783917997
-0.635562771948578
-0.503010030869383
-0.717535272445793
-0.50579827281074
-0.763472607706305
-0.589179341218513
-0.715125413391491
-0.581103970064461
-0.597373671585484
-0.548511960812593
-0.653123847797623
-0.517069322527214
-0.537147364048889
-0.519618413381867
-0.616301759985169
-0.576595189116536
-0.436213725210495
-0.551467456452683
-0.601262582050088
-0.575390971730204
-0.554903194679371
-0.674413572005028
-0.472843027740625
-0.642972499514513
-0.601092604799351
-0.609084721838771
-0.558842293056831
-0.561145543616852
-0.544056110491532
-0.429936371544802
-0.715434692875474
-0.506174419079857
-0.413024543879306
-0.505553177505966
-0.353982545786982
-0.520935943971317
-0.592711596439352
-0.511769494121896
-0.377998428109409
-0.540891241697823
-0.421883309051977
-0.701699047308685
-0.477608254892708
-0.585598763806251
-0.491066099223848
-0.350157755657701
-0.572793293299385
-0.494842788855672
-0.607633131782863
-0.582696649034371
-0.467761012563443
-0.514817750196631
-0.472265182574457
-0.475362123388964
-0.551302819455549
-0.602508314241827
-0.656807832669521
-0.549226280248364
-0.419102717173436
-0.671081952745222
-0.468743512937696
-0.372770661486766
-0.260494505017035
-0.567793298873052
-0.528748218615479
-0.560462414473687
-0.436537631275911
-0.538252516501459
-0.342068320161722
-0.408679900798236
-0.511387143126625
-0.444578889768974
-0.364849500252441
-0.42142759447687
-0.559947302403987
-0.305318623312619
-0.358393667102524
-0.428466490646635
-0.366678868117259
-0.254143251151816
-0.30751381494098
-0.37881395270309
-0.512755333979531
-0.427271165012531
-0.413645412811462
-0.338521678397012
-0.638050700517165
-0.378417491780819
-0.478711423368025
-0.437613694782478
-0.410989305753979
-0.33431836757621
-0.295568593008053
-0.425616404001171
-0.547713909934337
-0.348000643518568
-0.413720478455595
-0.345399682512585
-0.303271906695612
-0.395483832994339
-0.242328673634866
-0.384444586903469
-0.386808587090723
-0.353537454709976
-0.430465966060446
-0.463955562537163
-0.359231944166198
-0.298291582967899
-0.263528321009021
-0.420144318134949
-0.298377204323228
-0.403335992339056
-0.287281428357181
-0.377241137739486
-0.22551552135417
-0.406646616022765
-0.484780034326279
-0.410062120152015
-0.374428272136147
-0.466235899574085
-0.383375181926796
-0.298702437813082
-0.403795993360737
-0.257067915137654
-0.370951596013689
-0.341052607027914
-0.283886182505617
-0.379131016347582
-0.400259161800889
-0.405863512057778
-0.373076591266083
-0.365969534158597
-0.473127548819657
-0.233988117044785
-0.342732718616999
-0.432490052206848
-0.205661263724727
-0.47574678702317
-0.501783047355862
-0.251495980872616
-0.268144266488546
-0.27034850368678
-0.223406753388298
-0.364175636797849
-0.210592611766511
-0.307176052175695
-0.271872688186837
-0.198323865635679
-0.0797331237584746
-0.344148634200079
-0.277261248498673
-0.249812287358633
-0.299516112167321
-0.31435218610082
-0.356108942551889
-0.244925589967585
-0.297999163602734
-0.34143576172485
-0.0921308876788477
-0.249380147045163
-0.120133864685428
-0.230049731625218
-0.324296801735787
-0.247606664596895
-0.334517452875276
-0.187541677397216
-0.143972460416726
-0.231174767787647
-0.276585411599614
-0.258651424863071
-0.217481426726038
-0.407446868560905
-0.250964446807151
-0.211653263328177
-0.20230904937156
-0.330770494657873
-0.166424727321099
-0.154181453253973
-0.360009719822074
-0.134581519173332
0.129054081837701
-0.209604571248148
-0.18619892293037
-0.108382868768089
-0.218639827442656
-0.153416740324517
-0.0345836629072452
-0.167548583257
-0.160530313647188
-0.190189408105226
-0.128082018177984
-0.229665613921309
-0.300742622233845
-0.223430949387708
-0.183549995658191
-0.153396793851286
-0.0645538801514478
-0.311195305232955
-0.229795862588891
-0.20136800502561
-0.165552513312362
-0.247732175410023
-0.225910596701824
-0.155415362349087
-0.237716225361018
-0.226883823673917
-0.339748901163672
-0.381015962515464
-0.154040032120282
-0.117205839797532
-0.151177731168608
-0.0409768237467169
-0.29304933186414
-0.0334897422309745
-0.343113559388405
-0.0814336427882062
-0.251988172788609
-0.0565671072975944
-0.268702523129743
-0.170179794600806
-0.0289694680372711
-0.121794099321022
-0.173342731888808
-0.1812033093384
-0.173009897120581
-0.0470079138519156
-0.094292216129115
-0.159757729367165
-0.146327119324633
-0.0726576355078985
-0.135078349780725
-0.182769356619111
-0.0920613104642213
-0.19606237444175
-0.227392533187145
-0.24838706715904
-0.273290107903912
-0.0884388773498198
-0.274993285177796
-0.189352545831329
-0.0571641280796037
-0.139217449803968
-0.122944774787491
-0.181066864594353
-0.18859406254812
-0.155844634545731
-0.162427310323077
-0.0906433737640642
-0.18309021035548
-0.105815130633932
0.0264668836657043
-0.0662064646737237
-0.208103353297841
-0.0856281293163778
-0.127253371999666
-0.0715022057846769
-0.0481933805810349
-0.11758795516136
-0.00215770966521406
-0.255871184128513
-0.131016323717871
-0.0797486555591261
-0.0126059569370034
-0.238446709335257
0.0557237288269068
0.0707374150782901
-0.116764245396982
-0.0217664404100604
-0.00399855664052991
-0.155057455814909
-0.140833384545878
-0.0741248599069322
-0.114916029260651
-0.195979781279672
-0.167095986220348
0.0691014862668483
0.06019226540812
-0.242289859285649
-0.115843230577988
-0.0394162364570673
-0.0540770355273057
0.00428374458011354
-0.0724480404255423
0.148694600956588
-0.0914300963364981
-0.144796549459166
0.0607214639627856
-0.0600189682572881
-0.122955853408223
-0.170679171065446
-0.128505528560125
-0.0706701363568091
-0.0683553410721047
0.00800690960962902
0.134152866485368
-0.0329454142225665
-0.11173027166084
-0.00568068928739821
-0.0779828236039661
0.0460635043495256
0.0407751175888352
-0.0185029800916818
-0.196638894273642
0.0906735691543656
0.106840210931106
0.151714637044772
-0.0109281853371375
0.0397096492413873
-0.0744749360404951
-0.0187844549779437
0.0430973205470123
0.0852584946000482
-0.0906239296594662
0.067075595074909
-0.152711524058985
-0.143927645848684
-0.0845059632863937
-0.0271683349113453
-0.0557487766528968
0.198147980979637
0.210968904549139
0.0444713395851594
0.0457343264424554
0.17880926833474
0.0597748120163763
0.00210144971340359
0.133402929771287
0.10075968951045
0.122895162734484
0.243402407501316
0.0540534008690206
-0.0346036691590485
0.0560477908860291
0.0954880118754488
0.116138959066057
-0.065161121518445
-0.0287543487935372
0.305196517317723
0.0782905911855523
0.21231065471669
0.269452034866616
0.0964016244619682
0.0607494473023569
0.0870012240156825
0.0644368196518528
0.16076314513828
-0.00165901619266854
0.166421678286229
0.158578228384175
0.0169903835784284
0.141109374164643
0.0633043333808995
0.246966320098512
0.240526065173329
0.0176520721367859
0.0867533099783453
0.2206775752843
0.0927177775023696
0.000576774025095585
0.202264370511205
0.106021085929257
0.197965391214889
0.10116802633584
-0.00884060620744776
0.203491810328471
0.0595321162955905
0.186778031716633
0.268050903437179
0.218065774905226
0.112461551174374
0.194310765250071
0.0373308751483888
0.0586268995579701
0.104387843177805
0.191346107845297
0.32872043334335
0.244127378486422
0.0534420122401287
0.129061595607258
0.154969314606825
0.222384963832181
0.15429377247476
0.121892609088825
0.117358542596376
0.182862389110125
0.315372374417549
0.228744616435646
0.141589234851663
0.21324397964473
0.197217792806204
0.0897183570735625
0.163287702368892
0.25711945979587
0.207494512484574
0.220053360601918
0.260377835787663
0.185102849018166
0.15494150728978
0.240069725691794
0.199459008665393
0.301432443710762
0.287584103132748
0.106203690484882
0.339576226618317
0.353087316007655
0.276491235047082
0.219105588932652
0.240255712702085
0.243647600861366
0.114288658390723
0.106814717148116
0.180595236737802
0.273394294387781
0.256651795058278
0.372079963089908
0.165227231574389
0.316148737618232
0.259900962603117
0.164900411628558
0.134068095634585
0.321668541794917
0.255436887686816
0.224418887744732
0.294123126292939
0.263343484050283
0.279563395459506
0.153643011908955
0.230969266937377
0.155289938201842
0.233096201766031
0.30271873306518
0.220834632988544
0.325236749204547
0.356021058081204
0.379360517620134
0.260985357562459
0.115647912071217
0.222383159317079
0.330400454876813
0.280563990254364
0.27223385905089
0.303934297808436
0.139661560558874
0.130545565468067
0.272478165320115
0.309815708192642
0.223204407150826
0.247278587129167
0.232241743555761
0.247771325307435
0.345903806536074
0.300611721143799
0.321001652896808
0.286584378185228
0.434342167583501
0.15618834611627
0.428322488849207
0.404676632081352
0.4275204672549
0.292260014361221
0.255281919039668
0.350224696738576
0.271317322942718
0.450187858247323
0.278013541827814
0.321630974689119
0.357965148711019
0.367773381316461
0.277861235686144
0.51225469012351
0.277186559233729
0.202348291801561
0.451055483322961
0.404218728479925
0.315698229465826
0.422641463082464
0.392498934431549
0.384459779156351
0.367939234162955
0.409640812930207
0.378959242774723
0.411284071535421
0.25570700397509
0.507724917854157
0.341083394960379
0.31069921196565
0.399895060461758
0.393495565020831
0.373540162190278
0.392971355315962
0.440758392227614
0.324754872342165
0.458605411538192
0.419395634013419
0.371524313271784
0.357679912303088
0.486249691805624
0.312664788628619
0.453876800592647
0.338195747002546
0.435573686883202
0.448665842085863
0.31242109259623
0.531454444909165
0.56172387801789
0.479225146209702
0.49300031438059
0.451697140396454
0.484369865905242
0.465635181806724
0.295922334777596
0.347216856137178
0.46008531675233
0.51193161719622
0.442516158960283
0.391934025835032
0.33024371992279
0.51165965765071
0.499697068336973
0.460140524216694
0.523859983126559
0.585993633827983
0.524617949086059
0.328740115204031
0.490306993397987
0.446287584544792
0.396237179116855
0.528850944686034
0.547169755044804
0.516716127107427
0.637161519257085
0.423377083509116
0.681864688165205
0.468864470926593
0.336490455611972
0.47789147658275
0.40234759808907
0.592596497133077
0.528097498002455
0.502342605483351
0.530181152163358
0.631222599839086
0.328592938136415
0.585436085167238
0.660705953925237
0.421364027628661
0.508817155062437
0.489579306905021
0.410790259881181
0.490178293611351
0.471455563806366
0.618256941898785
0.559915782425787
0.607438020199716
0.647170182584632
0.582982496378524
0.542477064470768
0.492668507647712
0.480522663421107
0.394843951164022
0.612715348927745
0.566628150440496
0.546968094858314
0.413949402675511
0.59394768637978
0.443679759783197
0.527494873390959
0.41195909244245
0.657666149109987
0.490743540638221
0.637857274421317
0.562812946464264
0.554506856403371
0.479084924660189
0.557404313259549
0.509187967985849
0.533145229587837
0.585626614022965
0.479832781361718
0.85456197639947
0.555076046978536
0.580005621985029
0.491865374414039
0.671374915299407
0.618473106740077
0.444646392464929
0.6921827601259
0.478844920486971
0.677163865526984
0.625061877594046
0.600720020228004
0.67463120841533
0.648770238409423
0.531874499970705
0.581625049780605
0.565188437005011
0.751468742406322
0.501325227249204
0.698611411623086
0.585703232426855
0.453509896364722
0.668585867596681
0.627800105035592
0.765936894093205
0.561510042954755
0.672484654939791
0.645414224905475
0.579948084778305
0.521836507005353
0.67255182790925
0.577907778632671
0.728210177619191
0.604472491373796
0.569860394693591
0.638502720117176
0.633617362523116
0.578621973369342
0.795105613245702
0.546253163078389
0.730541987527259
0.568852618468515
0.633379039428836
0.522845637481645
0.646356227513521
0.676788998800457
0.654547378337729
0.833907506948833
0.634833064519854
0.597738124978206
0.675643678649535
0.665182455654343
0.790648501440534
0.756000903265607
0.736316190405739
0.583823704225951
0.547676455349224
0.854189290196464
0.642185462655539
0.729316330637955
0.541981401505474
0.702499567455314
0.738494010458885
0.725170098721349
0.726081369751485
0.786322630933394
0.734182123596224
0.679015422455652
0.857310705866806
0.694725306382798
0.756715487762677
0.659484261073679
0.678914875562097
0.604423826241283
0.746508300927545
0.72344861301042
0.70796466969478
0.636342393448348
0.659210512925714
0.744009032423483
0.757915841983191
0.703203586864796
0.62851221811833
0.566525980570743
0.512473389868442
0.700762495810081
0.66183279923838
0.661891385871341
0.825099109370693
0.71017387006546
0.579211193773046
0.829035052340658
0.75973709000211
0.792799674817732
0.737943441107554
0.79100178512376
0.713987633959548
0.876438373249178
0.634193772205166
0.747529028063018
0.690396097222436
0.743522963313189
0.736178925689827
0.699548270490222
0.749245787119682
0.897787186925006
0.68375727238949
0.796528190602025
0.769217961352717
0.726921966430487
0.681009490008078
0.757363085636524
0.776185989807088
0.758805821441163
0.956107693994338
0.791818062569585
0.925496157082514
0.618589170076141
0.868705472770086
0.707775120869313
0.799291162329676
0.765828194368015
0.785637306118067
0.753024343868451
0.833055289338844
0.732609703646529
0.884385886770722
0.936847321386637
0.797242831222259
0.743494375973033
0.794680944077238
0.72984325253388
0.877505576841391
0.779355613904022
0.940042137746987
0.958787690769468
0.79642110803211
0.906203086677161
0.887554907525488
0.855897600105256
0.782080564144837
0.838013395962195
0.7932283497204
0.787506352587656
0.997121011699054
0.957327458595918
0.92581899484195
0.928268667510988
0.872892836978206
0.963179346581782
0.978420701503872
0.794323086183024
0.892275060874228
0.944829701201254
0.917308901049433
1.01388986326941
0.825759605968694
0.929410520783776
0.966572567172907
0.89977668637705
0.868886319579575
0.738597179017655
0.879086048231458
0.967907508383464
0.805793219900246
0.928636016428463
0.886575904526269
0.906748615462367
0.888453472967307
0.761333931378193
0.948573465256263
0.821170627586289
1.04355786742581
0.916522042415023
0.807203785257002
0.981171074179191
0.86932708535671
1.03174437215662
1.01453413560371
0.910939472028075
0.836427885779357
0.798001310327033
0.860836375900219
0.864933192605531
0.889615965693367
0.903800577941877
0.884537530816001
0.813299356298513
0.975195966642767
0.948070313103351
0.913786429356591
0.978550099574725
1.00093503070472
0.936896833000916
0.925045721976775
0.768469641023931
0.928981663751446
0.990873809811139
0.986725171484748
0.868221502631446
0.9785024184647
1.00585307944715
1.03289217816753
1.01070148455976
0.963594291836583
1.00393735416605
0.931776353243051
1.0170438683273
1.0326886158754
1.09547974285361
0.807863496104183
0.933584260512228
0.960886384183003
1.02617263794598
1.12729234841116
1.12512425158093
