-0.0378430031951689
-0.935362825077754
-1.1123810945377
-1.08201629941842
-1.09944506715027
-0.955959561218726
-0.930020783850756
-0.951893310517814
-0.97755991679084
-0.998359372402623
-0.879494436914252
-1.0663667539228
-0.97674048036533
-0.971269202336466
-0.909842242414903
-0.742915231048602
-0.99068031679085
-1.00474818909374
-0.968623039794488
-1.10796519687846
-0.923920255313156
-1.11551405625566
-1.02541698574995
-0.857406469784752
-0.990711723394655
-0.919121050576244
-0.717420907240623
-0.974158752985315
-0.887173390612877
-1.0548728842112
-0.974109375289834
-0.89738779897705
-0.969463936623017
-0.949885147130848
-0.866863550106021
-0.912844317537397
-0.942903565694101
-1.05577271394289
-1.06599958645571
-0.795531241729032
-0.945264680578897
-0.992030078582148
-0.791168738561938
-0.983744824454923
-0.927465977439874
-0.802574206979351
-0.907071522629338
-0.80213231977082
-0.973203518476768
-0.87925049077884
-0.863864692857349
-1.04148854075583
-0.842036976307828
-0.926158374074881
-0.926294647418262
-0.981292834407202
-1.00472005481197
-0.864711408269002
-0.87156705575211
-0.725857741274536
-1.01077778213442
-0.873436087798216
-0.793122585355426
-0.863878869423805
-0.857128487313787
-0.867090328298462
-0.732029382506294
-0.912008756854209
-0.809034370935655
-0.984020556666575
-0.921481660234381
-0.954116725346766
-0.749100632076629
-0.812464195044111
-0.788435065627526
-0.869914682801843
-0.720394009412316
-0.824276807049074
-0.966749278435135
-0.940149934594455
-0.90009360766924
-0.970388647014183
-0.777330025802661
-0.830847260321199
-0.873941334382437
-0.776374162714277
-0.842277056903361
-0.886013235479863
-0.897818563146096
-0.872434245824487
-0.743460990006002
-0.825834969513407
-0.77491315626493
-0.77974947265146
-0.907837617288366
-0.825691187596965
-0.872608322626492
-0.839988645715627
-0.821269016594403
-0.844255949314223
-0.593646687986529
-0.710904951566106
-0.897358578506788
-0.621143868096307
-0.839552203125668
-0.785962742895956
-0.738043395259862
-0.698402352939234
-0.698218060876605
-0.679258394214445
-0.752056265972269
-0.717282190752867
-0.854195895331332
-0.559487140695014
-0.768824275630003
-0.732129825502307
-0.83566977644022
-0.838267373852033
-0.754959116323865
-0.691848135261863
-0.699399531651195
-0.74679699868126
-0.950170961215475
-0.863160858812807
-0.775312843367864
-0.812356724210535
-0.720829003693665
-0.757962054166944
-0.722391199259975
-0.768438606373062
-0.687884331581726
-0.647706216895809
-0.715729974840643
-0.767934582048373
-0.618388593470078
-0.500964806177185
-0.833393589916094
-0.823653937394502
-0.806766124549424
-0.664864120431249
-0.663615785849319
-0.695855955066749
-0.748710061762613
-0.741781435117665
-0.840662937396552
-0.687984890097092
-0.712728521640246
-0.59647905739861
-0.631769854831766
-0.66626292469092
-0.810941302630618
-0.683842262867694
-0.579515548431873
-0.648084167635423
-0.747823778850303
-0.634131911105796
-0.782231724983427
-0.714772435423892
-0.661562935660663
-0.665033603535817
-0.72892274861571
-0.63982855029785
-0.644783298260963
-0.580388692808359
-0.637532611889564
-0.707978261644995
-0.73245347635115
-0.62317711817925
-0.549972574384652
-0.617947219967871
-0.698225505038151
-0.795400810595063
-0.728926454171043
-0.573064583914645
-0.768224513394431
-0.761813988896137
-0.622897991361274
-0.715808636148549
-0.622988702377833
-0.851017953088104
-0.584372248071753
-0.553517082532235
-0.739187203251275
-0.592045002299515
-0.716715504525281
-0.520372605356159
-0.637705977781697
-0.697119385037621
-0.634466527503786
-0.721610064909031
-0.627824983187464
-0.749360928713244
-0.644360262278277
-0.63420958677577
-0.622472325568027
-0.759290837951884
-0.462385350179738
-0.518250907682234
-0.567767978487215
-0.661730071250893
-0.634915707515019
-0.556013696530222
-0.715121083434314
-0.574582280849691
-0.610658383958548
-0.507389679006176
-0.640055864096385
-0.623685436566707
-0.554494226395069
-0.598402934391173
-0.606258100956088
-0.611881961053906
-0.633239338542427
-0.580781453805118
-0.562888935412339
-0.489353551697015
-0.474150928387346
-0.403998948089148
-0.671191343277963
-0.639941156514937
-0.630375925602182
-0.610586505747813
-0.625694780560685
-0.487888167668665
-0.50482025307047
-0.617900633330333
-0.543360925678598
-0.715729222119647
-0.423815589205287
-0.415791197257429
-0.460492747607617
-0.550898137011554
-0.601378005363806
-0.415205304159559
-0.473855813442261
-0.447882304120348
-0.42361188469241
-0.402938392392389
-0.529682394380277
-0.489837697456594
-0.623017982693996
-0.484524657838434
-0.623118332185956
-0.580511874599656
-0.492379802443601
-0.664348185896796
-0.564833089958525
-0.410458086987213
-0.533756529094707
-0.596811725759249
-0.573219350137802
-0.514334217467473
-0.514630167031794
-0.48775588698052
-0.531495898301087
-0.625416577535865
-0.532213179264431
-0.489023142069435
-0.591875451203905
-0.401999829465517
-0.591082121461147
-0.533322770720441
-0.634937195438968
-0.351792026506798
-0.563036240978063
-0.518541485803678
-0.58432897379977
-0.419440087872196
-0.453701238760341
-0.455487028056624
-0.377695230097649
-0.49144336044674
-0.471224663608492
-0.53560230181693
-0.468420741411851
-0.408880565804314
-0.464293877798532
-0.454296291828302
-0.449185370173924
-0.415478191150061
-0.66529622769329
-0.427296577175153
-0.396463081921624
-0.471848243417143
-0.460318059717675
-0.379256041739923
-0.536441454972012
-0.351510146759953
-0.535712041261086
-0.330654875846644
-0.414044234935075
-0.501872856814506
-0.236218262123604
-0.463578447061358
-0.423300044451128
-0.396269757085711
-0.517839353100494
-0.472924930149757
-0.428993087164247
-0.322300817749189
-0.402634246210977
-0.320262251603753
-0.43950845853531
-0.366554903380597
-0.561500964522888
-0.333381460125387
-0.300295678634832
-0.478849413114601
-0.420351722943966
-0.427961789017354
-0.40629472236922
-0.418817598545046
-0.44286259669003
-0.426269262200422
-0.399655286883147
-0.359264951866155
-0.282016180072471
-0.249100952858342
-0.428890775751903
-0.247806242385496
-0.252776310852807
-0.34995990829009
-0.45807397854467
-0.33713953388614
-0.317589418734628
-0.330336843652883
-0.480011906803594
-0.432026760109305
-0.234355693468837
-0.367358808837922
-0.549117495897914
-0.277822645571342
-0.397856491476411
-0.319646489976757
-0.336535609103961
-0.389947320937048
-0.161191210349897
-0.251636698681038
-0.296898245024055
-0.262513459070195
-0.283859859290097
-0.276353235409482
-0.394131705838881
-0.28378362478664
-0.261535411010966
-0.310175938109828
-0.248968634788694
-0.254309362245338
-0.309116281081913
-0.303746810429287
-0.475832239905899
-0.176527265915335
-0.374552936077427
-0.24538974504545
-0.355019279169309
-0.331486061037161
-0.212082154332487
-0.304409646096845
-0.267979707453325
-0.260222485978627
-0.217765295193964
-0.265260444349255
-0.211565722720712
-0.310251611391162
-0.307106592908564
-0.185373782551367
-0.115232552179686
-0.290308001051624
-0.277338890992081
-0.113551011786811
-0.259591997219681
-0.127086545869104
-0.328541382084681
-0.283526553511462
-0.220244415755436
-0.405935686499968
-0.233846722216862
-0.231463566808866
-0.286689161617874
-0.18549243454873
-0.269402505796294
-0.37321488322696
-0.326326585205849
-0.161156201812003
-0.0491960731819222
-0.388380913494927
-0.251257066450565
-0.293529913287457
-0.290372707307557
-0.24251234856441
-0.237497297918891
-0.269464672455402
-0.166988653454562
-0.215762826535013
-0.291757372188304
-0.223256326055738
-0.138285428567476
-0.0985319420264545
-0.096922357432431
-0.174952901558591
-0.122599768734952
-0.258164588179613
-0.179508331546709
-0.389614732297681
-0.269110784552659
-0.160370371946286
-0.227761550498466
-0.224239360788661
-0.0954502118568913
-0.157201608830931
-0.259255995088688
-0.203061003869618
-0.0862792582697798
-0.172373239339523
-0.184422096859769
-0.186806094285705
-0.225472164108831
-0.217408087851799
-0.175858500251972
-0.19533155800829
-0.292700457992824
-0.0715926424386411
-0.27724824514429
-0.13932530548934
-0.170309730394185
-0.307123911788896
-0.0998393037748214
-0.393576992965901
-0.198270204300125
-0.0460283847277545
-0.0994775674905554
-0.0748712499105794
0.0169088961799307
-0.22113118112162
-0.0499815728459159
-0.0943659083519557
-0.0830662984136853
-0.136236289814801
-0.20453537608783
-0.14269716409289
-0.21289833394241
-0.340180634274148
-0.0535065821092082
0.0432923298778356
-0.104190090070403
-0.107358719577741
-0.27533528503097
-0.205016368056135
-0.128774147674959
-0.155009584032202
-0.108075463331361
-0.253564698985784
-0.21538571771077
0.0259585707277741
-0.229825894569438
-0.0773631312473711
0.00599104913447561
-0.0668318140184855
-0.161548572999998
-0.0557976324125315
-0.120301862269834
-0.039833998847545
-0.148123240423894
-0.202833462346599
-0.051588703211968
-0.147149982958496
-0.135031295647959
-0.214279409869102
-0.0260831659854246
-0.0778462872174328
-0.0288193277346543
-0.0418639433995433
-0.102400839325866
-0.0391374542033322
-0.0303692865148637
0.0210933783631628
0.0170316307128331
0.0961965389286013
-0.0650937673548776
0.112604662578212
-0.20592694261382
0.0338407510461867
0.0531997059984708
-0.00618660636151583
-0.089078089041685
0.00813488580078155
-0.0398786959565829
-0.0227139521251285
-0.0168402687624583
-0.0707652130623931
-0.162006734041097
-0.110204156700548
0.0452399222678805
-0.0104343775783569
-0.0622342111909552
0.0645006810725325
-0.034022151574974
0.0498727189905986
-0.0878192745417184
-0.00850001420646975
-0.0575583668004199
0.00684644575986614
0.0394758967852584
-0.0162619337039879
0.0482878244253101
-0.134840767374527
0.0352806770246883
-0.100269944101369
-0.03553348543038
-0.157577991307114
-0.0793517353727587
-0.0163352266524663
0.135888618986248
0.0693242433277812
-0.165499403111797
-0.0523079962740193
-0.00697783069000061
0.161246325297206
-0.0105550242875301
0.0429635507099509
0.0866431746024326
-0.0618229250367959
0.0661331381043533
-0.00222707079796188
0.021762019872326
-0.0803372739326444
0.14447416644101
0.0609431153052208
0.0411242334668983
0.0239891110853596
0.150707291705647
0.245323254499667
0.148368332328809
0.0243360867834958
0.0468875557632572
-0.00361517941564112
-0.0298702111440815
0.0647613866528795
0.0858510392803125
-0.0541028734333816
0.00454550219658211
-0.0200071224506845
0.143351809255606
0.0629669838822732
0.214213213242407
0.160945490348632
0.209694615954985
0.0969984180126747
0.152455315164612
0.115668940811964
0.0476992210093205
0.0824750162382491
0.19301470269627
-0.0535594332439555
0.192259140193158
-0.0846666237831245
0.275663297661331
0.171112212530738
0.128774534384009
0.10949534366212
0.208537421920544
0.0903696853522368
0.0706009341065507
0.175451445803078
0.0255976667950959
0.275678007117122
0.219023181841733
0.0742347079556671
0.0999935772063154
0.217713146461442
0.220275936694573
0.169411602777016
0.123933242560249
0.0706959782402148
0.214869475190377
0.152508471126579
0.033210686631856
0.0370630808337079
0.158763647703686
0.166571720311203
0.212472134908286
0.112241997426861
2.54199487913197e-05
0.0698337134654012
0.194745242134095
0.132404469832864
0.236494097533036
0.188372018686526
0.0135954003627683
0.143027560851604
0.194136636135532
0.195404956768057
0.03085084225785
0.145775505146682
0.221180629715
0.195369392034145
0.0387484921304231
0.325297750736565
0.356758717913893
0.215457948293272
0.101951122035593
0.130453735788922
0.185533516847988
0.185807285489359
0.25512038666341
0.159983176711734
0.135480494741176
0.155516139249122
0.102307568048076
0.297436065230779
0.279619222544377
0.202391299235306
0.272591996767941
0.315713161859646
0.253893005673571
0.0033742240545874
0.277934703547812
0.18792819862059
0.310764245619809
0.0245429823076031
0.233026359859679
0.219024977946687
0.172246447158145
0.253497576769642
0.158061749923243
0.289373695310087
0.203280582086522
0.295905494543589
0.32866129919783
0.235852583647126
0.359423837132365
0.10222452601271
0.554054345496083
0.147771045081274
0.243124500546446
0.351659397518072
0.13343837347368
0.290065773664342
0.338593858103202
0.168626203520324
0.176454455690792
0.186332332713989
0.383714525260689
0.353400135748131
0.274239373262828
0.142249187562716
0.358594034020006
0.169637313584968
0.318123766443593
0.339847130736158
0.328602735855621
0.362478203195269
0.337752922302482
0.364568899941825
0.323576653903981
0.31835840268361
0.204546888026551
0.477304224830544
0.258301047827169
0.252778382430888
0.176780628790855
0.326694824616136
0.292502405203446
0.322672624448049
0.326449618854081
0.288760585910366
0.300993630458013
0.445501395496747
0.308404419415287
0.323407122395415
0.382441317329746
0.307671085661254
0.244177355194827
0.302721443397477
0.466140397064509
0.406119260581066
0.196047435892903
0.249528684938334
0.32504171714679
0.391401395382149
0.132155768395701
0.387136231247677
0.411980831004392
0.283744665818201
0.354022775384253
0.427559552250356
0.441166360715079
0.308383916904894
0.45262347744388
0.46600020256265
0.320617438724268
0.390824945995081
0.394312909091886
0.407825020521328
0.312395871259077
0.469577422249992
0.301906406509681
0.408528930708939
0.359258315556788
0.271003534695578
0.246267798846022
0.445656958898029
0.51095545487572
0.433511991028254
0.475741232224407
0.320480627243709
0.434852793979527
0.387635856317657
0.438959980988547
0.426065600222892
0.368898171617223
0.396583871300663
0.393698539371108
0.562905222879384
0.432644007161122
0.55307719141102
0.532157819689059
0.332548854375832
0.312334204833913
0.50111801849274
0.44158327814256
0.470789887204857
0.441873791268851
0.240671140227601
0.478839584266591
0.390628856202383
0.460319993832097
0.441128256688878
0.45362272734066
0.491782259815783
0.594593343882782
0.551853361765114
0.434770522019482
0.612587737614563
0.528318529015316
0.354968458055476
0.591052161756586
0.61808185020822
0.555119078540085
0.322343690918342
0.513031721099782
0.399762441532747
0.476220809420114
0.435719336237122
0.499495179544536
0.39517125460615
0.45613961409692
0.542360351606491
0.467648908159523
0.40256321853233
0.502357123326635
0.538986746472113
0.572004902749344
0.477057938269997
0.491780180661556
0.392499089597438
0.613902688463084
0.569145895684908
0.543015422034234
0.559404246070638
0.531987441943131
0.549398461308176
0.583418389293656
0.572241556976588
0.571123766206426
0.384024896960364
0.572139035605715
0.56766928388557
0.519150682024114
0.336848295683749
0.517992162800716
0.604362500880144
0.374784565501214
0.490023919911728
0.579391275336248
0.564884478524291
0.606955565711414
0.530811483232005
0.643727639735963
0.564190215470129
0.565193833661756
0.458100434686174
0.538615259818331
0.498176679300706
0.597967604121807
0.492041912753613
0.601330127767242
0.470087927116643
0.614356347149942
0.572515227974159
0.474785165419088
0.502989054131571
0.671568320578516
0.578012730932947
0.601852401695286
0.642140449314762
0.678799699726003
0.681812258337175
0.642238587921791
0.5858106710987
0.539715491415819
0.675176105190929
0.646410894026439
0.560894589927865
0.625152648005523
0.545644793505726
0.479124606666629
0.666481775012557
0.584731780688402
0.699747979827351
0.673289477371923
0.619129261850225
0.621478901109108
0.623690839612933
0.708759513024864
0.627581204519976
0.654380671497259
0.744381072030727
0.48177780376023
0.575298142071525
0.685533638541168
0.615701572122601
0.675416792181043
0.588466989166721
0.687894732082228
0.545290263502217
0.621049839231343
0.464953533966602
0.757836537123219
0.554302326683378
0.693400449217723
0.768223790458191
0.574305164736905
0.619430629353797
0.858992378160236
0.591423316396235
0.645981834501209
0.77329876962706
0.69397365694465
0.549649585698611
0.631654931654362
0.487738009903281
0.570472977500412
0.769562095331461
0.747168649396377
0.674188971106254
0.53512172956345
0.740519075524098
0.705540754496117
0.593178852158004
0.705319470018034
0.645238163165485
0.852625923700167
0.708369265859467
0.75259671656422
0.705811598596253
0.692119264813908
0.777548617825609
0.633400031041615
0.642709699739508
0.68301931950818
0.614065750610998
0.711726625268953
0.757816761644061
0.679459456689537
0.621881296291944
0.799411192024357
0.775990772429571
0.7320592576376
0.573998629167416
0.749388535706681
0.690449767231487
0.715817146267267
0.682240225031234
0.742232355953249
0.879671962007944
0.735121604429425
0.736246670698502
0.733564396348406
0.760317148350516
0.699889178754921
0.872367201774807
0.802630574014326
0.868688685598411
0.706838944160504
0.793357812313143
0.83089515981096
0.729905144726077
0.908197285551242
0.610689111077194
0.90340753448637
0.822220322842103
0.78347622927769
0.789494975962913
0.703285601939173
0.849090271144863
0.809867216717676
0.732734057786845
0.687048815672708
0.762032881519297
0.769541439327464
0.922896102113771
0.820657716767544
0.851824572865048
0.70089300650971
0.797012846842154
0.825129003117974
0.865960941410895
0.991600617056348
0.733517421339846
0.751374379011037
0.878348760945567
0.835089724297945
0.961196171870187
0.837332244687934
0.781337854499175
0.917569930956592
0.828277778192
0.885825062199303
0.7291289395531
0.767704272119025
1.03003399607919
0.914420357258127
0.857025087545326
0.786832211413189
1.01992066783548
0.882098253146726
0.890341244308764
0.955393918263519
0.904164663039808
0.805309284858496
0.698564975618476
0.83357534547739
0.808283064653917
0.842351228505241
0.835422620775196
0.85694249686893
0.768075714402188
0.94845164742755
0.847169533058861
0.923408078686709
0.874788330674362
0.853657792414479
0.863566026000227
0.870827325152584
0.913178582087972
0.820801548573418
1.03313496135995
0.918430288509141
0.991524806021836
0.933705166453486
0.945835263372307
0.893318810771554
0.81324049087162
0.965857683737502
0.926994154400254
0.942401564774803
0.98917570197698
0.982860823676575
0.908660160406634
0.756974214346639
0.936879136763989
1.03579075734806
0.806193060657775
0.978874873044008
1.05873083486779
0.916365758000402
1.05666308536187
0.931591290818673
0.952070284157588
0.918314018353873
1.12772251304444
1.07697689010459
1.03103638558342
0.901849170168661
0.920338413050024
0.989995834439113
0.986449950305044
0.975664641563435
0.977051460509067
1.05670900450249
0.899529458872655
0.960478228691442
1.11994152815085
0.967458272965254
0.924458288119875
0.942774319274642
0.889914180046848
0.724476059058076
1.0971029161314
0.903617945881503
1.11922904645524
0.967150174982923
0.88434793896716
0.93893315725298
0.987742040613532
0.814970112614167
0.955269594421365
0.975276980105845
0.885233922945006
1.06484002783592
