-0.0866002682491139
-0.937427389746414
-1.01984199241892
-0.878097366355796
-0.953287684973772
-0.99319852857242
-0.993309839101197
-1.04793406926823
-0.981103726236514
-0.914700683322827
-1.02762392553367
-1.02727604039023
-0.924617373758165
-0.985297507399814
-0.812351709806078
-0.83175605872431
-0.920728675413622
-0.97204749826403
-0.968835972357619
-0.850739582560658
-0.905827407942518
-0.916015695006784
-0.863711341409934
-0.981504107179899
-0.904353362729756
-1.06592648813535
-0.969950865838172
-1.0926497922792
-0.828784693859758
-0.795079868202651
-0.822150635004946
-1.03884217089344
-0.876426387846127
-0.995689983933684
-0.851494531034752
-0.87104707487799
-1.07949884346665
-0.874671284691948
-0.970199774221606
-0.911935797566079
-0.961711699032651
-0.899047758644923
-0.974525886389728
-0.918903173521005
-1.00180478233234
-1.01006428894136
-0.920379594290689
-1.04175156794096
-0.939590843060928
-0.855252584765975
-0.919517021379435
-0.890753114548034
-1.00093661337656
-0.72472903386675
-0.915738354959297
-0.855206019702381
-1.02946039460421
-0.888024179111869
-1.02263043537222
-0.739606853212786
-0.875533626069726
-0.753764279297844
-0.946566857330055
-0.796685601805388
-0.913508329955273
-0.844383245533597
-0.94312288051196
-0.808150946980248
-0.765180847054294
-0.890482408902258
-0.742802091647719
-0.750523511664008
-0.793061321913046
-0.66049251233302
-0.826828521669893
-0.864994826912668
-0.885283115381676
-0.849930889403945
-0.913302159870963
-0.824127453347845
-0.924416712949736
-1.03189122475232
-0.743365620073949
-0.948950730734812
-0.726629662468183
-0.743802750657453
-0.786841081044491
-0.82197285113857
-0.930472333481225
-0.724368561530652
-0.829021855646745
-0.817176399756871
-0.711962061910983
-0.766563826082997
-0.672277721410254
-0.827488279226227
-0.720681026808036
-0.867888340722431
-0.811103305084915
-0.850451293093661
-0.934514398194205
-0.887461790802956
-0.826648215740948
-0.77141642879886
-0.793056206227882
-0.718912832315594
-0.853914411631055
-0.795267525135491
-0.724416440675989
-0.790604268100101
-0.903282111564381
-0.858643303482096
-0.734326283108727
-0.804975164823234
-0.757054356613407
-0.867636966610023
-0.702095601004219
-0.727869867031497
-0.701610605938028
-0.814210906721854
-0.783208719482748
-0.734720886085348
-0.809513303779356
-0.660488108025125
-0.748415228084501
-0.715134548014759
-0.67590751714352
-0.801595505611277
-0.801056928122456
-0.893030971474786
-0.937343655267473
-0.620780117301836
-0.731514702065157
-0.732591831172769
-0.625997320540914
-0.69413886576326
-0.605377882227457
-0.880105498349671
-0.794896841619114
-0.619354442900603
-0.578350001078336
-0.771939474125688
-0.820597048977485
-0.688131303684479
-0.853825852015056
-0.598461174011012
-0.65294850631558
-0.672646578513591
-0.708284442510338
-0.728307885536316
-0.658193749706105
-0.783180091748316
-0.670170408025299
-0.693408213255913
-0.810788747441348
-0.682060758395115
-0.686457205013389
-0.781645086360377
-0.674603401471411
-0.698018390894139
-0.724053759206756
-0.777399963030438
-0.675285673049576
-0.756839011883223
-0.6226890561968
-0.770530632737126
-0.674934422852537
-0.597702611705472
-0.760931693452877
-0.570111000597519
-0.638150924063438
-0.681667610580575
-0.666780711441793
-0.763384223895918
-0.58991934843405
-0.656840878738949
-0.689127059958613
-0.7233560252936
-0.575686075155411
-0.710603156705063
-0.632090369063572
-0.674162086620902
-0.638016247833302
-0.531942813004463
-0.652830458308076
-0.545230230458348
-0.671371222210742
-0.602090797855427
-0.516116059452673
-0.681039787024586
-0.731366664587878
-0.74636463883376
-0.497479581766483
-0.605069891699558
-0.730862497384816
-0.552999261512758
-0.457841183770129
-0.656548124267031
-0.629461961894311
-0.428992853268841
-0.675604495867831
-0.648544433898227
-0.688891758648562
-0.573420259080279
-0.522359488412168
-0.532043772981509
-0.564147403226046
-0.487522889160468
-0.442809849793629
-0.750146403023082
-0.652244179907589
-0.516291336746194
-0.695016402485003
-0.562396196022959
-0.485058914777948
-0.643628580106995
-0.581508969309756
-0.496246737619677
-0.525411284313846
-0.714486861377398
-0.565650358316553
-0.573913896360251
-0.599356729278296
-0.556745110230774
-0.549355939105993
-0.46562894133474
-0.480356762581388
-0.595627305859525
-0.416684418983847
-0.494711056903406
-0.546490227691532
-0.589600054569878
-0.627195539817934
-0.574818445960676
-0.65454766026895
-0.400348152969808
-0.627671475990431
-0.547931662141776
-0.523364195399732
-0.543333602287336
-0.461183291324913
-0.486170242666247
-0.544270975493084
-0.610984669155794
-0.431931534314276
-0.523518228774069
-0.603954672219624
-0.677056943886453
-0.5473764681025
-0.49381055433811
-0.536377234072057
-0.547841743409751
-0.53070847784011
-0.457336124654383
-0.380362005011884
-0.402475955839952
-0.588289514592066
-0.49062261115259
-0.49817043126735
-0.385184804078785
-0.4856634251514
-0.501731552235148
-0.497782412629933
-0.513843435317559
-0.549625141305283
-0.400822672889445
-0.551168346291245
-0.385748221645831
-0.475669672214338
-0.459538661690339
-0.45162582803764
-0.627369521511357
-0.525700425389277
-0.285602942108811
-0.280794954550356
-0.497946118893518
-0.457746750750658
-0.469723158039124
-0.490264032494972
-0.342579924184035
-0.546109041583258
-0.417377563741858
-0.48465600525237
-0.557009619605473
-0.413235156622503
-0.458769689960156
-0.487262037108352
-0.392149590542378
-0.413183872788453
-0.444566638251606
-0.290817610725473
-0.405621932309679
-0.415962510516341
-0.381781845201312
-0.323740200271744
-0.542886069777888
-0.320062624095014
-0.575193854106663
-0.31525072582813
-0.475282250486297
-0.477431891403053
-0.289787566441484
-0.485844150466958
-0.520628394125445
-0.527653498922445
-0.40938680410156
-0.248212201792798
-0.37298193509718
-0.458724573200295
-0.362846619368751
-0.485366371682838
-0.405880949548844
-0.412069989642237
-0.33411424718277
-0.45839109010709
-0.288982547769002
-0.31551130105126
-0.45083209204112
-0.41276877307742
-0.361560996886069
-0.311826756084974
-0.325497730805098
-0.398410919072188
-0.387337248152332
-0.432924693013948
-0.357668185458256
-0.369905223618595
-0.41611133284973
-0.357043089769282
-0.269335247273018
-0.358217067184959
-0.390021721113746
-0.17250546890177
-0.282256663131921
-0.426817933779639
-0.357182938934832
-0.276490017676192
-0.284635912606853
-0.336087284624039
-0.433140602199814
-0.291141995202859
-0.392619352968011
-0.396200521088303
-0.478182131376569
-0.426775787017239
-0.101296051987853
-0.412079618125557
-0.210287425722583
-0.326984921769548
-0.459547750460433
-0.352841602093643
-0.279578409831797
-0.287916281170969
-0.24736792188186
-0.248183138450932
-0.426206557985279
-0.200386596033774
-0.221069163289071
-0.244074384523087
-0.150533707175785
-0.312256084288441
-0.258573546455531
-0.176541089389444
-0.142537912013818
-0.3869839988733
-0.337539585313054
-0.15710336326464
-0.257253064859632
-0.179785159688574
-0.338887422385177
-0.292323576566025
-0.283956243685097
-0.266338748055945
-0.23476408683503
-0.505542757129192
-0.285097166666965
-0.238986614167122
-0.127318284561701
-0.285040281834669
-0.1123120717459
-0.360297011556603
-0.218153106278735
-0.278950893530102
-0.0853827090157962
-0.311535230985414
-0.239461397879804
-0.261276236482013
-0.189696774867348
-0.157078300101983
-0.318452413033214
-0.178294867050145
-0.121547598433718
-0.205345500231134
-0.301373222858245
-0.253417897620119
-0.203178726947495
-0.371125688444132
-0.262905749797597
-0.252179824582054
-0.346334363064675
-0.176537438909782
-0.230074945178211
-0.0312393781483746
-0.206056208230218
-0.264486948047351
-0.161650958533207
-0.132205845112592
-0.263094468263709
-0.197285504050498
-0.181344493362238
-0.147701836630477
-0.33316357336318
-0.306164293058135
-0.157225249637565
-0.202360840000483
-0.222627625461484
-0.109018091403789
-0.31035915512387
-0.27329743560249
-0.185562475185939
-0.226727241700606
-0.0621789750452131
-0.138235126175114
-0.241635393502333
-0.315631775647626
-0.161969391506392
-0.179664741758486
-0.146886059931979
-0.287629916119872
-0.0450086638626777
0.0101101597890761
-0.194574397671666
-0.105259352607295
-0.201680308695609
-0.023552514937234
-0.159147272835119
-0.142441568289125
-0.090559474611301
-0.0402119731732394
-0.078152222676363
-0.144788866171358
-0.0975778818048393
-0.118438808475695
-0.0848455550619924
-0.0912275002311453
-0.105196432019456
-0.0845190885180897
-0.0613676856117636
-0.0153172523924599
-0.171571225769958
-0.030432380553937
-0.121756897684919
-0.036169532084272
-0.0959429351935412
-0.133977125730949
-0.177158834079028
-0.110657149095287
-0.0085388897638825
-0.0589280586153554
0.0163840274283638
-0.0752730053550393
-0.0422889297920073
-0.163809634253244
0.00540019440879954
-0.0138144385829602
-0.270455879071536
-0.0656701529294397
-0.100594093952184
-0.0483241338276178
-0.152016932484732
-0.127128699835918
-0.170190300867179
-0.102787812163613
-0.124785255355321
-0.122303572148133
0.0157160471665172
-0.1103436649204
-0.0257799772815149
-0.0220484784450578
0.00853599169686226
-0.0699733347912271
-0.024052385755122
-0.028388876126593
-0.0248948892014553
-0.0663086857611035
-0.0673450284767055
0.0302910268608506
-0.130276881251773
0.0644392049439218
-0.0420338340796895
0.0844044499286152
0.182144754629922
0.0108460728581273
-0.117524355919984
-0.01618888935835
-0.0366299252344201
0.0265816209718816
0.017648972751034
0.0263116684303162
0.012655736268829
0.0945903528957658
-0.118307291564462
-0.115884783928944
0.122281391158826
0.0732515421593785
-0.096903037010828
-0.11257226691807
-0.00562679156021939
-0.0461452727079748
0.106767436940517
-0.0913853064550016
-0.0773856250945219
0.00692324944422391
-0.0411477983745487
0.117450107893935
-0.14236573857264
-0.0308946986826808
0.0143853447403616
-0.0100435235791255
0.0466475155241982
0.0226766029573053
0.0364369296548183
-0.00380458127045424
0.046801097978933
0.177473699454332
0.123880299977289
-0.0181763975855772
0.154800960641682
0.0328090756696979
0.0902478297247534
-0.0430854864156627
0.222910013892295
0.0836006967168747
0.117016054946537
0.0243148081917373
0.0620527317469478
0.0633200351350262
-0.0347508861672831
0.0184929897444395
0.0908897467235749
-0.0316131928809466
0.128589697784384
0.245533889088245
0.184053255950706
-0.0119488322597194
0.103401272666782
0.0665437885676247
0.068318778029755
0.166696554217065
0.102227386327802
0.0134283592349877
0.0869005466889884
0.166526330977557
0.0155403146252175
0.0670753471184611
0.15062248276632
0.276451599764922
0.154698451635784
0.117867529775182
0.140198171179766
-0.0712764877863854
0.0522663992642437
0.231676462373814
0.152841976317595
0.219728055562479
0.131766213625116
0.163339016923335
0.120474430652046
0.0665609951865308
0.188548050434843
0.16631253096387
0.192623488676838
0.193307892416041
0.171695427948839
0.043358829334365
0.307037242270095
0.279596301460603
0.16596139478185
0.1833759236362
0.195893041720296
0.191310539223505
0.236118732739768
0.184923944613856
0.0325890706153741
0.288013939472762
0.176854498582714
0.243888179378974
0.103798057691823
0.205831286147358
0.149525588122034
0.270372361391971
0.185750703688516
0.30324237076023
0.17891244020282
0.306549971825358
0.221007006354651
0.230319974179876
0.195818930428518
0.268102356044459
0.237673753715487
0.110274184258179
0.362622731466101
0.225995133897654
0.0386589400599595
0.389121841534614
0.280624923569428
0.126022143901265
0.187547986773022
0.153689252595924
0.326397576466228
0.216182384779645
0.210034026874713
0.238088499123036
0.146072579818716
0.239369045692697
0.408595734003218
0.329325732442706
0.202626867042332
0.22626649469937
0.422959535324343
0.24866878223882
0.189410491472984
0.261849535045453
0.189777801752584
0.298293082715096
0.128876465245576
0.310338211736115
0.225715080459461
0.213294142762399
0.357171842192132
0.181057571600878
0.11548684100567
0.383916306382743
0.174482855016524
0.138169667195626
0.279594185224838
0.260351603256425
0.388722162196529
0.264989533790026
0.225364001580044
0.272450113419437
0.311198936783454
0.21530865463697
0.189810286096205
0.338570624040044
0.222237970317685
0.250131989691912
0.303691943111442
0.310204115489301
0.454347493773262
0.43297443425348
0.172918758104523
0.197587719448507
0.236619139164462
0.283651517652765
0.419341572763434
0.23877108469233
0.380678186827276
0.272720673300971
0.30953123590766
0.239763799048488
0.34324766569805
0.26296415166366
0.268838044118519
0.24359901586314
0.237308955588248
0.410720511264944
0.578586218615355
0.35789814648479
0.34073674388229
0.219536149293874
0.198536155385041
0.2209365303887
0.384183047852247
0.353891858447537
0.387873262114009
0.248906628687315
0.239280242388443
0.476917382286825
0.498402793222842
0.375949150795154
0.424372373111103
0.244785764704392
0.280356683556519
0.270096115894222
0.415044587339925
0.50254759367558
0.256398785810074
0.403582382433667
0.323678806923068
0.441054533832343
0.377060884817986
0.499110032209824
0.259590572667871
0.328802207099348
0.362913118629031
0.417282116663503
0.283461188988592
0.421182058242785
0.382528330598704
0.275221343428239
0.416986067216438
0.436122357444384
0.436092814243215
0.371914513235809
0.381235628698524
0.451649435310237
0.475995859403228
0.527363228376878
0.456582369941484
0.435228825085859
0.521279192095289
0.297605395102795
0.486069391137213
0.433746804823162
0.458962062432424
0.478824873637914
0.360106513235272
0.525979399641272
0.484249066448267
0.501402945841208
0.500225907865762
0.450388454654227
0.452699551688214
0.345217753244699
0.420574534854087
0.488816790954785
0.459686010661375
0.646903442957987
0.416440477305176
0.403243873088199
0.528297138582237
0.578390569798496
0.419841229557574
0.295141572948179
0.691082530238393
0.484837929746822
0.557807533736339
0.349532936520816
0.501997641023545
0.425819113628642
0.548406171963203
0.470879651903838
0.487249752886674
0.480601906706791
0.445468719734863
0.413755210360004
0.467365257153762
0.523999508860871
0.459966014626904
0.420523119425483
0.550004939934008
0.504597321771174
0.561861093777047
0.472571443519582
0.619306304057693
0.494332097812112
0.573873196951295
0.429941205689716
0.547588048368627
0.677196183411849
0.58963744038849
0.421999431094208
0.68835264432415
0.621012223844898
0.462792320544334
0.617179782319541
0.631496968369449
0.406023358231142
0.566775432336117
0.539445247355105
0.367919210313413
0.523948669650861
0.477567202773717
0.60686277612718
0.561661734295163
0.445478794322097
0.437705505064368
0.599620168660342
0.454986464205021
0.555835751006972
0.556031268959927
0.657894819448167
0.574580466864998
0.597470339105775
0.586170113287254
0.675320749656791
0.822805090828887
0.618249479533949
0.554235046920133
0.614712933488385
0.667493600051406
0.601970696929003
0.723425291367479
0.707416939419384
0.618536586995787
0.460915887352116
0.621971963804763
0.561492966028751
0.765935973737
0.44771427851452
0.694355306898637
0.551779018226095
0.604967442751537
0.549964938566504
0.589931454749317
0.396399166114523
0.692598509014435
0.618936003641863
0.604372285694447
0.703195223500195
0.559312662460926
0.646111099467473
0.766594135358182
0.66045720443185
0.603396561499923
0.646466030873264
0.581014213684388
0.646369939370395
0.609879502202687
0.658529389916037
0.64929209256318
0.656250424147416
0.619687837356326
0.566240254388355
0.786212482840064
0.54282627042033
0.588408954958437
0.553113021842979
0.64574021085874
0.606751801958788
0.70747325144068
0.642247966773887
0.619679104054902
0.714620673762207
0.685086665962094
0.696389487596874
0.496612371973159
0.808264564623223
0.640114890429812
0.643492717894922
0.727864829627953
0.719571918456302
0.684485317275489
0.584600102166919
0.647048897544773
0.579237409908636
0.603974578076284
0.544473544279763
0.51211672682053
0.680153196751899
0.544103845807318
0.745501420876953
0.641835752247378
0.69932122007561
0.76139962177355
0.825155551357642
0.750153224007295
0.648772909843421
0.743545709688591
0.890330439986786
0.834219047293844
0.791728960336518
0.688865994299142
0.640956552231123
0.504465253193702
0.831822372829658
0.68251466108934
0.812683260426949
0.820140231729238
0.56417572083056
0.66528533681777
0.695927680610735
0.719519237520545
0.73714375079812
0.813949104349778
0.793252797851666
0.83299585945594
0.725046917506212
0.849240771086497
0.62129768322409
0.742721156083284
0.768564736700573
0.767950928858906
0.742169400466942
0.81568743616715
0.787170665499411
0.696359399421002
0.816930945082048
0.719953198936598
0.910332194104455
0.707586234916644
0.800105575753045
0.858449099801102
0.89621788233063
0.800143333091346
0.83368218028876
0.733970027385054
0.80219945530675
0.899727416021026
0.641553254439833
0.721682077370444
0.764586659987947
0.788819484103181
0.903286082071041
0.757382275947668
0.91467609277312
0.81598945046307
0.786042620715656
0.81871636633525
0.792196042485568
0.77196133748336
0.791618113578046
0.732200722635332
0.862104126501192
1.00004019497986
0.954589737608844
0.755614277674452
0.738364131505104
0.827958524184435
0.798391894883029
0.864852165424373
0.819122360801265
0.84708970436785
0.910904797253279
0.936786795034071
0.802337669888313
0.852309120594948
0.925190538779876
0.802213500840686
0.974498316578287
0.835143599584546
0.878501215312021
0.774679166420209
0.690921916460408
0.804109647443698
0.992530084768404
0.831332983168211
0.836668655172441
0.93528463860878
0.73489193249092
0.807064587550843
0.91315592528049
0.924930859954686
0.843954983952161
0.668224630036501
0.937010734587977
0.864637078447159
0.891560422685518
0.915312648477869
0.821315691041139
0.955873629095865
0.895362182093477
1.01236063593021
0.768523412079075
0.858425000872688
0.934020276221471
0.847135190506862
0.999993790462671
0.836756578740197
0.758848600244228
0.994652643984194
0.88442103941638
0.86194521261817
1.07959526912971
0.895904265068937
0.950624220686314
0.957716276751756
1.10678967568551
0.8427745620731
0.808266883426835
0.903392330221365
0.894302214356943
0.943004541389024
0.877544084818234
0.9816869780571
1.04565589924573
0.844389741815803
0.920086602980467
0.900450244946201
0.992627166489596
1.03866478555384
0.78235688455218
1.08325969880751
0.896457098365696
0.865862228284026
0.866303482590667
0.995219834234863
1.06781972685153
1.0537879811356
1.0319625992243
1.11100534255909
1.05746472348013
1.08367460190364
1.10496986464428
1.07896347418382
1.03869566599801
1.1593783272117
0.910351668700172
1.04244875935132
0.899030549621066
