-0.0982596118952727
-1.06365881707623
-0.970572174828652
-0.96644614962875
-1.12208900522684
-0.975262750013944
-0.936784828904139
-0.799125972249655
-0.953349853740871
-1.04933482399533
-0.834635630341584
-0.916350456467036
-1.1406056321339
-1.12089186367894
-0.808100678151956
-1.01020927006988
-0.881234709294231
-1.02397726298531
-0.911698715439053
-0.956139958617731
-0.921956269936366
-1.03048890011119
-1.00201492045656
-0.972919751706553
-0.929618000068737
-0.902461142455211
-1.03670969476299
-1.0870965005836
-0.87249824646438
-0.860316587034271
-1.02332807338624
-0.983385949127993
-1.00354667607724
-0.924263325045631
-0.93817423363384
-0.885550375782539
-0.94832584798875
-1.05563909380774
-1.00996565764307
-1.00900189480968
-0.92550731302814
-0.864732167373554
-0.811091136300927
-0.959756445145691
-0.859374483354231
-0.860884429781204
-0.820723709790752
-0.809269240567338
-0.985991134080281
-0.849342566775977
-0.999722774551283
-0.885045252395552
-0.957518839113852
-0.848166462840738
-0.724183242325687
-0.960712403048514
-0.922847480033616
-0.973465865868129
-0.870073583694198
-0.892320139441801
-0.917338634640737
-0.895328481703776
-0.922787338118252
-0.883797774291212
-0.804022566829523
-0.846526947451795
-0.880930570188317
-0.773107342210003
-0.78021954084962
-0.864649197692592
-0.833482424773551
-0.862408037133974
-0.820302011449837
-0.841740619626511
-0.950796803362863
-0.852263236147129
-0.705839276527823
-0.763114594394697
-0.750628351603971
-0.799385882295979
-0.881373511113006
-0.739843080854671
-0.75782956959592
-0.811344459019694
-0.788962136030904
-0.90089283987689
-0.970496514293619
-0.814989891105299
-0.781474692081967
-0.900710146149102
-0.792099930674065
-0.857214040996375
-0.945013596657257
-0.802321459358505
-0.813257107185788
-0.825891074796571
-0.751035549930777
-1.00206321857451
-0.671929326392723
-0.674707973292583
-0.797870601796643
-0.754065711003896
-0.768423712682429
-0.905918864843284
-0.836055366180524
-0.586754172113025
-0.796774638938894
-0.748396760538777
-0.851692262431631
-0.856935238817219
-0.861803340252545
-0.842501005611993
-0.937033910334862
-0.812668395025689
-0.828640870563748
-0.803708643713504
-0.621303623951336
-0.796866989413363
-0.883756062336687
-0.66914562396088
-0.795120904166578
-0.800584663500495
-0.774369072627433
-0.712454926718307
-0.563872441207163
-0.762787559770904
-0.781517738346312
-0.601128976044872
-0.811543133235904
-0.682669278880804
-0.742171191526003
-0.825114007903423
-0.782262917305292
-0.821812717666222
-0.751003594083802
-0.69071534103577
-0.727770262204174
-0.771773162801539
-0.821962976567581
-0.740548630936002
-0.6776943618086
-0.615915140131036
-0.65744774021781
-0.58806251585492
-0.806399551028291
-0.58375026712839
-0.790941834468394
-0.639382520940361
-0.662727373456201
-0.65583595005483
-0.792892839406219
-0.693521652299754
-0.723734322119127
-0.794302367005409
-0.733489686047113
-0.628924907716279
-0.686995387112266
-0.737319168095893
-0.629941473061166
-0.677270230824454
-0.563948698993714
-0.75685943479683
-0.720497408159041
-0.758813312948333
-0.638525676070045
-0.709269064177301
-0.706236776529753
-0.505625828980233
-0.754611879761024
-0.598521226626148
-0.608232580905506
-0.525504566182892
-0.703106902586897
-0.619776209816948
-0.644527954473045
-0.745636900562481
-0.808302472900453
-0.598271736757951
-0.719742198814724
-0.769944150758084
-0.615383002156938
-0.514016478036183
-0.650818791125453
-0.609959288207553
-0.663205881759452
-0.587711975099197
-0.647460119415674
-0.602115119479149
-0.54788566342356
-0.622783688094214
-0.753844091555141
-0.796275683258285
-0.43937873593554
-0.71780251977259
-0.691944569423731
-0.84827204218164
-0.595732688000024
-0.620743149424865
-0.629315873585862
-0.708222586021182
-0.596954077915864
-0.601188804869935
-0.575277908234393
-0.54778841014473
-0.492548199055514
-0.385561113361929
-0.49968671065303
-0.721263382496765
-0.569004623623072
-0.612890609087732
-0.604264667427381
-0.603176035406407
-0.427858165868174
-0.57424037010627
-0.522656010924299
-0.595791311235256
-0.489440905668999
-0.568523179995073
-0.34690078094169
-0.524699734703222
-0.562387545064908
-0.596969034047585
-0.612619083096137
-0.605644480310865
-0.584512109942898
-0.405812021509879
-0.497320977918888
-0.564038916662717
-0.62058759428668
-0.346887925955172
-0.592297209159063
-0.492207022963768
-0.499184244466599
-0.400417177169026
-0.651279215407166
-0.423156497763016
-0.474183676854404
-0.353729209865367
-0.495137003109683
-0.64261256868457
-0.446548596865211
-0.503621258292253
-0.572147192011218
-0.605473591967731
-0.494776373641658
-0.518801887207906
-0.419793281080872
-0.392131692697319
-0.539196143727747
-0.459265863606478
-0.509687724409753
-0.498847735187504
-0.494353993399987
-0.476974939891209
-0.531198625429089
-0.472660648833842
-0.488133092240617
-0.441401250241895
-0.528130857516769
-0.516268068225915
-0.514233268904335
-0.407925674423433
-0.527752697863662
-0.562409273199964
-0.527406658206028
-0.419722677127034
-0.279228154857886
-0.521316971391534
-0.453395292010489
-0.61057018716253
-0.619961137225512
-0.478638352919813
-0.453115994996333
-0.364221124335492
-0.475604169921535
-0.488378981951621
-0.434311309321596
-0.4585819655724
-0.437829313640098
-0.437599556431656
-0.470027931959173
-0.351555948265308
-0.447474928876594
-0.454603872565149
-0.586244644950543
-0.293579841393709
-0.465283681253611
-0.322479320102839
-0.476609960331623
-0.501211287678184
-0.414379915415047
-0.322100934358925
-0.518836719969015
-0.393094857873016
-0.467035210799168
-0.590266276964694
-0.426935881352511
-0.390153010353724
-0.34984479351602
-0.295223370073317
-0.477127755298285
-0.552489781126029
-0.402566492725495
-0.462056457346678
-0.421801823407314
-0.33269612455759
-0.419743929641124
-0.517674304864683
-0.474391443652584
-0.379017727137296
-0.481061540297847
-0.398984163520703
-0.36815078690143
-0.41012690939427
-0.370273022069153
-0.483416843206918
-0.362127367687701
-0.414706491270489
-0.344924528955921
-0.194045214702755
-0.488179374177733
-0.319120345141062
-0.379251926512007
-0.43584324638983
-0.292658694687046
-0.436346222789773
-0.360668085717286
-0.561695389047706
-0.405628080109032
-0.34227016732375
-0.336062846927233
-0.448021294243491
-0.428327063813094
-0.413395639451285
-0.187014561490523
-0.461249555012222
-0.28493646106563
-0.315044727285498
-0.320517777756173
-0.408343223773728
-0.238133379822146
-0.42862321971914
-0.286938282047745
-0.319475689343339
-0.335642449254334
-0.257074274246702
-0.321819704553466
-0.149015228044713
-0.249522977420093
-0.312398709102855
-0.0216834282511306
-0.335088082981622
-0.422640818302975
-0.374401145922569
-0.45229690871609
-0.514360919021522
-0.37167903936949
-0.282300214910142
-0.251331011742157
-0.246741501643491
-0.342533096981604
-0.366066800514185
-0.353778369382491
-0.345980337179371
-0.318199159078018
-0.279200470360848
-0.241626555670857
-0.404396109503646
-0.259263547595959
-0.336917954408442
-0.329432833751889
-0.283057720742395
-0.332580659865016
-0.155444739110125
-0.228549945121408
-0.228573833867844
-0.287273054827339
-0.286805566519995
-0.326987313575592
-0.2830283222037
-0.353683418546933
-0.265501579281262
-0.206084579067362
-0.134331987571528
-0.330132715596385
-0.359945965339216
-0.176564791187258
-0.156330228559115
-0.27228064796473
-0.284141922801443
-0.367892782973307
-0.0741079293306085
-0.113187625169384
-0.108830586096014
-0.0980664900944829
-0.311040801707642
-0.372983539330867
-0.247343397492123
-0.103012698403788
-0.0768565551931333
-0.319133760411247
-0.195818146023001
-0.0607437151588192
-0.215789654267755
-0.18729416452088
-0.289352361133732
-0.0419178362278958
-0.137065439334324
-0.140676715709224
-0.0988877843532093
-0.262188061534465
-0.203718142279028
-0.167985404874763
-0.21172055778503
-0.191220808079949
-0.110554811406688
-0.209938608067214
-0.209617014221279
-0.272360170837629
-0.2314277136952
-0.0681439196983714
-0.214943359324401
-0.187041078924702
-0.0821038344622342
-0.0465800165076594
-0.21769178894494
-0.243892419979556
-0.183351230437444
-0.086997253834116
-0.250150936218665
-0.166181667466927
-0.0521793445359604
-0.275025209501582
-0.0951449479474008
-0.172810017021765
-0.121068175774636
-0.185931929793152
-0.00595412721109291
-0.275659016920642
-0.201203139586128
-0.135929895245762
-0.200415369694812
-0.0796533000491397
-0.143548550746695
-0.0254780509345701
-0.238188863056507
0.050801093950363
-0.03882798043803
-0.229902018254013
-0.00363501448433066
-0.205655002764303
-0.164105014245886
-0.106241839187197
-0.0898264255224721
-0.0675571428862427
-0.0982644679530875
-0.0205455703771074
0.0798018281841038
-0.0304067479297393
-0.166708876878783
-0.17070315483747
-0.0546338466752903
-0.169441708323776
-0.0950226598595332
-0.0445740185656512
-0.0535927399910935
-0.0434187426204616
-0.12591097193642
0.00275936622415501
-0.00453142671335691
-0.0580846691562372
-0.0672474757624735
-0.0113590914067139
-0.0203923134950995
0.0903161900314514
-0.208557940962062
-0.0463345440841594
0.118099536678363
-0.00671513592428913
-0.10901133748857
-0.142236034033132
-0.0132028155066439
-0.122337208518354
-0.139601531325955
-0.114578934901296
-0.10249947059138
-0.139547466495138
-0.0224150093648059
-0.0146091681758091
-0.255021431256829
-0.0848433365328619
-0.11382146887619
0.0272034124871101
-0.0131117835945285
-0.0909535105793555
-0.00468831489236359
-0.101594602482407
-0.143768481242799
0.107798986565803
-0.000466349687497582
-0.0222566685838939
-0.00323531558468782
0.0410220235343436
-0.011699490338312
0.0225363168926829
-0.0284135064649274
-0.0211071866660863
0.0426922276700005
-0.00886140140286092
-0.0326082651587443
0.0744915843725243
0.113254584360514
0.183678308987159
0.108977583666599
-0.0321685676029359
0.000133671407083117
-0.056214766329378
-0.0525233573976502
0.0137155888315466
0.0406611662149058
0.0152120910012026
-0.0287882759409873
-0.0275264084198842
-0.0108499587166809
-0.0339103674608705
-0.0529670342506603
-0.0442902830292876
0.0509130023337826
0.066199801320982
0.0477934525464549
0.128519491384598
0.000910661099948754
0.160765470393636
0.0660566217250261
0.150327604622943
0.153056683100763
0.0219245144003607
-0.0406122149529274
-0.115469408056183
0.145005458190978
0.0692520138534554
0.177903341002878
0.22597881278456
0.089213492531851
0.124462116977295
0.145807682108926
-0.0807025688485219
0.000161417673304003
0.0716250851564264
0.00545364318710858
0.140068734192155
-0.043887429158754
0.253594727718327
0.0749830502902278
0.062020664767941
-0.0541499847913261
0.132270097559183
0.0805404327732033
0.11279151159638
0.0598801393256924
0.0939809666013857
0.125705348096663
0.239640110398601
0.0335823036592665
0.166155696427389
0.165322101216421
0.0769544312516207
0.120909268184146
0.155949659845364
0.0272665604553153
0.101708496814496
-0.0192108164833835
0.310987129742616
0.185253170663192
0.118161784894693
0.164948303986068
0.154996688725584
0.196714598169223
0.211898247423101
0.0291440099431352
-0.0225613600342247
0.153697361532707
0.0502241698747151
0.0631925413549928
0.0568352939462846
0.249875571590542
0.125487987887185
0.273280474253476
0.172839260213468
0.196583763341091
0.258178512216783
0.162416469550122
0.207578864755022
0.197732112419153
0.27827491327208
0.19287446277025
0.330481127029192
0.332052720288329
0.26565192040789
0.128274753830822
0.237342236339459
0.016357098855526
0.25918717143629
0.0244483470364711
0.162016268816401
0.344962513780562
0.196919751994014
0.274738855569259
0.243764271927201
0.194045542055617
0.190375517289323
0.349114497504563
0.172855309734531
0.230573003604167
0.274405808061768
0.219691860434164
0.329987208632582
0.160395189763035
0.241847685646671
0.290076807748074
0.330553853749085
0.221902021727419
0.39809227074895
0.300351811616626
0.286531096483995
0.411453408336181
0.0955455011138511
0.179451100860845
0.364214018691847
0.216654825583444
0.0759081295934353
0.349535759117668
0.09022993622343
0.208926412495587
0.348107880401707
0.374897240855053
0.262304871441982
0.291462783246592
0.30618210217731
0.390648232881714
0.293106697740143
0.314679237890504
0.291496880588974
0.157578179424602
0.413998836557574
0.24170041663183
0.353166200446871
0.311292229828665
0.22368123970689
0.404827962012975
0.296156200223075
0.267601315141296
0.319496090133545
0.224755292448757
0.312833127586476
0.235854923351441
0.245010974638345
0.410867074149253
0.322436740208235
0.299085865960602
0.231416482549674
0.42234076273344
0.247057158084067
0.274594365271156
0.333195214016863
0.434206270153606
0.449817216053748
0.238020254717125
0.390928371426103
0.341750597841314
0.205158383550645
0.366318628597661
0.21540597356741
0.27228448935147
0.340873668352294
0.436319273288408
0.325053019610455
0.193769302125803
0.539006023707749
0.210608761817974
0.314196284661998
0.510756305035641
0.360941117841334
0.335448126473052
0.303105862909307
0.377141091224308
0.420471598381431
0.354682309217138
0.312236298456724
0.256368454345617
0.375771214156636
0.396816476877182
0.338681769713828
0.426689578525237
0.343211215277041
0.497755453492849
0.343447848981845
0.268475150295774
0.469241251178395
0.383880689787697
0.327731417239319
0.489541713834604
0.488705050141319
0.38897150410888
0.494747908242384
0.337929290595028
0.576240508677697
0.468145632135096
0.343399510985544
0.532163092179052
0.390982436952639
0.376339838717972
0.389657750313832
0.538159326152756
0.405453655908834
0.483947200905065
0.548941789992328
0.36447480968205
0.33927222801648
0.220636364579036
0.471220256632867
0.53828597173606
0.492936859676371
0.54644153907633
0.363796289644647
0.571466980873239
0.378234755319233
0.343135804818679
0.435895080296516
0.488206402749761
0.502304673798266
0.540896571576451
0.479673795553654
0.461989985703306
0.493249281721475
0.466032437417823
0.420057169701719
0.598776134535677
0.44591507137304
0.498008090899338
0.216394535641352
0.38602469821473
0.380669639502351
0.38244818991875
0.567145692832403
0.51337972549749
0.530494933017739
0.475548980606329
0.470768040148363
0.549472208776898
0.506206146307374
0.565458244203368
0.387919226451231
0.451347568714068
0.559804161714261
0.49026271660985
0.646622912989002
0.586412600432839
0.426295355114437
0.520894705894254
0.552839254120462
0.575975421639834
0.428935238686312
0.415103077026928
0.614120378980594
0.474340137736674
0.6256768210235
0.526542836033597
0.413222231722641
0.622785596740534
0.635519729986146
0.546125838980907
0.668363472093129
0.421165046510767
0.61730820703997
0.530557337477619
0.402639751250139
0.458188327671856
0.528007251666487
0.614673596475674
0.532204388088452
0.669999459821737
0.569604545906683
0.391277805348826
0.642520342083429
0.468860506001366
0.713080398969153
0.485728021374552
0.452807621013517
0.597906252002461
0.403449274318782
0.67346321629686
0.574721434077104
0.50472551326933
0.550956171497982
0.672190588661579
0.414459430805449
0.662225748550491
0.595936147263192
0.454709850588489
0.599657115449005
0.562900720869265
0.735843493323772
0.558790285123555
0.529369813171858
0.56981312386876
0.628481612636134
0.687664697524362
0.430224908649736
0.667094491044305
0.638199194538806
0.701164601622037
0.60383737266945
0.68983409791701
0.67339391677664
0.668820305249836
0.697352784777975
0.692928983148912
0.675159748401232
0.450699178512185
0.81961403907105
0.485454314346467
0.624308259394664
0.675708481380824
0.637253056326109
0.752630745000361
0.523617940530265
0.678197828538907
0.750357674513427
0.832965932413866
0.587007522318718
0.667102077606484
0.664076564177957
0.601308399172205
0.689105309785792
0.666140805012914
0.643853403289754
0.662348939774859
0.630876799268122
0.739007862493839
0.65315890186753
0.660945980557496
0.690384111481231
0.637260969265503
0.586417227881602
0.754062691903331
0.825208619023606
0.797047622418712
0.820243151081801
0.759072955176696
0.749705068607599
0.547572515977268
0.645016822065764
0.654288661507113
0.688414650124623
0.500958765850028
0.73972123982265
0.646956197356929
0.72599719125971
0.613739507678289
0.602967011761861
0.758601696876046
0.635659216024226
0.796693970974621
0.68865200757993
0.685874509345529
0.629211723933223
0.545546324485155
0.701749650689447
0.613507960057196
0.65136789426731
0.728267330210682
0.768941290173602
0.697918777285792
0.667749527334216
0.875488296855453
0.705515208505634
0.768301547251828
0.918378583750931
0.759780656898604
0.889731635587294
0.558549682887719
0.796881540731342
0.839351432642151
0.889631972604912
0.791954558738491
0.668323712197029
0.578786905367584
0.703582694198089
0.745452147198005
0.902308217369896
0.748999019243584
0.704188280046419
0.836528902238489
0.86779129565207
0.765678053427197
0.847278928259336
0.821857206574033
0.615706863761441
0.733974016776793
0.745790131282072
0.864194148184249
0.839864903274978
0.737293249784915
0.743400168776997
0.728342168837263
0.828649162700387
0.803435386475001
0.916091027797068
0.822931470964317
0.844089248631855
0.72001158747759
0.829320601741657
0.872760685560299
0.80460016370119
0.893811109322025
0.90352497056546
0.724672807816614
0.931804657503199
0.950920890304491
0.790400819283593
0.856048924589224
0.919212510676875
0.856726838850864
0.839220290610545
0.802982705948314
0.777783670400522
0.991460102631115
0.895807310725318
0.842368933300564
0.87793766715541
0.776392387835682
0.92377287669564
0.782531992837849
1.07464752678116
0.797837343940514
0.846555191812668
0.830849639076684
0.799075868227565
0.888236021226631
0.80991805507634
0.785289317548097
0.809277374099604
0.9358991862372
0.802226234523788
0.853463735555001
0.988049936343422
0.721052468880928
0.941829588132622
0.819638697749117
0.809841992460826
0.971834972116974
0.927674558805069
0.896614238378478
0.861608238593282
0.884860386035798
1.05739498023163
1.05958036796143
0.977094767137749
0.930686800755012
1.04358420253549
0.952879962446095
0.992241979871618
0.96028744678735
0.899656657717022
0.869652748214993
0.945160493142086
0.869551407080184
0.987695365684551
0.811185684235339
1.02010755996187
1.08898870686992
0.898991615380729
0.773429691577369
0.899792580056883
0.870717212245624
1.06032530641351
0.883383668349689
0.87310040306417
1.05008157086913
1.02696455691931
0.953717561173947
1.00872048106075
0.861807608673767
1.09684499529947
0.964140462789035
0.853419110652644
1.06229988959136
1.02043705274843
1.09945679959174
0.922139355392967
1.03461124364045
0.943769611049838
1.1688763992605
1.03979078060448
0.984086668208519
0.97441140747832
0.922916982569342
1.04391724116413
0.954759770817372
0.907663951707563
