0.0166693778757688
-1.04604496836976
-0.98763540550322
-1.07231313372641
-1.16073244384463
-0.941580978415356
-0.998189360731523
-1.04448411091378
-1.04918484645213
-0.998756494462458
-0.817286691818948
-0.909784812814897
-1.03966289667671
-0.990296662917531
-0.951979120099027
-1.12837390519886
-0.997376001351455
-1.08130037640023
-0.903299741765573
-0.955637293037142
-1.06095371801941
-0.991730598224596
-0.771772663114241
-0.963241168407973
-0.920924575119229
-1.00191621195184
-0.877359934600535
-1.02362541272314
-0.868144643109683
-0.968062726441022
-1.14573613339992
-0.900340694801507
-1.0265376278056
-0.861698835266694
-0.919703468166402
-0.856669927071042
-0.843409417147479
-0.948265308145335
-0.902152716860692
-0.980088300050919
-0.968524129714542
-0.939785647618161
-0.93799772825552
-0.932485460266617
-0.999825218366135
-0.914717181148112
-0.89877407584351
-0.921596990749908
-0.724258754682913
-0.772633237547356
-0.736707647411912
-0.899344584235196
-0.977414507008088
-0.87612595938005
-0.813651730384451
-0.905962642975894
-0.907451976962847
-0.919231871592475
-0.963020562459113
-0.804600660289019
-0.786643298132601
-0.859494002337517
-0.891088074990283
-0.858887598375063
-0.811150448524456
-0.782004494362866
-0.736145131148347
-0.839158065422327
-0.779371716176096
-0.912857845075178
-0.847933357819662
-0.84630486893764
-0.916021708138347
-0.981959590923716
-0.811529218212065
-0.705946810014113
-0.851440347698797
-0.737977057832963
-0.855032873710509
-0.838823870459102
-0.760182984410063
-0.832057840253371
-1.07447474741349
-0.90274484480309
-0.914748393097037
-0.862420654664971
-0.714194767845716
-0.973783544329342
-0.780929784426534
-0.871531654132371
-0.846665036665563
-0.565121009121689
-0.708692739955525
-0.892359698783117
-0.789101984484805
-0.933073715645961
-0.810295940105667
-0.86082586445312
-0.795429921653552
-0.769798651568212
-0.892326729075673
-0.677872342140217
-0.910771361798212
-0.912489628070059
-0.923402548015628
-0.810812512359236
-0.78369813777035
-0.77968321779438
-0.82734470724495
-0.973907567138576
-0.802185448309752
-0.753174554740082
-0.808569031114182
-0.66786103007411
-0.780157779183901
-0.710899759527494
-0.803796943044275
-0.716750950276346
-0.802038060743655
-0.76915932134709
-0.749751985645817
-0.666399975776425
-0.705967410699355
-0.853504421323628
-0.62360960492193
-0.688788879444559
-0.691624338763636
-0.752731053670519
-0.843826756342738
-0.738690900305757
-0.695766375566479
-0.789618901844738
-0.675994333283783
-0.800525548156349
-0.631267982926735
-0.735300108775594
-0.807104471175858
-0.676871580488077
-0.803271499896386
-0.613390365551872
-0.655927981556502
-0.641845070378088
-0.66081017987611
-0.856479260292277
-0.716231695344896
-0.730180038927485
-0.593821616501349
-0.564177206404018
-0.82167211375999
-0.672091358179233
-0.744012922255205
-0.802242543581399
-0.777998094230417
-0.636256353048512
-0.550337391185011
-0.587099382964434
-0.818352982124066
-0.598359410313997
-0.713514477967071
-0.602073023473552
-0.712214936934138
-0.665507901905483
-0.732122478967063
-0.607592828639048
-0.501818098834253
-0.631410493214459
-0.624639482952944
-0.583512768226929
-0.645028349694238
-0.837583224982233
-0.565197759197647
-0.711355128321083
-0.585972912842362
-0.56719564796568
-0.691142361364448
-0.772018454648934
-0.663250995740779
-0.77403336808574
-0.631590971433754
-0.498050223983197
-0.651326963384057
-0.638765810908478
-0.595164208503284
-0.586572599109917
-0.575816790779827
-0.725975972285907
-0.648042352144159
-0.680639974538834
-0.708212582518683
-0.66215662772357
-0.59784000060247
-0.500433722312386
-0.67039079556829
-0.554983052574557
-0.590066557111803
-0.607336399133985
-0.566081613490145
-0.572357989583853
-0.64569099651328
-0.609168357101015
-0.573300369376598
-0.620590907323106
-0.596178181537838
-0.649749782933901
-0.549110170061934
-0.616077342479437
-0.585465388507996
-0.461565106699197
-0.586157513029846
-0.692459306220811
-0.738171763050522
-0.636541143442112
-0.699854755177962
-0.569035113869642
-0.610694296849721
-0.431085691187508
-0.529586825131492
-0.578836922218558
-0.728787873542232
-0.575230414982153
-0.444204317300712
-0.499894401055837
-0.629733105976798
-0.554773143047545
-0.5313553741292
-0.593285409239421
-0.504659417654074
-0.449503735667034
-0.58299970273662
-0.540057842269951
-0.562003343933126
-0.641376494824076
-0.580898253094543
-0.450826987441815
-0.658827546111671
-0.494164756176557
-0.425932393520316
-0.480416541252384
-0.557894322585094
-0.522459261508651
-0.622581561339155
-0.587297597675147
-0.558449094978376
-0.562077815716309
-0.432406727951584
-0.567220724481193
-0.671992381209229
-0.601306070631885
-0.472830159269131
-0.455468367432786
-0.468608744565928
-0.415560801757592
-0.625784984137657
-0.416441292070544
-0.534318930721131
-0.532848157023553
-0.397198730872754
-0.545520481722785
-0.354788447489293
-0.595464032330543
-0.551346473260247
-0.534842202898099
-0.50455103220507
-0.492971940752697
-0.390072874502439
-0.487798249891088
-0.551310921770862
-0.344797266449476
-0.501409117671512
-0.632152141944075
-0.422432376276454
-0.432097246859566
-0.477451800993398
-0.381995350197466
-0.384393772322573
-0.563311591702703
-0.441429254052618
-0.401619395683962
-0.36492609017255
-0.487888038956116
-0.374011720156818
-0.601971838446797
-0.33704684332541
-0.290500745069891
-0.416763125574783
-0.374329186697933
-0.316154357213914
-0.415879109972118
-0.519824011756004
-0.570939619607861
-0.472116800391075
-0.428768569360537
-0.378808556781535
-0.450108309542974
-0.450697651127593
-0.340307857119986
-0.27835699619655
-0.544157751178677
-0.370477676891679
-0.391724784638051
-0.519381754363334
-0.377118980363404
-0.480518517934068
-0.391644600245218
-0.331678530721839
-0.376537092679252
-0.365364980409202
-0.49021712432133
-0.539911825728061
-0.322646885021808
-0.478068068338942
-0.520594023329078
-0.331416800294254
-0.353392234301817
-0.398224286430354
-0.33315174825597
-0.438011902997032
-0.536553983579615
-0.237588708767187
-0.402752448063076
-0.317659978161887
-0.333500546015993
-0.272333021982835
-0.264948400000687
-0.29228943801288
-0.35300294476971
-0.326200556185796
-0.440852825848331
-0.419390434055578
-0.317810803050864
-0.414243005528851
-0.339858096212622
-0.243967612960888
-0.26503699254772
-0.309566078230971
-0.392759676433963
-0.379040358818221
-0.502739271661356
-0.368446689140036
-0.316092994702668
-0.245855807054316
-0.249756948472066
-0.20216439688428
-0.371611696463479
-0.370938238528949
-0.329815168935796
-0.272760488189484
-0.338149593469715
-0.199319194458111
-0.239839356443009
-0.389100282982673
-0.220373243387758
-0.437894878315362
-0.155406976082177
-0.259007487882227
-0.1138950020028
-0.305050755936688
-0.444126426957482
-0.324082969845903
-0.304934902449943
-0.305278181443398
-0.305640015288867
-0.177436033524952
-0.277156496279691
-0.226104438929665
-0.245654484657035
-0.145261657435343
-0.185529635355091
-0.159337407568592
-0.317213820070423
-0.240511175453929
-0.180163373252605
-0.349976669674144
-0.103740580694789
-0.094404223438793
-0.25573132407854
-0.252860025427238
-0.203716962471305
-0.29392400076395
-0.333112385468819
-0.236562182779689
-0.188464841725702
-0.25468423130284
-0.355755590433049
-0.348509536839114
-0.171724943934196
-0.238200136412156
-0.341444906631481
-0.151953456889492
-0.26850992373825
-0.245461348772393
-0.196726281800094
-0.335859702668087
-0.226638664450895
-0.200462475340644
-0.169094077786585
-0.183313978742322
-0.302331052033264
-0.145823601687347
-0.257306414740777
-0.192409629088324
-0.326174980301183
-0.281518439527203
-0.296830215519667
-0.172601987893197
-0.11735066491982
-0.132998439874948
-0.226336373215087
-0.105034407064001
-0.233221001246846
-0.294594152296432
-0.234256018883004
-0.175099248566835
-0.149359271428449
-0.0933451705263952
-0.214780399294762
-0.15393547688413
-0.137612326943076
-0.163660882941667
-0.0755011070320877
-0.258457391634372
-0.267564378892578
-0.153074080484492
-0.217453880185393
-0.162371105865004
-0.140675476051125
-0.0545548135935302
-0.160663526155183
-0.0524669287430566
0.00759595556784081
-0.159126601833398
-0.2577978475442
-0.311641901025385
-0.227013776593185
-0.0924047912016879
-0.224924746575978
-0.234778777000256
-0.216716491305423
-0.126294927444041
-0.133488208841035
-0.190923400167019
-0.0888286378000102
-0.0920652859409099
-0.142645486643723
-0.198703418819067
-0.0907697294400892
-0.167495633533835
-0.0767381512727784
-0.115978966295096
-0.224530602061796
-0.188606835713666
-0.139739594586513
-0.03978160917527
-0.00100788275058771
-0.0794189955676223
-0.074014454732278
0.10849585577217
-0.158435746406498
-0.0242497033194013
-0.0917664737377815
-0.108736284128741
-0.374404953210426
0.00552529833667651
-0.0927947919666515
0.0451346608375758
0.020893679027939
-0.140096930617578
0.0157554913983377
-0.133140462838244
-0.0182724970110444
0.0921473126955695
-0.137896691252113
-0.0862207447859146
-0.154187838545291
-0.0546008522974788
0.123731511725859
0.0130874729458872
-0.0922008907696774
-0.056677214091738
-0.232626483470431
-0.0362881509019382
0.0180146020191621
0.12140085999691
-0.0717535854133514
-0.092370076330447
0.0254232760452129
0.0218168967510446
-0.134022150529262
-0.0758558536002589
-0.0384882206205291
-0.0280837988899909
-0.09804290374194
0.0159127541828199
0.137163946051916
-0.0194994978408858
0.152952100523653
-0.0727438623187501
-0.0712263462866111
0.111074695913402
-0.0678380419096702
-0.00853856063730754
-0.0202623970192363
-0.013761511756721
-0.0379911776466289
-0.114615101009783
0.0147407227227743
0.00380835116290706
0.0823245107825785
0.172887163168984
0.127656196265028
0.112221931475254
-0.0147646086415581
0.0816796204787985
-0.110713372523213
0.11715692485605
0.0589029473314852
-0.0645549809850071
0.0066570971413565
-0.027223240530772
0.0982278474701611
0.00518037562248652
0.109902642964735
-0.041191765582133
0.00326654580296432
0.0904259441044022
0.0824271419374332
-0.0386201969943399
0.224233256963897
0.0746565375876405
-0.0485919608597997
-0.0265232454944874
0.0946016531288005
-0.103690134796479
0.259033919267276
0.176972867411029
0.185777498156827
-0.0142730166731574
0.101857623869315
0.138548383803367
0.199180749066593
0.0851519536944483
0.127931895040274
0.0952492878713506
0.121521054918618
1.34243406378823e-05
0.052718572991489
0.130129767124305
0.0208165555572107
-0.00785032153682709
-0.101990508077072
0.0215814928200709
0.169795861728174
0.0790067681052677
0.0327841275392248
0.0648839806232506
0.226279057534241
0.117747234036484
0.243403099907373
0.165275895381136
0.21403486790401
0.133833866278665
0.109894186982157
-0.0403185696107133
0.12896838033809
0.0811131634133033
0.0808566754657057
0.0932612800794524
0.200063959996679
0.049844003483892
-0.0179316509716104
0.0241651147830937
0.0806148597418715
0.0812878198229901
0.18113937075283
0.158978385760657
0.20907438767415
0.20943087248581
0.154182535925576
0.13116552099601
0.144237139444909
0.144374941528495
0.269105776007052
0.198934226479165
0.195162873844511
0.0744280735709685
0.292316543628928
0.306489144282774
0.16529566565641
0.28951615640304
0.253936917498699
0.188843036094703
0.170931565128474
0.200290643632301
0.206665892972958
0.0523414187466528
0.179868749007495
0.205316703525158
0.239097249928304
0.236825167852827
0.265968345106191
0.103713331282879
0.325061890755696
0.11800364737799
0.199002530108357
0.153366378826557
0.0951079253949664
0.174283465511357
0.334847651213629
0.266700133522941
0.204208891853845
0.237096006077236
0.298903771753908
0.303351777823159
0.239655591549376
0.408781155954661
0.164301877534937
0.184841252626254
0.210237332160481
0.361111431370063
0.208384808468358
0.118246670913429
0.22930666715163
0.287644494830796
0.257053841183764
0.278886622226319
0.278996055659722
0.28849882160255
0.128874538122025
0.404162731910379
0.327632651024517
0.25509225822038
0.22731243534008
0.281546399328198
0.344543064928134
0.357536988009145
0.190201824571938
0.261330460852322
0.331311759983381
0.270252535950318
0.0640480745897228
0.422438489431442
0.391798145639293
0.252997175167356
0.384501411460125
0.246943120071806
0.337483001382552
0.20956874075189
0.267788752082073
0.306372221340424
0.186120055636173
0.280442924722257
0.338136381096117
0.32674591335555
0.078158686200837
0.377937433935532
0.294971062834207
0.329091067327826
0.230526300181792
0.325819061887875
0.441786640282445
0.244179420190524
0.331958207007489
0.379721115233136
0.134950138800283
0.330643421739429
0.31871686220279
0.304692944103546
0.454659739053173
0.308446764705943
0.367549417092569
0.296717394068565
0.318549060560512
0.446868794200002
0.33518642620074
0.252301134728898
0.517235342039095
0.258261765871352
0.393752930288588
0.260485182251127
0.359336513243116
0.243322658981103
0.4740559168532
0.351994171781099
0.351188116119054
0.540992794807921
0.220638493168146
0.388357805537386
0.356987647567773
0.452408731499947
0.287414663004527
0.426179744387724
0.444644015906206
0.397544545688692
0.433453400561113
0.337793299642234
0.29507213728785
0.436912951199732
0.398034484936791
0.501069564102481
0.344387963250083
0.447508034818534
0.333583261687589
0.298592084581616
0.378408492262067
0.392084137387135
0.341843281501362
0.411540081431479
0.58191225441199
0.289229524600669
0.38334042746342
0.567648607478759
0.489076932634042
0.459759574668165
0.435828380143559
0.339255126167899
0.538787148736353
0.41800992815575
0.445755927668583
0.542033425154634
0.382187608255806
0.50671659723275
0.474790666639763
0.400499271086536
0.54065719619261
0.518461785851213
0.523069475308857
0.510892111586753
0.457746817698888
0.505916433638862
0.415199142520903
0.429453793177107
0.527182309291302
0.372696500633923
0.389198967409976
0.415178213994756
0.560616296156794
0.471556370974714
0.569837611213761
0.530457887112272
0.419361392562113
0.339664846228355
0.514969875731538
0.461750972602962
0.401175178478578
0.359184727621428
0.522933755914956
0.648194863116155
0.50017814806008
0.500569667541165
0.408644335837503
0.46028443332592
0.488564931765086
0.482861002555211
0.432043991761653
0.544692739311528
0.598377023324622
0.479271728379094
0.563291771670491
0.574350501249688
0.5401285329922
0.586274444052761
0.489572447053117
0.618205485823437
0.637985589598114
0.680552062404623
0.503653359677304
0.578843446049707
0.4089471358077
0.53097051530675
0.551186445714672
0.513497369334289
0.632184319643931
0.686397036635079
0.606361681013151
0.538946679130072
0.649247694872809
0.679581428969204
0.612820899260567
0.507669341480255
0.686201871532055
0.458323941506208
0.420552958102895
0.591374731035035
0.573967257745757
0.549266975298892
0.53788161924809
0.47911634193009
0.426250263194411
0.604641254225219
0.533534307208638
0.599200551210059
0.56991708457737
0.633901494790811
0.572734659439398
0.525732000491618
0.605638953380396
0.564517377778951
0.599967682151096
0.56762482586978
0.620720631527811
0.60719618693093
0.417922506815239
0.570151773971981
0.600978170181738
0.715167091962246
0.628999134714377
0.55859991441322
0.675789071055262
0.504535801541904
0.671322157783456
0.723829748719177
0.716905247188499
0.640214549950327
0.628157944066252
0.663791954135771
0.619426797038802
0.566681614955887
0.619922221208515
0.60562170917236
0.692433786413541
0.679408495050375
0.621217707233857
0.651692963492685
0.576863758710644
0.708749675892481
0.746310834786843
0.565440770709555
0.553020640019123
0.652103369045453
0.656128955232086
0.64152645977803
0.643715409383246
0.820802327802929
0.553204410753261
0.596776978902955
0.622545809957617
0.662922452875393
0.788702604622325
0.683400726707354
0.624896632375062
0.712566431157288
0.688654355092197
0.681371709650838
0.735317656053412
0.793382801578021
0.693547802545208
0.696575608645483
0.750461394368708
0.638152957368976
0.610314339463028
0.604662497118585
0.764979576650916
0.595185578925365
0.854833782388646
0.594241852370245
0.772705004838278
0.916624502660625
0.879645525619663
0.549795649833339
0.672142470308557
0.716596007767745
0.721995747784736
0.652233547074021
0.705138152175469
0.710330548706229
0.670122463325501
0.588408267347985
0.832178093551211
0.793118948100064
0.71732968369128
0.669586673240858
0.796116989995652
0.580874019218992
0.713072375144838
0.578466554049195
0.727118853472901
0.644775169603423
0.774533463215324
0.861607773979651
0.783261670851312
0.749761608256746
0.866700134755373
0.864409100632421
0.86325223354564
0.863011726339941
0.673489875864094
0.624233570814608
0.783093482807841
0.851081021813123
0.743693421570706
0.614407195896897
0.821907942455989
0.768425873319931
0.714959358528565
0.620983941946604
0.720914266431882
0.916438982832309
0.771279279671467
0.629278131557248
0.725966509907577
0.761114781996497
0.79518671127955
0.750357141263864
0.871935798694223
0.685577135078243
0.874885749204442
0.776991179577807
0.928736970578441
0.86688595268532
0.81392885754178
0.677435096277851
0.742842735153536
0.872849712487879
0.912946421623111
0.742898647569749
0.786149428960484
0.807084993243378
0.782933933403411
0.893198929727642
0.820660915813315
0.769600815801378
0.894696515450348
0.776089680842685
0.908477503499872
0.785949956828969
0.817285704813808
0.917785676038437
0.911078278245905
0.770696140833282
0.901664095693295
0.901922396865597
0.847079281104307
0.926526327273942
0.832263800620769
0.858215129859371
0.909064678412992
0.661532797287533
0.774404751192675
0.961052378055965
0.959776248038667
0.787276935419268
0.770650730536502
0.998573759739935
0.82316312648029
0.883858154334858
0.766044680428024
0.749259247839171
0.800289710246968
0.972624462140364
1.02539817328126
0.88519215712202
0.862993839191102
0.899190264484683
0.828680635723283
0.83153380874581
0.898968534765816
0.927180549991153
0.988790591755326
0.786355366249392
0.895072343132634
0.992072704116305
0.92989612996327
0.94408980854196
0.924708954722896
1.02264650518067
0.965643434970281
0.884557954129956
0.966727390496435
1.03470833476772
0.923415343099203
0.962158009281842
1.0450911118674
1.06931769323936
1.03588841997632
0.960499765753602
0.921778319550071
0.94091933160881
0.906554275038609
0.823139593059643
0.908891798299043
0.833626200266589
1.04414809781254
1.01136663777327
0.965812644719214
1.00067471205716
1.04001354998599
0.853864660181566
0.932647774724845
0.809280608474389
1.02117584573846
1.09967949258173
0.929609481464444
0.962221084963044
0.884259651344048
0.915781111014448
1.16586576926148
0.946882905300678
1.14464792715331
0.919613487277829
1.14878126286122
0.884871120601462
