0.118210095690999
-1.20799252091747
-0.987431984711548
-1.00947281068383
-0.956590575152372
-1.15503323973076
-1.00306159691506
-1.04829901671867
-0.909740438794992
-1.00721526847243
-1.04980287870399
-1.12516023564695
-1.15750323582146
-0.927848287672034
-1.01778252133475
-1.06988345758719
-1.01897700047208
-1.12109034611928
-0.990106510171652
-0.83018518108105
-1.00499819162251
-0.950541764120474
-0.925324064279063
-0.949305867710364
-0.96653627203806
-0.865149697702319
-1.01638428401139
-0.872359765391482
-0.967741349910058
-0.892450003937173
-0.999589301091234
-0.935718265753545
-0.864807966118075
-0.922304328751579
-0.775885516583599
-0.856961617731842
-0.892862068265123
-0.799615641105206
-1.02462556337828
-0.822912920668974
-0.871075213880658
-0.98324724986092
-0.779450140808903
-0.793116718805266
-0.8443380504927
-0.923414505405957
-0.905941642309672
-0.875632135652921
-0.840772831408141
-0.878011449941063
-0.773088364951876
-0.864532260341411
-0.766198699599773
-0.943952329425668
-0.939779911993798
-0.868637466986257
-0.984111216677117
-0.817196779312571
-0.769087672107961
-0.863754798890229
-0.911307197039153
-0.896758381874576
-0.885985786253392
-0.887275232473417
-0.955994254638038
-0.966071366676034
-0.958144952488266
-0.830858641162002
-0.781488023464033
-0.933201545655348
-0.793791040822008
-0.871810379864194
-0.791026511806409
-0.905013454350089
-0.840039227105202
-0.883027213706088
-0.826238329170203
-0.780405068733621
-0.955007810253779
-0.82193486584073
-0.895182238627063
-0.955205066098576
-0.904084907256884
-0.861284743869436
-0.884753480519829
-0.809362944386479
-0.876018313630893
-0.995165099559966
-0.745132299838201
-0.676567580240882
-0.820683764442544
-0.719539781324818
-0.843214518254716
-0.738347111821962
-0.736899776559921
-0.698104900403813
-0.685941220739246
-0.725326495481212
-0.862090879883111
-0.878217489060063
-0.802660745580878
-0.884913020244278
-0.919315857634784
-0.683964612634799
-0.620373796977052
-0.732434669771564
-0.887823174552875
-0.739738789937946
-0.737153738066558
-0.773159325084858
-0.65034346144046
-0.793074687109842
-0.719067747531154
-0.684624855957416
-0.825696377515271
-0.744698619293341
-0.627768302763569
-0.761263761737515
-0.700209114524781
-0.676079683489246
-0.842881593236262
-0.60545880231378
-0.828978298068325
-0.792169293267641
-0.755737960281268
-0.595246760082634
-0.704362192930806
-0.701550136320012
-0.632938134243322
-0.579013434466137
-0.63106320863916
-0.693399816781218
-0.651342156832213
-0.61137058520646
-0.644243144451186
-0.594009232942392
-0.726580896685165
-0.753269693403625
-0.630583392732118
-0.644374885753751
-0.689175131668118
-0.823283201701908
-0.751377343620871
-0.689432505493481
-0.763134669821225
-0.719266800069397
-0.693222931590894
-0.678742219940687
-0.702370015719208
-0.657117480855851
-0.648808886601905
-0.723428526744811
-0.760468935018665
-0.657303471264621
-0.804676472225575
-0.68745060381309
-0.648521175779175
-0.770917359476109
-0.725152907121828
-0.641282418512068
-0.720750246840556
-0.604381102280963
-0.601684774713364
-0.459228988791589
-0.623734722826608
-0.617946943077516
-0.789981353945195
-0.636128927026056
-0.751857100230524
-0.626379988573863
-0.57192506490768
-0.624445286741499
-0.680612085086348
-0.74056803843452
-0.558179793127941
-0.715758755273076
-0.577944490636494
-0.673255535670272
-0.590156957342815
-0.73805183578867
-0.571056698748211
-0.487655135173473
-0.626864471778123
-0.643026774380028
-0.600199543777675
-0.767365750117979
-0.67263494264828
-0.652888887294551
-0.733360502488797
-0.662202435050678
-0.516458164490119
-0.529890914887703
-0.515074409282497
-0.620827216965053
-0.675089364115214
-0.621247825057062
-0.612662130450319
-0.76966604825056
-0.57513932727547
-0.558088298251233
-0.664658831102495
-0.604751740208894
-0.488000687339407
-0.617475084929282
-0.681691569535387
-0.766778038377623
-0.507234991495448
-0.700046740621637
-0.662859455991341
-0.500391014680323
-0.649303474232717
-0.568301939671382
-0.671285796807609
-0.460623148611576
-0.519281087477222
-0.586954915194903
-0.648405528843377
-0.543086580823789
-0.607193268003965
-0.577339771270567
-0.616468182613105
-0.597113539277658
-0.700539889043429
-0.492538335303625
-0.602543855657099
-0.522630090264879
-0.437464875944552
-0.488011140676874
-0.533213261363697
-0.511506200890452
-0.448469067175829
-0.526181468624062
-0.569840534959167
-0.493839548769955
-0.678962445514005
-0.633148167273907
-0.634777626690931
-0.474295387350168
-0.604716989134972
-0.567420084655134
-0.535462614985066
-0.38276401878712
-0.495418682037745
-0.442465611269678
-0.598695683265793
-0.46409730288878
-0.569949969319637
-0.472821955750975
-0.651795526878613
-0.460979558408219
-0.540975562642464
-0.571118620149195
-0.392188326417568
-0.436637827301457
-0.50713561038773
-0.457751112724555
-0.596860021113211
-0.482346436656473
-0.535232751918445
-0.564070934012757
-0.525933181820869
-0.44529792616825
-0.370842151063226
-0.459025940150973
-0.281328353247343
-0.387480966386566
-0.326130024652654
-0.441802339581766
-0.588356638131599
-0.410060121121609
-0.443449953159458
-0.478315813136791
-0.52130453757401
-0.512969148694352
-0.439935577387718
-0.436412603903174
-0.403641088926108
-0.402131080312433
-0.516836334852398
-0.41509916104618
-0.430777499634639
-0.352560586621741
-0.436882754087467
-0.447227185588699
-0.381183831083779
-0.412449457615763
-0.281221171479563
-0.520225915207456
-0.364881766492788
-0.501906668496114
-0.460692944598331
-0.393349644371008
-0.44562872377661
-0.386942167801217
-0.280169407485534
-0.359042593925639
-0.36550168399082
-0.336080841386961
-0.424045683985482
-0.454165102022741
-0.484912261071115
-0.386045422510174
-0.438729399440935
-0.302610434073178
-0.456188834541911
-0.444101243385478
-0.346487699563985
-0.342838154458694
-0.349290327459398
-0.399863103213818
-0.435967419313418
-0.460392826893662
-0.394804500386052
-0.388710031867212
-0.433440017926454
-0.359209090918921
-0.377498869930857
-0.369345020507675
-0.186788217922024
-0.341833704564939
-0.37755298242805
-0.3575520143703
-0.183507256224413
-0.505432045658713
-0.241675493891114
-0.320583857812029
-0.404110167162612
-0.315185343889847
-0.39029135118833
-0.396820882187016
-0.488353629368368
-0.292466062434616
-0.316465897167031
-0.377299215943615
-0.252124214139429
-0.326892434813329
-0.318698149101529
-0.413441047266961
-0.339589653038866
-0.323262608914242
-0.200459781487392
-0.201527032052106
-0.27487256402593
-0.259718730634052
-0.515089967835618
-0.47400997324445
-0.314011997330273
-0.289552118351715
-0.219886863209198
-0.20435263643138
-0.306872230396312
-0.429047190885795
-0.29430232773388
-0.196854625587922
-0.255936768185403
-0.369241560912031
-0.250009400919805
-0.111427091416591
-0.349423095474592
-0.458411969172936
-0.282274135288019
-0.0570217379323407
-0.369772664042609
-0.347268584595125
-0.186307674019689
-0.22162087180688
-0.211788478115544
-0.334070476875859
-0.281605044652734
-0.275499210411259
-0.445440716592189
-0.287046701652558
-0.246592021367198
-0.226958066205318
-0.291539564837329
-0.320782086834779
-0.319956750707374
-0.105901401776638
-0.198011390299136
-0.146731302686509
-0.270523393844155
-0.110384621643501
-0.361273006729683
-0.210266889490663
-0.41734395394098
-0.182032922636182
-0.076510519414096
-0.088597111896506
-0.22684522244861
-0.185988318723025
-0.100190919736112
-0.190886193370356
-0.372384246654114
-0.259662408862697
-0.378011280714585
-0.146464518726965
-0.242146545745844
-0.3088493839429
-0.220921541882034
-0.207818858456083
-0.311149466691952
-0.201241191096387
-0.205862662857413
-0.209224058017401
-0.230293572438547
-0.318634769740651
-0.253237827800438
-0.226231744166216
-0.249573823590152
-0.160738447694388
-0.0255195940269465
-0.196282635850582
-0.106751926581883
-0.17164902076415
-0.275580369411224
-0.229247178732049
-0.0016194314162468
-0.145780141928121
-0.186327447943476
-0.286627830029925
-0.0473349681162431
-0.161847980594746
-0.184331050305514
-0.056659117402995
-0.179692054047233
-0.147951232346879
0.0208224301488751
-0.089314422884931
-0.0501695499023287
-0.2169570288368
-0.198202279756268
-0.00800949580511585
0.0585873855559729
-0.142346480024827
-0.138073475886977
-0.0540804144877574
-0.304957247627862
-0.257597858058299
-0.105920323033806
-0.185627240454599
-0.0285524682864954
-0.148739421383807
-0.0688036649342293
0.0887227289022498
-0.0807234359264704
-0.243345264660323
-0.230255516562003
-0.0949493523665815
-0.043652676329327
-0.258134328261475
-0.055223479071147
-0.101200399104741
-0.142144650619065
-0.115221131491635
-0.116869753273438
-0.188101531918805
-0.14146220892273
-0.0186356481544488
-0.0314046680775636
-0.0561176305425809
-0.0553621487182057
-0.165166807195981
-0.13192783487755
-0.195634436506754
-0.124900076354469
-0.135730583921652
-0.172797038574958
0.0739846316731702
0.0108069367471294
-0.10263627060849
-0.140262959086901
0.114614071648003
-0.0662718561554376
-0.0860912920706792
-0.0378566701657523
0.0742434550878142
0.00204610171209372
-0.115616380617198
-0.0338048350689576
0.0454440015440471
-0.0484169406807971
0.071524602298855
-0.0136512134373497
-0.0700835696768586
0.085184780152043
-0.12249749857324
-0.159284957425086
0.0171806588014322
0.116429723425812
0.0907347076741379
-0.0183918631735663
0.0262948390221861
-0.137307850794858
-0.118509792293932
-0.110822582815873
-0.0218554288436958
0.0574059588857561
0.0573860248536223
0.00188002984241949
-0.0532949361505247
-0.113753177001869
-0.058706857687165
-0.0313251971155769
0.0475733004183352
-0.0971040666965724
0.0530379979652771
0.0791443671196982
-0.106900258874948
-0.0448466139222137
-0.0566544292553374
0.0292627363397656
0.0835799726819153
0.0748710665920422
0.000254289216254588
0.0762018171340136
0.100399445487708
0.0403473772529968
0.153354438183607
0.0775656026874472
0.192944100266385
0.167582568886079
-0.00678608265479535
0.0265803382409186
-0.0534249514392008
0.130389174134694
-0.0368557273043172
-0.0528744680617535
0.111444027158985
0.0884244213991517
0.0992769016615386
-0.0206587337209358
0.0986445964098082
-0.0529889088875563
0.122627211678183
0.205166473695733
0.122155175072206
0.043055533569723
0.113354278477834
0.0114258051708231
0.115149515994446
0.128144195517248
0.0198640895736955
0.13993705209869
0.0214468161093692
0.0795459002149769
0.0430896658659209
0.130246298063647
0.0505549722752883
0.0835982283795508
0.0743648723357578
0.0511409873479463
0.0611917442164166
0.134378174376779
-0.0266353672767171
0.070739344924574
0.0499634334624825
0.136792002441265
0.103896871520173
0.131339849157414
0.0916965983728447
0.181295694618378
0.153794579101234
0.050383017354822
0.157374515368554
0.0510326767032632
0.169515499957431
0.0798744022067124
0.193516218825258
0.280636637929516
0.165843216627883
0.237966054867095
0.096336699842968
0.143841446601952
0.287342078640749
0.0585086819476673
0.110015522017156
0.191647649576227
0.228364924885594
0.120618974750681
0.210829059430142
0.240414602789877
0.137052063653118
0.139725658156919
0.0584110566810162
0.215950223840163
0.0698364451311101
0.132611776270261
0.206194855330258
0.163364404579419
0.0302337819860116
0.22358047479824
0.280472352062957
0.145199523142925
0.0239008693361766
0.18945117866169
0.159563654680289
0.175111460692509
0.174433074137417
0.242516410086218
0.204091694736023
0.200351820843917
0.239471023883545
0.250504474827072
0.229415525957762
0.169619754383755
0.21407245693961
0.237586766408287
0.333056262845833
0.312286362975799
0.247843708277584
0.249046265467664
0.19365677125322
0.209552388234433
0.21949604251782
0.0257993817600646
0.306059489966794
0.199098523748272
0.126505202587633
0.104572989412657
0.278079247416604
0.267371435400391
0.205980064092126
0.373455535792628
0.245979796629344
0.157252978268372
0.171107590648781
0.103645362546342
0.362693305347503
0.147740351331582
0.198719910918566
0.214923195611381
0.186967420545213
0.27377625536805
0.300607153820623
0.208970006805847
0.444816788278518
0.237706864472125
0.213983104104269
0.274096527546551
0.129265301370034
0.151709743950806
0.147621953884071
0.255870008794107
0.208182934640756
0.283507119665612
0.268807890848712
0.360130402187426
0.213433258538901
0.327931761646629
0.403958320137356
0.330229187713106
0.247137760317749
0.105765387550987
0.271102611192927
0.267028632306721
0.355755095920487
0.247517549286725
0.41946324083337
0.215061275590355
0.315365427221093
0.392910114421915
0.283218241052102
0.281580864338977
0.450831552863844
0.174642385380146
0.360349862518074
0.334409908326768
0.344501730603424
0.403859480545308
0.49201241472167
0.424299881738111
0.357766122982834
0.339204421595756
0.17121703402406
0.439522371129678
0.457367693202451
0.253770535835127
0.381160115527152
0.376191829457141
0.281872766653285
0.330451164075292
0.23051398558183
0.334403151009553
0.485131800328964
0.263588474743243
0.380015257220109
0.297469390311542
0.416272849732446
0.335731561628324
0.322174687738778
0.341442659236311
0.428906464268712
0.459422038570576
0.142264121198568
0.379862503610715
0.353440421867702
0.514685997936138
0.335471580445528
0.412426822256084
0.444301492208811
0.338355987326769
0.398949407569339
0.400775391623108
0.428356201932985
0.343200269146576
0.468956311155076
0.419827926874706
0.307713481078128
0.604336958785502
0.390525989867392
0.327616443263184
0.514112370301583
0.376004105865262
0.441176194343418
0.370199111067401
0.384824271943593
0.402725850609322
0.529757901583348
0.465283891652424
0.561517659801873
0.280468856835072
0.512413673060659
0.520596835016423
0.660348594418809
0.430490093483978
0.363735722609098
0.254608127155249
0.448200844481118
0.410252700254609
0.348861880214654
0.338434657150984
0.628079731466116
0.474619857013565
0.357484588460476
0.467240316993476
0.329458223261028
0.490475665547736
0.509458102090702
0.408736191649187
0.412653988123522
0.586609330856534
0.34993298596907
0.511752434003636
0.454894495042178
0.381716138412572
0.378778216649324
0.39917552692225
0.528817621578143
0.567542422458638
0.559073006894989
0.579292821319939
0.579527054010298
0.500292236059522
0.486248962055409
0.541197828965356
0.445782766842572
0.441138922206446
0.606508456223954
0.41051680985529
0.615484759290357
0.502357051652055
0.621844061736645
0.656672252191392
0.45349989405364
0.444130803352027
0.391560040436788
0.521009768930994
0.527702787891546
0.511049022150958
0.465932203895705
0.70714226735029
0.48458666642091
0.444476565841641
0.643554579463902
0.438268481121105
0.433757683911504
0.510244462508353
0.513037220426826
0.445282076626743
0.657280921989034
0.672658305187366
0.549282452799146
0.621637398645177
0.536952048378655
0.568282206240038
0.507965836629894
0.541568477208175
0.563250725521624
0.578361936917882
0.5605178933199
0.533156019898879
0.51364354046983
0.755064084837539
0.541412973514291
0.653848570365083
0.577208632713439
0.708511167839726
0.568928293387413
0.703387730807151
0.544451335819889
0.850632529626432
0.618512538813226
0.676675909127357
0.473097929687958
0.730494847863794
0.613164010938133
0.460291472585543
0.717062792364828
0.578104694412604
0.634646126382137
0.597322810060086
0.651276303027688
0.635132571261679
0.63565697368703
0.641598655958257
0.541353954801767
0.722891699344637
0.67301907209243
0.555249751122724
0.716600822132093
0.663007546176617
0.573413969764248
0.596144750389246
0.659838876143367
0.686668346247279
0.826397239239866
0.553988670893335
0.68522780140061
0.490762489525419
0.553413091003094
0.54898719812786
0.49834704419951
0.554852417152354
0.736057936157869
0.755641647157681
0.868453864415749
0.758355201497332
0.761853350540697
0.712815844213216
0.75898220248816
0.691279098821694
0.700369357357397
0.53062758533818
0.692942048734019
0.703469045537031
0.728145344199463
0.708196780305907
0.788968888506906
0.601863722407935
0.665319415396385
0.661276935462394
0.781011199049655
0.529567454921329
0.694208666535778
0.627949827763483
0.825850716369182
0.724834773822298
0.780037604840574
0.840618362009046
0.585122458033914
0.695655318513919
0.715151418333569
0.721831785097448
0.754269841931839
0.805654719917586
0.827669292848548
0.89293211522202
0.738787821979648
0.683594915439458
0.855832658276235
0.741674049090759
0.783243907446141
0.779451974279397
0.827642413133155
0.672460205722863
0.865030074780798
0.713946401980108
0.778963903112504
0.825507824722225
0.73900253875029
0.824862298026756
0.770594413618091
0.750648950625636
0.805674308474176
0.720087414650986
0.714481319270691
0.987679453422432
0.69696518201494
0.640173782981962
0.925391235192743
0.795474661314983
0.78625340023607
0.836058294079185
0.720360324675732
0.954208957655312
0.713997303298692
0.831746800359642
0.627047756128823
0.670957900157813
0.727942382049964
0.814398183829842
0.830449814801915
1.01320082225263
0.71296865751741
0.849312999588466
0.803548068699878
0.708905694448878
0.910599601466832
0.810642014683802
0.992214236903244
0.939988414612931
0.92112410832258
0.813991793744779
0.897398927327135
0.823172616857919
0.867856870834674
0.738970724415109
0.719255907328501
0.844656299489792
0.802723506659148
0.941355650739186
0.859037934546094
0.791420709938084
0.884332451250355
0.855879997046909
0.794523808113141
0.837210830789856
0.938947770438522
0.925965515982116
0.815069511749467
0.672060706683946
0.692722350077619
0.928694489145339
0.901574075189266
0.826240035325332
0.813830804206781
0.975501969774999
0.957198348841378
0.919491604531854
0.933544203066848
0.9228874768707
0.902460912778472
0.940474240095724
0.849995842656461
0.923887489197114
1.00523402427191
0.879956497648183
0.894287204941159
0.979176205700815
0.887131942262613
0.920616850186805
0.954540421191016
1.01113174816334
1.0122995319447
0.744195813796561
0.932118039759317
0.891454119872704
1.06392111750106
0.868712975093565
0.92935370268147
0.982529645407031
0.920516155250932
0.897920835292728
0.821584302200639
0.897508897601369
0.825368322905137
0.975705056171041
0.953609720672863
0.958277278150725
0.806148437403408
0.758886234123445
0.95381787892468
0.991648226550227
1.00398935216972
0.919141471929547
0.840475048995379
0.898443405928736
0.997142216744033
0.952122298313675
1.03924982545543
0.942672365846666
0.849280756415529
0.862056641577213
0.940040141615205
0.867223084286837
0.922574590202506
1.00194047829956
1.08474072398771
0.832229046880214
0.959053485832988
0.928141893259726
0.977778627070259
0.959615161596785
1.00561881979405
1.01818159159731
0.964380138045058
1.05710736133746
1.05820019289726
1.01148037632587
1.02469227043684
1.04997584404209
