-0.130508289199296
-0.965980622575103
-1.10763884908033
-0.861134500926222
-1.06371412378602
-1.08522533856471
-0.962125266421317
-0.884330688722529
-1.04788508268111
-0.92250848390064
-0.995278334586227
-0.963625671251157
-1.02669994783937
-1.07233577759842
-1.06289345532865
-0.794209761355333
-1.01961433151474
-1.02942654348779
-1.06758687473135
-0.843289140946284
-0.933634980725834
-1.02509969016915
-0.928859439110776
-0.883844877604342
-0.96662722091218
-1.00962558586278
-0.930097751476734
-1.04146195519415
-0.939069243673209
-0.983421340875587
-0.931701759816953
-1.01945914259434
-1.02061349639078
-0.996229231674945
-0.926069147590156
-0.84514605415691
-0.878484533811352
-0.871475925985026
-0.84446858701528
-0.744887947440964
-0.850704638317004
-0.942784418816828
-0.831366528286533
-0.940702611278204
-0.895820456883303
-0.801608085571828
-0.836700918014265
-1.0036672804809
-0.892903660213665
-0.830211541734206
-1.14522652245637
-0.96192703121434
-0.952315804561657
-0.842823193737029
-1.0153413326994
-0.823504749275593
-0.849738167358664
-0.938131792215714
-0.876352246631338
-0.859825642565297
-0.818398699476473
-0.792768887444082
-0.965499651392226
-0.788570552251785
-0.815939950787054
-0.898028933943902
-0.891178200484449
-0.826839464673379
-0.803780567003273
-0.805906926567109
-0.852118048848558
-0.915545060599823
-0.824173598851646
-0.838966856151267
-0.800895993136437
-0.91948504292014
-0.785231099840016
-0.833884931306847
-0.787080787844979
-0.912728538323875
-0.82158795268434
-0.999648522587998
-0.930246734643474
-0.796115395704152
-0.884412180999627
-0.834518231274118
-0.906475477422599
-0.89432560750953
-0.816888288042988
-0.736703843646633
-0.753303608762488
-0.787205341549895
-0.8803438548708
-0.818874338609125
-0.795561493702218
-0.814718231697964
-0.828621867946944
-0.837699972504111
-0.804482047079416
-0.74828581255046
-0.766289395543003
-0.846304568549714
-0.815912576807474
-0.840612567459944
-0.647441611089593
-0.694395214409912
-0.805035269028736
-0.799684332394343
-0.902760039905517
-0.688300834131724
-0.888560049738151
-0.664837781757362
-0.886146398373248
-0.683527442686513
-0.683151087696664
-0.788086973451847
-0.850012017850501
-0.66953635193033
-0.765389530341301
-0.91401155527053
-0.825337247736255
-0.788439633603484
-0.793479717710841
-0.64081681316336
-0.859817203384935
-0.720005530456717
-0.750296526384375
-0.598541273284815
-0.718110939351551
-0.727487471086689
-0.748304398826654
-0.510198544557054
-0.778847170509428
-0.608121444064683
-0.796848670429821
-0.720505267424046
-0.793919976981452
-0.610830937185591
-0.696665105631524
-0.74090140411236
-0.670614105129342
-0.801670706494055
-0.750842196297705
-0.767175326670587
-0.621476328593662
-0.69948244650157
-0.828157949141955
-0.751104046820083
-0.827180199096112
-0.738166677909826
-0.595517797349054
-0.64015605400115
-0.685995754830839
-0.540367357002492
-0.722147724113503
-0.740527370641277
-0.677754796122669
-0.690375224739769
-0.735688772566451
-0.54223981685576
-0.650433615961444
-0.573388059463017
-0.826597034571887
-0.596292233146496
-0.651160061118141
-0.812680223904074
-0.606822417213046
-0.771953872010911
-0.668907270090077
-0.80071005049368
-0.713055222301894
-0.617548381212895
-0.618217435775126
-0.66937823260105
-0.632309589408846
-0.610754577014091
-0.606563854225921
-0.623231043045503
-0.655652066224113
-0.640798841919933
-0.73274759256691
-0.685703675762321
-0.647791286587476
-0.574913857149981
-0.504437389672259
-0.588311090915237
-0.692053346243444
-0.604204502223825
-0.658630855195697
-0.662246702124833
-0.525237972137257
-0.619572381949548
-0.596172215945673
-0.673887122353796
-0.695475873083802
-0.519404782628456
-0.793454908683906
-0.5924983135543
-0.45699160166151
-0.777817221849694
-0.722899657734679
-0.699957906610393
-0.721743276310406
-0.566588967068326
-0.607706050541301
-0.508578186236539
-0.605978589621071
-0.587644599885326
-0.514112249132905
-0.611415498335018
-0.670610780840048
-0.721210236626136
-0.612204935433366
-0.690317242608
-0.557923159590694
-0.50173359549296
-0.730653586556649
-0.472149935302391
-0.520255557757484
-0.648475354717172
-0.659775769351918
-0.536288855678002
-0.447623707040545
-0.449400518231809
-0.459710331571989
-0.482370427613471
-0.517191421799535
-0.529735856218638
-0.625193935661522
-0.682671758322684
-0.623951155650677
-0.58657622851496
-0.621070213418537
-0.482395362511005
-0.624371659530386
-0.64631207543351
-0.533765469808629
-0.586356364033722
-0.415121560524636
-0.565647175788275
-0.503978704909132
-0.548832728488765
-0.583005797634859
-0.592358058795488
-0.552441883627905
-0.552126586960694
-0.564930245310516
-0.369573529262768
-0.44329369886522
-0.437540371474845
-0.5352575497413
-0.592496911323508
-0.649314931714006
-0.575036186461971
-0.386406826705389
-0.431546994359642
-0.604615985916368
-0.660760283526458
-0.49532021138596
-0.64427668227012
-0.345023434084167
-0.47210048595655
-0.480149796587813
-0.429656656246521
-0.42699710341795
-0.441410012180069
-0.579998635148062
-0.42025532515712
-0.563292452168859
-0.412406824462557
-0.559253829536446
-0.40797260569034
-0.48691012859387
-0.526592076230882
-0.402906848870651
-0.468752364106706
-0.488045994430246
-0.433713530106081
-0.400888750470167
-0.438083871725683
-0.515843577891815
-0.657019550688962
-0.317771867712752
-0.255730589156673
-0.357988649053202
-0.453299663820815
-0.442134719585664
-0.512224658286153
-0.468707394462369
-0.460926041377283
-0.364992408541994
-0.34930040900064
-0.539358383513331
-0.396730448708406
-0.300202486441124
-0.365150293877696
-0.4651945145981
-0.437875161732942
-0.47756776892863
-0.445036943181131
-0.549624101571981
-0.436506432116668
-0.472364927185203
-0.421404451628428
-0.50974606551668
-0.32550274549533
-0.36565567572694
-0.337197534437305
-0.342778170157875
-0.329648897013253
-0.352188419909073
-0.339626952046373
-0.291726139418239
-0.284904052566093
-0.312218259392806
-0.284032638501472
-0.425643084467164
-0.375240213149683
-0.20657346557724
-0.522204319659109
-0.274319398008545
-0.441724371034032
-0.321351927578563
-0.431325899264654
-0.136738027548875
-0.460675125677912
-0.322855912845125
-0.379685083747815
-0.33757741089416
-0.356869416514996
-0.445081940448791
-0.328023754370541
-0.354078116335827
-0.471781089868839
-0.302190264454288
-0.345741648985522
-0.373297205749507
-0.472658586051406
-0.409741172186525
-0.292360900650549
-0.29038373290582
-0.317537335229992
-0.312148613237968
-0.134348610662969
-0.324685327403149
-0.428442426804805
-0.123344889077857
-0.314117776095227
-0.220321572283002
-0.325494427521047
-0.297280843862512
-0.335333015380875
-0.256703246568182
-0.35056460334818
-0.283416642256407
-0.300216094839274
-0.280394116475881
-0.205801795204625
-0.333102018812619
-0.245346892411617
-0.305617635877573
-0.233440264517674
-0.0398477558592092
-0.255749469445723
-0.310340775881681
-0.269487625329485
-0.266498835525131
-0.334736618428159
-0.307705952934171
-0.242285605449156
-0.384126749097414
-0.139770095373227
-0.243627624499689
-0.411940838504792
-0.333364469644499
-0.24339854161764
-0.238348002768264
-0.269251921219714
-0.263484692285181
-0.237623842485687
-0.250074108059026
-0.148698842651148
-0.267055444002761
-0.304564556914472
-0.141300855397927
-0.198892024487164
-0.230201084206583
-0.154915706058504
-0.321964444355518
-0.284721387884932
-0.148977240259595
-0.236634443312898
-0.140601099352546
-0.202537463477027
-0.295299915937647
-0.221898669058806
-0.289282757056508
-0.205341405409603
-0.219744829947088
-0.181186319631427
-0.220433301166508
-0.145455807023097
-0.13898883944813
-0.209089162643821
-0.217261344463075
-0.349285556101049
-0.293151080424626
-0.0376098660729196
-0.259918036807186
-0.0968393070787447
-0.138036004499911
-0.341785069111443
-0.146099347510564
-0.0994994040651886
-0.10495515183942
-0.253904051189352
-0.263932776934115
-0.132879012664144
-0.05016062769475
-0.0740624034488629
-0.162060326294729
-0.167814363986675
-0.114417754107942
-0.00207551347078026
-0.121671308797806
-0.26424477599783
-0.0386504851095982
-0.221356298842457
-0.215583441862615
-0.0826988805944863
-0.197541133941343
-0.157706131111502
-0.213294921321386
-0.178149547470914
-0.101005162759699
-0.190448211256307
-0.159786982383509
-0.00743960037161571
-0.062109439813865
-0.102425275385416
-0.12122039543974
-0.150583807474446
-0.0703216821161656
-0.17480414834201
0.0396436501472983
-0.074208344400759
-0.160618830968341
-0.103569423572698
-0.249342258593158
-0.118543152516194
-0.108850809458444
-0.140611057932402
-0.237333749706661
-0.0121181658779122
-0.0464963466491588
-0.181040120520369
-0.11308763446683
-0.124424814707964
-0.171656622526785
-0.0258019855347494
0.00803335528823142
0.0569853895130248
-0.131404693271517
-0.0147132502049124
-0.0865719915246061
-0.0996125766310477
-0.163641629760764
-0.151600755435073
0.046339469449021
-0.18481255263978
-0.161589293873303
-0.107987332222692
-0.121182663403532
-0.149477587958372
-0.0757750849266758
-0.194835256332442
-0.0843108077999385
0.0101535911300201
-0.100990790037062
-0.0505277691846283
-0.0224797270391866
-0.219416420162939
-0.0815989028282013
-0.0404691702622831
-0.0151402487449189
0.0297643040094283
0.0248456990691537
-0.0964591848817455
-0.118945237538298
0.0193896526601165
0.0189579606949826
0.00338833300090439
0.00778560639972623
0.0395100221916255
-0.0496169261067339
0.00870592632084091
0.0126400456273781
-0.0310300544196446
0.0179629389797193
0.11210064479338
0.0158012939554259
0.0280594363454651
-0.0197497153621635
-0.100308007473434
-0.0653885094915554
-0.057403495059174
0.0789828433634283
-0.00850160143885593
0.119403012320014
-0.0233847840426516
0.00324477648192052
-0.0391448287380187
0.0795761443748106
0.0817114803050249
-0.196335362614452
0.0568054860504337
0.013883716428138
-0.0309482450946697
0.0972049593231079
-0.0400738750300456
0.12577059353568
0.0671044985366412
0.0588771833759549
0.0788971228707378
-0.0779094544230636
0.114410529288028
0.110622158720674
-0.0316932597058461
0.126474766463986
0.224315966536947
0.0813234881311717
0.150757335075176
0.0124445915130235
0.268188583676101
0.259351326532184
0.111884355144136
-0.0153225196706037
0.0407553920521906
0.189526349135948
0.0844325243257641
0.0397358418591415
0.132628597416574
0.271213236148649
-0.00396354944648547
0.0173412746857213
0.0510604690933458
-0.0348774311123794
0.136056891994892
0.15794756618484
0.167831206964272
0.155941694486013
0.102639574297397
0.0164883137488978
0.167069588173917
0.207653807943817
0.124108719800787
0.0121105149229213
0.0854637467404274
0.206849661369915
0.234575030892832
0.118758654620145
0.222170410298926
0.0825478255175491
0.245300252319839
0.265823213814674
0.225278491639307
0.164851333279032
0.0641709251507083
0.189267532994422
0.106516279804314
0.119417664768448
0.126829935060816
0.278030570530301
0.0261696549858834
0.121058752836128
0.122899082315736
0.102232057869953
0.123946881821734
0.17037034302003
0.160655824725753
0.137371820548452
0.196265974744545
0.167036610764012
0.299449088094923
0.178559229056917
0.0584187608823511
0.215767612077843
0.181750308802316
0.198764569416283
0.33636896964094
0.248544124319049
0.267377508941017
0.208953850775792
0.118711667879878
0.239091352274617
0.211097710010425
0.244609380777057
0.083773841910248
0.24780228943915
0.208998896275244
0.186146452216841
0.215147669929694
0.176385811871782
0.108685091493494
0.259761522032586
0.0980363541404588
0.345171812065322
0.268988686088017
0.286093456392402
0.187394748477258
0.419974313787147
0.318840258681798
0.129369396598838
0.36173819029169
0.24941402024741
0.22501676722446
0.132806545297691
0.207883712067795
0.390620162336262
0.184184627216711
0.293263224041008
0.304549076148017
0.272941847161718
0.209464820198507
0.118920853582448
0.223313694618097
0.308528667422274
0.270124294510733
0.168641461545745
0.220769353016324
0.227090801715741
0.166311176844762
0.317832538234625
0.175211902161317
0.285381511915818
0.291808431144184
0.176330968120673
0.213798411431156
0.250216375674251
0.339436102343613
0.0577032643346455
0.253722858596324
0.368443417609364
0.270345292060807
0.311309155061
0.324591930091078
0.306092135175656
0.295822314405485
0.160490849420915
0.341334350483156
0.319733583844808
0.232934563278131
0.364897726472502
0.267095872929469
0.23878902796559
0.0540523805445343
0.396090823252278
0.324801121760512
0.211387673687273
0.437033636157263
0.358536023009086
0.374214787364642
0.477564962395447
0.278610799212009
0.236748683779778
0.140898451837649
0.302448861083202
0.37775322883887
0.229266778289124
0.305977314683565
0.279159135306054
0.394424448398158
0.383743018817883
0.146145547608598
0.234396028926151
0.414849050929347
0.375747443101568
0.385985736325162
0.326424655022516
0.292693400836905
0.190665714183326
0.255582511056373
0.376691942936499
0.495633238511333
0.413543090821911
0.294612563604997
0.451438549846535
0.283045493950151
0.369537142943421
0.42540048378378
0.413894943106889
0.193398717605141
0.384911896341183
0.397099478005484
0.431100606700865
0.319802635389688
0.316229975400723
0.307373810686398
0.499053202292917
0.29370151138539
0.374111437595662
0.539487750542775
0.47101294532736
0.393696660397321
0.380229977678791
0.427955183070203
0.235419736584536
0.521346334808399
0.444827294123191
0.470737896346659
0.524314913298815
0.524047528286507
0.284626810094658
0.34383081636472
0.420668314172591
0.42557114772525
0.466766519971706
0.395304126665066
0.459748177755882
0.423502174986639
0.239100486564432
0.614099031275325
0.583630490509781
0.295599988593067
0.397113625723332
0.471549158571182
0.418553586563209
0.529732465002503
0.478908896396361
0.432690631705097
0.550592104859336
0.53447172761266
0.410036847060638
0.382782597727726
0.447621996036062
0.410885979809332
0.432655042040565
0.408052127497124
0.507857071044676
0.372384096363899
0.411838433261471
0.555611578543324
0.495066297146301
0.496564622538742
0.49756477742107
0.47607486727123
0.662866547176239
0.442934959308611
0.525247442313888
0.322395273511956
0.651845026153558
0.312638279153552
0.603554020101338
0.411768181523348
0.463591529439906
0.382281667648183
0.647247451758628
0.429824411181922
0.470063161172922
0.497618640736885
0.627569560100757
0.510701921007783
0.708644286400179
0.513686078591231
0.538267236484928
0.512301486168795
0.574490415484315
0.377771969153122
0.477068166060256
0.581292459396306
0.490777483560788
0.530600109638358
0.609022264838489
0.453235900089126
0.573003605302541
0.609960330844472
0.415534110619489
0.501160404899396
0.561270324052262
0.649295794609235
0.628668750827451
0.500478039913671
0.591869903434134
0.539450940242587
0.669060232162456
0.701868948961067
0.573087612256907
0.52208141491022
0.7408327601391
0.562060237392884
0.688283113640414
0.521465184417986
0.699105716413345
0.579324909620039
0.560005842644636
0.474185970051172
0.430775505749252
0.590962110965029
0.552488323285843
0.872277439032025
0.620016991641061
0.59992924935784
0.58342516273019
0.584179381728616
0.734471004233209
0.606999373058383
0.572990257773755
0.549074031010996
0.464622621637597
0.588597942194532
0.559779635298591
0.54952555601764
0.668064194584881
0.535714645826945
0.707359867560929
0.68004030266615
0.642206112703038
0.694676192080872
0.480443715022939
0.586168898108352
0.685285319531746
0.674896716576328
0.618796200929839
0.568804846592035
0.827586060552853
0.5648301416111
0.541926918250938
0.567541367398312
0.751448132736498
0.640501527700844
0.629020214277206
0.504812286366888
0.760113806072693
0.578282974639683
0.669599050463349
0.762775492326769
0.78903601357008
0.724852186637262
0.730211126604061
0.751774259379078
0.642336559124842
0.539720278484474
0.797178469676985
0.78355982509898
0.688603007965381
0.581754917887007
0.743020205230232
0.695667464266416
0.598936093144474
0.855061789567668
0.656492648300061
0.6677085225166
0.673714969653129
0.533250474930186
0.594501834375368
0.771421357058404
0.720981020171799
0.59629577386859
0.756360924071356
0.668964274415138
0.804720081291218
0.788264466795892
0.707431924192796
0.702478678576342
0.699821457334675
0.611175409217368
0.580642301408729
0.658812415624354
0.848110153180503
0.780520789385596
0.697933142267204
0.755817333866967
0.638807933504094
0.785109249505356
0.718848992798858
0.720728335926747
0.709080522273883
0.763673572091054
0.667104745393666
0.720427981557328
0.860957127352182
0.925266974218511
0.850280485483697
0.884148654437756
0.821400932794004
0.734858385956702
0.614610740843405
0.847469147490677
0.67628231449686
0.820907739559436
0.719747390823139
0.886273536211856
0.749983501090539
0.847639566861569
0.800255280618424
0.772380154380479
0.697916032298124
0.892718231038742
0.871135914673201
0.815500902104885
0.808119121810958
0.821023824148041
0.62665116955566
0.715986081181957
0.883291294130127
0.783387870661244
0.915476810892502
0.778105716807597
0.858014507658081
0.810416388539995
0.871996560720686
0.853917930780976
0.756929216848042
0.7651281218111
0.786915508898236
0.937196782203461
0.779592194580663
0.796156699014208
0.899165757788786
0.946744216587807
0.67346999150503
0.836667782293327
0.835929729978349
0.965213174411187
0.814978006025564
0.791769087325716
0.810451575073381
0.993148474104127
0.775691677868101
0.723826345460533
0.993642459085542
1.01334923890988
0.951546876989857
0.864838633669961
0.866002841506579
0.902283180444772
1.03030400772904
0.900875595425733
0.847429285689063
0.968856239196683
0.860365733015268
0.994300636330641
0.825841425704673
0.941182767736094
0.90337167179616
0.852755520713634
0.831168026785266
0.843500504346325
1.02981713341699
0.907810422931095
0.952771183625792
0.920506740399637
0.947558006182385
0.94690468708037
0.863894083228322
1.05160207241707
1.02773900320485
0.850738478886608
0.981757187368534
0.765631092148765
0.893171731446241
0.798300590894898
1.02522587699282
1.02560329357564
1.02192519680822
1.01861081006154
0.918527361957151
1.06859899422798
0.963486137195555
0.824388748637528
0.839830095857912
1.06048386880542
0.942065108039715
1.09354713880807
0.979364773933128
0.884489606382577
0.963753327112814
0.867538330575906
0.88989383488199
0.947889581738153
0.826313962318193
0.980991331988446
0.908219698611038
0.998933563642088
1.09520527512525
1.05363114738693
0.939955272248844
1.0190988244289
0.930385739708682
1.12635471565343
0.930525584371507
0.928864459079274
1.16276377462302
0.960341905762291
0.887728076228677
0.924980431119377
1.0197390502334
1.09961127068753
1.01182224320625
1.02909694216713
1.09983963288097
