-0.0406828055525991
-0.999472433732859
-0.908444006635471
-1.10006417702424
-0.962480726118069
-0.976237273610893
-0.933206050886926
-1.24427550586027
-0.869359012318197
-0.94675964418389
-0.963237722607866
-0.939285168084133
-1.02372286018173
-0.940180634422015
-0.951475565561873
-1.00422753985158
-0.880528125159622
-0.922147410147044
-0.978785206295936
-0.934545172230325
-1.01752885807846
-0.816391344974863
-0.9364333210988
-0.952882542784281
-0.866741390281895
-0.803872844945386
-0.89586880179678
-1.09019062200155
-0.901414535818209
-0.965714800982413
-0.892543303667552
-0.741415776227003
-1.06580982099982
-0.907381040792396
-0.893980498182021
-1.01997717202382
-1.00560843906499
-0.95301190308064
-0.945942249863598
-1.06025739974826
-1.01001743736895
-0.947393489858072
-0.870021855855575
-0.86427657487757
-0.975222945837533
-0.972253256298757
-1.06738094995134
-0.952202557769506
-1.00284917410642
-0.872650112782208
-0.979805976125186
-0.878331951560952
-0.902545741648627
-0.911966392808898
-0.957968511471879
-0.897102764594952
-0.955079248204758
-0.983298866029678
-1.01374586630271
-0.989696475743287
-0.912817059585387
-0.796396127139905
-0.77341093937529
-0.836016101442853
-0.777779059443041
-0.912566827445108
-0.773614554437694
-0.914412751477194
-0.987230951262295
-0.790160128366609
-0.807836234937634
-0.852535603187525
-0.855291671331565
-0.798814974490656
-0.938671973635596
-0.973339884889354
-0.954853686792052
-0.670729962961438
-0.782886860000104
-0.78968315685105
-0.63470860971435
-0.941780791615194
-0.954158302438668
-0.841874848696969
-1.01712599774332
-0.80102696156388
-0.899107344538593
-0.791921351737739
-0.78519032276841
-0.779398397018892
-0.881185841073344
-0.844570165874462
-0.895602800749986
-0.791798082079026
-0.788827171233946
-0.791606710530788
-0.558266517912434
-0.819274530967184
-0.806346497509764
-0.83203553181039
-0.846815231978491
-0.836343101310695
-0.64413140428388
-0.704189133997025
-0.796330318895519
-0.880277638102254
-0.840613153811143
-0.786630289657404
-0.857464157142244
-0.653564230458394
-0.744515633669373
-0.904929279571242
-0.726872830339233
-0.87503031645266
-0.694605485872551
-0.715023118032414
-0.822364962696669
-0.790616719187037
-0.662545239028662
-0.893028887010693
-0.614555846756898
-0.82756180769089
-0.718927580217648
-0.732832329298982
-0.776503551823645
-0.787903813916459
-0.858299789108388
-0.848237613901538
-0.790800395237317
-0.680658104279428
-0.737638700389532
-0.721809912615489
-0.659176218372047
-0.737213009419208
-0.895545801920272
-0.636689017059683
-0.854001811495647
-0.892634139110347
-0.586874909936726
-0.802107401112448
-0.730232527212207
-0.771790451111259
-0.68455030863513
-0.747896705962406
-0.573165266974668
-0.740795135433098
-0.776435397013186
-0.54340476837667
-0.697062092431471
-0.687986173558473
-0.570262502524905
-0.819205342359039
-0.669198938433075
-0.794943067284818
-0.788806730994041
-0.889762889191256
-0.573162915693418
-0.668773485488952
-0.674731939943914
-0.655949930927899
-0.793070892701049
-0.764580364431136
-0.84510849501122
-0.767354239103264
-0.635413882601022
-0.735764895655934
-0.484058764435646
-0.662923671426701
-0.861347877710819
-0.550242872873986
-0.580988212777797
-0.717563629589804
-0.700066612328086
-0.616648903587708
-0.65730287458769
-0.689045266450015
-0.598444354061276
-0.564857813332957
-0.601524249002046
-0.661684640499565
-0.641384050348768
-0.734701956786932
-0.675445829415843
-0.45646279438933
-0.669827691223543
-0.626382352145595
-0.660060354577927
-0.689702879848179
-0.61751444847079
-0.589243617813003
-0.683005628576406
-0.532653499298775
-0.533611132164032
-0.365098029884894
-0.553578621102936
-0.689847261833318
-0.472665028341209
-0.490566674447256
-0.66860522245885
-0.699545922774341
-0.50737362886676
-0.654190962915789
-0.404580119731956
-0.54783550267487
-0.6378830562126
-0.525475376237953
-0.674515190268413
-0.562417028186814
-0.641460212992097
-0.546632074737501
-0.682460698434888
-0.597784909183627
-0.488116901699516
-0.519344296985871
-0.492491268271252
-0.548604567984165
-0.524855177457431
-0.431222050123647
-0.524805737852276
-0.598596090211708
-0.598658824050469
-0.530094768135874
-0.422761974517603
-0.708769514241611
-0.622344155348619
-0.532175919711895
-0.49751778246737
-0.559278387128304
-0.533589360147753
-0.311804171331337
-0.63443566578556
-0.574034212481706
-0.369110551140335
-0.458526904122166
-0.471322211450676
-0.466555182670698
-0.618542316434269
-0.617071164368009
-0.387385435436963
-0.533743161660617
-0.59596177322015
-0.594187169339224
-0.450367068259942
-0.445414058292201
-0.576452497945359
-0.505441876481515
-0.409206466272782
-0.559188934734654
-0.490455492426413
-0.42959641103795
-0.455211246345801
-0.62854356087517
-0.569038031918083
-0.593317082023526
-0.459587349821545
-0.45473928721616
-0.507394157342984
-0.666029081091536
-0.596098920338836
-0.509245280852541
-0.448554327391512
-0.563024262495319
-0.341532362801978
-0.556040291750685
-0.42352423809016
-0.521618198538764
-0.524673549905618
-0.487270104207534
-0.348985162421373
-0.350011478846656
-0.480804688344645
-0.371360534507958
-0.395105432601139
-0.143000070321241
-0.304543970698205
-0.365294334610746
-0.224931666627262
-0.497334164404003
-0.558813621936682
-0.466718321856939
-0.543443461600748
-0.414944219197852
-0.473714818680279
-0.541598445404226
-0.438346463633562
-0.393622511079398
-0.354900257717154
-0.406733544748151
-0.490242268203396
-0.448407479315008
-0.425689971062261
-0.593748547878739
-0.404154566015072
-0.452680884968807
-0.467236087455852
-0.348798677449788
-0.325702641832284
-0.359981095004551
-0.30754369747429
-0.444815902335959
-0.525335830435396
-0.369022103218608
-0.396125321495151
-0.355350001983294
-0.445224134936163
-0.306324459500358
-0.416845031963328
-0.346468177306747
-0.30670459657164
-0.440577188874395
-0.352689198643419
-0.420415968150118
-0.470468394827102
-0.343673924498719
-0.35075072886432
-0.217527913361884
-0.361392889127638
-0.300654077190837
-0.361918895488108
-0.430371724579277
-0.369987668747369
-0.258575638714173
-0.326336270471747
-0.477026720073599
-0.353824959056833
-0.415172236353405
-0.415936122867743
-0.332293540823018
-0.344252085077633
-0.445966589718519
-0.221187134031559
-0.293657973429748
-0.338571550883477
-0.18142678961383
-0.218688018665889
-0.347796196281256
-0.299940052633496
-0.285939282463567
-0.434361055801648
-0.301923110380744
-0.441955007518707
-0.310053916722584
-0.285856664123697
-0.338406060287452
-0.360387465005738
-0.357805745912942
-0.153738580024147
-0.266808083074561
-0.253917381253862
-0.364701251356751
-0.422075240514927
-0.246278618215547
-0.300298603440987
-0.0145399621830983
-0.352183622687862
-0.339424057572382
-0.315372562491219
-0.194001974473557
-0.295654823380336
-0.0728486234989832
-0.232690952029364
-0.30201249321934
-0.230455753854414
-0.303720749502606
-0.197344090424752
-0.238191590229955
-0.366221553378422
-0.280029516750326
-0.234090711113608
-0.196353411858246
-0.0754676455160404
-0.274996948087361
-0.335462633360106
-0.298452398486878
-0.218277702664654
-0.345678327260229
-0.234141451545596
-0.289639622627912
-0.432107106425711
-0.186193447468722
-0.1233173190296
-0.21754413568552
-0.206997722168381
-0.165651348467924
-0.401220450244819
-0.220499005731936
-0.266690042982399
-0.266830588312744
-0.172921198887012
-0.138221680730158
-0.311711185051803
-0.093707743561675
-0.305063532180342
-0.198534384952361
-0.149930548998265
-0.084020592919256
-0.20842133708376
-0.0706820282833445
-0.274221154512337
-0.176842233989633
-0.0825470565835239
-0.128598492771024
-0.272192918239067
-0.23414315598603
-0.180469165981289
-0.216847964663562
-0.23919849900328
-0.0555073383979885
-0.253662522061689
-0.147720636936128
-0.21376057336502
-0.234408686484995
0.0298576230074249
-0.222258695192608
-0.281486017286477
-0.105736366912225
0.053181560243117
-0.146938757028228
-0.234948746100049
-0.234864345953482
-0.0165596670715201
-0.182126398644496
-0.185858972880755
-0.212660204585303
-0.142812123444039
-0.220519302203887
-0.13526883823465
-0.250450974762578
-0.139096213126679
-0.115285796976963
-0.148873948850209
-0.10059659049059
-0.104364607689594
-0.175259852440921
-0.250588134711059
-0.245825204018345
-0.0821505508708946
-0.0436792699337858
-0.183872038939195
-0.126352509640863
-0.139627128671471
-0.17062679429835
-0.310612749422339
-0.0108976244436966
-0.061479440017544
-0.0337335119677446
0.0318147212949104
-0.120542093779283
-0.083750732063516
-0.177139376581272
-0.0302622646929048
-0.0857809421246539
-0.14427724516121
0.0326958366796528
-0.156313892298869
-0.0790772743194566
-0.134948494050727
-0.117705343406414
-0.100860724312998
-0.0742645406147212
-0.207557110016357
-0.0935995587469451
0.119338552567265
-0.153814472885025
-0.0864061238022539
-0.0827270957853302
-0.124188553655348
-0.0637089165172632
-0.010622141591183
-0.134417263900752
0.0246713465108968
-0.0421317055464116
-0.113127849634666
-0.103491999817685
-0.124015235125211
-0.0846023132610227
0.0361338082745694
-0.175702060808496
-0.0831728961034328
0.0669361732607496
-0.107745832088945
0.000945605481700835
0.0557085652478374
-0.0907383642457048
0.0978947631769216
-0.166006604447478
-0.0956194013491649
-0.0992300063682005
-0.0669139184435214
-0.112306334335004
-0.0557109470230864
-0.0515717477477658
-0.124887204876234
-0.0570198403346278
-0.0332349073002162
0.0437937257865553
-0.0152370981241484
-0.0431834526246171
0.0457730829821503
-0.0441116648255809
-0.0753676029390627
0.121791558320968
0.0425724474968436
0.017825704458487
-0.105118244393935
-0.100340188781375
0.0735913549402854
0.0410559711684195
0.0784642893809623
0.0365722365812378
-0.0769451826010256
0.0652714319859173
0.0469796213233689
-0.0621604944580173
0.0187073534373843
-0.0181577202698389
0.00235189897639724
0.0439565942374862
0.0564404710239454
-0.0465732822424079
-0.0291211298305639
0.106478655885391
0.00366963374082473
0.0124675372608117
0.000239852112440932
0.0112774743494328
-0.0309371121798736
0.193245862621599
0.167307031602189
0.0101189928451743
0.0327241931102231
0.158478724757082
0.108294932766299
0.0129286266801516
0.236554057499707
0.00666151714783233
0.0748789302836029
0.0674889919753543
-0.00430186663046983
0.0725741988020972
0.0413449535365404
0.0261039087624447
0.0826480247004943
0.0479840721476743
0.111901742116549
0.0169529946905738
0.0399714963508285
0.136239382322216
-0.00363780086586619
0.167092539668019
0.126389390955286
0.202243798574819
0.0192893874667673
0.13169269629457
0.10320360981948
0.107582957148224
0.108393620179444
0.0533430884221254
0.283409704202345
0.202561861118755
0.139540640034319
0.211628204289064
0.0734300208089748
0.236710844484807
0.028035231793052
0.224223806180851
0.246241835617613
0.181112656304462
0.123087463830852
0.0166974994155925
0.168389144470451
0.116179503925141
0.00793173450973161
0.0688956692398872
0.0906080647908274
0.111748904228231
0.0270846375552726
0.166770417191051
0.116508515752715
0.190384721825828
0.140889954077295
0.144896628009697
0.251751104303918
0.21111177394553
0.0952249771926159
0.138724888909827
0.162870672126156
0.310552984862074
0.246774798514281
0.14317294709081
0.061187587536094
0.21552690924986
0.268314796120396
0.0998390855626157
0.31499861048059
0.282131910089658
0.111081765071121
0.282145828427687
0.0763344890037299
0.356292641123085
0.217087029986064
0.170980632888559
0.0976445568664395
0.222328998897149
0.140732752079618
0.155927219298117
0.197500188513916
0.293222394602004
0.295762843596603
0.395054575347804
0.148864790192381
0.228983882045055
0.340651740396498
0.242157306210769
0.388833660225884
0.279314445682621
0.235594509116709
0.249162059746772
0.32790675271571
0.249563937966816
0.184549912951728
0.315797258088587
0.264291518813441
0.262908048374919
0.21880414023021
0.285743251168658
0.20535488597006
0.377196872621274
0.219372548551629
0.368196335361934
0.257096406235173
0.171215282607122
0.170467700503851
0.29900135500187
0.0471923224414505
0.316147129300974
0.123739271806785
0.144614266134471
0.251818994745167
0.269249785871262
0.362296618060998
0.293795150333592
0.388097645696721
0.241766850894528
0.358132828790606
0.138924673519922
0.266986316574242
0.237875430009385
0.297482864777176
0.353458998675731
0.390368686488224
0.382958169117834
0.285179967224949
0.292347283875456
0.358682892400888
0.271924972005457
0.22918677035126
0.219246607497976
0.181956066952854
0.399491138407881
0.191373019698601
0.4686066249544
0.133998524251385
0.372770648193805
0.363108649630695
0.322001548585229
0.439874309666514
0.545091053997318
0.44733064522374
0.611726190655604
0.324789731061288
0.451175278020195
0.22873874254623
0.34039254278589
0.339958920829033
0.366000177420852
0.249294612685581
0.284923881941097
0.288419931656254
0.241390524577193
0.189023573074769
0.237290910591227
0.22794515108894
0.457561014441404
0.291705962137681
0.328016847792476
0.457126826141763
0.374399186088689
0.549036876976336
0.308238714434687
0.449987551334733
0.389585314261359
0.171063309006636
0.38313236361021
0.399737360077223
0.341023221889148
0.37399307200201
0.445469568110054
0.553957785929869
0.524748154058004
0.415188021737288
0.435750321720486
0.290260789225107
0.289921195157804
0.440857475214422
0.499045657117439
0.322119217358127
0.345039706456438
0.293397248991148
0.429412717278579
0.532888969334664
0.504604105366305
0.318462852945543
0.469140977851842
0.468085725500007
0.420885803960207
0.573271922950731
0.32419952305473
0.49473833163794
0.446365550812383
0.459360471278943
0.255643496149691
0.420700932953727
0.580209290059642
0.289585548508263
0.262326628032958
0.430312995461537
0.427580736145897
0.551858553446869
0.504995203373639
0.512459415968353
0.431895864965954
0.500042773114064
0.533442506713619
0.384833813453346
0.396591817946213
0.396430671847563
0.450014121218924
0.414917494049385
0.411595750311088
0.384510527820831
0.449007160957972
0.486938330694964
0.45448552676392
0.461225021541102
0.528839254901997
0.522159341359714
0.519226159286707
0.691370040988902
0.46779071220098
0.614222435535054
0.47322758896924
0.543654055312765
0.502773696937423
0.536313643528589
0.44394297398482
0.48302477088415
0.6548536465482
0.483134816316176
0.322710277692773
0.570033926627736
0.58382292287605
0.600556823027496
0.45434955125294
0.375377189081869
0.622559621510911
0.591020025408161
0.458096046890662
0.472482994250209
0.464893550788327
0.587748511252239
0.594071577881909
0.497772834119109
0.564919695433105
0.575431754686412
0.308659565201951
0.668127982316568
0.672790720133552
0.519362699530924
0.534670907885111
0.469693957081358
0.705144704787369
0.645738910268254
0.692632355477832
0.593125982294412
0.548979916572029
0.491936338435163
0.59811150433989
0.593969591180164
0.65485227290977
0.612868772757138
0.712644590210758
0.626778434647831
0.509950909238728
0.55270082358944
0.557478363636686
0.434866134407836
0.651671438587561
0.566283360435914
0.612251687520168
0.623635527099627
0.621949491286755
0.572009723002623
0.471086757953809
0.570128839949053
0.571383967391866
0.640544915767614
0.559904862244106
0.622073635562584
0.703883075171605
0.688446121601996
0.60208658305063
0.522478033988696
0.589145249334306
0.532840901033713
0.617303401492324
0.588319318336944
0.730874357661486
0.722636976218748
0.540206889533568
0.660881560937286
0.527286682542744
0.610534437978869
0.629094415179917
0.70962838121173
0.649191845431085
0.616620875430622
0.691375092693925
0.540774156216613
0.481386494073922
0.713750921780433
0.734139828922018
0.642608901662603
0.579797308815099
0.718980232542733
0.582394339845994
0.648321611709844
0.70483530652691
0.721736200327982
0.578357783357437
0.602080972558652
0.738617051697929
0.581490455714884
0.724605863985592
0.59155351109196
0.768059274750517
0.624802202103025
0.688781845649244
0.579752986951434
0.502493874337807
0.551247633019583
0.667608976122219
0.826027910079717
0.827193697415306
0.875213574016088
0.719961964953291
0.634268997304457
0.610973768914444
0.698475744048988
0.544626608523059
0.678238099046984
0.741327733640032
0.790662331793583
0.616161607967906
0.737107394330745
0.60818387111744
0.834107851711503
0.804984234695334
0.678376996493221
0.763858567823633
0.570023847689692
0.740263223027496
0.713408769238998
0.700209294870303
0.766714165477097
0.802643604815429
0.6861099622891
0.721349648566452
0.781520635931652
0.670969999623412
0.600372734838352
0.834081119271618
0.687436461375042
0.699922958944231
0.779800722920828
0.767127321824883
0.740853787726206
0.873091815490061
0.809347412559651
0.831691360380669
0.754333167835085
0.85080957626853
0.693536088248482
0.738432159425624
0.745138507647158
0.737383088675425
0.685230451043909
0.789940364550236
0.7799550246375
0.74957084201595
0.862626769988119
0.722087815377392
0.750500563421986
0.836115092754739
0.758511208313747
0.791946180687808
0.759931906859981
0.750608252131392
0.860479523829533
0.933473480934132
0.852774883187435
0.916808186076769
0.916073531688923
0.889834532153974
0.876564784720195
0.740000095457081
0.831364956560057
0.834342882033625
0.962382172808929
0.907411823307092
0.948847651732881
0.816453821875875
0.816874756029889
0.81881077950666
0.836269778189457
0.911331027790496
0.832030313991012
1.02374574074618
0.76633686063035
0.830043677403119
0.901270046836147
0.923677020126025
0.864699615753433
1.02346945893739
0.824652388834353
0.839686513063035
1.04371369649576
0.958137778670357
0.886005087476667
0.846623995482356
0.823751937205744
0.896303502286101
0.89981192014143
0.800230288147168
0.949818277209561
0.844866848095743
0.868678256366749
0.931752287077434
0.957861190239983
0.741952922263434
0.887272634842128
0.915740944770927
1.02656266522096
0.715254891964881
0.961030208500104
0.835190409907331
0.873493010369512
0.950232306295034
0.968404047681417
0.991901509048773
0.921646034979479
0.92273859175491
0.827817460327622
0.732505832407341
0.858394017461387
0.978313104287677
1.1023854327351
0.974260158632559
0.879187826583707
1.02052802119261
1.03169248747337
0.926815362731311
0.980237571129849
0.898448288951429
0.933626584464606
0.899100036409058
1.1231002031232
1.01394913351674
0.968017646176487
0.890752346149331
0.951781470054545
1.05572266270936
0.909603189342525
1.08367611092165
1.05160241042211
1.00554040381958
1.02629184013061
1.0228049266558
0.935639251129155
1.02983373196001
1.02525370530628
1.03497188540576
1.06604260772668
0.992843244847085
0.980207312557552
1.00502104077937
0.929281838326883
0.985948425243802
1.09912367041604
1.00694932002993
0.999006881462491
