-0.123542013864979
-0.962537908539718
-1.05090319487019
-0.882473248917477
-0.986104067878067
-1.05485601587652
-1.08517642680519
-0.823933740883772
-1.12319822232597
-1.05085574808598
-1.00978489435311
-1.00387278369112
-1.06984467925711
-0.879091674099883
-0.880940504480193
-1.11093158453489
-0.90883352295415
-1.21250507502295
-1.03905662739214
-0.991914708156129
-1.00511693183617
-0.840840463034051
-0.888031069796276
-0.935951573108992
-1.02040636475037
-1.04710105785672
-0.983239143749098
-0.85714201967214
-0.878723409335391
-1.02336241017069
-0.802005351066338
-0.945927280021528
-0.876890821709046
-1.06672036046457
-0.9658768413835
-0.92923069418308
-1.02602489052461
-0.978934800721731
-1.0039635423538
-0.95841299470095
-1.02278077663305
-0.82396532975609
-0.805836218125234
-0.973088131369192
-0.755356093106383
-0.867206480708189
-0.90356566473177
-0.918720527008756
-0.773181189237991
-0.936917290620123
-0.931660653823101
-0.933180906566711
-0.981520743426905
-0.865593335877526
-0.853702933097211
-0.823121454916866
-0.913884133496465
-0.995244853794887
-0.785336947766422
-0.787370916581641
-0.82376869286031
-0.911446127360974
-0.864741432168862
-0.818575663608931
-0.777492591557732
-0.884142746398035
-0.794102275016208
-0.848193503865948
-0.945866747024089
-0.953956062250292
-0.843567153397866
-0.846816494315031
-0.971193490091101
-0.760394706146457
-0.922049961227805
-1.04979828974586
-0.86288004149907
-0.910543313628059
-0.912166467147766
-0.861671116068723
-0.638617329761666
-0.855025642219812
-0.907904076046857
-0.928568821565274
-0.776481480137301
-0.715099974646097
-0.629157298148907
-0.738318938939428
-0.927015381325855
-0.627520014464876
-0.814270931890614
-0.9788844487806
-0.880447776235027
-0.748014229058558
-0.768524780306125
-0.80918179230219
-0.827868061059213
-0.754298438489696
-0.838468633697342
-0.858971558508685
-0.800075593716305
-0.928493914222102
-0.814731049082743
-0.815313675327454
-0.537828625924288
-0.880639635829137
-0.764134161619957
-0.822884035093039
-0.739472783372179
-0.897094142020572
-0.725437615882785
-0.775390175315931
-0.757364000911608
-0.815089281180916
-0.833686570440465
-0.679712688181091
-0.744112550172072
-0.834561063988086
-0.758018014465871
-0.668770472502334
-0.753581742096699
-0.684881669432954
-0.890905353728025
-0.844380415670645
-0.531180541689696
-0.638606667049495
-0.920732390558072
-0.764300919717871
-0.881033229308247
-0.717696462623606
-0.680486269042273
-0.708796310204574
-0.782291601196986
-0.646637906111002
-0.738127674942951
-0.732620290384813
-0.690373737887738
-0.721035799381157
-0.755029372359617
-0.76706697116517
-0.677933279065215
-0.728576102046732
-0.702220528634288
-0.581971966724151
-0.757046318581713
-0.674740642749083
-0.816010763250365
-0.457329948174981
-0.612041900418772
-0.772160767452619
-0.837461474791033
-0.775198586679293
-0.732118601794755
-0.686272100400051
-0.724897089299026
-0.665427436098198
-0.707358274898116
-0.878513858759927
-0.73879165856272
-0.612062284053219
-0.758046469868632
-0.641413940244738
-0.812361854220646
-0.61176837101083
-0.681171634704178
-0.654517046080803
-0.721011125521539
-0.6691881995641
-0.711198407853756
-0.58877866807389
-0.562409087743265
-0.611794612741404
-0.653703124923036
-0.581795746915329
-0.673048212172791
-0.587345968976473
-0.692037516531509
-0.712108947635173
-0.668078880480255
-0.672432802979825
-0.558176692935605
-0.578277412813102
-0.615760856173745
-0.54878407276234
-0.715315480684713
-0.502434298689
-0.67915846374711
-0.702761385540274
-0.581008990200767
-0.783433221894779
-0.651286276033792
-0.445871577580786
-0.510861834434285
-0.771958222411206
-0.741258962582671
-0.605969339059825
-0.610785170724203
-0.637507223554183
-0.732650984860064
-0.663096142193499
-0.435269862524604
-0.503194005967869
-0.624368102783279
-0.603200875673149
-0.678923819277496
-0.519329007376724
-0.676361348198603
-0.678841100275459
-0.705375981046064
-0.606126244952903
-0.59666282001687
-0.491730311435814
-0.507519899265101
-0.562444902647539
-0.626895565417733
-0.601606926014413
-0.557550997255354
-0.595034538677732
-0.512062551574233
-0.501329547160226
-0.590928795609752
-0.75198059395013
-0.633504495078404
-0.640506017292482
-0.607650158494229
-0.603548792325636
-0.455215839148239
-0.583328483120574
-0.71447089968929
-0.536603895521446
-0.511100494088423
-0.621010577115149
-0.560935791822898
-0.552407148884939
-0.623657097208441
-0.640100451978786
-0.620878366455384
-0.62069317112717
-0.487642814214601
-0.659368329627305
-0.467788573800818
-0.559507399664022
-0.578324505566032
-0.464940452736992
-0.557026109238849
-0.640327192862824
-0.394352200034369
-0.603355440404112
-0.491424710414964
-0.416634375036614
-0.534368678139423
-0.459032840869582
-0.573548862344679
-0.595051334219943
-0.692951583281689
-0.431569233036127
-0.495136398300024
-0.509794920074461
-0.644946476531221
-0.579627124189484
-0.525523703752776
-0.440010754560457
-0.456164853407331
-0.510801012820168
-0.410378600141904
-0.427094787002484
-0.494705821498901
-0.625031159111355
-0.450699712030229
-0.467724539525496
-0.506268692196971
-0.361739224925848
-0.559756529285414
-0.452563457083353
-0.452465250246084
-0.51444352333313
-0.344873722172463
-0.380634934085693
-0.453829938903933
-0.43977028306077
-0.507569478182583
-0.467872597374624
-0.30970286441165
-0.412255366358977
-0.451220772348766
-0.291824850110658
-0.442099150072861
-0.295684885809411
-0.543627969689623
-0.286576191962844
-0.385532389521712
-0.407259640226233
-0.484777592868089
-0.412760890805157
-0.447783881438137
-0.364209766695027
-0.656860205556346
-0.488063881316414
-0.497395875447241
-0.442546314963534
-0.427925635906029
-0.531758613670602
-0.326385516878689
-0.237392042996496
-0.541667018967942
-0.368693444204775
-0.511083520261084
-0.554832990698334
-0.379254985677142
-0.460782166384524
-0.380449406231885
-0.327254855955
-0.324776883300728
-0.269438916100432
-0.519410901961509
-0.430550164211832
-0.355331411563513
-0.193850546245517
-0.460848610157829
-0.386957626276925
-0.37228904081145
-0.320529987008908
-0.306401717602861
-0.32444410328063
-0.34194514419541
-0.469646067218726
-0.358334180077214
-0.337172467857548
-0.367750153850072
-0.452422663456778
-0.430508550175063
-0.351352194784729
-0.2383769792676
-0.444813021032924
-0.495962253161658
-0.356524022028446
-0.410417473932103
-0.261566999787877
-0.299994677595034
-0.30885632295791
-0.292079952436331
-0.251860890176593
-0.345203289210893
-0.256750885933673
-0.238177691750212
-0.311177617555675
-0.139626223585417
-0.3569114031295
-0.31117524106401
-0.414246233321836
-0.308855391432232
-0.243145605647724
-0.392253658127442
-0.412124311898291
-0.315138249308944
-0.361350648380166
-0.339664311271848
-0.260317489249093
-0.258492288722212
-0.185356819897154
-0.332933412342293
-0.168208777225372
-0.280562355108937
-0.31495101460313
-0.280528931585268
-0.190912967191652
-0.283330105502739
-0.250960885344891
-0.371644682585706
-0.236288562120604
-0.249767279514852
-0.25429463090643
-0.286438307316597
-0.135929333523166
-0.193866772419887
-0.261366078086145
-0.326676458416655
-0.303260008797476
-0.201640392736957
-0.291077790907785
-0.168995404694836
-0.239411658844925
-0.188283683996528
-0.181512192594268
-0.270110484665211
-0.249312463243479
-0.235520021176141
-0.250134349135857
-0.176554140114138
-0.149108747189786
-0.241888207503934
-0.259113039140663
-0.247073741626027
-0.169701623108131
-0.121745847260457
-0.181246562869199
-0.226286065021805
-0.262164364197832
-0.074260570629381
-0.29767355509044
-0.217795634670432
-0.342106840077496
-0.0945336367953385
-0.267199390206439
-0.178297648854612
-0.225431643369826
-0.101864421093718
-0.184149743897181
-0.2664689881933
-0.166946798074025
-0.1968926824906
-0.113302688632849
-0.270203192814236
-0.162633401258732
-0.119014995967445
-0.25648893811396
-0.155797517931206
-0.128501415352455
-0.195843676776178
-0.204546380663553
-0.191198940661467
-0.288602129878094
-0.325554727349636
-0.208333663269646
0.0305181028899085
-0.147918106818984
-0.160774442047833
-0.0858685743518659
-0.230435476984276
-0.143554744523319
-0.0512847314059399
-0.297983878274481
-0.153706530185202
-0.176703130934441
-0.108974977505678
-0.201474332741462
0.0616230076693274
-0.332729987064962
0.0115835040994347
-0.0970939627599584
-0.252313618427762
-0.0107592908016879
-0.145693121869125
-0.0271405273255789
-0.166675387352542
-0.0755601818257298
-0.148345323708287
-0.11868250265898
-0.00320728053937387
-0.149156852256397
0.00672130544426803
-0.121448960487043
-0.0852007051142395
-0.100154775838233
-0.0533765383453963
-0.000264245105087434
-0.0685671445490273
-0.0364191131106431
-0.112507525289814
-0.142316804269859
-0.0345246189132122
-0.082993807847158
-0.115086806180565
0.0288947317253591
-0.00257874258245298
-0.0905106140813147
0.01853010701196
-0.0461367340353355
-0.221984892635944
0.00740288642288309
-0.0361585079623219
-0.136069432395546
0.0269499296451968
-0.00351241018129559
-0.135971059734904
-0.0761333211784031
-0.174617365760977
-0.120381970074604
0.0928912223404769
0.00403788131333945
-0.0676216372308663
-0.0818732593156987
-0.0917220852787775
-0.0118350656189142
-0.0706217588555519
-0.0488646188449381
-0.0912650962385833
0.083010883267101
-0.131483495371729
-0.054929969984934
-0.117348912790781
-0.156335160130458
0.0115364157563859
-0.0772016382766074
-0.0486969926748709
0.0707652433206302
-0.0203012322631498
-0.0320792536354469
-0.135154228996951
-0.104025456116993
0.16032902283662
-0.0319281148117429
0.0529541261271376
-0.0839770544114474
0.0222319352966269
0.0757508255395416
0.0572478622849489
0.0668626705372257
-0.0855309786486878
0.0921682610637318
0.0455733338069406
0.116149246844757
0.109816842339091
0.155729144521839
0.0337680181003923
-0.118153577152518
-0.0517762508930732
0.206284639635946
0.0728174175429235
0.0969907266748868
-0.0123468236325888
0.183218309585232
0.0889661111608326
0.0346743496255557
0.0844605910909383
0.018588163268351
0.00490586912564686
0.123895534708532
0.077164232395965
0.0127506327747086
0.0514890776566911
0.193607113109773
0.144860211279624
-0.00638758168243782
0.269896498975443
-0.0145716891439638
0.0235175987488509
0.0575552909430028
0.0565833693263427
-0.00966390475782311
0.0159981324549284
0.0766543788775657
0.037230412115933
0.0930541276624703
0.00427055304259091
-0.0583836202003787
-0.0091282747839658
0.010527542225424
0.107703658635471
0.109424861934749
0.12676950958949
0.168934046357109
0.0330292239463987
0.235169031319328
0.0723827930285419
0.0844608397612958
0.248411526219533
0.121859238856522
0.0789585271014757
0.0486098051029238
0.0905315896231188
0.0941172692425394
0.127100556342518
0.172948641512795
0.0630327088257732
0.145190488433734
0.151350057164813
0.170661887616995
0.0757077010460944
0.012551296549183
0.0171092353465324
0.122332771902074
0.0207649417703148
0.0783021079508323
0.246887946205857
0.00793908161146166
0.150821547273354
0.0888514753273528
0.139960063838008
0.019291326922032
0.266437186917511
0.142757971529015
0.176166396054608
0.17564997024332
0.352557575982777
0.125917263584737
0.126299945242174
0.29119279798757
0.077823104669122
0.0697434157554015
0.196491083431864
0.102837902468208
0.185437953561197
0.231428516160506
0.187850015234514
0.29449163066892
0.240696223233706
0.177892937489765
0.179122493954646
0.190703509782507
0.124601434446919
0.253761561603956
0.300864456891112
0.18764126233773
0.305324469886217
0.272819352657627
0.222917290404174
0.255645590107971
0.14974901700623
0.239741884026317
0.106271321154082
0.23007478508432
0.278461738626337
0.11623365235523
0.189838431661361
0.261549055247006
0.318651069979486
0.165102026418198
0.332805909289486
0.17092367340244
0.0822874384108046
0.284179779447878
0.0856538330449853
0.257083626386379
0.247372259363721
0.221253526144206
0.0866319547585949
0.304691489082326
0.243250469753146
0.352717937438713
0.268646463135313
0.229568983794041
0.272017098896511
0.200022687119079
0.219229406426339
0.109971570628573
0.270564301836555
0.334569655221586
0.222967860452092
0.325132459629574
0.480139406659195
0.368688776331252
0.267571907583534
0.33290337376592
0.495120146415642
0.219001827582494
0.41525355709854
0.262023565684304
0.331352711207204
0.301110539828805
0.343472119894436
0.324012514858955
0.293282541747403
0.299718942259959
0.348366640997135
0.314943676271481
0.324937074172055
0.27039628339614
0.145147048908917
0.293219827044438
0.175831199622338
0.167279217996917
0.255424499514643
0.24671721147845
0.327452010780043
0.243062935072308
0.324716346844031
0.258803144619736
0.351200983235144
0.287224631053667
0.468740104141152
0.341339580822957
0.244339490986787
0.436929260310662
0.443462724742204
0.314788234000399
0.34155771685692
0.309232179913995
0.367609591452709
0.534576930457417
0.605263382535127
0.451191536222005
0.38539870778349
0.366375510055129
0.408439773865286
0.472698979393396
0.302626841934219
0.414056477898257
0.296010541547671
0.364597282774921
0.359546749899253
0.215106424415268
0.436717142062936
0.337513809886965
0.397552690741102
0.356966970516354
0.350831401948897
0.25878560810542
0.310325019312551
0.255631961984533
0.315071170396164
0.508346243894779
0.457557586246105
0.32866416255547
0.485054113512498
0.461291380385597
0.399888040965669
0.508899329307235
0.322725763666485
0.342912037840426
0.448516403236546
0.433992838888401
0.531184633538752
0.263080009949001
0.419511735531356
0.372283442588459
0.443793250843677
0.493495858252035
0.457939320931547
0.570823286376857
0.533326026065996
0.433565543346569
0.388453369797628
0.403471323454308
0.499910278590246
0.489551512897716
0.390986107311072
0.299594852530443
0.484626892707544
0.548895748095398
0.452905743740262
0.364576718736732
0.448253379487156
0.455825488006912
0.480833230348114
0.413836374959417
0.496646860732134
0.372455387278113
0.527154051389964
0.509465681200921
0.534556659499239
0.52942800780938
0.554907405644761
0.440629968490056
0.334269947382535
0.455244300454492
0.466194049398867
0.466721468276514
0.434030105572705
0.435198650589503
0.598929408097895
0.519645009399947
0.424761495554955
0.553099131470542
0.665244793827804
0.534691082128776
0.683128058793441
0.519604212125784
0.458233916630581
0.431451159980565
0.546367782902047
0.459687903883484
0.604276802253901
0.588016991604782
0.34212896448155
0.47072138259299
0.591374492543795
0.564291524049574
0.55331149857726
0.540292832238552
0.538887408242584
0.762439463451203
0.60978328669488
0.499258120204967
0.646234827769789
0.650635046497944
0.536382045349905
0.542938423256091
0.640059262232046
0.503049871241849
0.621123201315862
0.606245955981103
0.633843399451599
0.623084810375019
0.655546975981809
0.679243715591154
0.662486656029778
0.667591797306338
0.647579347592414
0.646332918289149
0.581194233760255
0.541876350198661
0.551957690681134
0.463329292155276
0.639570391032426
0.680645770555785
0.691921315120135
0.539505869270798
0.540077325212994
0.711034872957497
0.648393797467902
0.61928938174359
0.610906839062795
0.613303559831332
0.712314612171485
0.50782758911116
0.462319939707663
0.626585722023929
0.664938794595405
0.671839807845279
0.782313405020051
0.575597449454961
0.603081596362073
0.659316251671065
0.561896196407397
0.586261657811122
0.639758994277047
0.575833700341807
0.675749586198781
0.614300243675385
0.58337413136084
0.678157309932888
0.814921972314678
0.561635436686853
0.710826082575305
0.762058554634925
0.678857600060655
0.708941946232049
0.684367034871328
0.639847557108364
0.53773374852278
0.622813809366547
0.802241306409093
0.685156444879872
0.520268152550802
0.581825889741765
0.75191162604316
0.668719119658706
0.636808702056109
0.810118869367655
0.617864172532009
0.592730172827004
0.867169367104123
0.690362170265281
0.771962056864414
0.512832337375297
0.532072684091513
0.769512901966995
0.788064887703651
0.757697401534668
0.735170298928751
0.58330960599585
0.818798906636191
0.709832351904502
0.696618897601754
0.636749932562802
0.695547294509817
0.648491660746365
0.582629401044928
0.747626574174343
0.727808343558229
0.808309161821764
0.676041052600256
0.667365899146055
0.645387905573787
0.694600190817054
0.734271537288892
0.556301475511327
0.817298971092005
0.833107574692134
0.723340143770665
0.63552647803824
0.730769954512127
0.895182414090298
0.863412179859388
0.546699918897315
0.896972146573861
0.744888304748849
0.686699447415736
0.616303540480468
0.692143124890368
0.868406734805816
0.843935218769469
0.74507574042361
0.90214392712758
0.725295425348281
0.718453667570205
0.795352808935186
0.855420664299558
0.742574914329085
0.803288851056392
0.685616086998796
0.595281654893269
0.88697007125287
0.756635292763538
0.729154378847915
0.960210657512139
0.485935312374904
0.83488009006502
0.846794006531186
0.946705458352036
0.713666555855383
0.837217700081943
0.851523825412636
0.774838460142653
0.825929747621326
0.755458551421466
0.777708923776618
0.920119555403712
0.781939831577097
0.792352890044566
0.900697356769214
0.840322587678771
0.629200235022667
0.830602872159163
0.891432946212661
0.79209178608837
0.819179447560458
0.829018248734992
0.924437461630569
0.626457921903718
0.732735737722684
0.920085136925415
0.681657878236063
0.882486945031878
0.869121017183899
0.813706593543979
0.906178419563967
0.73050484229441
0.732588391122932
0.900977587164523
0.821456927501395
0.819617981930061
0.812125702543528
0.879763659273448
0.723731975903343
0.891402336793561
0.883144119430163
0.97906578256321
0.766538477328401
0.920683943593072
0.919060500138159
0.903695884795697
0.851066877701639
0.975463058177273
0.831830618401479
0.844440406209966
0.867827718491888
0.970943182324726
0.92927414828971
0.818207111037308
0.944246393385913
0.872673910118805
0.740175392100356
0.943618014841637
0.997269854124069
1.06220388484409
0.934099522601004
0.735447959600616
0.837957872248492
0.992705436808153
0.890821978428902
1.1563626071641
1.03770344467069
1.0312849189215
0.88433195778592
1.03403171602716
0.965439028608036
1.02501793191544
1.04191250549007
0.919381578826486
0.87120398168217
1.01281209455292
0.888502942662382
0.820823721462573
0.869881476603985
0.920261175596946
1.18466436959016
0.853807364891254
0.829010286070407
1.06691609049201
0.992598547284194
0.844766648152679
0.852090776188887
0.769672878556864
1.0958911362121
1.24501223917787
1.05162785341952
0.925933217665509
1.01549930963763
0.806964678403232
0.855367277913082
1.20444690712356
1.02538542549073
0.846305593924884
1.1329497042141
1.0857390753239
1.10561037431188
0.954634127302245
0.965989720758358
1.01275842355802
