-0.0239973935246098
-1.06314671895487
-0.998016947313319
-0.970229835705507
-1.22305154947473
-0.914596144003151
-0.979933014728249
-0.951955863406358
-1.07339985717235
-1.03244326905049
-0.985822791963174
-0.916740211926751
-1.03551969985251
-0.990257855226288
-1.01394807930563
-0.91949044634208
-0.9834764257113
-0.850307412384137
-1.09103678167042
-1.02350078490244
-0.993920210651735
-1.0648549383403
-0.870867306753945
-0.914266424868039
-0.987237929149603
-1.02704057179164
-0.989657669647736
-1.01046443680948
-0.727898330708271
-0.966279306266435
-0.87458413248959
-0.918833439116355
-1.04726027065755
-0.997131365109827
-0.990522539161582
-1.05170053368767
-0.88585582380754
-0.976714162014572
-0.917022382235967
-0.970374717240836
-0.948481151266694
-0.852577554109723
-0.895056832953002
-0.955817584270839
-0.864237915358566
-0.983850036703412
-0.79191064746741
-1.00976150143714
-0.835475614354394
-0.882882197105118
-0.788980046251257
-0.988574422836187
-0.94062913934677
-0.94832543553776
-0.990495352517429
-0.890131219840401
-0.985122934559689
-0.947168233185798
-0.852867605233834
-0.954717670889405
-0.882185330465438
-0.8939003627157
-0.86818921495714
-0.870767618777334
-0.863774394365422
-0.777349476911614
-0.893624235743266
-0.759330365680631
-0.694826166263738
-0.993572924504241
-0.788806398587626
-0.805115600752529
-0.848530244905128
-0.852588884354842
-0.924098930384402
-0.829434661563475
-0.801934129590503
-0.949797815762061
-0.841942069061442
-1.00414386592204
-0.99675649045399
-0.869381550442074
-0.796501776129425
-0.868560558682074
-0.993945293687797
-0.797729290080444
-0.768954479483646
-0.735462410744846
-0.980531425284058
-0.809882274812279
-0.733363904565621
-0.752394802358851
-0.846527510228208
-0.949204545781522
-0.640687109090359
-0.843534879827024
-0.629421394025479
-0.946705621675249
-0.84603576008773
-0.804584895067737
-0.793105516234188
-0.649315743894602
-0.755654691424312
-0.936729511179668
-0.770733384111169
-0.872195304051283
-0.723314076226268
-0.711058087053494
-0.755918252090019
-0.811840288030553
-0.618296909647089
-0.689355143868365
-0.789840694851278
-0.724327396912794
-0.792256094948959
-0.542504700638654
-0.748415766517397
-0.931694495734537
-0.785923852280218
-0.658354079744908
-0.814609043499319
-0.574126242500539
-0.726733595799078
-0.706694224056339
-0.794520402928003
-0.668563851463699
-0.818098735201588
-0.788782925241085
-0.678681086836283
-0.798503607496624
-0.801973722754701
-0.573498871311302
-0.641440040148757
-0.720354045190583
-0.694392840028214
-0.712795744480816
-0.776218604447629
-0.741905980206026
-0.691273599617453
-0.535710836868081
-0.646813040271204
-0.790017587265051
-0.543365282407515
-0.568749704005019
-0.839786803052904
-0.720496830620081
-0.79322422350592
-0.603660197265425
-0.679825549565224
-0.777789547492725
-0.846915639058197
-0.668657580265912
-0.689708681603406
-0.520118607715743
-0.630621854804086
-0.809494344734145
-0.521898537117154
-0.597291544172508
-0.817418828749852
-0.682301015001737
-0.653711402011568
-0.576544010223055
-0.680462617946187
-0.680877212795812
-0.583956025467405
-0.703911319286822
-0.727374073667008
-0.778625207365031
-0.505867078418171
-0.735890120114922
-0.654502922420775
-0.695896187453936
-0.641842782032593
-0.613337605032797
-0.6652765615105
-0.576273134837834
-0.565930416406308
-0.530077410324632
-0.645226111753896
-0.697299133822598
-0.660882155353673
-0.453494204475716
-0.55861811208311
-0.640227696964278
-0.684373516580338
-0.621063689677038
-0.663193307929921
-0.490126531554918
-0.651560397679959
-0.710688900994812
-0.619908445184102
-0.544908210721335
-0.678467213804692
-0.550732062232933
-0.555740032190818
-0.773119783819838
-0.639787153791757
-0.542575301888476
-0.5887771837203
-0.546302673950027
-0.66860676215907
-0.43825010042439
-0.643871779667626
-0.638397631441446
-0.623410931794717
-0.669239998789309
-0.597181646297726
-0.432946319983787
-0.54418573906193
-0.574832568387993
-0.602781919553514
-0.672914673206889
-0.636032095932802
-0.547431460088251
-0.574465322486988
-0.671796453983115
-0.431857091331812
-0.429510487706413
-0.60882313329245
-0.564265222236191
-0.591762990905375
-0.520135067574558
-0.503603457561145
-0.518547814697835
-0.723332549789867
-0.423965733514477
-0.600698873295737
-0.754626592144024
-0.601889761969643
-0.458153549780039
-0.637325412567985
-0.55631079418899
-0.592882910491218
-0.535894934638297
-0.530600327461263
-0.564671813737752
-0.4999072808196
-0.660856193191956
-0.466058506969532
-0.606413265877648
-0.563431904534815
-0.560102891714585
-0.556886392083775
-0.574314617027137
-0.5086951212059
-0.567259962036667
-0.573229893580851
-0.618022981612835
-0.631820714987759
-0.471620955389884
-0.504567946704451
-0.320499955157506
-0.385647933143523
-0.585929945434522
-0.414446193699353
-0.323758120707729
-0.518590516080803
-0.46623785156779
-0.561419134161207
-0.391654439603766
-0.488687536942827
-0.442412658471214
-0.417756550041401
-0.57477537803825
-0.425420236449751
-0.490408810543319
-0.589972289100559
-0.454822018440472
-0.409474857793384
-0.509352468810904
-0.488781037567443
-0.447475201390543
-0.451736508662252
-0.509016179642029
-0.414356206861663
-0.43325442531974
-0.414383878982589
-0.520166725224123
-0.261787511250696
-0.451859849790317
-0.489325744250413
-0.373346176885879
-0.438364907982317
-0.44788986473936
-0.544427363804189
-0.350981359422561
-0.437740340814314
-0.367805155328734
-0.526051361911609
-0.337450609276225
-0.617156829168037
-0.341073618959793
-0.289255404080718
-0.367626165585151
-0.428464612224107
-0.185957005174072
-0.268816344652256
-0.526759169516112
-0.416607022940043
-0.489363157887992
-0.43083644274425
-0.343152408308022
-0.330264169933543
-0.353497654040623
-0.389876225775924
-0.322324587231002
-0.527338992192226
-0.346973398394007
-0.417827569339591
-0.425333285336694
-0.298731053176704
-0.436204108507705
-0.33572077234753
-0.30525656136365
-0.305344414147211
-0.273824412613781
-0.255772907384329
-0.463705033160841
-0.248962239623042
-0.257939441234533
-0.558317482813375
-0.478756492320872
-0.36980173856169
-0.463008942887759
-0.452495666363865
-0.282041773408852
-0.323531809417201
-0.33374075001123
-0.448953427464965
-0.281911865306309
-0.347203185277398
-0.337509993076885
-0.418119996766622
-0.387816983524014
-0.266296691045383
-0.209305060047281
-0.249873504431293
-0.391812922763936
-0.473807497853242
-0.3011660797604
-0.382074442446239
-0.265999442223837
-0.402132438275749
-0.424503640204403
-0.38900529052606
-0.179580000586148
-0.298940980544765
-0.202229694870165
-0.426294349456436
-0.380629788447472
-0.306832155580619
-0.35410621965171
-0.180862449499883
-0.379430706093288
-0.35729667571855
-0.283670510022204
-0.27076618351355
-0.281919561235765
-0.314909362132959
-0.359380053947227
-0.273396844218542
-0.333158981373288
-0.0856947511330072
-0.326300469398255
-0.355983425231628
-0.335073089434931
-0.247719059095553
-0.265156556195614
-0.323726771093086
-0.416584561654041
-0.257212394170904
-0.234296104085412
-0.277867675268189
-0.230357102203924
-0.224720149293757
-0.446469703371055
-0.210305729859567
-0.339120188019429
-0.247631110752786
-0.241787030037835
-0.291168323846409
-0.396874765049633
-0.312520080873496
-0.284386195524437
-0.330090014643111
-0.375420348113777
-0.257249800711808
-0.132050716919272
-0.249001286067604
-0.186515859677737
-0.270524452593727
-0.236921320250971
-0.194855452913339
-0.210184613589626
-0.246497107140982
-0.355022133738584
-0.283608627634918
-0.180175636388277
-0.162907318877712
-0.118226102497483
-0.259334412220819
-0.295350457927543
-0.0749712835383126
-0.30173219067264
-0.263371636264352
-0.415776507127566
-0.173031557208701
-0.328269275223544
-0.270650496933993
-0.0683722352060225
-0.0869888114440453
-0.341200227860814
-0.304081715296424
-0.117264494619351
-0.170553794817263
-0.336644260763959
-0.176599040202264
-0.148646492683485
-0.20279793051482
-0.0632408494466771
-0.137520355503355
-0.158305443432691
-0.0644392116907941
-0.20270259362933
-0.155225614112777
-0.321777533156627
-0.173448266793785
-0.292143319084023
-0.157923543829644
-0.105190792899553
-0.0984853069864143
-0.15674139758002
-0.27302835521215
-0.161577840924412
-0.145198875369686
-0.247435362986619
-0.186920913792768
-0.145400362127974
-0.178660301177245
-0.112223669464085
0.0128630586725223
-0.202155673090365
-0.14567946082325
-0.152436695956808
-0.166672428732032
0.0119786006893579
-0.180938556922324
-0.0788469556763593
-0.133594109255468
-0.101231160843374
-0.106565866228754
-0.0944883050465001
-0.173454085457759
-0.140640968224164
0.0777928063458639
-0.0623858386058627
-0.0465067506418473
-0.188882555253225
-0.18136578293114
-0.164812583528694
-0.199254548444033
-0.0471681137698602
-0.0136673198771884
-0.16488546628083
-0.0482232561988195
-0.116343781586133
-0.0509236931077621
0.00400146433931898
-0.255273568531292
-0.138425779368641
-0.0537578276009042
0.0455284737182794
-0.0106241253246276
-0.202434004799457
-0.0802977413981905
-0.0129553796249866
-0.079398488731266
-0.0184616612127154
0.0292884098911344
0.091114693955337
-0.159053654794808
-0.0170058660541359
0.0802778361439374
0.0606195529364531
-0.030364235472523
-0.00630063961750725
-0.180872814160018
0.0369713249383625
-0.032267559703412
0.0192708694718112
-0.0267726633261127
-0.213000599119027
-0.0275378496948119
0.0721902744390193
-0.158848427497155
-0.0355437110604835
-0.0119065420937569
-0.165974627734824
-0.104687631805056
0.0634685421708637
-0.168571672174952
-0.10574914220565
0.123758600392926
0.0502596989699865
-0.122754079314526
-0.00652474481281622
0.103540947364944
0.0291363986955038
0.0195224880404879
0.0527665597012701
-0.0133439673035717
0.0271042718694291
0.050612747691661
0.0075387208795152
0.182423110062516
0.036234699995377
-0.0548589158748038
0.0396933661260611
-0.0864417176414708
0.0171494156784225
0.0461182610800397
-0.0889287966407547
-0.136668506997549
0.00413188936146688
0.0566337659556307
-0.0178441583111887
0.00287884629203392
0.0411083334127229
0.0234516886237733
0.0671182025631888
0.0469969543760249
0.0332520060674056
-0.041626449809135
0.00370429831569262
0.0821567605860752
0.0611483964244617
0.0738801178597079
0.120957019756707
0.0762196375198611
0.0955217494753666
0.140453946197784
0.0568937158358586
0.117044348076895
0.0742724804209402
0.111942615970532
0.0300881670009276
0.305316706655572
0.109072387615468
-0.187785952379941
-0.0218878084673315
0.207194917623811
0.00648819319665395
0.154314071105516
0.170348855406954
0.0807547282364479
0.00728809741593012
0.190280724265808
0.173053444469075
0.183922182616606
0.27615882464101
0.176419972895546
0.232056467362404
0.151591158540662
0.326358151448165
0.0647161477245016
0.126190552131373
0.126637086477287
0.11062189722526
-0.0347362289038103
0.193053409287627
-0.0199867105580757
0.152469988436703
0.126206463724097
0.0704700085664251
0.0429975718471655
0.250700312121256
0.181368213436511
0.249835470641876
0.223533387377352
0.259039216597948
0.162617404263508
0.212400267134981
0.189680988745976
0.126432889144994
0.0351037686591949
-0.0110417549886514
0.0761773539608005
0.202234266919475
0.249379672939629
0.17626562957481
0.222789210448602
0.0787534967711128
0.262698292426399
0.170480934424989
0.140096463705079
0.232232528038836
0.180202423919788
0.349016846163026
0.197832993132246
0.167530178441658
0.091026319523665
0.244617009176534
0.125057368912616
0.132760124502395
0.293914187373477
0.146777509723429
0.230637279961958
0.269927073647131
0.234629390314902
0.13491857578119
0.178815175893726
0.302546289129477
0.34367970807458
0.208089220687033
0.0288568458266237
0.20385096271212
0.145511177868796
0.333519999475244
0.318425681209031
0.23497497061805
0.153588891224426
0.350750411536416
0.273017015293724
0.444962328721382
0.253708874067152
0.215814805119475
0.120662807723233
0.162220371949987
0.241952791907736
0.213739184327922
0.258750517784887
0.145990371919817
0.302750731013862
0.146343288337595
0.400789213976101
0.395553518678576
0.271550035039167
0.384854564344132
0.259374245528223
0.193609786739484
0.398078621721811
0.337011870762669
0.249972431720017
0.366729385546584
0.406372121078108
0.242369854631214
0.0329428650795278
0.352531539542452
0.290461743696262
0.306372170537029
0.227968721601478
0.312661059184882
0.216524074728593
0.308374980731857
0.373137968061493
0.307054794818938
0.267982619286694
0.211248279365551
0.302496372616012
0.359087488330091
0.21931477519122
0.237760151325132
0.320541260582715
0.320501680726273
0.127780404106698
0.361787416973018
0.234347875819464
0.294463109150776
0.340794717598991
0.288636108847326
0.341457195859988
0.438519783356844
0.445409065489835
0.306940834363682
0.316321748281478
0.284296666114797
0.398830164627866
0.256946854421665
0.368657685080315
0.357101052559057
0.254170290924802
0.364924340080311
0.375573482996711
0.404453705145275
0.413503839948993
0.380224794547826
0.611347608634058
0.30084888039573
0.367619922862837
0.377202190534006
0.403592100036487
0.328163744885407
0.284529747777757
0.294380809125589
0.215675039944644
0.456800915011314
0.439317888652348
0.402147618605702
0.317720803521434
0.311703196517145
0.426829068878647
0.47432335779373
0.39627798927045
0.400220564017677
0.475029413711014
0.278241048976881
0.339360066822387
0.398064728960286
0.387326551299305
0.446993561599875
0.473991469228849
0.396726385721522
0.330726888138479
0.523208377921491
0.409417954711329
0.472822581888798
0.423480995441392
0.457965255915363
0.438048728258805
0.535163281477207
0.550112708352413
0.451686437392407
0.534325910297326
0.481742978458214
0.383313621335173
0.365818538672641
0.506184638587623
0.401735670756323
0.527673881254688
0.359410206934878
0.544764327485981
0.580278552176164
0.463493852571694
0.52284954404844
0.451929982056608
0.494168988365453
0.412309757144106
0.485096223119686
0.398191552960734
0.39573133500646
0.448386536220142
0.435600615145995
0.598918127491916
0.490516957483685
0.505907831127173
0.641538394982081
0.501531220684847
0.464031384037598
0.4804174040904
0.636152908314085
0.596928743803144
0.646992932095334
0.624066919771944
0.519548872271691
0.402663921237452
0.653499575953129
0.554731158674082
0.444255897693275
0.608102037378723
0.508967141574686
0.533259249771764
0.528197031992788
0.620159737516968
0.616104260023718
0.377033162057006
0.612421981814231
0.346146876066478
0.48539376702911
0.498109922425639
0.483190153522224
0.538320789410582
0.570469598082356
0.538145080820912
0.474875402548462
0.344403411052124
0.602506457815625
0.572066529518796
0.520060720173369
0.473242381964499
0.536704230151042
0.616200386777093
0.461189344424431
0.576842206335838
0.4682475684165
0.543625881434142
0.570624663711075
0.532476983473663
0.511339428105045
0.598572368681066
0.595401464077917
0.597615235983558
0.567426343201618
0.483272108165321
0.575592235187513
0.623341072910538
0.643002487205357
0.66358938182693
0.694394062639153
0.516367403631866
0.620948775504896
0.564594451658932
0.555052831088112
0.626109126505292
0.490534213710017
0.633706454692487
0.56780303732707
0.652025404755564
0.646956940283179
0.475091280649528
0.586583820995305
0.66123888261659
0.603613594450261
0.563569364457754
0.48873355750709
0.516966091269547
0.582561961256494
0.607876599065899
0.662548083390243
0.625033636351103
0.71642418548573
0.493484887303152
0.750576236500669
0.692278501756647
0.630508712507999
0.783234324845613
0.815738109042762
0.646059658136691
0.594196271924538
0.760397937713382
0.678599676595433
0.591267382975579
0.72596997589874
0.761847618849693
0.643408423581847
0.59572451949915
0.754315144646269
0.792618083162243
0.651528159417741
0.68315680697165
0.628660806052496
0.658976119679805
0.580225500937762
0.756632912169691
0.745839864830169
0.662633153052452
0.700360263293914
0.592758584197586
0.748817313842458
0.696508326301262
0.672548454612559
0.784054229098993
0.765551296851677
0.678909583763723
0.756639995536481
0.832660262640577
0.712132995275671
0.621078582155766
0.64576112929321
0.750366741004146
0.720466920289436
0.596886849718127
0.655896066632101
0.61022077408872
0.726426039024314
0.577205051502767
0.752327470790524
0.612133735821514
0.716840523895625
0.728973715651488
0.695139991200842
0.786719923744488
0.652877516979985
0.717669273639754
0.620408039281499
0.819861630750263
0.74950029117184
0.703989454024013
0.744771929227785
0.812073463335396
0.774005693376533
0.742209150877069
0.774162053475623
0.798473838898497
0.868720533438008
0.611820484168626
0.772831636329902
0.775216395804253
0.426912937460555
0.899307524871836
0.707233873017949
0.754187446199613
0.673450943155909
0.744876191499774
0.854647974910438
0.860544564707378
0.796906256133308
0.662224694422039
0.82590314350763
0.821612884946706
0.79915833240484
0.766361938849502
0.790088262831306
0.675422498789108
0.864037289351742
0.853932241776029
0.885542716545979
0.825418780684403
1.00545126606688
0.674192412702652
0.862941532924808
0.795264054786055
0.805685959767998
0.906131165774867
0.688209276957821
0.693187984330795
0.715230024591473
0.872121666611126
0.996579621661301
0.707638303218927
0.886766961247891
0.858703909099495
0.780465821372506
0.998085686808554
0.934961003558971
0.833619558016924
0.780498420932572
0.894555656757301
0.820754573866851
0.776015542940043
0.84690804675957
0.730212368785356
0.81649941212388
0.904617663647291
0.897819785683859
0.909795568254035
0.833769940622921
0.831974425493787
0.782099792850403
0.977118852053634
0.962055611930745
1.00358462124873
0.874652084558293
0.782817873259796
0.878684969636918
0.696515575353911
0.953963523298703
0.865867695918175
0.929136673600254
0.93895725910958
0.923471932028467
0.892896904944738
0.955625486224512
0.854714667315194
0.996017547512453
0.966093842442915
0.922936063903834
0.884108468458934
0.932567458293608
0.831842614578949
0.833984666346975
0.98211505156646
0.817752040991084
1.11687520081904
0.948359689943175
0.911578802923459
0.95612307235051
1.08756092062347
0.786857930483793
1.02290198635732
0.9631246701443
0.880552675592345
0.913664899327141
0.922422981870807
0.97968065206362
0.993246314474943
0.824668947190469
0.993569508121384
0.98243978806263
0.892071845364623
0.820183108741396
1.02128922913983
0.946249075468624
1.07142446717239
0.925035701237008
1.02556534383558
0.989295205677227
0.940013717720451
1.09608989458291
0.869049012140102
0.94451564929598
0.952992026671147
0.914723439941989
0.984793779411233
0.944447352522468
0.969015044235912
1.06973294933601
0.972063654159034
1.07209852126772
1.1084069089911
1.10509931467066
0.949869715158278
