0.00191229989378402
-0.998353518957958
-1.0235125804094
-1.02053333342327
-0.901509074833617
-0.985763643026036
-1.04160204685425
-1.11174540912275
-1.0581672672769
-0.895909609081563
-1.0242599388245
-0.932287895069848
-1.05394375765102
-0.991204176058954
-0.982130318797912
-0.909517197030985
-1.01938691098693
-0.956374501319892
-1.0894779662752
-1.02463829340336
-1.07806300464584
-0.827550369464585
-1.01192906959821
-1.00841479535261
-0.90857912571317
-0.835305537339812
-0.972055211135603
-0.838793448623374
-0.96243566255256
-0.939210616271041
-0.985317420611925
-0.981147471297703
-0.857517322663933
-1.04312913739013
-0.864931354217702
-0.906787729980983
-1.00318758068305
-1.0646432008688
-0.894241501259416
-0.928054450975153
-0.850269065991004
-0.816911232857517
-0.89408882036439
-0.890713677271682
-1.00723094319651
-0.755400024518091
-0.951291522047053
-0.933259406833745
-0.9326171180701
-0.939413339327408
-0.965449183335434
-1.06995817599487
-0.914369393189043
-0.936004895186372
-0.980380074517838
-0.767545175655377
-0.908692001432176
-0.873320467961876
-0.886990411954923
-0.941355874013285
-0.736202505217092
-0.851284245002209
-0.92715303234923
-0.851080307952843
-0.778726913389398
-0.85510601345809
-0.913172069134582
-0.854545091788373
-0.953184404010087
-0.890685679373885
-0.854113088645319
-0.908419565662809
-0.860122328071936
-0.771119955878931
-0.888902972218691
-0.90662795455805
-0.828863037999381
-0.891185164935947
-0.678154671440151
-0.796322047547261
-0.868769639226493
-0.932155636438989
-0.831368723368906
-1.01925582606642
-0.735557049075834
-0.768972959817895
-0.997942916393432
-0.815516473670885
-0.715061063135042
-0.819187841302686
-1.00469054284072
-0.912331997124287
-0.927846102736677
-0.70906787541364
-0.822272736889489
-0.685564859195594
-0.665754156489562
-0.767674515428128
-0.681252006896132
-0.680397740222902
-0.935086881280422
-0.8709385349846
-0.759622760100089
-0.850521787825769
-0.793953954983113
-0.693050333600673
-0.715279389142867
-0.805862747337683
-0.932605102121581
-0.736996332957224
-0.794002654651946
-0.725965287451466
-0.829630186485404
-0.834823211247607
-0.783516885454732
-0.771347079275956
-0.789749365263551
-0.732921388041901
-0.71204572093781
-0.928179157847883
-0.626384373932432
-0.721575984062288
-0.741224826129796
-0.677377790615624
-0.577762453505426
-0.68079749847122
-0.71464915177833
-0.712612364422941
-0.686284463065062
-0.766011651896595
-0.707013173350513
-0.681164656261207
-0.73685590448896
-0.763323132565657
-0.797414297657083
-0.715170534171014
-0.698051405201412
-0.711920376828461
-0.792887759603816
-0.635620528368717
-0.637910688420674
-0.801596804513496
-0.620573499463872
-0.705062762187492
-0.592376174875695
-0.66288747609492
-0.668624354481851
-0.748996216868525
-0.543903782274367
-0.753119175085684
-0.768683236076757
-0.626900271832495
-0.779097899733854
-0.822085020571964
-0.598856513682684
-0.759002031150949
-0.728056588093638
-0.558655253016842
-0.55207078963271
-0.746432244932351
-0.59216183278609
-0.596836898614893
-0.730532904901286
-0.586929175864148
-0.705901312426327
-0.553505412093822
-0.692661230145289
-0.64106606872715
-0.727858847371067
-0.607542750657972
-0.658995847869328
-0.760249685409642
-0.581314070503281
-0.616376005964763
-0.727633925294677
-0.657622063461776
-0.557847321626797
-0.613428438484137
-0.680311280430482
-0.602575921329039
-0.776695592502382
-0.628231834023661
-0.470611742612522
-0.697305289977698
-0.673664973277984
-0.461608519064633
-0.59713249815412
-0.720135995801609
-0.570780687974277
-0.624588627771811
-0.768782244560887
-0.615076012015459
-0.545511101722639
-0.627525008803401
-0.497953351072202
-0.629046546206325
-0.649263707527224
-0.74320131065386
-0.718239701242738
-0.620968063084324
-0.528084895085092
-0.663162805106228
-0.6212727042645
-0.550489387753708
-0.70976417224724
-0.634152934673259
-0.615006722129297
-0.647125381746757
-0.464849107482718
-0.611021628294172
-0.572573494752655
-0.571456229671639
-0.610579391699006
-0.709843295723996
-0.484938668096757
-0.64779311619001
-0.60254522913656
-0.548721735675153
-0.522780938220075
-0.613102460919159
-0.504147160540933
-0.597713184777445
-0.563388874768642
-0.42244036794551
-0.533966275449529
-0.310234631516627
-0.727957597292437
-0.551998520036933
-0.48211953263721
-0.580193384062971
-0.503287249827237
-0.626695958530759
-0.592163343844647
-0.59725207341088
-0.499868632078682
-0.757197021390462
-0.550233455018512
-0.534466407382763
-0.579722642051919
-0.518180680169586
-0.53436408154178
-0.594646771945388
-0.663550374008503
-0.527052767196919
-0.527346534950454
-0.361311390066139
-0.436115659286156
-0.526185988455818
-0.673733899506002
-0.447179113371609
-0.570416980993973
-0.515936596663554
-0.510859042378545
-0.527581284936942
-0.301167179201474
-0.50549061734635
-0.401975703038872
-0.351502752526622
-0.542329579423142
-0.428571047186876
-0.540738389816994
-0.481095672517719
-0.562487441211984
-0.484442101078321
-0.432460955756498
-0.568874479663986
-0.510701337574801
-0.385940345766633
-0.446731732151786
-0.55283815987647
-0.511592340627676
-0.427846754572454
-0.517249041198808
-0.579806843626358
-0.391509575639588
-0.495722150245326
-0.277820022215778
-0.368090701448261
-0.31744251938944
-0.62613714637856
-0.364451914422083
-0.457624254061274
-0.470719946015515
-0.604259610608676
-0.393100868184019
-0.473054974398214
-0.311007726544089
-0.440057387866935
-0.455036289602965
-0.380142226840541
-0.447506893445307
-0.248472583983313
-0.333677642627574
-0.418700693040018
-0.56754883858687
-0.468374285312022
-0.464577106704071
-0.353463146830459
-0.281523798319128
-0.243396242377841
-0.527958381754187
-0.318439893279877
-0.550684519561172
-0.269671303259107
-0.382666534421628
-0.485189583247338
-0.492750707729126
-0.428555136777643
-0.547426286363369
-0.328704764748633
-0.38260641309337
-0.368081682541803
-0.486170413875773
-0.374694157638817
-0.53448931968314
-0.28035455692472
-0.287345322237547
-0.310842725360307
-0.216004529891522
-0.40990048592667
-0.289290255054347
-0.404652714146951
-0.361399528000569
-0.273432765255045
-0.31748630638768
-0.328477945288067
-0.415882154052074
-0.201906244935953
-0.283530938843685
-0.348920792191944
-0.356582580461836
-0.216829259001229
-0.378956485713384
-0.30363492311549
-0.345627926288067
-0.475382637868634
-0.166965466127757
-0.159518422528659
-0.306280085956132
-0.32072383059514
-0.383691851429122
-0.366399968351996
-0.347622783652662
-0.363492848822508
-0.398112124158983
-0.298854740638965
-0.40181118045215
-0.334581014803043
-0.284938123017758
-0.260558741966162
-0.0692255757414173
-0.164587862487539
-0.283515146158795
-0.230394901654218
-0.340648287036921
-0.396693691377317
-0.396846648081926
-0.247041013548928
-0.260332898822346
-0.25810371910155
-0.382761984121095
-0.244116113134551
-0.178990561407188
-0.333257611291775
-0.260071451855797
-0.453045146763456
-0.317535393211304
-0.240234324027822
-0.229204312520498
-0.289413528710566
-0.125741463610555
-0.420244530962832
-0.36276578245562
-0.335334278216409
-0.104875815672993
-0.183457692529504
-0.391406862667702
-0.24352363919683
-0.269827258482209
-0.212616589821579
-0.0869025516128177
-0.116530055313814
-0.330077695051378
-0.154324014466746
-0.189968316859481
-0.255487189400635
-0.0333179168631175
-0.269413968709987
-0.446797954752272
-0.253875006289198
-0.101776223714275
-0.314179049148543
-0.397533195146626
-0.279460435121318
-0.22192964464533
-0.206298717564407
-0.234993740772885
-0.144934355299698
-0.126084777819046
-0.128514779380432
0.0272473979127266
-0.209403309444035
-0.327120559661751
-0.256157079685118
-0.205378149554145
-0.0765583865947713
-0.132074926801948
-0.14359140089757
-0.324788885074012
-0.199545284757018
-0.228906514979905
-0.300998339202289
-0.0537379479779799
-0.126571053825724
-0.191285148941854
-0.0962007642502691
-0.127639470715421
-0.156208309639821
-0.085627968966408
-0.135853313888158
-0.187502299397061
-0.17893796473411
-0.259667437929711
-0.15017381052583
-0.135269701105488
-0.243394772290785
-0.190447111673206
-0.111464020208932
-0.0895100883694716
-0.178545017960987
0.00700164977240144
-0.143437235632945
-0.200418733900476
-0.165039070354166
-0.0373694060982117
0.0258762939726301
-0.107662677132886
-0.043687859581545
-0.0554951597630411
-0.125240708976165
-0.185192797453596
0.0620226130196141
-0.119950614374274
-0.210560350587353
-0.20783582810949
-0.0338690966770399
-0.0514319659480096
-0.0554298332099452
-0.238173249504034
-0.0268994936405345
0.0487729734878044
0.108230300123399
-0.0799999925737012
-0.109831459809468
-0.00625846107436963
-0.0202677180689926
-0.0065870708516502
-0.195564641028626
-0.0455013306601691
-0.200752025498592
-0.196184443460617
0.00740040855275319
0.0217981561492421
-0.152021355286498
-0.0357128121144516
-0.0610987725033093
-0.144072520725608
-0.182303065269243
-0.081193089463729
-0.0653768368295085
-0.145020400868117
0.0392286755995009
-0.118888650491107
0.000163796526409393
-0.0718738735960659
-0.00829891613894729
-0.148366135188953
-0.00253822471848063
0.223593402727226
0.0509035471701678
-0.153683641289733
-0.205519927560367
-0.203591395392895
0.0160939678798307
0.0755223102234523
-0.0451732451133482
-0.00157272161021432
-0.0217243865197707
0.02067556773484
0.0453279092060804
-0.0412243448388133
-0.000264235694577174
-0.0516819985096639
-0.000275626026678833
-0.0240452481277488
0.0665521678720858
0.0861372242879102
0.0408005059007786
-0.165677245961919
-0.00622078956077566
-0.152931974228719
-0.0816142102016543
-0.0293985237167541
-0.01646321705484
-0.0472701336807629
0.102896514517642
0.113685990897576
-0.0495742038622637
0.134377279049994
-0.00375016153906313
-0.0673898460095612
-0.0219024904570236
0.0111214710704706
-0.029991230230212
0.0350469567610134
-0.0269105639292406
0.00118630225808947
0.0912841454196689
-0.000197891200135502
0.0825825423427029
-0.0190792246684605
0.091652357103592
-0.00724388599787172
0.10256217786657
0.0928498734921064
0.113370608435987
0.0237304618363163
-0.0268815266210076
0.0908240536348045
-0.0413598376643731
-0.049413425886902
0.236013804154012
0.057312396642075
-0.00883452781559958
0.154756560344233
-0.0672771648895476
0.0600034312792812
-0.118136354986133
0.0824574370174484
0.11481394826406
0.0104146295699569
0.0284065626004662
0.131579522706021
0.111976049413021
-0.0404381693683009
0.026815249256583
0.0750234539378156
0.200612229268979
0.0690206350029562
0.211843069911431
0.130463276440216
0.0342881149035117
0.0649951082472401
0.101844179103482
-0.0282579503490916
0.182285964397941
0.0917771721218335
0.094176026206041
0.101038018066509
0.192221140494919
0.159881914037408
0.00180976537723355
0.268114396736649
0.247715674937392
0.208595669855007
0.0810995407568033
0.138435582750845
-0.0113919627119345
0.0896485803790782
0.130314071308248
0.213161912269939
0.147736193797418
0.210916266583554
0.0980358464948691
0.140054031435055
0.159056002278675
0.189885272666648
-0.0042199094989155
0.0194212501381403
0.189933150442267
0.131144061563205
0.178689547942378
0.169375229302466
0.0320753338534095
0.145960716520495
0.28050028127415
0.0827468633637602
0.0669910803154486
0.253366132630893
0.234767151820991
0.252227031978093
0.267131060426814
0.275368954425487
0.361267701110827
0.111365076908751
0.186690744597691
0.267918559273012
0.228875350938519
0.12348177168277
0.117732700448017
0.181958030125173
0.178040611777799
0.274653458033922
0.260029563728841
0.150541119857081
0.103240883428741
0.291601136838933
0.13356079032022
0.290018435783108
0.135981134441397
0.281125309566569
0.166111273002448
0.191388850128036
0.338410296222869
0.273672219820824
0.281659930610468
0.101541759345578
0.0964588889166927
0.256687382066135
0.310512860466784
0.146377597287774
0.164510441728157
0.174290530492619
0.252473870808815
0.316071675561399
0.262948050234445
0.181354705842809
0.219028898596655
0.387493507306195
0.0718463909728738
0.369337112837252
0.200947073888347
0.179993499898568
0.278388755582906
0.331297622714304
0.284754995404957
0.340124938271637
0.154266310657923
0.212982953663201
0.28424632477569
0.278191324416293
0.193721291750183
0.331332397653761
0.434847038135782
0.364243145369436
0.174581023651881
0.354892827542855
0.270697142740691
0.39679616228044
0.291202125451483
0.32216341271714
0.345967536774448
0.317338868262711
0.363330714653037
0.38720138533492
0.261352794632834
0.19889930073323
0.403461477874885
0.465293317852354
0.239783553511123
0.310218915736549
0.242728438907066
0.209968480819421
0.189856060143645
0.37455240472513
0.295150289174981
0.257715368718224
0.383031064358903
0.319705976133028
0.356365439723361
0.286707523713346
0.492935569082128
0.385920033800387
0.238203215295905
0.269983022536912
0.340571842683331
0.418709208213525
0.500112274291412
0.410551378846189
0.397592105831466
0.378933010332454
0.466624656173732
0.527712575389123
0.334379095604817
0.241881608651806
0.397909814251989
0.398066670330407
0.326918567143814
0.41410944644711
0.389958999772768
0.573243609003158
0.203775371062077
0.435224360612749
0.341224388391962
0.436501029242411
0.4004273080313
0.366906753568348
0.305006496336
0.290155984227631
0.283859348859571
0.327058891043269
0.54418236135531
0.446244992435884
0.203019904065862
0.422960546913447
0.371118243742564
0.294267148219422
0.358994488463515
0.4853062271613
0.355112807665543
0.37844682918188
0.263367057037283
0.267050583482412
0.488423922034681
0.493013126391564
0.42720840816215
0.541803312979137
0.324631525262753
0.456434183900578
0.586773236351849
0.45378035997864
0.406277843047544
0.370567301312343
0.293072835508027
0.49636521963621
0.452368571081928
0.363474631085132
0.463155732758589
0.514815624292846
0.36554931512943
0.582873374714632
0.737764932259301
0.544280948174618
0.562563824200173
0.353709117332127
0.533607194634488
0.484130744256395
0.531165034014407
0.357696813600917
0.484686749155691
0.575469727716217
0.490679565807451
0.524820467875761
0.516734214512233
0.4729968734109
0.519246863399588
0.494311472196488
0.577836730608551
0.464408277525133
0.331832291046193
0.523524887984807
0.548902392771448
0.535397264504687
0.501410261223755
0.347415300234801
0.398373391735703
0.450776420953679
0.523140856558563
0.53684271322208
0.507975344173526
0.528457489911179
0.570836480085738
0.560197633941445
0.455777979683704
0.484270025798893
0.412949324399175
0.553915783407284
0.563491117970989
0.461371951938206
0.548143973774223
0.53152531566553
0.57174854178909
0.600060601316517
0.437254461339413
0.681378566721639
0.554630204503329
0.554180270895146
0.484874994359771
0.475559985894918
0.4503746491841
0.565931940882684
0.416657526445585
0.503427353763149
0.568326510763866
0.557993756229554
0.646563906304206
0.572197842240546
0.528306074176565
0.519604351363898
0.484085819246347
0.551317541082963
0.545555629381183
0.593318276224133
0.557960259550394
0.553689202701905
0.484196932887671
0.632709389591245
0.664920787721968
0.560506982070077
0.605081323851339
0.589538401252528
0.676360722090594
0.543410069571295
0.576186786291673
0.563296365547981
0.681746609541269
0.476692319618557
0.619157428974303
0.607731825228232
0.765435532549098
0.58640746203159
0.653169196491511
0.699429127884143
0.739499496432506
0.675638316855693
0.66854672778429
0.604958788753245
0.591531024645832
0.69746575030757
0.790928849239807
0.68997680301074
0.495544749915658
0.632911787292341
0.476152960101926
0.666260675355016
0.761999118254416
0.655528483616567
0.625837324297323
0.624692775974188
0.510927348724285
0.631642275986315
0.566356589157423
0.782523358945929
0.688077651131933
0.812551741657936
0.64534754121159
0.609801222749345
0.724113954353812
0.712887886818439
0.612468166446491
0.714896536329189
0.540401190055626
0.773802583686999
0.597237786151182
0.790668145409442
0.604540306901371
0.61949429253417
0.72504940541044
0.689665534243951
0.686088241601935
0.761812590866323
0.542788097560219
0.818647578541916
0.637123372565658
0.551275318876826
0.739470035237173
0.66343020008154
0.793776500273674
0.655959613246603
0.65261247177809
0.726023116204727
0.609805779149413
0.697538856617217
0.735232745109631
0.666427078440027
0.783427976008199
0.793962314289859
0.729674927430964
0.791829446236758
0.5055294687006
0.647835825280391
0.827803134713804
0.876315039405376
0.819590109166382
0.726501535922214
0.699192802388921
0.750859817348276
0.939780327257664
0.820619845514964
0.533180715838358
0.695053331219172
0.752564695700075
0.827110950394985
0.73227488955624
0.780197804158796
0.878612234358337
0.656151438096523
0.858749920062002
0.73663121508237
0.692409530997304
0.712752534486591
0.773380798172174
0.938183951511982
0.65968449695332
0.730902707539447
0.608309172662261
0.865137048800588
0.798215344296433
0.791836640368539
0.825213804152847
0.833108517062173
0.6646814917061
0.769165851660104
0.712893921237302
0.783136923296502
0.873029659461256
0.780196899923129
0.639409414189089
0.906870553620393
0.867333544003315
0.883604565330962
0.855088144239861
0.859285803977705
0.871897522005204
0.800791621313804
0.780001477973185
0.634603315609405
0.754377604625994
0.747195735743724
0.778347093825021
0.912106356635444
0.871191474873824
0.908930300330673
0.918536737510266
0.897481030608709
0.839263403848324
0.9941944103362
0.835758444187085
0.846754167139417
0.821870776884989
0.831144771863482
0.797831060829728
0.798253895355886
0.655616580306068
0.909438545020815
1.07544149615985
0.94708592340597
0.998840898994266
0.942406011860996
0.832819844224314
0.938037594657047
0.88203296010711
0.884488364002138
0.885945900046294
0.813265654069365
0.903040663318214
0.945935890599294
0.764434823104865
0.850061661371947
0.953330072092377
0.845152218513537
0.951459712717076
0.988794504654303
0.813790872572986
0.981590086006584
0.878536330587113
0.95421532306276
0.861079248661948
0.802457989065899
0.948712562408332
0.925673643829711
0.970304988071614
0.824020884148202
0.935283484587651
0.943765648307917
0.962232068902756
1.04163002270391
0.984511012126646
0.941113438026007
0.952155899970765
0.96893371217712
0.972272242476714
0.938275529888313
1.00963320854962
0.949065161296123
0.934462777247282
0.887890203781786
0.920394473975035
0.86310157650278
0.948795647648532
0.925215578843442
0.972467659821895
0.849325043437246
0.850697441958172
1.01467293751414
1.0141260567938
1.0582456388614
1.03377146351188
0.714041362699021
1.05601285494243
0.928532158824998
0.908067096308654
1.04612006894917
1.03966224289773
0.959628434467976
1.06428731261636
0.975224781837442
1.05441595701564
1.05998722191103
0.917244884800951
1.11044375815089
