0.0720601733704442
-1.04910838273595
-0.845241329774141
-0.872100773771782
-1.06999814824215
-1.01917561993357
-0.976985445583532
-1.00967961822663
-0.895235875816147
-0.963260050259747
-0.955865504939183
-0.982603584012157
-0.981050690379365
-0.90934597800596
-0.982470753922796
-1.02651797644233
-0.978668370848644
-1.00099034320454
-0.929007345090789
-0.99332443730143
-0.893194451192177
-0.996700252783696
-0.867445487237238
-0.871992053055813
-0.98032708381061
-0.961538625733279
-0.929854618010584
-0.951208567776446
-0.903384606394497
-0.941731011075114
-1.04837608480728
-0.758784956472499
-0.964836864783295
-1.00026217931033
-0.942875206032181
-0.965697180212595
-0.864863666215143
-0.896642522864223
-0.746359800848966
-0.881948176587185
-0.935569179493818
-0.810686228838322
-0.938291482560781
-0.824078531294057
-0.925139018191463
-0.861715496516496
-0.925867826515178
-0.858326488894464
-0.874156543776746
-0.983128236808474
-0.859216184207895
-0.918046786659734
-0.931034520659659
-0.761617254879575
-0.907521079593443
-0.844345263515602
-0.981396887649844
-0.972140355381201
-0.804781715422108
-0.89934326863226
-1.0369866059616
-0.883359760818303
-0.874841631722319
-0.774824238375539
-0.964985094002515
-0.824851473185956
-0.805197130105153
-0.846358634535497
-0.923305394498341
-0.836149255653576
-0.855050651372883
-0.929994379499175
-0.860811568115349
-0.901903503106416
-0.871122192854751
-0.893920788725248
-0.889687634468666
-0.821673267233003
-0.755265491976879
-0.960786216338735
-0.782160512629831
-0.913006830041237
-0.753060566524569
-0.824211630415834
-0.833965267463832
-0.725752608852972
-0.722461109748406
-0.811435958591369
-0.934228328579327
-0.929647997754004
-0.857505544143002
-0.887907210817088
-0.793113155532835
-0.805384263792466
-0.911117869697946
-0.904147672616403
-0.831064384275763
-0.811073275808295
-0.835914857337378
-0.67114036735343
-0.72113466650367
-0.777253990078636
-0.801033775247361
-0.882506494792968
-0.888080931471973
-0.866874012764511
-0.70408901665117
-0.905889058455074
-0.588669998661382
-0.792202911132888
-0.719722957119401
-0.795955416013341
-0.703737132483171
-0.77069496281535
-0.820889659384701
-0.776557847772301
-0.776886794493451
-0.749294049463427
-0.697738835463135
-0.77431256350359
-0.868623689050352
-0.680599211036816
-0.741043763130726
-0.758765887012083
-0.851225859762422
-0.649749361996618
-0.579730098556532
-0.706282402127011
-0.754118837506538
-0.811999329195491
-0.728990711201844
-0.686778708335291
-0.766153217425798
-0.684791493416263
-0.742833693427464
-0.789394437410396
-0.752004365949424
-0.654694150006851
-0.748943430988296
-0.758975054125548
-0.611054622111007
-0.77437891900649
-0.624979607793988
-0.794042058816922
-0.642789294719998
-0.634833121414953
-0.620045860427804
-0.727209130575189
-0.830097927549308
-0.542894187000684
-0.754629301828623
-0.737601376284334
-0.822924490663353
-0.807776468847568
-0.700392273577999
-0.574386722902917
-0.715501046039454
-0.664856500462702
-0.628283402781662
-0.707347839181677
-0.691322244437536
-0.648674583768686
-0.825506536777393
-0.632471426117057
-0.727552673780265
-0.656640312567033
-0.498822434034733
-0.626163213461903
-0.64989184593956
-0.780567428074545
-0.6637546189617
-0.517908953011917
-0.611062398421462
-0.654192975275012
-0.573282261268697
-0.812963280004949
-0.773419713816709
-0.636342311410274
-0.645493419337072
-0.676170765471383
-0.651418752901952
-0.730994576326827
-0.618315233036741
-0.772960226298427
-0.571237542291492
-0.631879927866392
-0.69440070661684
-0.646159120333558
-0.605947713930372
-0.722519494728769
-0.61179494854541
-0.600051820986491
-0.547943898154435
-0.692471909473961
-0.597809453530204
-0.705314699540665
-0.811928240583777
-0.552035831636288
-0.840793390501898
-0.515680755987916
-0.412906821139345
-0.597211831783857
-0.709967637746427
-0.692616387594013
-0.70735166065415
-0.604939290218742
-0.558842820472283
-0.583231799962737
-0.700028587916242
-0.566632041555671
-0.514770746401441
-0.548493508526853
-0.430306991566547
-0.580165058949324
-0.602429697003106
-0.444427692516361
-0.623616497866061
-0.574352059808418
-0.512812502511142
-0.497752075887011
-0.651754227203441
-0.65460407611055
-0.482618019356286
-0.609890183269771
-0.487719704745689
-0.528152880112076
-0.489808347689937
-0.511861228748318
-0.643781168939342
-0.521661030929635
-0.600502767029445
-0.605883141151671
-0.406290455638948
-0.466259260645744
-0.591910357224592
-0.459570818277071
-0.469878349559711
-0.612395406368035
-0.519480071238872
-0.601178385483301
-0.519941067748789
-0.594770021597311
-0.911293297838273
-0.553226033744052
-0.542455297991427
-0.508526451230335
-0.529467936930023
-0.549672654450973
-0.450674913106536
-0.595585567457449
-0.569477499174594
-0.420257829446626
-0.520687104971459
-0.521737471548508
-0.616641987727362
-0.631745334665979
-0.461467484352718
-0.449134924055643
-0.539260742369891
-0.419035094287438
-0.653050993029887
-0.555680743112205
-0.528910366450387
-0.557989053376064
-0.4756435447156
-0.558975717107959
-0.377587424223339
-0.421984752047672
-0.507053306485439
-0.425971539413859
-0.522240757957711
-0.430522401923236
-0.44957070731542
-0.446069363418087
-0.419130274251943
-0.45286624349929
-0.485980232833068
-0.544834328629039
-0.379402943297437
-0.511100074247217
-0.500962758003377
-0.418989085998562
-0.380153666178282
-0.406593985634443
-0.4554280731215
-0.441610942163722
-0.526973001748322
-0.480044586284678
-0.457757162673001
-0.366125505479274
-0.292154636997677
-0.56510014965679
-0.577171088386049
-0.435847808459851
-0.465755976807203
-0.544644631011558
-0.500320750016434
-0.288776859891622
-0.242164451481922
-0.403200813350287
-0.333233663913707
-0.263650935816369
-0.422756562143642
-0.375379507826232
-0.46848780540382
-0.465787847648927
-0.318792475349575
-0.485809923708148
-0.45155716145056
-0.201960234839148
-0.302844402361506
-0.291401621952025
-0.291840514233341
-0.469015842201414
-0.485888637176311
-0.398823450536458
-0.416373619765079
-0.311829183087847
-0.439137672724599
-0.406698715174894
-0.482138896288634
-0.34062233309386
-0.432473811744986
-0.331805105010036
-0.304557554774846
-0.431113907527815
-0.40430604687307
-0.294947790279351
-0.223255600726757
-0.420646131846812
-0.255400509511855
-0.341047618095167
-0.424387468087725
-0.24001816077474
-0.494259009007488
-0.376988220885823
-0.288570034137752
-0.277003867208182
-0.216100464098104
-0.422978231745881
-0.255955424398013
-0.280294956639088
-0.4923004220588
-0.403874073186355
-0.357134468766888
-0.405635134090442
-0.318827611124307
-0.177031856941724
-0.293653155888195
-0.516090264155725
-0.356220309303978
-0.305807055934839
-0.335509716436368
-0.22626653741326
-0.340208165356648
-0.366479158394791
-0.366626107610265
-0.171602157837426
-0.477088547177977
-0.33942071259961
-0.182129342200412
-0.213279550964568
-0.12469296935421
-0.202164943073575
-0.301850705068566
-0.295083621764442
-0.255892021057143
-0.343370612187218
-0.251144804364068
-0.208786656328264
-0.0970906250573036
-0.223350207488415
-0.307465308285004
-0.27067286499159
-0.145222348655928
-0.189001608387017
-0.347555370858186
-0.230792938518288
-0.111744682569582
-0.142288520233998
-0.282544058685469
-0.36561382664402
-0.162907732233283
-0.22536504296135
-0.258019265781035
-0.220434298794006
-0.185831182763555
-0.154937286889739
-0.194077865397895
-0.295485971278953
-0.229061146186638
-0.149939623742912
-0.0844836829852011
-0.130541055190212
-0.335197795760989
-0.244781606698654
-0.214625851220085
-0.0869914679269675
-0.0815855274789458
-0.304961502010792
-0.163290604847941
-0.0565043447209263
-0.162334500824414
-0.101394080595947
-0.31960897457944
-0.147988443902329
-0.275655560127251
-0.13484543263031
-0.210275944844379
-0.147350218042759
-0.132109772734729
-0.302330423431565
-0.135847911142874
-0.253411122545994
-0.179402076733683
-0.162248194662785
-0.215101998122531
-0.0505110647321733
-0.289020672891306
-0.106106173914196
-0.310200630429319
-0.172248532047928
-0.265112262804632
-0.125503043459226
0.0639893833931422
-0.227873903038307
-0.0415400298377613
-0.0519314779007258
-0.189781092861673
-0.190426120638772
-0.182408080331452
-0.193098165058983
-0.0672847594786019
-0.248521045209771
-0.120415548801721
-0.128729843277298
-0.175560793142158
-0.194344707420641
-0.00166399868756149
-0.128140228292581
-0.173872614540149
-0.186239181295416
-0.225445061311794
-0.164469833899565
-0.155874253111341
-0.159636930122365
-0.158215336005552
-0.0786512717712954
-0.0312813017723534
-0.115286662018231
-0.0228850347778277
-0.0590842623414664
0.0867408428189403
-0.0111881556009912
-0.146493582813476
0.121503861555806
-0.0804926527137875
0.0078692209400116
-0.058895516143547
-0.0357752186843974
-0.309684707458221
-0.0940970274251791
-0.100590490539948
0.07610252965266
0.080236824847376
-0.15627010723737
-0.0567825782166046
-0.0875021890986993
-0.0307255496983534
-0.242695961604813
0.0425370566887127
0.0445197134591056
-0.0126687030223301
0.016469117855313
-0.175428791468214
-0.0230075389780326
-0.0330980750987249
0.0235722860899827
-0.0528560882510032
-0.0940610872759305
0.0137717531336264
-0.170121520128162
0.0508994788533063
-0.141476600982859
0.131199163217949
-0.0942113173844568
-0.168371107164217
-0.0805619303280003
0.000865494894302071
0.0321672608416643
0.114609390090448
0.0145393203522724
-0.00922925135882507
-0.0580234557077814
0.0869346576999118
0.0884329241612838
0.0374378110371123
0.030381356567362
-0.0629780595125026
-0.182702872292561
0.0376359936577043
-0.00714256945991168
-0.0365401181916443
-0.0595356034524088
-0.0629024069280675
-0.00169014570319863
-0.102286028177997
-0.0308908270171561
-0.126730124181377
0.0294791461394637
0.192443066431269
-0.00845314097572253
-0.0366789536128534
0.0612060681591644
0.0824431317834947
0.0440047057990767
0.0429774325286941
0.0493373653095389
0.0556958726159865
0.192095938211139
-0.164874194397581
-0.105172775580495
0.157795469136769
0.0652422212858903
0.134588985067702
0.109330866235085
0.137388168980286
0.0700440704241101
-0.102615451568263
0.0405496899063879
0.164387483963683
0.0858387559741076
-0.069185956713827
0.0954413376581621
-0.030551313306944
-0.116070481767259
0.00202458147519016
-0.00558494362873502
0.109056178684659
0.111195628825209
0.168268819128569
0.185249822542161
0.090843441426995
0.0430476014271002
0.0574754152681709
0.10328685753827
0.128913781245487
0.0421495539394601
0.0946115416479628
0.128654559998448
-0.0460967938531473
0.16430638490897
0.103370744784885
0.0548969023059473
0.134336469100357
0.127933769405563
0.0470106170859793
0.31796999670062
0.256441376874285
0.275369265838219
0.0841327948540745
0.203189314325114
0.142928280550431
0.269102574717568
0.141661147721373
0.0789000309416109
0.128637395635618
0.12110142039415
0.0406783285129822
0.0455145037990391
0.0422651929771756
0.16385239321879
-0.00843447601641351
0.193181525987243
0.294193528528484
0.247877829246408
0.0743690517275451
0.181375500616503
0.0938580074949504
0.316997043403586
0.0987476071161574
0.0283425255942158
0.157630601791099
0.131506859294508
0.209615440412967
0.0569442657262341
0.107998689813189
0.0650494238898636
0.112211457747029
0.189403946315585
0.020018967829041
0.0974742876284322
0.239866295166872
0.214714475318176
0.229150237316525
0.123480737358186
0.219735270003113
0.0980836724946828
0.274901200636438
0.314263740156475
0.302137539706011
0.322271550276335
0.244501989736701
0.228407806505448
0.128542886714929
0.227725178151935
0.116521642520976
0.203855136756718
0.228539048872246
0.308476616892109
0.314663426594637
0.355449192674805
0.226156934459173
0.157387986956691
0.202836300629409
0.234607317915448
0.244898147727934
0.219084581674879
0.259904039272902
0.321887586281295
0.220265675880719
0.131138184160705
0.401844097856953
0.209664777209693
0.2275919668606
0.171814869218853
0.280112442482784
0.295501474934349
0.210501160848276
0.245728669938241
0.293950754044557
0.243999048472292
0.422561571009559
0.265887417797097
0.124509093675282
0.20433308279154
0.20077809025988
0.274221130208382
0.303106154068155
0.245845327493141
0.303883372969996
0.303300631181762
0.192292691616938
0.30509643534501
0.199614302436689
0.291432043764963
0.211541004875521
0.123527316252594
0.335632400318679
0.244319020420239
0.188873519167623
0.180161407220803
0.315417532982137
0.34344479846826
0.315645462924442
0.24827082015057
0.346689461537634
0.326641255320089
0.350550987860631
0.360015131031274
0.29025307180356
0.318604565077073
0.310812666812714
0.398016493184563
0.32550237636728
0.255421640337312
0.509010461163668
0.385559285362815
0.233382304097737
0.27080772649656
0.314570711535606
0.423732733918987
0.280234341341369
0.378718154718323
0.366972582609383
0.349827137910963
0.37865100494905
0.45062125213559
0.243916180488641
0.246985946251634
0.270240283622022
0.303520805711177
0.277549631362743
0.387191999008172
0.29699459482783
0.391771379874779
0.409907713947601
0.279281535856109
0.331393519267561
0.367329596977313
0.3914363417195
0.311173070663508
0.383572874895842
0.38255633088049
0.404365252632999
0.280832119898498
0.466308530849821
0.314274212428758
0.575870221985357
0.451794544704627
0.479964948668824
0.409790888101355
0.388899434983913
0.377699998362825
0.555919442518163
0.335791553122395
0.494292875733788
0.437003531118007
0.438958509877023
0.297678472128001
0.426643029572192
0.376033626533833
0.540342397052646
0.451117435777769
0.315914486892089
0.446181304883756
0.621648330304998
0.403518723030403
0.542470154766002
0.457850212949913
0.482176324582006
0.536565678348264
0.5306219478168
0.330945638236483
0.383192558612929
0.443547590598321
0.309029144679929
0.493679184649088
0.356481422087292
0.541130542363428
0.59675980691714
0.402545342618096
0.417897949667063
0.468342065069245
0.484935475200477
0.286221475648291
0.439440460407301
0.30666455096481
0.336571327813847
0.489834167676821
0.453935292405065
0.484165626797226
0.478018036916387
0.354866840276711
0.599402213427034
0.456696468101762
0.650779255482609
0.49755303653967
0.513504796493638
0.398602853588445
0.536319272286826
0.43219127735966
0.647839585543381
0.320803029741318
0.413042306700683
0.440872533268961
0.549018222609132
0.628942930180703
0.501122140666736
0.640716453899756
0.374115427381802
0.55777542249116
0.580545198219026
0.462287740958632
0.658140799052767
0.389272668568384
0.444099864280556
0.579300405790801
0.644550599542563
0.567650838697272
0.44044426598507
0.368834734648748
0.567108709939216
0.625079532229347
0.486231125901068
0.397261351179109
0.604026056178912
0.443496839599671
0.595795186508196
0.500437708422306
0.511324289662328
0.520716115716298
0.614341674284152
0.541933300290556
0.624555140425841
0.532354551180258
0.608428424051649
0.684745806248543
0.561357440502129
0.531774490648644
0.53450857519805
0.513852141896791
0.505657072166439
0.728815379524136
0.476010795131026
0.553589381076257
0.623555341545337
0.671925309897082
0.490707468261283
0.638253651369846
0.521737807253426
0.709665099545699
0.707377343530131
0.691913899593582
0.682484512784092
0.567258935600595
0.572921638470611
0.677859843612235
0.518940690086809
0.535809491874477
0.562656224331148
0.627670303895146
0.625947816441351
0.554883238901795
0.565916572950827
0.711685348790897
0.533052563134994
0.645429806127179
0.722238295510661
0.57410052435303
0.798660350172046
0.588170407185022
0.800493402207308
0.67016704210557
0.618205359095358
0.652438917381854
0.581527659020702
0.565956907165687
0.593219714282592
0.740446816147913
0.766015818284192
0.831020276312116
0.725828902790505
0.644773660425852
0.587343241414005
0.572990376610652
0.545318845875917
0.598312949704416
0.660396545368613
0.707924347474488
0.692452089923974
0.466046170598936
0.707605280110381
0.602562780250449
0.569163061865814
0.671232463091
0.89979075440395
0.604824155045155
0.631941807385765
0.569655507047417
0.64245456853483
0.719587914835296
0.814650119375694
0.643881343085304
0.583344765898495
0.707370341737042
0.658821104641372
0.812304097647219
0.827065313552199
0.58178121370771
0.722746587581354
0.831835970911541
0.629907216932199
0.758805832776218
0.541866462726404
0.766560722655849
0.789174340867342
0.734359386049498
0.825717353317813
0.801883530536889
0.732441131606847
0.724871101189429
0.785472799483552
0.568172972964397
0.672918499105831
0.852731614729513
0.772946132147874
0.655210721196203
0.719836163803665
0.701799793444055
0.651618604506942
0.835790279392478
0.854613959299551
0.746413809530333
0.748900403322976
0.901132915671749
0.754791590323113
0.801547420778521
0.556061840877572
0.729587947934355
0.743709047080357
0.781422365887829
0.743910351081379
0.736782343685963
0.919192789700758
0.72149116374491
0.926848637117222
0.759893810458299
0.780091450619377
0.845993254931894
0.902610808609428
0.643426121287878
0.701959117603062
0.873413902952544
0.734915413408967
0.904603003698526
0.658971202806534
0.656693456106327
0.836464084124357
0.608216704274703
0.717811462554196
0.930636557940403
0.763496323638017
0.874313044114663
0.887297099753044
0.715352032963437
0.943226065194615
0.833478028054748
0.781731626464025
0.916850300334367
0.798854099364031
1.01566073418249
0.730001273961614
0.816630337279335
0.932428939934738
0.88260807722203
0.725653223806544
0.812702500397477
0.877544666410833
0.994097716850032
0.751145414470258
0.833195028116748
0.843528255018041
0.912396427310313
0.831508800623203
0.956284068664188
0.838189246997012
0.845351272138769
0.883239260001006
0.884742746424028
0.900420837832275
0.831070646211554
0.912106621870651
0.803547222784774
0.950173800235863
0.80781724350902
0.855384203371914
0.882194965405006
0.855510351861815
0.903178934014217
0.863392705562204
0.850648150509408
0.887685778876788
0.810180136873579
0.797391704601229
1.0022182929014
0.796410313740197
0.903367698885085
0.965304909420231
0.981566067945835
0.908739363691366
0.756362022261952
0.897781768031886
0.796284139615697
0.975132653974461
0.907623849862128
0.88472882093888
0.819033218871713
0.836116827272033
0.851058354664881
0.985325738051142
0.944014929735731
0.891117703164478
1.03538091467125
1.06639553799611
0.925438609626447
0.924182215306379
0.989763879174016
0.895131195435469
0.954976078312502
0.835764304961797
1.00403526967173
0.865358800363897
0.805211713264938
1.06915510835786
0.945618733840995
1.00583149654973
1.07447651438575
0.856401904303003
0.892958587621566
1.09526777887654
1.08416464189548
0.994222099088694
0.773017877267691
1.01772672445379
0.980077667519312
1.23153153119588
1.02619692916589
0.931505761646391
0.894654921084379
1.05590205149972
