-0.110455977796981
-0.992495737050141
-1.05502256623559
-1.05513531248853
-1.04367460569393
-1.04944713553402
-0.98659199585601
-1.03490401309626
-1.06625747213069
-1.07668177062999
-0.99261423608798
-1.00554899908263
-1.0557438102107
-0.98654579675594
-0.951875048240155
-0.974559974687123
-1.00381759461439
-0.859779183981614
-1.03817106872406
-0.992284884115915
-0.936924197624597
-0.98974346038655
-1.04595719558932
-0.971383274069268
-0.878218300335481
-0.941182536151439
-1.01151497594781
-0.92258663940218
-1.00334453343491
-0.895069602843174
-0.854501328061831
-0.885701677336189
-0.924018877229347
-1.04674703050645
-0.807256731065055
-0.913911364488984
-0.902990065302756
-0.911099724963412
-0.896485127851009
-0.951577508742663
-0.933406370564733
-0.943469026222395
-0.805695415846788
-0.921707699158
-0.937434977875467
-0.950153789263863
-0.942518443692187
-0.976171547405041
-0.889054218291528
-0.939978486690951
-0.973300604395698
-0.958042734417852
-0.906738213152228
-0.96114078537988
-0.905652377885744
-0.834906760338053
-0.785340185328713
-1.00873007123481
-0.796608571601513
-0.843626052947614
-0.787566179905319
-0.807834309768341
-0.878025576688945
-0.979631352339771
-0.885308844542453
-0.799325140904169
-0.939852577150027
-0.904080884468442
-0.808329036255888
-0.859950491154259
-0.928803788856694
-0.927784311722471
-0.779334572556084
-0.940809809149333
-0.894495341901087
-0.841156951411648
-0.998565912114088
-1.00864975020537
-0.904063236219433
-0.901729278427123
-0.902593077096696
-0.808598361854257
-0.739215368492303
-0.819704826930961
-0.744219734331877
-0.779626430573106
-0.679590239801189
-0.80539940932816
-0.838572853969069
-0.70766563262082
-0.788482254795293
-0.827636545006284
-0.90015841287781
-0.864142547689434
-0.779432325056757
-0.731221397893678
-0.677656320186295
-0.96000523754749
-0.847884161458768
-0.804280693739188
-0.814954965856545
-0.797395439062855
-0.800900143427704
-0.751116739382954
-0.924194014698509
-0.645958918894286
-0.780108205304867
-0.792106706362524
-0.796711297240067
-0.791514624239927
-0.832646084465463
-0.64844092857123
-0.899087894536246
-0.766462640130323
-0.737280347863514
-0.732448847891015
-0.860194796603502
-0.7871657120555
-0.630309708937917
-0.830607063517475
-0.745112283492362
-0.714997092786145
-0.887175621136925
-0.815983131684475
-0.757372928817387
-0.849426883926992
-0.690127421872088
-0.833786097343421
-0.774914402405892
-0.841781577438287
-0.617221558826575
-0.759359372899804
-0.812954998302964
-0.782663788149279
-0.829385288326215
-0.636865543719104
-0.752753696709518
-0.735427908779907
-0.617906570030935
-0.669936213538153
-0.61022636013167
-0.764478548184843
-0.763466666392175
-0.639745473634916
-0.729025142925618
-0.713662256486147
-0.75742196816
-0.739999873160673
-0.723347669421815
-0.774969455256993
-0.764571742840821
-0.740690707092769
-0.651269481905723
-0.526746017446868
-0.694100392791564
-0.725518099818085
-0.649749527796462
-0.772070244848397
-0.554018108224203
-0.750736226758468
-0.764229919445637
-0.694210442941519
-0.751746701092092
-0.673956641477548
-0.635370512266216
-0.472346946169599
-0.666035101690473
-0.658437911453291
-0.618651107336679
-0.561247719659494
-0.644770923411727
-0.605712445979804
-0.698486103275289
-0.701509319025574
-0.664270482752475
-0.64737267204619
-0.576655513084022
-0.556962556803911
-0.606506181530664
-0.613812398480482
-0.479571212796971
-0.66167205758534
-0.555500907671726
-0.511742889191745
-0.706562186940872
-0.610019277943392
-0.685415575521334
-0.706238641058558
-0.527943274879522
-0.517228648016005
-0.734153684232614
-0.690960404405134
-0.517249000477731
-0.667013292948321
-0.663888690674416
-0.623263156039031
-0.666344583482375
-0.690733395476086
-0.709576578810419
-0.579343569286003
-0.673469973440104
-0.640132999528153
-0.71197814225475
-0.489034489251083
-0.559247998089379
-0.469860310195495
-0.575681282935169
-0.542466713808529
-0.497956663317141
-0.717836499763233
-0.540511671393403
-0.531986579168194
-0.623797259589518
-0.673097302756205
-0.551978104753461
-0.540419968776153
-0.655138085682771
-0.549782802839544
-0.505570814404265
-0.504054369094763
-0.576031730916264
-0.643916689755127
-0.475632525654392
-0.586491706278269
-0.530769268466398
-0.500269421551802
-0.457463935102787
-0.635932398073652
-0.531910686853083
-0.490339894743933
-0.52326124469901
-0.569713670086481
-0.530018776276635
-0.560859276703898
-0.495712406939522
-0.527030799867335
-0.575590172869782
-0.482212186288635
-0.44157385665445
-0.359415430574161
-0.556551566300232
-0.483692822175312
-0.625151740841604
-0.503208625917979
-0.51461242823306
-0.574814476885181
-0.552839131621926
-0.415974074059396
-0.513050149667394
-0.511701826426611
-0.475869508491811
-0.481427574665413
-0.637082714956223
-0.630503381470166
-0.456648558873123
-0.48084642182684
-0.49598755289983
-0.327416351843591
-0.440484932050015
-0.292352570434023
-0.468705788841501
-0.574158540898189
-0.507825647683941
-0.381456590517829
-0.466513666657372
-0.427378207640294
-0.526964259738285
-0.314192475405702
-0.374896664632313
-0.492038137312393
-0.404923117103517
-0.419622486795799
-0.47496029569982
-0.532949608587223
-0.579322070231026
-0.438064314528617
-0.490343677788545
-0.365462081366023
-0.416066350640776
-0.487960690848279
-0.385727740132799
-0.318387494614989
-0.453076307144567
-0.53403120056047
-0.460803820514722
-0.388066994107514
-0.472418393522315
-0.399534661255756
-0.404373628059077
-0.583644830942039
-0.422355145127111
-0.452009031542294
-0.470125159260026
-0.307876010819295
-0.330406323724089
-0.521008168198837
-0.411302506605224
-0.380285471695684
-0.4282283591604
-0.369330727831724
-0.382186979780562
-0.466358534540918
-0.295106385697813
-0.363572699235791
-0.446804821873982
-0.368861463873936
-0.339848596686886
-0.327384476420777
-0.333710824247937
-0.396162825686818
-0.519192472798945
-0.248492095308685
-0.442291053089145
-0.47218194944412
-0.474532080765594
-0.199056612924055
-0.244469732570706
-0.391725030375859
-0.114795952183265
-0.266803838215138
-0.447579720315065
-0.300601142961102
-0.275666006836761
-0.421860678394467
-0.261797781458171
-0.397623649991797
-0.316468531720935
-0.412282198384059
-0.303023890876689
-0.274003494524359
-0.325627268469724
-0.285153375243409
-0.557422257673772
-0.480452443967633
-0.347185803271763
-0.26327973996015
-0.534323615082856
-0.243666325310866
-0.226355621292299
-0.205810586761227
-0.184636827300945
-0.495956668696601
-0.319665575584468
-0.255593862404833
-0.343010259943606
-0.314852392697502
-0.24217894132716
-0.254171649404589
-0.530700586836494
-0.495801118651867
-0.230421094454642
-0.223624534948733
-0.297837635034691
-0.327590526325457
-0.238564753229249
-0.221309090682771
-0.267736781205075
-0.240394820754682
-0.3107318724461
-0.275360718632521
-0.262893414633262
-0.0992955400397476
-0.256545285860483
-0.276319039393949
-0.212162346069694
-0.28126511850189
-0.417124955090023
-0.178883467113106
-0.400652480143259
-0.425320708539954
-0.383024141864569
-0.128007278683266
-0.206623644548746
-0.13200410965533
-0.0998128618572171
-0.253223458412291
-0.390094285582453
-0.15019506576416
-0.352012749915054
-0.24580611192752
-0.328861033628058
-0.200984030008779
-0.233255841630542
-0.0724433633288648
-0.140431526653526
-0.259453175356982
-0.234466876150604
-0.196940845989389
-0.117587127569832
-0.176199643973933
-0.199021768456267
-0.201811737453078
-0.0390633904966009
-0.140411563863197
-0.084677979097834
-0.325488436413224
-0.271335841359707
-0.111208757097519
-0.253230770441585
-0.252354319018065
-0.110495803274905
-0.159890336423677
-0.151566410383753
-0.267362759794873
-0.173903550301314
-0.200688118463285
-0.00279172464040041
-0.231734754915051
-0.168218082431435
-0.205141658833711
-0.193978229594326
-0.107007562275935
-0.141660925335922
-0.165889213511495
-0.208902878315284
-0.0910751151606888
-0.226799308360922
-0.0704597616377905
-0.0519961489404641
-0.105240610869728
-0.223987996936285
-0.161136013015505
-0.304201204155277
-0.160514161428706
-0.0960437816248281
-0.159818378813596
-0.148259631734883
-0.224920856733936
-0.215617406755617
-0.0749379473701301
-0.265611567296582
0.0703122277734417
-0.148332712543119
-0.306841429243807
-0.0469881135944302
-0.0535955538236179
-0.132024041462481
-0.115653939181403
-0.093035576323453
-0.151236915163639
-0.0237173876059306
-0.202477085206098
-0.195518965173044
-0.0303568729820099
0.0377453586856616
-0.191988056592852
-0.171165971484946
-0.0186932577061883
-0.103876932077916
-0.18114427489979
-0.070541523112435
-0.0478931010013945
-0.125242801693722
-0.120610052791845
-0.045638465000328
-0.093797343281242
-0.0429847333304832
-0.0641154251684651
-0.0928649593727154
-0.159942494320048
-0.0796680404144445
-0.13920605501433
-0.0404772104710896
-0.0530505237050705
-0.0280197412651592
-0.0994522484771704
0.0322179092951581
-0.109161787765664
-0.157799121768204
-0.0616728375840967
-0.0101983381031251
-0.041493815786675
-0.0625181781518954
0.0471861192839035
-0.225389443692865
0.0192992661978347
-0.221620878605189
-0.100858699458566
-0.115735460404896
-0.101499498242452
0.0201603067202384
-0.122297498304085
-0.165037069346889
0.0402500818474311
-0.0361958636652697
0.0825444594876934
-0.0264225309889939
-0.0649319661104198
-0.0348922266354697
0.020099967772573
0.0633334642506829
-0.164460691531969
0.0180846423431317
0.103102972285624
-0.0483630078982918
0.0212579732113445
0.101131405713982
0.0089439626514007
0.0769568827963924
-0.128332585152511
0.0773276513537538
0.0718954220534287
0.0424929791788177
0.0596482944445589
0.110600049177713
0.0143169056557937
-0.00298675051109777
0.132108201314345
0.0199845861097092
0.0698291754146019
0.0888549922446699
0.143845283322607
0.0951276595174779
-0.0751042589165701
0.0871851870680867
0.0644095157462141
0.0905847118079717
0.0488282965307403
-0.0805510673839926
-0.0536157582777465
0.107543684962673
0.0359449533210258
0.11256526198706
0.109466905088537
0.164267357109703
0.0807526243480943
0.0805346783386797
-0.00863297810669443
0.022800491387629
0.192405745696489
0.114060327059149
0.075522122263946
0.0368034959453295
0.163835187525306
-0.00726249431997281
0.06415760751587
0.00451071192136595
-0.0185701805137954
0.216240605608799
0.0833379355247145
0.086323460676236
0.0567957482644096
0.0250101308842119
0.153174572829307
0.234490324426744
0.115426499107508
0.192654321800364
0.0446689429676987
0.187024900874338
0.210390730258552
0.114800481157419
0.146693617405664
0.0834317440523522
0.209100189616853
0.0255582939354561
0.123106174218421
-0.00963446043613493
0.0176242708196128
0.0595839243185644
0.210358399997057
0.00505971746663464
0.218534211465751
0.046555817572848
0.189703951996418
0.0858708639618865
0.335142429273737
0.221719157613916
0.110877955242501
0.220749091804042
0.164228806578216
0.00428778255926364
0.118411724721721
0.183868257660586
0.164209260840591
0.064365477007215
0.0246016414775643
0.207753852098493
0.0232330608952759
0.124454153457654
0.217324693317473
0.17504585645411
0.174768437452902
0.213159816696246
0.135105121912581
0.0826057625967493
0.197985737247996
0.0703737660815463
0.262101806177798
0.115391410385217
0.292747519334342
0.0167852904258101
0.130072764392656
0.209448762973461
0.18762722846559
0.0929773115412326
0.208026597451636
0.225987200043725
0.224984229102075
0.12966565204085
0.178918832109677
0.332577210479276
0.240466896403965
0.275192471387666
0.156742493791537
0.188407772759592
0.176269308233544
0.318147465207388
0.206576825212884
0.349416897442137
0.249761885366364
0.154590959190917
0.172616766856207
0.205142736096429
0.114611256371865
0.255160948037868
0.22965190916236
0.176645567215539
0.216504671732598
0.231760613478777
0.259196096092218
0.322424916917832
0.242301392094522
0.255206723933597
0.153629848641056
0.13435348695786
0.350852981886471
0.274682851062786
0.314288431572128
0.334830499832783
0.106474369564608
0.271185820643965
0.167832721199881
0.195398968016173
0.267954208846917
0.354800605432371
0.222405736593348
0.418015430036282
0.353132157777009
0.315406423546726
0.350308171034496
0.374965901685705
0.313505200847423
0.310945791260724
0.27841603908168
0.268747583244163
0.246114792039727
0.134414731949366
0.224104398074361
0.290101144096365
0.405273034168281
0.213709098838262
0.298638671329432
0.295279372184681
0.38288070294953
0.382988174194209
0.300620803230977
0.231734589714962
0.302577285470938
0.395410305131849
0.385591346232469
0.27852465745528
0.411334665646553
0.266225635893253
0.169376636133702
0.482941905375593
0.245542243942467
0.336597412121103
0.439274839613678
0.159526758889695
0.28358729253923
0.306201406697025
0.347870593654414
0.360713463519071
0.515116755118799
0.342551364883394
0.356565538509106
0.27274312939374
0.226146411926786
0.337957186358597
0.456754201126715
0.442945088022701
0.378514579712594
0.394028777353913
0.44761150784875
0.240991719336753
0.420460663886812
0.28343305507255
0.255893256737364
0.444125226091059
0.464250568258088
0.216554741024583
0.391483656252559
0.297672461158722
0.424659419940857
0.290573022286622
0.300076410433767
0.526884798769387
0.377676660864769
0.420591865385216
0.448755649901576
0.20463819303176
0.382947268168942
0.322034262413678
0.497542582652597
0.48648494436085
0.474393211701771
0.50648734649303
0.411849397467567
0.392982777622656
0.397760535166753
0.520354004111817
0.554588020551373
0.359675430545834
0.382431502365016
0.386086985909371
0.410439969190726
0.551373624952331
0.333716372653287
0.585525719795064
0.579310492881852
0.349985147930189
0.53936938432314
0.446211715533827
0.406438671903378
0.397926824221725
0.444676217292261
0.405883341223882
0.402787277510486
0.571020540075963
0.356598741044594
0.517396976999535
0.505244944751375
0.587506316372188
0.445030812173622
0.636297525055618
0.351817425646371
0.523082562470409
0.336379829616919
0.482473455025165
0.62720231648378
0.416712501498205
0.378134134159735
0.67017561086744
0.394186302625184
0.462200685976837
0.367287188339073
0.579531952826879
0.512795645273117
0.36420261429802
0.553413524006139
0.429326106658489
0.424083739304145
0.560176404260514
0.472451882970163
0.512129500728822
0.646517258855564
0.594127394789594
0.389786939632527
0.477061656528904
0.54136600450993
0.653859832219276
0.692677271105094
0.351453204141215
0.642659613640529
0.410314661357643
0.509240992143569
0.653508602258787
0.493658974306479
0.593481734025506
0.506701135251435
0.51342352343352
0.582660666042282
0.559094956248882
0.605304439805718
0.48088898090346
0.401340215432314
0.550764436529011
0.38046915465144
0.560845350632201
0.665769028192047
0.555826154586191
0.5069213520037
0.470338802498764
0.688510995841232
0.687010806389438
0.550508648319367
0.418181477754561
0.590950518598611
0.627398629313254
0.47088165903481
0.501419611719673
0.650516411299139
0.463089268307567
0.622802628759229
0.499199696669016
0.563957637280861
0.574987054105653
0.655982536663077
0.501150649926982
0.543092434403067
0.702888558831777
0.543508543724813
0.528272509571655
0.578928050954702
0.696783373540914
0.580623235948732
0.593841819258033
0.510581085723821
0.634161064847293
0.500199087702586
0.672647841813027
0.650990449623243
0.632694182452519
0.498374711966288
0.660680234633979
0.627344123347126
0.632057391644074
0.614883399018115
0.648372928080138
0.574802606421657
0.594522653868948
0.643285130212137
0.608785168072341
0.67084398453196
0.563867595153032
0.660677648631994
0.590610311882005
0.756924012879481
0.702401870573516
0.557793923166661
0.620105619755239
0.607371101167117
0.67818521417639
0.709759013798102
0.766484519681835
0.839064858482023
0.692454654764086
0.545108874636318
0.672188082504469
0.650184096641113
0.753092359134187
0.727301125938797
0.606276666077006
0.692608797424496
0.977669501412149
0.710941207459077
0.585346911087559
0.658912093024645
0.722959983748858
0.960911861269009
0.776029117071501
0.6658233385163
0.747512961513794
0.773358517916001
0.674570097023186
0.819716381086789
0.683192181228636
0.779801988112583
0.740204559528846
0.778031603542745
0.754447581967388
0.640421002563302
0.750992328570031
0.7033834580819
0.678241042141195
0.804547595075458
0.750392292853904
0.652219051385985
0.762137758438956
0.839994175827642
0.575013109235647
0.700196508031529
0.748989961077859
0.896403865229756
0.789904937376831
0.828836868994232
0.754865697301012
0.749167040466444
0.676068610883029
0.766488505166652
0.81129883751213
0.771684448704971
0.746491071629045
0.793791305802807
0.740429265271155
0.788827820923034
0.778216457262286
0.879221666079705
0.779672254099064
0.915494513677284
0.724332827663105
0.766026913569407
0.786054314416451
0.697682360506029
0.804640737672127
0.625573906834252
0.830394410367401
0.785013542394485
0.80719295858183
0.731624000816211
0.878196339974883
0.893723097160864
0.750103802663449
0.895646316180797
0.721299061386505
0.887938558404465
0.970982719225699
0.872707884275291
0.862576413009174
0.860917570981799
0.901241315433278
0.888339514549723
0.779617850925233
0.724127170982224
0.879302926443393
0.598194906585182
0.850575716430183
0.736829445460819
0.891622909410369
0.965434610610223
0.781718465992528
0.867817310877461
0.82719161754287
0.792168987304426
0.703508342492002
0.882403870486998
0.939906826474238
0.89877120202788
0.767309275830229
0.745751651019406
0.786067163856553
0.837031971751733
0.932207610717231
0.873618994554664
0.785035243332977
1.04012381266672
1.11321468589761
0.751959351773719
0.915072095212589
0.97581064137278
1.00157515719258
0.832788629373539
0.845501862832643
0.712739787244764
0.859841124850912
0.975920652839235
0.980045177316774
0.801948358785733
0.826959997491888
0.812253688778195
0.962733102868714
0.866564116083438
0.907071244682265
0.913814346964462
0.93399759435196
0.940815576586568
0.797986749073589
1.03403527343913
0.706535480285887
0.944664272692429
0.969891455708925
0.923006526180352
0.846608603984717
0.780659713735194
0.814824510989708
0.883259899315118
0.941032428294753
0.932730425567408
0.842243873447712
0.966043992776551
1.03614083403127
0.887496739662028
0.914631698430386
0.880304129644156
0.915838998342465
0.905578548239509
0.762674031443433
1.0442895409046
0.953449248785487
0.874123136347813
1.04240533579938
1.12174373376851
0.992906218349724
0.977567101306109
0.847678920870589
0.971371381896591
0.928722073614083
0.772820922725726
0.988104768992767
1.08774871461468
0.939547449259244
1.12514880404318
0.95469835352905
0.907597090428023
1.08918855086079
0.951206765455057
1.05399064152225
0.946443706737358
0.941415640270305
1.12378933423701
1.12217513174865
