-0.0917424463270516
-1.00726380936231
-1.02086138321047
-1.03701985792633
-1.11404666438995
-1.0862932985394
-1.05484854161473
-0.971911533719173
-0.780009150861877
-0.853748084750051
-0.676320041649048
-0.953615901647195
-0.991981034436518
-0.895356929144703
-1.03006456511947
-1.02948589123331
-0.955835042968193
-1.04740442087653
-0.915065542975342
-0.96418174972703
-0.942521760999339
-1.01019017539333
-0.873497061708495
-0.837511602325297
-0.966974125499929
-0.869045426931241
-1.01543737087495
-0.967229052560807
-0.89539751620614
-0.960672020638358
-0.873072588426577
-1.06426851010953
-1.04782620459973
-1.11152654467479
-0.937617082372737
-0.916407884859747
-0.870987171770723
-0.928102348172117
-0.921940442774001
-0.921881222939989
-0.821912119604665
-1.0327951590813
-0.828548042054111
-0.940312492403445
-0.947859030499342
-0.958864114225674
-0.942147728380799
-0.82047132496375
-0.920932496680162
-0.894811006434343
-0.808512551503027
-0.794762584994818
-0.852001030551156
-0.972560772513966
-0.979342714298811
-0.942765571790965
-0.939198383059861
-0.945309979709039
-0.869245985656544
-0.870151834003754
-0.901418604697436
-0.853366345902221
-0.938327820637408
-0.800462922837419
-0.891910415356157
-0.741771656842872
-0.933084013770854
-0.856546065467719
-0.872995948243037
-0.825224342763105
-0.877974569970038
-0.716111722694873
-0.926916856866635
-0.915273499972983
-0.783520173592031
-0.843782616827799
-0.802561692085275
-0.808689834455967
-0.824591413398054
-0.87113866847692
-0.782598773839872
-0.87455479265571
-0.799231338836547
-0.940298955968832
-0.983058403464858
-0.768149998738861
-0.76298412354702
-0.910594808743318
-0.801922496056432
-0.842765470025387
-0.800043913438128
-0.956199768291643
-0.968585911291079
-0.902805453446133
-0.795773865589599
-0.744832809603784
-0.850713773009731
-1.02651562191956
-0.78552936582059
-0.738979340956319
-0.781209151910427
-0.852983130573645
-0.822225347128309
-0.708851110459663
-0.741367033398671
-0.833309480377353
-0.791814219685964
-0.694856666494634
-0.812717649513213
-0.807775991251515
-0.733479673404262
-0.958573108525317
-0.836583061736007
-0.793431327385482
-0.764287341743781
-0.764895550340789
-0.80762208002912
-0.749923849493121
-0.855972162696059
-0.75981241082787
-0.686066930334876
-0.743415201783751
-0.796430756757738
-0.663563794999399
-0.533075952140798
-0.574355291183173
-0.681960924706811
-0.702664139391374
-0.739429951932813
-0.745955397360435
-0.659689539218323
-0.781953123449921
-0.754240960643963
-0.850000514894292
-0.724341158947397
-0.621917993902779
-0.679819803602453
-0.751338267885218
-0.681302248365843
-0.855863837626806
-0.703699879053459
-0.789371766538768
-0.721348562785137
-0.740951693533894
-0.790630528458639
-0.829230530117281
-0.740566519362029
-0.748720180977177
-0.65009100904113
-0.808054136093721
-0.765907137590668
-0.703349403751556
-0.737389988756041
-0.660231068799292
-0.724986386339223
-0.79808280850107
-0.706475378994061
-0.643394555108742
-0.622031536519754
-0.635478593049896
-0.693901217214953
-0.729768289702336
-0.679872601070611
-0.681221404026938
-0.561493981298683
-0.693274910298636
-0.659675178249449
-0.823805717206126
-0.573001771046931
-0.608628603548172
-0.654907515666168
-0.693139113896881
-0.61054363878873
-0.609862863487915
-0.617019938442063
-0.668355442331985
-0.652560013005391
-0.683652996855378
-0.639117221255169
-0.799374244219673
-0.732924371874477
-0.52849472317266
-0.574524662966376
-0.688503459648841
-0.673923881011882
-0.682800600053857
-0.669054043322777
-0.53290757061851
-0.745997514165166
-0.591368254090663
-0.68710035660961
-0.535364903834403
-0.706907478816854
-0.632830721936151
-0.547087674249571
-0.733957786736527
-0.619347687938408
-0.693960778025292
-0.756491869228563
-0.557397948730581
-0.592796614293611
-0.700022385598937
-0.631550781186979
-0.543018786349235
-0.665098226165497
-0.532833963364383
-0.663393680542246
-0.493252065277542
-0.620216289987914
-0.55852976096186
-0.533913143036432
-0.620869446985228
-0.653634944437268
-0.487885119949801
-0.553634142257226
-0.527147361188712
-0.782334689948575
-0.615846459091456
-0.646891539230342
-0.558807791243733
-0.642842963786366
-0.763252687040376
-0.350138962473859
-0.584048126035786
-0.545388485089747
-0.52532739724655
-0.466704428179684
-0.523646574268999
-0.42992475961247
-0.625573272860817
-0.623153819870698
-0.51835934532797
-0.564668121863052
-0.499435167084053
-0.414756888844407
-0.58571137397354
-0.593293722660341
-0.542875788191602
-0.503755518798557
-0.507824148990557
-0.561860360667342
-0.372068722806706
-0.588423663386549
-0.483048682390296
-0.609992304203182
-0.557350587153448
-0.494629584074792
-0.4784276153816
-0.555324668057699
-0.348615037364271
-0.518155601660217
-0.403859927986432
-0.388690850569386
-0.503227644998652
-0.44476479075223
-0.469943610842043
-0.568933267192479
-0.491717644240957
-0.480119508623807
-0.387022137559019
-0.418591685129256
-0.519622005280069
-0.537906274977034
-0.500860880265512
-0.377586571398249
-0.567377752788716
-0.527206815282078
-0.525940863839993
-0.459995998247345
-0.4340186425606
-0.531749678701117
-0.259897950575345
-0.425572186844703
-0.416764412540954
-0.452550973695558
-0.427400005761969
-0.331356802963759
-0.469255964806959
-0.448568259061701
-0.394951939701872
-0.509173048347541
-0.434525494428617
-0.41416906306258
-0.404180265564809
-0.475478890077104
-0.492017457957022
-0.525371905156961
-0.519029793304377
-0.548953898354847
-0.414916105104276
-0.27371862256103
-0.318615505340323
-0.442181310807577
-0.465775968567791
-0.353342003055653
-0.357091138371985
-0.345607462250594
-0.417692748024731
-0.53730556870536
-0.396461942742079
-0.225802564781263
-0.33096355382245
-0.337172167701496
-0.397810342888006
-0.287198574432516
-0.382447195395791
-0.338400786231901
-0.378885642782353
-0.432284264723256
-0.352018533598169
-0.338656364373677
-0.441729919029901
-0.269114724821483
-0.42721831136804
-0.361764358452429
-0.251906746672224
-0.246609237100046
-0.495414829596732
-0.238297136661789
-0.382794335417148
-0.394267750068128
-0.401398153464646
-0.472176002050002
-0.33669955929225
-0.404186738816945
-0.37499729973532
-0.192820969365241
-0.449505083575376
-0.343394617045237
-0.367478924399079
-0.448192300780594
-0.552088959503542
-0.397712449776378
-0.438661080570173
-0.259742334386539
-0.379394008848199
-0.200992319370221
-0.304927922685406
-0.31053668742743
-0.286539386277413
-0.400182480831503
-0.358326580852819
-0.320471686448177
-0.267889263801559
-0.188218472686748
-0.393795679502316
-0.330076615058957
-0.280706121183005
-0.227270680962921
-0.247210382775809
-0.394341137410347
-0.358744060973476
-0.362647820905694
-0.417278027149114
-0.202726794649783
-0.156378636575289
-0.229805460629734
-0.231543481781012
-0.339644521779877
-0.37580289644186
-0.195866379905554
-0.331031707274708
-0.0994546734718336
-0.150443097050205
-0.132666800530699
-0.215318252310446
-0.319211420530665
-0.336050176453003
-0.215416931327305
-0.299803760369463
-0.29057179723226
-0.228146143464378
-0.314120535469927
-0.270590707692139
-0.229192054041668
-0.144554196433248
-0.24090762512388
-0.181446547997756
-0.281353914022908
-0.240439552300961
-0.240845569856405
-0.223034768186214
-0.108665250360748
-0.160730021263124
-0.148879180928837
-0.271730590814119
-0.122721297086552
-0.296418401895618
-0.23260447070546
-0.18476151718079
-0.645376846269875
-0.255298711761933
-0.0955149972741826
-0.144577061226273
-0.334766809637443
-0.212772966268661
-0.314022814503738
-0.14968576246249
-0.251587959472495
-0.189436771270293
-0.315806206455416
-0.318745331501708
-0.0872237628297603
-0.122552591418036
-0.265664888638923
-0.13122960472622
-0.244446598379156
-0.329932403591379
-0.151406390439034
-0.199565154387525
-0.135150533356945
-0.222462928999735
-0.127298648973743
-0.12228135974444
-0.183235448911546
-0.0153864456575439
-0.177476479687244
-0.217670882260935
-0.15861960094503
-0.229749294144285
-0.167447560487162
-0.245649789185847
-0.21068714454182
-0.0666886534973338
-0.168647140155691
-0.238364668209751
-0.270719390596069
-0.196120408896009
-0.0259704472011732
-0.131686236111819
-0.0867968826221261
0.03319793664609
0.000716724826163874
-0.151638318890745
-0.132925835428388
-0.127580567328407
-0.197375073256239
-0.102532287051814
-0.115354122350766
-0.280232889970166
-0.148783833459817
-0.249866161890381
-0.160525293805252
-0.158508224735124
-0.0996350968859241
-0.228933663166077
-0.0798596265822867
-0.125124794750831
-0.0742081273938224
-0.0728559619162373
-0.0707701603171366
-0.102482931978073
-0.0931640460982174
-0.0968206841275892
-0.0161052123921186
-0.172717201065806
0.0306486769042558
-0.185125896406154
-0.0844440786444044
-0.231954411484622
-0.0656889081412586
-0.0270340015102071
-0.0452779627625059
-0.00432553970905562
-0.209665669958716
0.0174748650711565
-0.0938641219019509
-0.106050247656402
-0.0531868282676587
0.0347680398491967
0.00561116255015685
0.0235688403383468
-0.24049253830971
-0.0126149303409502
0.0322007728350626
-0.0833331542881432
-0.0309610944746092
-0.0776811176634786
-0.0736792170468122
-0.0918148830388686
0.0358285854351989
-0.0145611477726128
0.0475604163920988
-0.032059626931301
-0.0964333702058396
0.0438664632165836
-0.0191542935638684
0.0838619453829904
-0.19252642808828
-0.125326086443287
-0.104618507011392
-0.106395362242339
0.0438614640847917
-0.0530633559755013
-0.138906100518822
-0.0579164010112408
0.0234954376317571
0.107855516135949
0.099599307247888
0.0473672018163035
0.10993139757001
0.0362596078929308
-0.162668149445162
-0.0911774155496514
0.073075621847579
-0.0257007982781992
0.0679331040696748
0.00137960111657511
-0.0947951976942606
0.0073326143254277
0.173566918093663
0.128745234669911
0.105329539274612
0.0471771647936001
0.0586699000072771
0.0705600324663789
0.0863750132196457
0.167158456204033
0.00687533820791109
-0.134086122324396
0.117143750141536
-0.0923711869321975
-0.0788919140834898
0.134558960292983
0.000493721999360788
0.0600352504694303
0.16193879049974
0.017306285175456
-0.0390204729337533
0.040841376977418
0.159761026350307
0.0679010517416384
0.0609174911384965
0.0361731972488315
0.099400699487547
0.125011770499719
0.101481883869378
0.0759148490762599
0.151947751600752
0.0577774730701055
0.148465987032557
0.0515972305215903
0.144357308666149
-0.0147730090796385
0.019373390548377
-0.0273969663986282
0.0639070026287152
-0.080870889594559
0.161159047627558
0.110468338673024
0.0641784806238381
-0.00670206615436233
0.218258646403225
0.222858487669769
0.0584649633587163
0.0952301606698528
0.0306255679911132
0.178015637573285
0.146150579430452
0.0746313371502734
0.0488832557004419
-0.0419951663673631
0.0498638420399255
0.0635661670300406
0.371743929722703
0.251532880448123
0.0739938133714288
0.245305880653007
0.0428409150258457
0.120564965711469
0.11705929960147
0.048198850070683
0.318535727910005
0.152086991238756
0.142620423554164
0.224613594138241
-0.0256160994127828
0.115715061739992
0.15370829299126
0.0705187156954184
0.224060441554713
0.197163536478678
0.222582421243982
0.106587857538623
0.0927928490231709
0.067358732640994
0.102521477912088
0.122733596055512
0.161503784907759
0.168468135063366
0.199560370208431
0.170876506158741
0.0840105881437667
0.0430787235791508
0.240745218544709
0.159447180170071
0.241910462839411
0.264552460218737
0.189290985717347
0.263857995082184
0.199581711944519
0.277578919159815
0.318409006645116
0.0470775818108873
0.405112414913004
0.136962259755568
0.292835182819318
0.222159475407485
0.165810656128565
0.117947546331845
0.292795967625646
0.367527617680231
0.205660263727855
0.165909391640395
0.329549264896749
0.311963270741073
0.248423868168014
0.163858328093798
0.124557018309585
0.226663182736933
0.192802756367116
0.291993206396338
0.233525948173935
0.239859973908631
0.206227579551608
0.184836586093783
0.193681648445077
0.246143716358302
0.207243568174841
0.267158491124917
0.247728123011405
0.356033784065579
0.102677834446482
0.324588776066585
0.268692312401775
0.269767620723025
0.27960277719247
0.278693375658816
0.341619447679485
0.324084026464011
0.152881347901278
0.29360637756292
0.195950568758697
0.202581383064448
0.356466268937059
0.294243786875932
0.319019804491244
0.276159380376001
0.234652498628441
0.320357029340338
0.296290586009982
0.172829944789102
0.208464782887965
0.204895324452629
0.228886676485551
0.34297886326281
0.456709264544367
0.467994655856117
0.367797402820664
0.496929697199965
0.391583994054411
0.462929785592289
0.274024434283106
0.30539139233461
0.207282488091724
0.228383324510679
0.241287221896803
0.332496716477534
0.254989841498629
0.521794202989473
0.45722171724663
0.31701065694531
0.262850878621771
0.30412924313446
0.286693537008451
0.398568213859327
0.280636957329062
0.392728286140615
0.447161590299067
0.283958975275426
0.271010931861581
0.42205343814275
0.360347575128204
0.364882043233875
0.46045964504064
0.487295372878229
0.38410333163981
0.33843863473434
0.452484946645649
0.391485420933388
0.303345391222892
0.303839149336205
0.331261502225856
0.492127604568486
0.438704243658045
0.35284825602083
0.397123756736016
0.500115407092235
0.480589622406985
0.446322796902183
0.308245587519694
0.434447136612976
0.402446609959722
0.404626180159664
0.277829404770809
0.492913658666248
0.544059799990528
0.381537521652178
0.512538846985898
0.42558168517443
0.569449857349823
0.529079885721484
0.474170657775368
0.408966098591378
0.417646406780798
0.541214725085133
0.440159596597665
0.372165004107572
0.279351886062493
0.3425402437551
0.471774678847293
0.415807830204701
0.550990951002996
0.39804489714881
0.379544367265793
0.400645542219775
0.383205175872087
0.419512118063809
0.491418974876128
0.376513615930864
0.492372385450358
0.405795665575322
0.340489906499846
0.434502566293103
0.474437138104555
0.419910049403756
0.502060042217095
0.52649890178293
0.358992208337322
0.489884222717106
0.664915473192347
0.325087804783248
0.571474245996988
0.429921382542376
0.493210805359446
0.540471838209201
0.584992837091922
0.442953148565854
0.560602140242031
0.4416839512714
0.462544909723015
0.4552897188625
0.523418980147323
0.358841821859778
0.621307204156866
0.502349192785513
0.555212042480573
0.50617555655224
0.605586202025373
0.453216874623348
0.537214498529736
0.447788232585787
0.560488289663872
0.475923410640757
0.466832581519143
0.583768853811616
0.478184026165493
0.427288454312148
0.519207429447481
0.606829043791992
0.586822728552297
0.428425501706399
0.45839217867729
0.45156841889159
0.664837406293318
0.47319730502876
0.609549241726402
0.531508041382751
0.627120009780257
0.490226098647012
0.5636667935756
0.386922636673094
0.526960646032493
0.481665187795684
0.728925448775815
0.56762626405826
0.615589449068434
0.411417559872457
0.462103455875696
0.47552004069122
0.705861905784716
0.603459505439353
0.679266813359052
0.501646829422897
0.543989255436151
0.455150758092654
0.645095905166973
0.533545385559846
0.593724709870827
0.69104509030766
0.672925370500953
0.575182912313879
0.624957008516711
0.696846209007434
0.666583432100417
0.503010804413449
0.620737868521968
0.63750833118205
0.546217158917042
0.644424059656819
0.596429831268809
0.652099705651932
0.460513435048578
0.693622591222963
0.682205759411058
0.578183218308687
0.539004936501067
0.571522759055218
0.479900757302199
0.642835564616627
0.588336946347678
0.627341369199535
0.640628682601834
0.68077860430441
0.512530238163971
0.6715948202162
0.61758973727423
0.637353236382429
0.747632307893759
0.670498794705417
0.728483135587983
0.820508445120989
0.709743683963443
0.62438346109953
0.746177102654547
0.620940147494041
0.740313732629444
0.639166532561547
0.627766460330061
0.739718328605014
0.721326438735374
0.644961862401282
0.657163699892141
0.752558069911747
0.72512759631735
0.591427579036489
0.782608654421375
0.710628039696385
0.685089367521856
0.716421338789512
0.654530833478432
0.679645363416454
0.6315629270097
0.788106706719672
0.682334372673994
0.850555577026205
0.760476415000485
0.68778463713219
0.623463046595036
0.768024109078862
0.678632832341674
0.820628237809165
0.884442803431596
0.725821307080095
0.711446701053362
0.80922205407509
0.901280225952747
0.706639923964006
0.730256367686496
0.742056568282123
0.701701655856218
0.981661550179968
0.797992988755157
0.66489089224858
0.803662153446426
0.743150361690281
0.714523572263933
0.783083731161231
0.805827819656815
0.859122779275286
0.758609208653161
0.803595238750409
0.681361535888464
0.637229933521124
0.737684989151849
0.769467788043626
0.8229934098821
0.772065671633908
0.794218647241989
0.714071142205396
0.771971479425944
0.822679293377804
0.926310701408085
0.779347343612623
0.726943460065756
0.652574029195863
0.720189064183331
0.729956753598762
0.708056035826769
0.720147553780216
0.889427086611177
0.904085714334706
0.797785733040789
0.845524447368808
0.816159017456165
0.80752553044645
0.767885221822442
0.733680897023166
0.846388878304117
0.807931657693698
0.768824251270985
0.879333378166909
0.851576553436868
0.748797500285753
0.836252703936495
0.921367524459313
0.932401681600534
0.735014625775947
0.791226516787826
0.916085598123417
0.810959575367944
0.854843855540112
0.883127069889944
0.715006392861208
0.85997065865101
0.793453377274312
0.958133744486801
0.93727500331791
0.863218486134225
0.849609996127824
0.947052014238172
0.863065405492345
0.834988251574391
0.910898808825629
0.902507018355594
0.878041987499194
1.03270380014569
0.899275345356861
0.869635236744682
0.833317169039707
0.824619636698451
0.891453897170781
0.860976523900381
0.91829837979682
0.839298314623264
0.941677599150082
0.758731598238657
0.731951304929263
0.885315635108293
1.07432656100862
0.956859497297873
0.987451681267124
1.10013913061777
1.00532313095018
0.846440133937085
1.02363834097775
0.831726311280483
0.859194075614717
0.791597772576609
0.99393778495345
0.953153078952996
0.802242924443574
0.862064695115049
0.978991487852686
0.8533869847366
0.82177092348685
0.863993175169503
0.820545833970496
0.738903402288982
0.986114182714116
1.00345929524339
0.947196640014329
1.00929785677367
0.945304961886158
1.01676602120956
0.880213747002547
1.03347094179207
0.814184586272589
0.939256597794353
0.9472318546225
1.00070072670365
0.963535160496144
0.87513221195738
0.875793994171761
0.891048662934493
1.04021717631423
1.08284318938284
0.770915611114714
1.11849836760533
0.907320614896149
1.04408143448836
1.00162784292868
0.939370763976611
0.937741996740194
0.897063064039991
0.97885976388293
0.979068265559736
1.00973458226155
1.01990012045765
1.04952644161504
0.994921699165399
