-0.0244527707635417
-0.947811688001227
-0.86943761560572
-0.895629020206148
-0.858265335284144
-1.0237508049462
-1.01417139186838
-0.931146516770281
-1.01981061159208
-0.993119772053718
-0.981217710157677
-0.986348835187112
-1.09739217265806
-0.803795071404398
-1.09005919702758
-0.888897522439623
-0.956956845339411
-0.89067266345063
-0.933349857869312
-0.952352610862515
-1.18064379948247
-1.0564156313079
-1.1073173002491
-0.915115405443264
-0.932198669686168
-0.960227791572826
-0.868070999701909
-0.826834016153753
-0.83054516202305
-0.983324063465345
-0.93607291573072
-0.943666412345211
-0.991736370403431
-0.908494644553128
-0.865137320534903
-0.898249280581543
-0.922007715760803
-0.923090234849029
-0.86298509327611
-1.09134561753242
-0.807549362767818
-0.966241298357605
-0.766686746074534
-1.0222633976028
-0.858390223253252
-1.03075428969873
-0.884555963688118
-0.883512762044732
-1.02171196988122
-0.911646921615229
-1.00495694206813
-0.836358336536234
-0.859869648138864
-0.912093366857944
-0.931571539584619
-0.929008486297586
-0.8411321383158
-0.970598586744274
-0.920650713920064
-0.743431199572706
-0.973585882714037
-0.793253699317103
-0.903736542108259
-0.974404347238193
-0.894734177079969
-0.836762103576042
-0.833630436254841
-0.693522307985371
-0.812313664772518
-0.713045985183561
-0.829687091213514
-0.899032215906544
-0.949763313376566
-0.838105280874997
-0.983268188586576
-0.887256441202457
-0.770838499787971
-0.887232929996226
-0.913567655259951
-0.881430458709537
-0.786060013864583
-0.769026042283319
-0.812728434503295
-1.00648383384586
-0.907846201415585
-0.870677972876769
-0.942102412745778
-0.822184916827295
-0.96775509380682
-0.863135486042333
-0.889425225603405
-0.840969579980867
-0.899860080581776
-0.734348562454404
-0.867184918615016
-0.716323525225926
-0.758751372889486
-0.71754881101915
-0.894168172761819
-0.898508812059818
-0.651911554481096
-0.75383227699919
-0.817085834265331
-0.75074976853931
-0.778125866882161
-0.672936303837029
-0.926476678436194
-0.803264777798677
-0.887251384519619
-0.884152017204732
-0.684703364583795
-0.717995564030984
-0.896665787498249
-0.708611040400769
-0.566158763478222
-0.817398756467387
-0.912855462399152
-0.736266940196083
-0.861388221874733
-0.704340953236083
-0.881088218480198
-0.756174208751086
-0.667461222172945
-0.754745856535632
-0.73570884008693
-0.833621138881965
-0.761902900975533
-0.763955790475981
-0.694336023897728
-0.869054756865046
-0.705603382344329
-0.889194635246678
-0.717822317016413
-0.727369038357952
-0.714463174935027
-0.750493838157608
-0.847660109703285
-0.781230046569944
-0.76274287082707
-0.671389991554134
-0.637726602721085
-0.721913862299319
-0.809825499297004
-0.72112007475076
-0.637721296376332
-0.611916533206186
-0.612424035094095
-0.630166205238424
-0.702897719227088
-0.826892557142038
-0.702478486854274
-0.599816192058774
-0.582521155284361
-0.682618179795625
-0.725334503975655
-0.600181245877076
-0.451714142862122
-0.734553181936258
-0.780922022651437
-0.775110053771546
-0.885445522674763
-0.644051918075569
-0.703755367687822
-0.725486997020075
-0.66408283897673
-0.737296412922972
-0.575692360228542
-0.694281225200869
-0.687886395526919
-0.673198017675247
-0.606120834388738
-0.705619474420859
-0.761895896910752
-0.779120971568189
-0.778332334358998
-0.51597512533982
-0.634260637583373
-0.597152121873471
-0.709746800753648
-0.596239827866335
-0.552568058537291
-0.715851661177979
-0.607878018698336
-0.817074892694432
-0.585347497074329
-0.513432530419383
-0.583660128973301
-0.662606707951496
-0.682026027920336
-0.664644828769192
-0.567849170431848
-0.598405831585257
-0.595419385778024
-0.528621957030139
-0.697686555611137
-0.684217584391211
-0.547008282548054
-0.695474357064026
-0.722088526993077
-0.62973264172287
-0.462174944070577
-0.57088569882624
-0.632957023985861
-0.58690867281604
-0.552517720995494
-0.634871324170268
-0.573734165988337
-0.396955536737338
-0.578512884278856
-0.768148875392343
-0.501949527297541
-0.638707181701731
-0.620933175093689
-0.611768601462668
-0.570198599814628
-0.625112191891951
-0.703759038845775
-0.470782780502039
-0.596598813328999
-0.403444128701807
-0.530316102807684
-0.442573486947254
-0.477093643840674
-0.569875439732436
-0.661514691770554
-0.516609045520035
-0.763948961038635
-0.406049214168916
-0.463328729564675
-0.477553431792028
-0.489813591136882
-0.518503004195714
-0.551656962625499
-0.679590583735038
-0.581223522100806
-0.39977968608497
-0.566110249281898
-0.494305680129027
-0.524759172896387
-0.471658855194351
-0.509991468925762
-0.55598873434723
-0.586015202440969
-0.60986909482491
-0.45187832877121
-0.454802539187395
-0.516661975371325
-0.534902917521894
-0.67402577169977
-0.388449273443368
-0.473354313259045
-0.490475003047573
-0.535814724735284
-0.534006437337822
-0.517267574181191
-0.524290180709258
-0.448337460269889
-0.530849402164613
-0.413058333223529
-0.529119998319801
-0.457582943014807
-0.530703801700445
-0.482267423550346
-0.382240414815013
-0.431991979201846
-0.554174945065238
-0.447348600586311
-0.516976105406594
-0.424538467078148
-0.467640740852175
-0.45822228959636
-0.469414557620668
-0.250783621528641
-0.493834651664564
-0.487795812335086
-0.490172621408831
-0.439971977019018
-0.285050252464274
-0.538605321114257
-0.620958373452004
-0.457992370760527
-0.369696612691589
-0.352736002569411
-0.503013991590019
-0.521654706307486
-0.345790921587088
-0.479817112937285
-0.436306669090496
-0.387098506553492
-0.488376727355191
-0.369523320815009
-0.36123636859301
-0.360695767096878
-0.43634986125941
-0.408334901824216
-0.405623615446621
-0.355443363286384
-0.441328660087519
-0.22646425947374
-0.429943037880072
-0.39994137679571
-0.462406092534244
-0.397531019038422
-0.454202854717484
-0.449304707810815
-0.440713451984216
-0.310556734352334
-0.364936105488346
-0.392318972642136
-0.2993893910916
-0.606469960347798
-0.256824510154817
-0.443764746323713
-0.264596024530037
-0.382263847199935
-0.443228340505825
-0.288960458322467
-0.410096918430497
-0.26626824202069
-0.255766012267165
-0.435145583474611
-0.351293561705856
-0.417585614264649
-0.392889799076761
-0.361176245574357
-0.386846994281388
-0.317801413202959
-0.262832047154104
-0.328052556688322
-0.451053141823332
-0.446751024731639
-0.20912039574666
-0.353820463263211
-0.228916634152259
-0.29777210108118
-0.265227548586434
-0.335116466147993
-0.431692193640597
-0.304873058392647
-0.166455713200651
-0.331380919482786
-0.339988019148155
-0.256515175487344
-0.265918836753194
-0.387017103396769
-0.322642661056261
-0.209618224087027
-0.104641313241972
-0.29219256372618
-0.200616369970452
-0.308569015526305
-0.297503489254579
-0.211689356255454
-0.147806769728412
-0.476153172888993
-0.215234331352364
-0.188163973977885
-0.220720873627131
-0.212602907925939
-0.193833227493368
-0.308106250604752
-0.268590378575333
-0.263967858986183
-0.265148611558936
-0.271297935664468
-0.320402000613196
-0.346031799270225
-0.328638906362422
-0.376936402012491
-0.372108325785776
-0.238294034711433
-0.157795074383448
-0.176937552844387
-0.109853105040378
-0.13015973000281
-0.262711678097183
-0.342285185264263
-0.14164739266315
-0.108527234467578
-0.184011013929436
-0.133911438022505
-0.218541953555225
-0.309470438257952
-0.163338491853208
-0.264695936389684
-0.258670387539592
-0.176046015825319
-0.227749039203701
-0.291870622800391
-0.17660629897146
-0.20559931104149
-0.22901624177785
-0.182665546035255
-0.162482517774402
-0.130050244164646
-0.374023803060747
-0.235649632147555
-0.170226706992579
-0.411931196440588
-0.0664963260507631
-0.217409618082952
-0.233431240041751
-0.224787803490173
-0.0314713144703872
-0.158906770976909
-0.170340205213188
-0.149379549624034
-0.216452746046443
-0.147676844044626
-0.11546541924683
-0.203881451606052
-0.123512772319078
-0.145665519404837
-0.170721261025628
-0.0065840503939298
-0.0181925350833066
-0.339921898455412
-0.159579340073277
-0.213778378402662
-0.299481148818144
-0.143350411378139
-0.131749271425314
-0.209594820140676
-0.139534538319036
-0.0806530536191255
-0.192144972563973
-0.307950523530457
-0.127348329476957
-0.0916399504627167
-0.068640210689551
-0.123142350638408
-0.102669959800845
-0.236075386054129
-0.0180462879858929
-0.17582542508039
-0.165785909375569
-0.173441533072466
-0.0653161427050233
-0.180778514162004
-0.0587269275093461
-0.0528034941575344
-0.136116684255
-0.224934306840806
-0.0196628635581153
-0.23181059659005
-0.103700077311235
-0.133321109046018
-0.0286827849006795
-0.156014673931433
-0.116496319681409
-0.104530165459397
-0.145909313593978
-0.111091941366181
-0.05478850416711
-0.165088581243604
-0.0378685423969797
0.0214183006463981
-0.00655673131091665
-0.076569986410029
-0.0605896582911553
-0.057282847456092
-0.0370480209842608
-0.0133893571180093
-0.113224526972128
-0.0929550056117446
-0.0579841795599195
-0.237144757888097
-0.148620403859217
-0.00506333317812719
0.0382840303771017
-0.0334390166834304
-0.0249494731298677
-0.0428472796255127
-0.135688656135833
-0.0865090180918555
-0.00632349630687659
-0.197631142092921
0.047050405743054
-0.0404250310243169
-0.165616090725778
0.0159489168821512
-0.175897017984226
0.0444329153826318
-0.0508871162837849
0.117632408833269
-0.0994567125588205
-0.112102364027625
0.135216470850996
0.0318455031727082
-0.0868588163962302
-0.0566754638990681
-0.0539964373674863
0.0691063896574662
-0.0327527640848818
-0.0105039811201588
-0.0509288644576608
-0.0545897196206685
-0.0883701943552487
-0.116009239511277
-0.0420922926134462
0.0840846345241058
-0.127475773236471
-0.0121359012924571
0.0155909923297934
-0.0597324059021426
-0.0697774243159769
-0.0220035974977545
0.00460786038051288
0.090659986411862
-0.0537961114292061
0.0783569338490779
0.116864415045623
0.0387065021576332
-0.0403638729931953
0.00563405445587634
-0.0361106366229803
-0.0270305350523366
0.0546757360004508
0.150181811516924
0.168414499027816
-0.00322624242414744
0.10213104871741
-0.0977187384420905
0.0467374182814296
0.157343774924764
0.096851609151404
0.0063619309197379
0.140818772935086
0.0499316399874311
0.0689213467704044
0.190527387764057
0.125085652483442
0.0341934641851447
-0.0725201842126645
0.0325952880502302
0.0492116465474961
0.104619142894566
-0.0785977176577792
0.0385452336810205
0.0505614113717676
-0.0140786722271084
0.148533948379808
0.254793202077058
0.127303140171358
0.00541233090587972
0.106067838562338
0.1393209516036
-0.00198970546140201
0.156988276610843
-0.170731099421928
0.0607384578256834
0.123393337047208
0.0309042785909148
0.00393175357494195
0.203822981950744
0.0764351379643144
0.0492618464133939
0.0956990903288713
0.0120855816075216
0.232932981389687
0.129413636610001
-0.0225847597674494
0.106527703201191
0.00915724979464076
0.132366087786677
0.0934224611238901
0.212862817466349
0.212841200356518
0.015721348859623
0.204631929937702
0.170629644421326
0.0336584636792568
0.1787736736759
0.0835706644577556
0.169859251342257
0.204769997154052
0.11191540937868
0.258503648189297
0.0902676786640454
-0.00994785433149436
0.13535241825291
0.235111489615907
0.205163004066825
0.106133171331539
0.101851145207961
0.205293522746129
0.0191842161602132
0.402866793018025
0.186400758231882
0.226579159508534
0.113559009876044
0.16556514778781
0.257471064600008
0.26088535729484
0.20534568898602
0.213091013133089
0.203067311252013
0.256803102653914
0.00908748604321031
0.200093317279016
0.370821066545938
0.281094156629321
0.227908252430224
0.142755993691182
0.145005196538494
0.19376862196483
0.140811134005511
0.361313801549439
0.212280618563354
0.148212610227154
0.172542199612539
0.190157184718586
0.0511562109420266
0.235591050057626
0.296638906699477
0.232071898534713
0.17156157269315
0.237865849824633
0.23844774114313
0.126666138700483
0.198594661516534
0.16900094056514
0.217132433395026
0.274304650984676
0.245060177936399
0.229908378976389
0.171402102083155
0.275784617981072
0.299221711484547
0.284519675182497
0.286738196221111
0.00767622259402154
0.161057270330121
0.2925603069806
0.113255459236605
0.280353372205553
0.267311363759005
0.16110509862203
0.179998296354239
0.332791220135453
0.388408785316211
0.304155853752985
0.225558593696113
0.29689079995874
0.17320508532198
0.202691431679136
0.326891773231827
0.265828657193984
0.445397771902022
0.18753138724664
0.316876170549211
0.239940084570333
0.419976688269393
0.307173480283686
0.32970146042555
0.309319404374724
0.460393478913502
0.229361034698958
0.299937329757899
0.388505854753634
0.201872349719191
0.264403065859796
0.284804371738445
0.278297909889442
0.354225558606597
0.385951652520316
0.255165197374817
0.450493664663781
0.324911062976252
0.337522417402472
0.348431497311931
0.431884957537163
0.124077118173305
0.561818139756955
0.215821650566015
0.357275337794488
0.383330744016253
0.472504082754108
0.340734979452514
0.154390391288599
0.306453375540445
0.272829959105197
0.364760109595748
0.388800979615527
0.36601475654078
0.468632999633319
0.486200442694582
0.251915477364819
0.437284742485791
0.373281914219466
0.266534503179885
0.402407266866778
0.347529612066202
0.478960726029186
0.417807832477544
0.448614858555324
0.433761364105815
0.300271576659205
0.354611745621271
0.363514371680019
0.41512912363683
0.537112263325084
0.47891222448289
0.314738143274816
0.500018316511725
0.326286782411771
0.33123807046124
0.335646374620856
0.240719894621374
0.458968658041262
0.330063105889609
0.428923969146213
0.455120469867958
0.263581912760355
0.173022956059268
0.490258613891201
0.445086754916247
0.460181886890859
0.494668585055523
0.435853529758351
0.456272411864494
0.518987093077315
0.335529843257921
0.391490306711591
0.419172541060735
0.351194960122876
0.42128912938577
0.337621011865839
0.416950778692036
0.364858483024564
0.467420471968854
0.648713519235616
0.330732975251021
0.590731070814439
0.501337067077027
0.402908808288719
0.490458651601588
0.380787116540815
0.407877071345808
0.645515784922303
0.50124265453019
0.478088302472652
0.47457011113407
0.408972857608359
0.540029574101726
0.63722970596136
0.588255201747854
0.595449701328812
0.437179618106014
0.599243210923548
0.499444143648716
0.627410082918896
0.537107725128364
0.547627222465964
0.497226012491162
0.59519471080302
0.599700592609803
0.552809877830932
0.373450704355676
0.639729772724593
0.562450128958589
0.432620964876232
0.575939463467323
0.482748448022964
0.533726629265506
0.561306962705482
0.51490774528056
0.491042839220701
0.46736670389929
0.529788834093154
0.489615033556017
0.50825963138886
0.520434290703165
0.536279690190467
0.539258950866966
0.681563562349672
0.6050800922597
0.558454651373065
0.51616332407268
0.458423939221595
0.52422535583891
0.547277539490584
0.586485865904511
0.615954390548293
0.516202883680607
0.589480980077068
0.472992537820137
0.654732805237137
0.736879888999027
0.602642183910341
0.544483790580544
0.52426470791708
0.568395019840073
0.784700861982071
0.603405017969823
0.592839475741044
0.644150484020455
0.612006257202889
0.56921752340101
0.637783642527305
0.603384265496755
0.639710231976465
0.359221266001653
0.562611215934157
0.628139247545147
0.713000750654511
0.588139419474683
0.751900737585033
0.766724854171351
0.548785452304319
0.645549654813176
0.71204619425036
0.575446592777603
0.519195163166521
0.688212335365123
0.5915688503858
0.768131047290261
0.635220230993099
0.673626837998471
0.689016694372102
0.676771416461187
0.607321867845709
0.654505849113147
0.621069836672733
0.639627525232663
0.385700512627552
0.626843238995136
0.673478959500219
0.673196089728654
0.654123712566938
0.700030543630161
0.673178976713478
0.676338690710105
0.724090384770707
0.60866732138206
0.786188098586308
0.658330857436652
0.656979936100221
0.638906672434541
0.697138429255897
0.701330031579126
0.593092124990183
0.646048209505879
0.775269891296961
0.639065297258572
0.721320752635819
0.532660751898736
0.79322776103403
0.770537368306595
0.739547946711496
0.679724572543524
0.748864216932165
0.854235851392151
0.856021053855437
0.657978930515537
0.723982099112807
0.766703528794735
0.781638314795344
0.617655470166792
0.683126335306562
0.673150581469018
0.763890298348229
0.720531386275447
0.817117116517623
0.743629808798035
0.686246925765527
0.684641065557262
0.691507666720433
0.702016858964036
0.817785384308557
0.646222673331947
0.746939249805297
0.704859401777328
0.696244465021477
0.738417637705465
0.800669028489324
0.720648223962628
0.810296070014971
0.820305018223056
0.925329449795083
0.715980372338356
0.79337970947003
0.864272689504583
0.695632413013276
0.860489296757116
0.694004262935914
0.829650860254353
0.689661818715238
0.760482907758755
0.802162996520572
0.906789121992921
0.742570713061796
0.795121113721667
0.908175607310223
0.743071204184689
0.69776271076202
0.91069802313091
0.80001458549111
0.747010985223556
1.05818634875986
0.950814978624327
0.776294146123843
0.81666881861864
0.749259609337848
0.656508969865289
1.05660189429574
0.747342077776436
0.770120480266968
0.768094768672152
0.900934328948433
0.77754025474365
1.02056064565888
0.859380552346966
0.901030849971271
0.967777549031633
0.895103685413282
0.809092258039253
0.835653211713559
0.743482784939145
0.823434338739334
0.709635032551097
0.900639966772579
0.80237925517103
0.916163448927789
0.737951233178147
0.768463290305519
0.722483800687582
0.742819006946973
0.821832167937454
0.775070491054239
0.804103992827808
0.87243734605918
1.17270211602865
0.840234974553432
0.846255778627649
0.896920654650976
0.855729091289804
0.836961009572413
0.868827481696753
0.828603723178157
0.908010363172327
0.952040115144839
0.865403943829621
0.762409821876932
0.906624497986055
0.852214930146468
0.857427599157233
0.807273451985125
0.858857770544662
0.920453572227019
0.822564294924067
0.931389586179765
0.853096381687794
0.988824200340886
0.90417453459495
0.965338460562072
0.911281293061258
0.782955235675343
0.979631315461909
0.877657586656587
0.93763417723896
0.871627335688014
1.07744350385521
0.822981739851016
1.0771424582578
0.93777544939163
0.980959434489284
1.04819486275392
1.0356690785345
0.990595352264116
0.93020058971815
1.01556026791049
0.784753211697075
1.05736641548183
0.975642642915223
0.894792678440425
0.933524806030231
0.913398282509772
1.04550647709609
0.857318210805099
0.951234178035277
1.03556937888949
0.901725665238799
1.04726886608089
0.951234072665629
1.04386500227786
0.97645616465191
0.920698959805561
0.913325084945012
0.960008676795692
1.08372295039334
1.0035965906585
0.974249051361576
0.773103781170453
0.99200199760097
1.01369723698439
0.860157260239658
0.934463140127041
1.10949308033226
0.862797608536871
0.948753287172027
