0.0609682789246078
-1.12941909438542
-1.10358201567898
-1.04723559386799
-0.960794499183315
-1.11874146187125
-0.858637761136245
-0.912930294743852
-1.01062119275771
-0.886959602523569
-0.895804032826946
-0.982212895427659
-1.06663036087958
-0.941984338395375
-1.01328121110188
-0.914029982945286
-0.972945427030072
-0.835853006504111
-0.906338655566458
-0.981511863321778
-1.02845679459333
-0.945094371888214
-0.976805832097529
-1.00511353499531
-0.889399173502968
-1.05845109479884
-0.866735254867156
-0.98658506228726
-0.983977283390108
-0.996183689123758
-0.926937341850264
-0.836676065820603
-0.967442758338459
-0.922965350507317
-0.835029268394335
-0.839454613151124
-0.905888315982248
-0.787679185791613
-0.974774706500897
-0.85946485764973
-0.861512555422048
-0.911945845012761
-1.03470842641627
-0.863038708536167
-0.923362409992761
-0.868162710904827
-0.982286551932916
-0.993893989631536
-0.901742772228095
-0.981948892821424
-0.937589642467393
-0.880012940526273
-0.737155739272315
-0.834026235161261
-0.892843790627776
-0.909797640641027
-0.874159507764763
-0.970183017843902
-0.9713902664154
-0.911097636168819
-0.943383441260177
-0.874204874833576
-0.937817083204251
-0.77526781191922
-0.845557717760356
-0.810967712272823
-0.831127101424466
-0.787077000701242
-0.888002988292795
-0.837426226940391
-1.01453566677782
-1.03423918657405
-0.861021197881972
-0.990106827323947
-0.969435938331404
-0.98811768512364
-0.761561756275481
-0.737466319718731
-0.832276849337169
-0.868686557424092
-0.823881796799311
-0.761879866158555
-0.934810143447686
-0.875718024499271
-0.913232044204423
-0.736585092103832
-0.715496656649388
-0.90597052215262
-0.820074623053682
-0.893944978328721
-0.914102383633842
-0.848455954530136
-0.739804891102368
-0.879083622286005
-0.803279708454042
-0.863197956318281
-0.813863410383942
-0.899071215319159
-0.799964215845559
-0.710002075058132
-0.704639220609156
-0.652358604318945
-0.701089749268184
-0.893201735888032
-0.879911036072962
-0.949599031703363
-0.82285674951326
-0.835331661629858
-0.928027979963409
-0.821394644024665
-0.855355469819778
-0.718256099594433
-0.918102208027285
-0.781058770953476
-0.525164012215487
-0.668580289078889
-0.825703918243592
-0.741653687782971
-0.80092438118412
-0.821553942209746
-0.702284330801167
-0.750479085927486
-0.78564990523703
-0.791000710050043
-0.797336144811155
-0.668711144406207
-0.739761545117692
-0.656583289187049
-0.799016595426436
-0.499716043288106
-0.642867426330709
-0.652008280428723
-0.71835157989588
-0.735958091583012
-0.785942455318444
-0.553302697384214
-0.601771186422153
-0.729388785742706
-0.555125074646152
-0.913207339239814
-0.795225329434262
-0.718820149380075
-0.722390583260532
-0.664948836392525
-0.701814802996565
-0.625570458966699
-0.678489506525166
-0.696941154348584
-0.70090669119909
-0.596009221744867
-0.694474872813051
-0.820052384717158
-0.471900044170525
-0.745788936362424
-0.707724488347985
-0.742356174122552
-0.798674041277922
-0.789947458205697
-0.682522839288006
-0.759676866799776
-0.730103713067899
-0.66820352629276
-0.695291150036144
-0.628677333797672
-0.667982577134765
-0.559369124999566
-0.755432888854107
-0.803413838887732
-0.752688562051635
-0.564317762871445
-0.632871463484353
-0.72459328040341
-0.659346949225621
-0.619808700852586
-0.862066925096286
-0.816242170865
-0.708193173254715
-0.766158281543396
-0.675476196298978
-0.651085509301177
-0.671619138136734
-0.726179229657932
-0.478204194947409
-0.551688798351196
-0.513687911448017
-0.60014491413389
-0.726832948878403
-0.553084510945107
-0.497491502093522
-0.661551334212894
-0.718098656710561
-0.64996746084212
-0.575933180813551
-0.645465031539597
-0.67266903204743
-0.704534646943497
-0.55959986271506
-0.496976281646139
-0.716169711938005
-0.523249913714896
-0.524446190286539
-0.481288340149297
-0.5675086922448
-0.523582488633124
-0.627260130289158
-0.617077911286938
-0.635303973462171
-0.531042881859458
-0.421739862393668
-0.524452280488197
-0.462003110015997
-0.67645312718322
-0.591147733981954
-0.446486491337516
-0.600242491191339
-0.540438115338531
-0.617702737261801
-0.413430819543397
-0.703637018880668
-0.564680849891111
-0.541098837039687
-0.641790921599533
-0.468063324558058
-0.624770042159235
-0.603927274375187
-0.493683310797835
-0.504273224750579
-0.464777941926703
-0.534180129319934
-0.539990973869182
-0.694306171978564
-0.550959428604514
-0.559141334568352
-0.469220916712697
-0.442455433808355
-0.540897756721173
-0.43940363827555
-0.515779079056675
-0.511917987945473
-0.580895131478327
-0.373833867137371
-0.679205285231402
-0.515844086912656
-0.531870160625258
-0.446910825720026
-0.44524410895727
-0.462184836565932
-0.431604633871592
-0.513845550919879
-0.490884742714875
-0.481941958133308
-0.398235996274847
-0.565952794733501
-0.519744669338458
-0.426270471069531
-0.560361934878767
-0.495332957326559
-0.495648088758902
-0.427915629087558
-0.518999029180729
-0.453522286679744
-0.404519646732102
-0.587564887595223
-0.386280673374934
-0.436792896895748
-0.414659060814847
-0.353846442903331
-0.480212337408492
-0.459793227189627
-0.437595678909789
-0.521718605118867
-0.499949622689331
-0.416162528622769
-0.400444254693116
-0.465556882259688
-0.46518892894405
-0.358527118930814
-0.449420300673694
-0.351034490066577
-0.477434636233919
-0.622540062237876
-0.388807091524606
-0.428302623812738
-0.39057808625537
-0.371484829812194
-0.441443902007972
-0.434720866413338
-0.389283913751386
-0.466953207052378
-0.447024147571195
-0.326225206542531
-0.308945947793814
-0.329011973391559
-0.421831057768468
-0.464993292515702
-0.366278432836023
-0.371203071915484
-0.251329346162011
-0.4111889294743
-0.209525790536706
-0.499872847830009
-0.339551660653358
-0.221632155445043
-0.30552260186251
-0.435894494722306
-0.335828688220296
-0.427151999359234
-0.483416190944087
-0.380518459149205
-0.333644525558769
-0.496055546520788
-0.38517148260458
-0.345321336693677
-0.280676473512837
-0.602837673458919
-0.252124097070019
-0.288353318186073
-0.219948619163526
-0.395422465929625
-0.360027941287363
-0.479648433634051
-0.3184002367572
-0.455907511728946
-0.535876290998556
-0.310370840201114
-0.171099820339068
-0.256580815859234
-0.381272402436919
-0.221406390979515
-0.267152433809044
-0.382386868747654
-0.291378958523389
-0.364067977338325
-0.327394219427268
-0.22149385741491
-0.218717430767376
-0.345000417631202
-0.430139319013068
-0.333030219375871
-0.259875587487384
-0.269375147283659
-0.378619415078211
-0.296026342516693
-0.230194205803106
-0.229888090338792
-0.405351655102615
-0.197531679042677
-0.290442143515609
-0.325184890802186
-0.26630635852014
-0.216434254527978
-0.326234054281343
-0.283456165037199
-0.332993437908099
-0.179682263631473
-0.286750772415089
-0.349649799161456
-0.325380122460679
-0.359065321107932
-0.272016323317202
-0.429461589263227
-0.352253695959363
-0.318353842291668
-0.175403609937764
-0.147899485786977
-0.236146113149016
-0.293024182429268
-0.233902314898557
-0.391074554042244
-0.25183329958687
-0.219404900987525
-0.174455551381306
-0.1504498517242
-0.179652715477238
-0.368497280809207
-0.129935474781166
-0.311767946492264
-0.402997929493064
-0.339533584876301
-0.251157992346574
-0.227273601512532
-0.223433367219018
-0.286524744691623
-0.117929989774957
-0.125308234838992
-0.348775260420699
-0.167836865880009
-0.148159061909755
-0.382535758058513
-0.258421277001226
-0.207939438624883
-0.226533764746365
-0.353966863667436
-0.215148671901577
-0.124357640554078
-0.0630042721709125
-0.246701957866327
-0.0892443621269583
-0.319493013403395
-0.161745917728732
-0.132153925115288
-0.0466686777151996
-0.145843217774534
-0.197786532205195
-0.241381736673844
-0.0782390771174541
-0.225593138380916
-0.248664808447298
-0.226757181292281
-0.371113891359757
-0.202477353599689
-0.271691865795752
-0.172537790647187
-0.2555004934241
-0.200304227083631
-0.158270428565638
-0.306439295931549
-0.122445819620344
-0.134449067528714
-0.180851063632177
-0.0158452923120034
-0.146899262431469
-0.0365242701110048
-0.102547251986248
-0.139035062224208
-0.188244072959721
-0.138887985851484
-0.0791020413684147
-0.271148674366328
-0.00368804818033597
-0.229142160274508
-0.191486866464961
-0.242872675714343
-0.169669254056226
-0.179758130023798
-0.0655357152238637
-0.124851204728153
-0.131364195607672
-0.124620784668088
-0.071437139515889
0.0312209160476592
-0.122939123931194
0.00285266321410484
-0.268437696952826
-0.0550096203757753
-0.114371988117498
-0.163099442571584
-0.235985528710394
-0.224966823002198
-0.109489894438864
0.0313752039974119
-0.139016242014939
-0.137740174530254
-0.201651890238063
0.0155732009794713
-0.0444974602557976
-0.168167657399301
-0.090111600053305
-0.163326669776709
0.132242880245009
-0.146692096138802
-0.11617640313954
-0.0781795079798458
-0.0669324660192459
-0.0338834048704302
-0.0460821767604177
-0.120802390354186
0.0131951114119611
-0.130124348702068
0.0277188774366489
0.0511762204894159
-0.0524153014741064
0.0151093601576499
-0.0718080799666838
-0.16120004499001
0.00503868520866811
0.0156700991340332
-0.0283685775881144
-0.180325735251739
-0.091863435460502
-0.105219574175902
-0.14754987491649
-0.0935784176756357
-0.00760052116922077
-0.121639054989677
-0.107806203463948
-0.164652141292694
0.0460242526694151
-0.0707769932023306
-0.026812041743382
-0.0289934734832513
-0.0774241030032224
0.0717807577663869
-0.128983850891925
0.0666857203074954
-0.102209364831851
-0.00608851744245379
0.0174305176936183
0.0488574233907386
-0.0222229592981357
-0.0779470144539675
-0.00589738710758447
0.00403101561678563
-0.00618652657998096
0.177100785901846
-0.068407640706767
-0.018455245125208
-0.175869804448864
0.0583112417926085
-0.143817192676032
-0.199554078642748
-0.0286871976601126
0.0477497878252925
0.00355768086908882
-0.0434884560793877
0.023957869745839
0.0751185797909912
-0.0722565735172026
0.174422900081172
0.0802581287608476
0.178926677976657
-0.0129426147604766
-0.0965562577781479
0.150283213610791
-0.00328755865044976
0.0485986890682307
0.0198518699056185
0.205850425950865
0.117365186108939
0.00843346319666714
0.309639867158517
0.143879838621234
0.102733307808166
0.0574445951510283
0.293820626228437
0.137284174651047
0.0738990888960973
0.0479903237079911
0.0118874785428023
0.0840295973491144
0.065510249972034
0.111895536307573
0.270404842184008
0.140888991397516
0.259963590571833
0.117636097412743
0.0580167208331876
0.0552196888544887
0.12913122544597
0.109705933921072
0.0101866301329828
0.0650963680390608
0.0124479448319856
0.0725150577702482
0.178599568227155
0.104951219075818
0.203065039126128
0.262882687696026
0.248647495494087
0.273435503994592
0.104754507853958
0.0783901608167146
0.245400575476629
0.155905552858637
0.276629918304315
0.102350379531656
0.0946673205577427
0.0526739550011214
0.240674577822773
0.139362446239746
0.141811026003848
0.153048288778924
0.200507761462303
0.203347543308049
0.147065036117588
0.198696266733047
0.151880385189075
0.208543673877026
0.00563669143665281
0.0276057717048348
0.217905133195225
0.336375700480245
0.19733129450305
0.22646824320725
0.0450384714296039
0.000459260567692525
0.229755665141138
0.0181596615572686
0.132396064536587
0.271325625830649
0.220174166264406
0.151372788813194
0.196379252427021
-0.0337702155317639
0.236657746164107
0.283822489305904
0.0852218731368165
0.0204741512917948
0.192192364144483
0.315685259748883
0.256092140709999
0.211304410603742
0.313853600940298
0.141738101061339
0.260430564878423
0.252279587740241
0.204528976284048
0.143882972386785
0.100508050925587
0.102476786706516
0.154457887044242
0.11145885390919
0.099305923904046
0.440994292937295
0.155675803890662
0.163737240135992
0.322122422769755
0.203175815230783
0.352640630313555
0.210496882762603
0.190025775492427
0.274512184276512
0.283598924273487
0.303541033054698
0.303852661723425
0.184913422054469
0.350702401013849
0.315723167339276
0.283191883013378
0.258880408492814
0.144940649381474
0.302832756390626
0.287408823988686
0.303911892604995
0.230206999230139
0.224413197555214
0.24364257878256
0.279367705890145
0.28219514307654
0.298809585327674
0.326647511727302
0.397714221468632
0.424497150722501
0.31291611969161
0.204108199833057
0.461908632323066
0.274555206972898
0.353339123721389
0.345369178859049
0.271570191935498
0.250846124883225
0.345739076488548
0.276571238511651
0.26133646810538
0.275419272382975
0.264615599237641
0.24466391560857
0.316482361402849
0.219308103550401
0.288960045162037
0.337980551837035
0.25409348870162
0.299280516534659
0.381747015301274
0.431325959665652
0.350833046133844
0.280557652255696
0.233578295922614
0.405113556993973
0.462127801515952
0.451037692662705
0.481160706117275
0.3763403734079
0.404440943148823
0.18061271284258
0.313601649563349
0.412584996371431
0.395939908359688
0.45968254553729
0.362481219811315
0.445933868333194
0.430197398181561
0.380665490058535
0.497051013179388
0.272006882843109
0.37127861938088
0.273379712482062
0.3539488397161
0.318782119683685
0.488176840612956
0.415924585931096
0.445878936654465
0.368808521890512
0.320119775353671
0.29284510509912
0.421188516756243
0.272162352538237
0.433952062243272
0.268282763246767
0.401113061624662
0.468560968667051
0.387821296853877
0.323722026290032
0.330743464932984
0.421114707306442
0.299432103762224
0.446297869644979
0.381514063851957
0.456982601544331
0.383190294407277
0.531432299859128
0.323506644123999
0.4183647015997
0.56993876059498
0.380238566620197
0.383744676998314
0.350319325044749
0.334934318691905
0.408391955353465
0.406607442373292
0.472616953361254
0.433032400475425
0.552689933249786
0.439282823542437
0.397592731462526
0.595807670896302
0.313275346345028
0.378671053169024
0.533583296352189
0.47044698320028
0.42251351786878
0.501163327236681
0.363480142669246
0.26246647779977
0.418084594093236
0.415842996519225
0.464429423140612
0.337819614873476
0.363758624013936
0.5323014336039
0.568899700771642
0.53065054240028
0.491926605372072
0.501200753464378
0.498790511865418
0.44560194180243
0.432206916210663
0.543462672786464
0.563031417060228
0.499446812450254
0.567680913813692
0.647072316418846
0.634431609230465
0.466004572399834
0.448233109814226
0.626919330421968
0.525515721074945
0.458678923465095
0.467365726655512
0.472414061406583
0.730704028082888
0.561058382756819
0.332352970532171
0.61450711202733
0.549358585525104
0.631530382992816
0.593336854735907
0.584654711831092
0.558128705207087
0.575221174932878
0.394623811877405
0.447719096542686
0.458178834911418
0.513614464630773
0.580792039425482
0.600015571178678
0.555519005360305
0.455869142015388
0.428596722593776
0.648693286994179
0.434721092980629
0.67945061497503
0.45806472298494
0.512355604476278
0.62684890011093
0.591781289254392
0.58722639342973
0.532660900121437
0.59704736567701
0.598183754085203
0.614458218938356
0.678106125988047
0.472897255354866
0.57393970043765
0.562491589991288
0.449800819404073
0.69766413081813
0.715842881114523
0.614200227244138
0.630478643882083
0.550577388974179
0.598316255887653
0.59307847626041
0.522040732200334
0.64211541332678
0.555467686891327
0.574810166917382
0.583384757574643
0.576856254875485
0.647373656930345
0.577192974523223
0.640064008904015
0.640731017275929
0.722206378452715
0.559846263122139
0.555968966233109
0.75743738985921
0.629887217951105
0.66280821060645
0.795578594688145
0.679179451506339
0.577003176142208
0.592488557981766
0.664855288514844
0.605452038586702
0.786384105586213
0.485860257219154
0.648608090898176
0.747695609645073
0.624417965585617
0.741275593981905
0.721888046084547
0.647362387149547
0.716544184947319
0.736418989365435
0.591550035854544
0.649664863209133
0.684951977706244
0.602238305647103
0.755128327440283
0.615237499387021
0.583411717531398
0.563087749901539
0.54077088162724
0.723913550109055
0.763269242666638
0.682383765371519
0.690550474195733
0.522115200464054
0.732845456241572
0.681214963928733
0.640072442946099
0.734008678880254
0.750306187059602
0.810415010990022
0.59073360741035
0.720787197617916
0.70894038953163
0.898038070196325
0.64880540990758
0.788765527628425
0.630612266596678
0.540858320984836
0.795644048315464
0.740786302245396
0.892510649265815
0.646058452929566
0.71344643064127
0.83866907398596
0.739522653938316
0.738433677428663
0.792795357780478
0.66226250528146
0.659577433224785
0.707246531915446
0.68778419282614
0.826381328380226
0.748744220991667
0.855966040566681
0.817677483228483
0.782821435774309
0.792091504312914
0.614274720729564
0.862276209197483
0.575970977735854
0.83561830089186
0.769334020449003
0.780806480423523
0.711615453571866
0.601243670345104
0.824725713204487
0.821231939094352
0.658762261682525
0.851591173486365
0.784181281357313
0.73356050911481
0.755278686805979
0.74041794376345
0.871868522923504
0.821215334954223
0.846236879712543
0.818009199324096
0.847573455548084
0.841986544463129
0.760625111771346
0.673819957946403
0.977849606764474
0.889124612515677
0.831798423243386
0.840206185684879
0.829327612887721
0.672499909564199
0.836986412755434
0.927025694266328
0.794555638437673
0.884915954114507
0.888457183718872
0.927897290103834
0.937359898074061
0.805743230668166
0.7649519186374
0.852216185341713
0.928239550795509
0.823770977097721
0.761443247822766
0.792289696734003
0.835128936369063
0.831932240082364
0.821372196801804
0.808532266773902
0.879358192310281
0.851997372235353
0.886771055573197
0.944516461758978
0.996885463991223
0.864324838713932
0.870688207445747
0.898081196558774
0.75326715825631
0.844775799048677
0.823334128159996
0.827555246249344
0.923478693853649
0.9161827674262
0.947784581642662
0.948761051417347
1.00525559885939
0.863407618816902
0.803334086646789
0.975628122183179
0.944099656245819
0.924856268837845
0.945547432145455
1.02506328472904
0.931663237087659
0.87967742743563
0.851671047612056
0.957236278938375
0.850830992694971
0.818555287890425
0.791495551399414
1.00665587129489
0.866998109845615
0.980308641312667
0.864642123924559
0.94193726434022
0.826713688970514
0.931882348309355
1.00057299252043
0.904155668561664
1.00314559047364
0.915192019934019
0.823422671429028
0.907691609683592
0.78183959455173
0.859099975695759
0.8072007737048
0.930164954850136
1.00746237703412
0.831624749087166
1.02209885698554
1.04857857345191
0.877139920359857
0.892782999226918
0.942606581408815
0.862320373396523
1.00034285624881
0.850712252778964
0.983532776173674
0.820056116542158
0.899051432281785
0.991375589655513
0.980853753194589
0.87759316090262
1.09140541564824
1.03209341459757
0.928754346226884
1.06999180728529
0.901473803617799
1.10690029220093
0.934049103244978
