-0.0478964288695824
-0.990680067899641
-0.997367560195366
-0.940766451408157
-1.26200937460656
-0.968924261609814
-0.953748118203885
-0.954167112926336
-1.12621802894537
-1.09732428792727
-1.01250972604485
-0.988186629624267
-1.06295661690374
-0.956949732946992
-1.01764821976985
-1.01159111694446
-0.842685053858037
-0.886568812140687
-1.06890391091444
-1.05640401112129
-0.867316740557617
-0.976567191437782
-0.966584986829648
-0.874492558449624
-0.990525901875382
-0.984987287790755
-1.12557495347461
-1.11436214271324
-0.79941319473681
-1.06893697505864
-1.01693205320478
-0.903825054796618
-0.905074672745583
-0.893162287283114
-0.839402067641841
-1.01473182587355
-0.898495161773813
-0.713660523383625
-0.945693196448829
-0.902982208721784
-0.815155405557134
-1.07495565215658
-0.864806136640078
-0.983918512851368
-0.931108451952284
-0.915358551589074
-0.880192918445566
-0.810471665291823
-0.989684035975295
-0.928647940858321
-1.01830694715042
-0.951597942827197
-0.866417541859372
-0.820252320343537
-0.807297772994325
-0.864137208963307
-0.921884337387177
-0.906176510041994
-0.734609273798706
-0.831319882056379
-0.946393796130838
-0.865018737220936
-1.0463339391219
-0.851337405947152
-0.911925372718983
-0.859450426413124
-0.904326633019258
-0.718309725511573
-0.875551182774783
-0.828717892048382
-0.865094117931314
-0.899324549896877
-1.00619474762165
-0.965833779889554
-0.847288491339451
-0.734592109011452
-0.784942287943885
-0.89777054624708
-0.765560610372784
-0.764492554343505
-0.804019580381958
-0.945810396419497
-0.90230208103189
-0.958070425584748
-0.675786032369441
-0.742221004760896
-0.675428031101758
-0.821097565587266
-0.850676137965136
-0.932843246151877
-0.793677942705703
-0.84244686698122
-0.956285267702782
-0.846052589345062
-0.898756181158389
-0.80327020692816
-0.750605846159113
-0.780596874562747
-0.974806800066147
-0.785410715112977
-0.825817433687045
-0.715306608530739
-0.865251641858528
-0.842662231888157
-0.784942480079256
-0.824043143270514
-0.943522312949667
-0.752250551510962
-0.752362960874829
-0.744547159933801
-0.663057703317745
-0.852316671918235
-0.75364719857511
-0.779996824788196
-0.731210778582788
-0.671734561312605
-0.770796175754451
-0.674313521054122
-0.704984463535711
-0.729267100991665
-0.735602267487519
-0.829635491159976
-0.843199836730616
-0.700303286322463
-0.669089502879999
-0.840677363445005
-0.751051503944312
-0.680037393772122
-0.757238254578646
-0.882326286201035
-0.714452429402046
-0.763730168216383
-0.706511372342
-0.676700473353182
-0.803286629630098
-0.587987675826332
-0.740093250063023
-0.866401235369686
-0.56103088308629
-0.760936526926357
-0.706450640442646
-0.751132652102316
-0.924472731709873
-0.706631528539683
-0.857725986175587
-0.755775515155391
-0.624921891283761
-0.712655907695963
-0.742989031968604
-0.769832791457146
-0.737192279321019
-0.695397736450082
-0.684789676327807
-0.651779627889411
-0.653880325257053
-0.675167975517012
-0.741194840564638
-0.655718726713644
-0.498092294444587
-0.614547601104049
-0.759766987366137
-0.621699452022853
-0.653242792419308
-0.587170500573956
-0.727277167967622
-0.657714626822417
-0.832538554067028
-0.603315131073368
-0.626826647288028
-0.732083278234715
-0.77254494288396
-0.629244038729642
-0.491204080509322
-0.709875129664906
-0.687661463470809
-0.623083896626136
-0.578447569577063
-0.686606480317805
-0.613683962659584
-0.686562207879304
-0.790436731718279
-0.685833974195524
-0.868094207127044
-0.79676061914307
-0.694025745581665
-0.619920507327752
-0.577752034215825
-0.700151651170846
-0.617559479217361
-0.592382735747207
-0.659183472372966
-0.484874298648314
-0.671947838165889
-0.544519689598647
-0.72863295026084
-0.625418245785061
-0.615307219017902
-0.44007368591343
-0.609156312665025
-0.668263647309214
-0.566189037989051
-0.719726771638889
-0.577116852177432
-0.535609971457475
-0.691574819011524
-0.574947049997886
-0.563494109701924
-0.468478509490851
-0.563914458995442
-0.5055829751297
-0.608809071371447
-0.557299004555358
-0.577535110041932
-0.715089703495501
-0.580637415840676
-0.559316861577505
-0.708919138621392
-0.49688899236155
-0.669524513426167
-0.606031108218971
-0.56915272235372
-0.583656013185893
-0.685069129313074
-0.548089894475778
-0.446438057627203
-0.521034128544726
-0.574852857217868
-0.592688662922548
-0.516911724893135
-0.555631172998376
-0.50656187341145
-0.48583022467611
-0.400779334187067
-0.428967628055101
-0.532873823344285
-0.640982725378217
-0.595954589789694
-0.419385509092619
-0.429810678700064
-0.681149381728099
-0.480215870757831
-0.459903767358552
-0.591190440587262
-0.35543614266705
-0.484736715585166
-0.588607555148857
-0.56340781607089
-0.523418348996001
-0.537496910177597
-0.544677317704446
-0.496190586985708
-0.427684545767296
-0.480240103881562
-0.490397088658842
-0.678485839002498
-0.507448546133505
-0.380373311778619
-0.488092172689659
-0.374230946371381
-0.545256029656446
-0.544126289523499
-0.470953695610948
-0.477578172527103
-0.487761367504512
-0.572789898153858
-0.500834420598066
-0.593347469762179
-0.406022727233162
-0.290873883123294
-0.520527392411643
-0.458498609670873
-0.486036953427459
-0.482971815069492
-0.580571142546155
-0.45676615334954
-0.364353627097998
-0.331003465427254
-0.412209496864509
-0.482856301115888
-0.495815252376915
-0.515239680613839
-0.297828597444712
-0.384237057039614
-0.407675706973517
-0.571863599061822
-0.403790336093449
-0.509293324906919
-0.486897435513454
-0.256046774697894
-0.461519142018689
-0.367342813100415
-0.423134682061773
-0.403929535567394
-0.413751015278698
-0.470684666797915
-0.396923520836064
-0.570603928097585
-0.337427769280618
-0.390208433196825
-0.345787349535562
-0.300554066262842
-0.370922563534725
-0.471503895339417
-0.568612181409539
-0.40330887836671
-0.408597197228811
-0.493703646549379
-0.393215664535726
-0.398825115708017
-0.331505417627477
-0.37602493966284
-0.385348350372887
-0.309790581274798
-0.338558823284567
-0.445887075423754
-0.31346006739972
-0.423410564778038
-0.334047514556248
-0.275925460355736
-0.415585923135786
-0.439726630474781
-0.315839796835581
-0.31806263196377
-0.425443228590716
-0.37612291076173
-0.228203700835113
-0.437709035213506
-0.339709128041962
-0.416412802490591
-0.361965013176413
-0.407367570886047
-0.492003787390661
-0.29624662949051
-0.249866978012327
-0.429689971376855
-0.341881817561595
-0.227969970247595
-0.335719860012767
-0.437831534512719
-0.326840715988608
-0.255335758736427
-0.299696760112519
-0.321997482671153
-0.343637837796952
-0.40280318976128
-0.376093508822041
-0.310593612647995
-0.469129736685493
-0.356707095866758
-0.308742643977258
-0.253976002208551
-0.155876074573286
-0.179307761668854
-0.309756570706607
-0.400646133154046
-0.286764443523987
-0.365280176860342
-0.278817308078965
-0.178284197959088
-0.412790593762797
-0.369588995013821
-0.320246346065936
-0.276173170019147
-0.321938198631571
-0.463623432959169
-0.263900677779157
-0.221533979336534
-0.141504108786495
-0.255425728927113
-0.266638815831532
-0.333523454586995
-0.250568846915566
-0.260466459703886
-0.283075898104112
-0.153578852978185
-0.351598468104541
-0.284574847063238
-0.19468896303506
-0.265144082215977
-0.156696396341367
-0.319403547142935
-0.322646819039985
-0.349966144910287
-0.264579234014142
-0.371366794934752
-0.363467254926722
-0.255122803786443
-0.353305601267564
-0.139298956564948
-0.126000022528474
-0.233484869769967
-0.423554857306256
-0.271476472421449
-0.0652811610932789
-0.230062089424774
-0.322755106371069
-0.209154096019901
-0.173166143255776
-0.249262316081108
-0.297235372670373
-0.276327119279996
-0.233108499092239
-0.25369787126889
-0.221735898713212
-0.119876464591142
-0.159697908310908
-0.190279937046711
-0.116400448604695
-0.211739827738812
0.0779349349214255
-0.131946755787626
-0.0726171029869422
-0.163664680556434
-0.152493314852968
-0.397661507112578
-0.152472126452519
-0.179129079074191
-0.0949966566430911
-0.125236803470748
-0.322119839968936
-0.195886931599606
-0.149799355921476
-0.177375359207073
-0.233402456650609
-0.126779339043461
-0.0117381399937073
-0.256812479565067
-0.0287598298026095
-0.23078713454517
-0.124017036069233
-0.320877379927121
0.0563157842294675
-0.211701445528846
-0.143162822502074
-0.136390339963144
-0.241155732512221
-0.133875345896171
-0.108740034358777
-0.158091020732061
-0.198050999949817
-0.177713756501348
-0.0695566842354241
0.0721223325823485
-0.181868675987087
-0.192216152157202
0.0310499924377638
-0.19622223202004
-0.0742787286570785
-0.0336089506888498
-0.129485374951767
-0.137796007985335
-0.279535453580323
-0.122808776974295
-0.158882726255926
-0.0603678751255391
-0.277698083495729
-0.00380142287244461
-0.0712757622108643
-0.162143566959126
-0.0185086567829631
0.0444232270531814
-0.101938217469059
-0.167363534926942
0.0917708213534185
-0.0465152782392882
-0.238238419305794
-0.158482295282936
-0.0539400323981741
-0.0109449791860683
-0.219147270771441
0.0841485697750796
-0.145676818271291
0.0327301745994385
0.0248483742262548
-0.0422530663303327
-0.121882320187265
-0.111181000395188
-0.144236610199388
-0.0576342777030167
-0.1151363942223
0.0993537188446073
-0.206202878054206
-0.0772037988692975
-0.107658863768405
0.0298582090030441
0.010063970364208
0.0763443653742271
-0.0839493800899386
0.0339797026486062
-0.0722173446991849
-0.0618141677804748
-0.0399300513954584
-0.0367860929446994
-0.178892089313547
0.0281305693990745
0.00461687496851003
0.0695515756603389
-0.0127908563328791
0.0075544687732659
-0.184123118409264
-0.148025443683369
0.0305449591259935
0.0798587277463705
0.0277697416039975
0.0229471410876815
-0.112428420321462
0.0922605341570829
-0.0752950068380737
0.0147081721084769
0.103155982204628
0.0381845006289994
0.171676492708592
-0.0199360062976829
-0.119997479937196
0.0891085113322437
0.156559713086266
0.00724418930335786
-0.131086469022496
0.123033424881108
-0.0141995846849711
0.0881407934220273
-0.0284983148197162
0.0951218652253199
-0.0427959886461245
-0.0305933258730749
0.0695828394397299
-0.0237243642531381
0.0234546266162226
0.0494992249773869
-0.0179246314751424
-0.0197933749413791
0.167589492417673
0.103557902051754
0.0841383391748986
0.0278861180029495
0.0593934736856605
-0.0571950906759079
0.230258041227747
-0.0447214782043835
0.0136615078726876
0.0990340771118874
0.0516249818564909
0.124629777235172
0.0720965567393165
0.159101948547175
0.159770771051429
0.294685767364969
0.0480703134271187
-0.0376115705022094
0.110053361211991
-0.100027626089807
-0.0596114332065133
0.117491372678313
0.00142053829098292
0.193709851276221
0.0471128545286374
0.251175646266218
0.0304083957024048
0.150558707821154
0.0650455911839664
0.0168016519204537
0.0439213203839378
0.233103794482219
0.123464759809108
0.206968911578796
0.192081868392793
0.0688783023139135
0.171278675328059
0.0855150872478517
0.0571629003103212
0.205456825935015
0.133013972736985
0.197550783153962
-0.0559967735268985
0.0902880431856941
0.0491360789934647
0.124484839661018
0.103496255692843
-0.114593027443613
0.00455278170548946
0.129565186848373
0.237394933774215
0.223720042803423
-0.0546702191751162
0.197326029937258
0.142038237179667
0.0902133956899927
0.215466164240952
0.191606427581527
0.240709155555513
0.222572646925526
0.203150125308789
0.195495156013768
0.227540933864657
0.215224169752176
0.189408807977077
0.133034189920768
0.137185289950392
0.297157267226496
0.189908001612187
0.157793009743709
0.215090042709814
0.330974072356066
0.134107066373386
0.181112392336445
0.335080496482177
0.270974301002876
0.0862965753406782
0.315286766359929
0.205901522757761
0.0998120751891338
0.302931555160773
0.219550272688581
0.312736678248561
0.224403920011371
0.132023966831147
0.204170069818228
0.233650361595687
0.12454688544975
0.147229018297347
0.11059791050862
0.237113571364355
0.252019454285252
0.110669520294851
0.330784612498269
0.300539401376077
0.170544025363782
0.253798554686737
0.280173542301027
0.222620447236718
0.199475420655593
0.189204077352195
0.214958973148755
0.350464682743639
0.251251209735249
0.172289945508222
0.249727480624884
0.272783170504508
0.44131949731786
0.369166748252768
0.358501095538581
0.173545202284143
0.272813196202405
0.182210818359985
0.146820295381021
0.293983415904312
0.378963586200978
0.191886599625591
0.150148303124685
0.350105006047529
0.347859841437164
0.241730330035504
0.403990253732935
0.317760994436958
0.445588385539065
0.232611441121872
0.510741228732611
0.343670755331746
0.474532576017992
0.196274613442925
0.350952709637959
0.182209170396578
0.276647511686649
0.393018273429672
0.312652321998322
0.15298872958406
0.345606586743449
0.343320771629958
0.382268458813953
0.349523391395681
0.383369793901315
0.402874102767992
0.29487027046317
0.315655952758235
0.292999477475018
0.438245360840598
0.388210144995864
0.358657860217845
0.333591213390965
0.186687753577581
0.278943510000906
0.328295613748244
0.389267654317818
0.385447249384704
0.437278232659781
0.394926243482688
0.437540202039
0.2900640109771
0.393761570891518
0.414860752529371
0.352838983816519
0.30237873549877
0.363431323356339
0.361787153238876
0.418888172054726
0.342534797095164
0.440988800542224
0.475719856248694
0.472351266109803
0.401699721063616
0.39489267047083
0.36120458821565
0.285055550012023
0.36846666277825
0.486489827500589
0.464583109188421
0.53374650889694
0.331851643430906
0.368308622260091
0.462301345671962
0.424693789428439
0.352235187259441
0.492152108273513
0.477146571885294
0.491645599281322
0.333912366210856
0.268274598249037
0.395859815376086
0.421285191121769
0.310908582361836
0.479979895675373
0.550587790208119
0.361013640391338
0.390485278747904
0.494556591632576
0.351288399691643
0.517668178852897
0.387061846410114
0.515684428458124
0.472860473750854
0.435225917412142
0.428013176111495
0.518039204761708
0.513627691081878
0.52513572995271
0.618290329752841
0.575760085587407
0.57561199306188
0.440003720115947
0.430779562692284
0.563763057342495
0.404440257662707
0.514969101499021
0.545977465149656
0.376263753228902
0.360434058366435
0.475039166919802
0.509023797068266
0.522287373925343
0.516113482846828
0.513809108137034
0.472170598897871
0.533930717513478
0.425597384645848
0.420678921396183
0.670609702560781
0.586810065389561
0.516592528981513
0.396491345613608
0.492272266488346
0.588068072983051
0.500671982929806
0.478150480442325
0.579089480101598
0.621573718799419
0.519551812892346
0.452391053792192
0.562448334273564
0.524279242864724
0.561835270182694
0.525874617487554
0.676715683693557
0.510890554038688
0.490840327753904
0.656665360763769
0.519022276719612
0.664502953615462
0.44817177566552
0.71772299905285
0.589674539532373
0.709983271796953
0.490504953391204
0.549037893765688
0.657667578464392
0.565244969534037
0.44973386564954
0.559925674578574
0.623750735919066
0.469971998079635
0.371703611036018
0.465957562260133
0.492020048133495
0.543871441751119
0.667446310850262
0.56506085248144
0.608236098168933
0.546795015076912
0.633442766228093
0.731136776493973
0.60564140270975
0.540321669759837
0.528064631991253
0.527977108651584
0.659078873310884
0.613913231014254
0.671134717320417
0.656655103018901
0.673425916009789
0.683521913789957
0.553999564458521
0.682466625788848
0.53579624465604
0.674123687215287
0.73447784968964
0.622511497842069
0.692664885203347
0.640672686264715
0.775540877701922
0.599166421961076
0.497630489416642
0.578018149995103
0.480748195184154
0.782747733133507
0.578733475438262
0.544862662175073
0.541313328121521
0.550379720918829
0.62883435459305
0.677726467712073
0.543001814675449
0.654223857033496
0.529560874292652
0.671329299749031
0.624149354367171
0.632453441279672
0.782829163717027
0.614757622891223
0.598665086295158
0.711969290287406
0.673527451230193
0.675173944188116
0.656501249160009
0.652364224954035
0.617762188101116
0.700095557123029
0.753595041116512
0.803417700274582
0.724601686128394
0.698530913882319
0.758662960744906
0.707440086279517
0.537692269393907
0.66800296477332
0.745859334129019
0.647693390082514
0.71572929371812
0.862912662161049
0.84677940492142
0.736090555194778
0.659602182637291
0.757756499855448
0.853942141000408
0.73065515197157
0.733236521691841
0.633182074181434
0.605433436525454
0.707728582435756
0.914040577424887
0.765302321965877
0.646675070355502
0.706516660933069
0.841158382896676
0.710924192322236
0.712407192258803
0.805211809737225
0.809861261685995
0.818941273109446
0.845417745528251
0.768076538926276
0.800718179998499
0.855372311834174
0.729117756036043
0.895768263595393
0.713284832606855
0.834529141994703
0.834765608544716
0.823495481016421
0.673843348356098
0.802450659449904
0.653683848555977
0.847934338456048
0.604367833738333
0.861923274616153
0.878272437125586
0.841483934963824
0.781122639259226
0.865727269369222
0.698380731664479
0.761012163806798
0.928467243678342
0.749544347751867
0.667463374886898
0.848596433542365
0.722610393955591
0.790728386636086
0.880901773581059
0.950220850062918
0.806400559985785
0.676762109261037
0.825085119601889
0.717971284165493
0.782760737011153
0.774396792399647
0.72017045322769
0.834906680514151
1.00429802413852
0.813553268604943
0.790276301689952
0.919776236429264
0.824435892278226
0.815969904969072
0.722781654699083
1.04766860606702
0.765750559788672
0.873279052766637
0.890160888540445
0.806821276048066
0.839842314375883
1.00379334982476
0.848594565975614
0.97554878914474
0.821262902927783
0.898687805548954
0.830735442285715
0.833383740791767
0.791328342507953
0.835688103074763
0.783997892144412
0.955863683484523
0.852804256228421
0.816558210515707
0.871939107561614
0.986081372483933
0.897104020260083
0.875033350610003
0.944734052638473
0.846575821474302
1.02666905525447
0.858195138825135
0.934620691474558
0.911546481843712
0.826063900971891
0.868412762343683
0.855081562328399
0.886190719131434
0.899855980545768
0.919472839972638
1.03430557355167
0.852362186485808
0.921696782233762
0.964536044119024
0.996319030144046
0.89226259650601
0.998382449244691
0.911289744393097
0.915850447814864
0.957069394625354
0.917694046340724
1.02355683199529
0.876978309404892
0.904029797191933
1.00614216631144
0.849275370320429
1.04409968305421
0.914072927143956
0.984413018957154
0.922277730998465
1.02189471251944
0.913798713307437
0.966695156893923
0.93992427600107
0.946339532702408
0.743549412183509
1.09906985954765
0.947867030700626
0.889541654722834
0.88756851989976
0.972813727261587
0.947506448584026
0.966851628851957
0.909144073258702
0.926753020316101
0.897360724398801
0.921894040792643
0.99384611161902
1.08033759103623
0.954036233238209
1.03749378184261
0.888893192081417
1.00175766967969
0.931698433677638
