0.0511092318039834
-1.04894656744573
-0.987914978529422
-1.02471104779376
-1.0854428908898
-0.92911970121473
-1.16069944716856
-0.925322946234537
-1.04656881979464
-1.04843875138374
-1.10548829367686
-0.939337201712046
-1.05051793542111
-0.978692375442493
-1.13644816289153
-0.950862254504412
-1.00237894681033
-0.906921883013789
-0.929116579074157
-0.906594544359309
-0.902958631986807
-0.967122144083841
-1.02430130178797
-0.975963473940765
-1.00076477785075
-0.972353957820806
-0.911808487547926
-0.854684495980208
-0.92555652692291
-1.02897928647254
-0.952395408449103
-0.897455468061439
-0.972011770603773
-1.14015117062393
-1.0137868561991
-0.854589586896705
-1.04699201421559
-0.874734878680122
-0.774011905815073
-0.835355591792716
-0.91467417561084
-0.914196994535946
-0.863365346929923
-0.785384989553642
-1.1110168257283
-0.859926282508881
-0.947612873466304
-0.836310796352545
-0.961016107853303
-0.728365771430596
-0.942246939682368
-0.754620697161777
-0.999256255221331
-0.894370929503178
-0.921152991741006
-0.858091818796241
-0.940322406907549
-0.807061291816266
-0.836786481362296
-0.927354225611322
-0.848816539011878
-0.861869570700996
-0.877851571124924
-1.02411437263763
-0.960869866826723
-0.95970193451251
-0.991901670747093
-0.928532688422547
-0.946951641292248
-0.792694707953835
-0.703920384326984
-0.846950063097915
-0.88818607886777
-0.862706092879912
-0.791552197451404
-0.988086359528773
-0.713115670301795
-0.867483598706391
-0.743103553697177
-0.812853750354837
-0.778356006174154
-1.08924784707432
-0.849077699521641
-0.725748969598893
-0.880770014435319
-0.763779885508461
-0.817617053660217
-0.794890507586753
-0.865768928616332
-0.87987678087735
-1.02740506808775
-0.827759820181692
-0.680806832688614
-0.857095503412932
-0.707233675654115
-0.86392817565462
-0.745296839722867
-0.879736376205122
-0.73278114215436
-0.937944821611161
-0.685540067125913
-0.791027174775388
-0.789014653923113
-0.626977123962738
-0.727912684781829
-0.691255161979166
-0.65236452095919
-0.811006062431322
-0.93257270977791
-0.801978460891668
-0.764716087924195
-0.821577926955475
-0.727236770339685
-0.639525837057476
-0.691427037656837
-0.91620657893796
-0.710944849210986
-0.739102428511651
-0.685077475943048
-0.814094660484784
-0.775892824091576
-0.740694260321505
-0.746904969546065
-0.821522582042876
-0.821710735197186
-0.755620342406697
-0.775618477654396
-0.728968735272959
-0.661908153340215
-0.873758188178157
-0.806094690599593
-0.778732826716394
-0.690808207433631
-0.653732467048017
-0.71983665490025
-0.66260505971479
-0.759002316414162
-0.805248038457413
-0.661034302597982
-0.689447296196601
-0.703729719262714
-0.958828950048428
-0.748626363862683
-0.796971702859614
-0.629496799747684
-0.806836689798783
-0.745054592441631
-0.7190194362278
-0.773411420977646
-0.674355611788893
-0.727180490809988
-0.876030316643841
-0.632225145364392
-0.666385434084089
-0.525947957312054
-0.706802096389479
-0.654668631677619
-0.694957772486472
-0.623634828603002
-0.685269137429272
-0.757737512142243
-0.512983368555179
-0.661938389977634
-0.72243141609883
-0.773032177999707
-0.611447961962197
-0.736648860854905
-0.667896599863895
-0.534925804394925
-0.600698224488299
-0.5105235425527
-0.773245956421953
-0.767085150045118
-0.702580235858097
-0.703868963001746
-0.630167119696542
-0.643732083370226
-0.820075747014411
-0.588069468965858
-0.789446236203048
-0.616506720142429
-0.522757777996294
-0.654929347999566
-0.661566031428858
-0.613284817175643
-0.441721789784728
-0.715833312165799
-0.687026476289983
-0.562703365720028
-0.63573314870649
-0.631532452959974
-0.560987219384812
-0.578911656454601
-0.653820371658551
-0.628563937254101
-0.665159215594688
-0.697875410795859
-0.608576850862509
-0.698314679810068
-0.63282836182122
-0.484051372642772
-0.426777914520606
-0.591109942897671
-0.60867005908134
-0.73065153260882
-0.57013517187266
-0.355895429539987
-0.712291469839685
-0.629828480672068
-0.426250257986674
-0.515322085974026
-0.455339201158184
-0.530002037299271
-0.521913837921564
-0.677847948111874
-0.649364568079156
-0.645927140536458
-0.46955433493104
-0.540262508481931
-0.444212225814708
-0.533759572082478
-0.551735333935627
-0.523593592450896
-0.575809968665107
-0.59134753684916
-0.565031096540585
-0.494111624167705
-0.551731101093747
-0.643460820884478
-0.56847851217388
-0.472446549890688
-0.649435755020994
-0.559235978454742
-0.389947534033691
-0.576502245468999
-0.617762855976687
-0.514634268294157
-0.473425304456954
-0.584595815430773
-0.470813764789295
-0.37259039618625
-0.477972220278596
-0.435656377209377
-0.495294017818833
-0.365564745709952
-0.559024293325303
-0.370273276459306
-0.538247120413574
-0.52846807088487
-0.557605088826173
-0.455445924841907
-0.49471470549004
-0.406533390587726
-0.446772581259659
-0.507188528831903
-0.563139921304818
-0.460643636701444
-0.414634049752086
-0.544273506590865
-0.449459216991444
-0.508942064512795
-0.566591613656101
-0.451530200685501
-0.409208318151367
-0.402679666408822
-0.590038686894457
-0.381923034766458
-0.413511475325915
-0.453055480597447
-0.548532173516871
-0.612408022422614
-0.471666831792848
-0.535994210132761
-0.511404771672326
-0.500148512748924
-0.274978758333821
-0.492236778302232
-0.41246443518164
-0.485946274038464
-0.534816895229628
-0.340443494458008
-0.52723820693528
-0.444665062032814
-0.331171269746963
-0.453181839284003
-0.530089985385156
-0.406673816153082
-0.412582779912619
-0.338670136434272
-0.302300037435345
-0.438776789894662
-0.439925900071243
-0.44129156709429
-0.494902966571796
-0.471202564129025
-0.464984503287161
-0.26036716674257
-0.436728324313184
-0.42642780724454
-0.380453577663467
-0.424940781744297
-0.394049083082712
-0.555122244145899
-0.418325229280608
-0.376582167901474
-0.490610660539243
-0.410623604438029
-0.464319112913433
-0.397824013960066
-0.299827942208257
-0.351481555436612
-0.380970656958104
-0.195813510383433
-0.434657957526214
-0.40876759888182
-0.281314328380273
-0.272238286437158
-0.28071633464682
-0.38634963861715
-0.376955947417618
-0.44104244407488
-0.414815797400058
-0.265410737689509
-0.452550384420805
-0.368076295925004
-0.446914740209981
-0.408183906505945
-0.254802686940416
-0.178420148788672
-0.365351258562259
-0.231194217024291
-0.50790283911854
-0.271314008990974
-0.42759835611293
-0.378922555069891
-0.317306532082007
-0.360706178295207
-0.301741442745819
-0.227465426036497
-0.40891468044706
-0.448979417882055
-0.0684328111763243
-0.229624080259412
-0.228958208162902
-0.417580575708876
-0.183359089417828
-0.307794876418195
-0.221416239935666
-0.212404589168153
-0.324739428665075
-0.2089904894563
-0.352452724488844
-0.241566122611647
-0.252805627145813
-0.278594918576705
-0.259728638030925
-0.210734369591236
-0.145682708191533
-0.224823645744525
-0.40391019159755
-0.418122771656564
-0.316488793820836
-0.309155613464884
-0.196353968836696
-0.24561900305684
-0.333975108790437
-0.251734208691005
-0.374073646388033
-0.246398593334055
-0.338340194292266
-0.0589590899458415
-0.274801947254118
-0.318244164844773
-0.217451394051923
-0.305855938197046
-0.2335807126715
-0.163649827643164
-0.326979019041709
-0.324854920699031
-0.308757786772716
-0.194817744757116
-0.259602933652626
-0.25883241011283
-0.219881780341681
-0.0960404730941753
-0.281698927120016
-0.230757386951655
-0.210726089291664
-0.111499089611216
-0.281884277463755
-0.127141277247087
-0.198732968346282
-0.243352691764107
-0.0423674451798673
-0.235065521323547
-0.0765612683502809
-0.191967726348966
-0.260725880571536
-0.253387004572815
-0.315427552213573
-0.103876770221548
-0.235315552954923
-0.264610340630577
-0.267986428378112
-0.27088314374077
-0.254896068140126
-0.284252651053031
-0.2128282221887
-0.244877094766682
-0.035592949646312
-0.128957695790456
-0.197746362252816
-0.301701464586228
-0.192764916175313
-0.174515660898067
-0.0743113415873248
0.0294345841511579
-0.130718083328079
-0.164889629814134
0.061023883493028
-0.0865681158215227
-0.0934353532110313
-0.321664506068859
-0.127355104144047
-0.0984690853976508
-0.128687389154503
-0.142960709342004
-0.148222307879862
-0.100698448691085
-0.144701631234623
-0.269328615447024
-0.074549121317589
-0.0883535235704559
-0.181462219849081
-0.134604771004705
-0.149489812944493
-0.252098443932085
-0.137546754983018
-0.25381913752678
-0.0430748543031413
-0.237252138066932
-0.193808931468782
-0.207113333987416
-0.184411411578387
0.0157943070150349
-0.185119151562117
-0.122813443246128
-0.146600748021792
-0.195797250317509
-0.200812148957117
-0.0417500117621514
-0.169543318058252
-0.114366010797997
-0.11916164602359
-0.234103721112195
-0.0322052353798557
-0.0995159011473482
-0.0484997925100235
0.178450794512713
0.0467351097664285
-0.249816100602472
-0.0395386240462465
0.0734202844989917
-0.0610332948935937
-0.0327241933842375
-0.146086592365985
-0.045693622943965
-0.223905616159918
-0.143065516825422
0.0485612872605354
0.0208397003452462
0.0263223962039651
-0.129464567745557
-0.118252121015542
0.0522399691207873
0.0170757859375941
-0.0781959645251963
-0.0348993912503132
-0.174584530832089
-0.179729980627252
-0.0174739917496134
0.0663384823839501
0.0503665931264449
-0.0465502366409437
-0.139010842012423
-0.0463382054048372
0.028832231878054
0.00705080226803419
-0.0761429660978124
0.0336420074199303
0.126473573704091
-0.0267306783795998
-0.0551983853082415
-0.0575071032934505
0.040386191002169
-0.111070492136153
0.0752162660872906
-0.0330159512274926
-0.18004954729045
-0.149216076428103
0.0134040806271475
-0.0146145653624998
0.134195242497868
0.159669571757418
-0.0430634778910295
0.0944918312899276
-0.012254713537087
0.0160065373025363
0.0289745203439527
0.134262073635281
0.0459250747361947
-0.0441243225185415
0.0298106117458047
-0.105902380733752
-0.0912221118301
-0.0249638916699703
0.136570752838172
-0.00837666992806989
0.0177807326191732
0.135902376600399
-0.14018535039716
0.0419744226710287
0.208906680142737
-0.0492856422663283
-0.018882035621675
0.0910886351597916
0.0236852677625828
0.0660248253832342
0.218531904919322
-0.0824104645194539
0.10370403890592
0.208531100778789
-0.0631055620467752
0.0501628090917981
0.281165615973733
0.210799643343596
0.086625717789725
0.0213365654219387
0.0284600365173043
0.139532611327483
-0.0980980913559639
0.0518433089074496
0.0771439775415901
-0.00878535418470945
-0.0457594827913815
0.104885640787122
0.0339357447446463
0.0287559462062264
-0.0434052975168942
0.0532226631778846
0.0492333379865773
0.205349207359028
0.263534538246214
-0.00713205559551957
0.235608067118758
0.0814194304618941
0.0260283939766432
-0.00172755155359187
0.0722090345594239
0.154050832289738
0.173322172628017
0.135910189973436
0.0489616962278445
-0.0599314741146312
-0.00864012196586381
0.125792907187159
0.175863865237708
0.0160846436468656
0.141922934166101
0.0888865191492561
0.177205429293738
0.237633969171114
-0.0405529786165144
0.230461734656983
0.121964057276028
0.235099606543964
0.0110701575160323
0.216267407781474
0.171588834702884
0.090915341721356
0.108881902027147
0.12869087334927
0.11475393114094
0.0476642768691512
0.159497768786301
0.302956967405419
0.13439235645652
0.292707323291471
0.200867556596468
0.0540781865213301
0.17990133940912
0.192835643621821
0.0438848511667603
0.0324516726116781
0.218020268583712
0.267760662230051
0.33660634574269
0.0849415365776198
0.149647200798214
0.0768817914770496
0.136519385708142
0.0530204574297087
0.143489787015462
0.136535144388941
0.15329106180634
0.197306467999487
0.0931444049166559
0.234640087785712
0.328638072669192
0.251781597833647
0.190255723300296
0.0577106571019084
0.1789550832394
0.171652812811122
0.264198875452539
0.0973364397053648
0.333133648632587
0.256422978930827
0.308104623156628
0.143525801916056
0.0384448733546072
0.327932266005876
0.147811038004256
0.200311240402343
0.33167432675687
0.314949296286725
0.201024045396855
0.219994386569957
0.346288807242985
0.195026455458386
0.104078253025444
0.232806670668563
0.231604272430701
0.194906549187297
0.235544230344052
0.143192939947321
0.265865358059013
0.363626310469973
0.260546201614855
0.31525407222181
0.294096063468158
0.331746872253885
0.142383390170285
0.28501225590368
0.223287815054336
0.190065978467628
0.300599943200046
0.156276693432002
0.159785549174781
0.337212031583916
0.445869513793781
0.35833085720914
0.333905195670599
0.291721193509328
0.354402897515749
0.182487841898749
0.345833380878404
0.476349702482335
0.271119932719024
0.24031012389539
0.440456544533074
0.232877231355174
0.316793469884229
0.255799810964091
0.229690336984622
0.30001536950125
0.309804776326974
0.276386456618447
0.365409312415917
0.384063435897821
0.237592903397185
0.355662352790185
0.381032356826714
0.253934257792756
0.40363423772544
0.354765992860829
0.332738264465801
0.28076427758236
0.385353506729019
0.337162856648069
0.328289266856991
0.432862612611703
0.319711617346319
0.401263575577842
0.349739314088146
0.421239906356369
0.472692159665472
0.35467930436728
0.283472338030952
0.470980773045217
0.372277968411894
0.502870303331692
0.446564089341942
0.292315795608996
0.339177234492416
0.414036154293292
0.381452487599566
0.488362675430831
0.38857024033663
0.346094530574135
0.231693898352022
0.348691133284099
0.46796501879081
0.298092172557709
0.457689661711378
0.46125016257141
0.363618164528009
0.438692246359567
0.430386005677012
0.501584065828611
0.328844006698785
0.456227260127883
0.328831221248794
0.406771965128893
0.373016415856831
0.528490651153483
0.519513119918703
0.438502683682986
0.381851798050683
0.478061795021328
0.341505394685583
0.519286851894112
0.564215922904265
0.567588956310758
0.394937983512452
0.397478282518015
0.332005727547668
0.618267368530257
0.459955789177746
0.40173361712303
0.483494348764781
0.489677709826022
0.528262497865226
0.475704518785427
0.405238733892695
0.37051420638365
0.527674229183375
0.49068165866392
0.496344944034473
0.408389343142638
0.403849720250888
0.553313186210101
0.365918746167085
0.433200513756564
0.561297408868377
0.567396038976931
0.574655836138293
0.47998702289439
0.526359587287052
0.427187639704194
0.535832522671496
0.522397386615282
0.469761175345226
0.461729659630403
0.510331721820674
0.678110329990671
0.524907093769057
0.656324768517969
0.491298598675061
0.560939501476769
0.53539823305925
0.537081958876596
0.476562415231308
0.449053200154698
0.501486503116418
0.251543963710668
0.716878771250699
0.628837001405227
0.507522246839291
0.513598200231041
0.487261379565755
0.609117044672033
0.714748469094448
0.523832752532323
0.697120663260311
0.567351534702167
0.571289988446094
0.543403736742794
0.536619776797818
0.596270965460104
0.552120766799144
0.472603125495283
0.468079927684205
0.396678594886633
0.644460136356417
0.600399684517155
0.648692333103496
0.516625140881423
0.526870953856587
0.505034307912992
0.577582353662726
0.525736468371673
0.557810409233666
0.551967380820743
0.482159293174437
0.525879433768615
0.589316750991134
0.578302049504291
0.59057938444569
0.509700961102929
0.623409771816598
0.540964691172311
0.682867537903013
0.661417718431181
0.603747029769443
0.640174837919657
0.585527160247349
0.679268618824524
0.493234864268546
0.519180577683484
0.565435009499533
0.638532947689932
0.60800768131178
0.678720283111448
0.774254270765015
0.621098665733188
0.625008773298043
0.674610004160799
0.632709189524802
0.541281592629279
0.699860000967007
0.572799704568765
0.663917789017703
0.674873847383125
0.675622545195797
0.605718170573876
0.529618088356896
0.668110739480945
0.694323512870599
0.765536745034955
0.666835802514771
0.709628525215381
0.681289092443935
0.694646373610968
0.562066635982181
0.683805508005226
0.680671452186483
0.69082439578353
0.672789803579295
0.643378936764997
0.574059923531487
0.656104580508802
0.629643302016826
0.510567769311266
0.665123958433597
0.643135727505709
0.637658243058835
0.646381787042648
0.599010867147674
0.609302145782179
0.707247579328747
0.606259158191187
0.728332598369065
0.691371572139836
0.844488363209972
0.714543951179623
0.854828936363194
0.807844802821867
0.812872066066054
0.6934054605195
0.776680547369251
0.793970092047367
0.690933380557315
0.830110909106036
0.793576413372793
0.700328225554712
0.700096001462244
0.729991940407544
0.670337477451454
0.682386539636793
0.722770855832742
0.772004890821293
0.643030840718499
0.643376473702231
0.751578399108994
0.734122004410815
0.725102181155701
0.84504202329422
0.682201730309738
0.757799581224479
0.720810981643699
0.758753675125515
0.660010639008324
0.876571347448718
0.600178290235148
0.71430821504399
0.847664249648248
0.773397007783678
0.72872432313581
0.741297792484326
0.882771046915993
0.77779433444796
0.831649697359048
0.844349474459315
0.883668863954822
0.805550835017899
0.736501554805004
0.735141343767289
0.809886209709635
0.797475340073621
0.604151204091845
0.843438715176579
0.903142161841404
0.71764605607014
0.75489696510296
0.664290065701193
0.706955020755896
0.934436737171134
0.742648605489829
0.944173134703388
0.726806108923882
0.925959142964963
0.694814119936862
0.684797615779884
0.887167735110141
0.649722302068087
0.843840528944709
1.05525251738595
0.699906681933678
0.930235537475331
0.766160974384834
0.798067539226409
0.681341009237461
0.894327617618103
0.911556914564483
0.881991550585248
0.914536041285516
0.894258246831057
0.952215144596307
0.777093729383046
0.803492734722776
0.910705745303347
0.942644416048637
0.879481953728688
0.99465101319149
0.936690329832216
0.818280739169752
0.952614539893938
0.937968658797831
0.952891706644658
0.819601413530673
0.855517133406142
0.998845769336829
0.833409152334161
0.810276737137777
0.872390213830309
1.01719181842313
0.882617308974019
0.946887716406735
0.966467567885265
1.03235904472838
1.05197746276043
0.893446998140354
0.967959761225399
0.91305995925376
0.915785844907499
0.742379722135272
0.807059201123458
0.843942123843645
0.978793395894913
0.951517135288526
1.0565628108603
0.927206918235123
0.897329719047903
1.00766461305218
0.885831699306933
0.954798306389989
0.797148519528459
0.769005712537664
0.822681266978108
0.98090821551556
0.93290917814505
0.875336618244073
1.03801758076372
1.02866440515134
0.953089986027316
1.01111500729157
0.998473744574387
0.880342781627624
1.09275664201456
0.958295623484019
0.9438611596414
0.927527805152101
1.01304514992082
0.952536257258162
0.90039218864998
1.09006240321205
1.02045384824137
1.06364234503245
1.05383215367011
1.15190693953758
0.994461658972513
0.910272915899359
1.02102542582301
1.04785955799309
1.16866675915313
1.12053654885201
0.991973617471046
1.05088338473648
1.05994707668094
1.06101719643836
