0.00298026230256201
-0.921603240314853
-0.985838569745122
-1.05056303052275
-0.989971229875673
-0.966624377622807
-1.05631131567957
-0.99498087515476
-0.996021481981342
-0.824416064396701
-0.867147042397883
-0.913044973101527
-1.05478346964429
-0.903310308381428
-0.976270021115848
-0.974937917763075
-1.00892317345377
-1.15953892014814
-1.04926585137606
-0.875754783706705
-0.850038934758125
-0.941494025429634
-0.91595659013638
-0.82521703825754
-0.936252010911159
-1.01157142082394
-1.0228829231255
-0.891797743695966
-0.998237414681034
-1.02626710481447
-0.918170622978717
-0.942904851649198
-0.936139571226179
-0.983700143917523
-0.863270372393905
-0.92242977454813
-0.827754779910917
-0.930417554896301
-0.890715979927746
-0.868867026025445
-0.865285626885613
-0.8603567903283
-0.834228137881953
-0.977485500186726
-0.753421198081089
-0.798907006975239
-0.89960329901848
-0.992387275558406
-0.956204193859182
-0.912344457790888
-0.977721411309721
-0.941834690064351
-0.903102148742671
-0.963436505246531
-0.804173972555513
-0.887925794962021
-0.817855646270773
-0.94380338826354
-0.771531083199819
-0.785135253176392
-1.05617595121796
-0.790717636408956
-0.885417543933716
-1.00251021284272
-0.749867280157098
-0.793146520432995
-0.907249726773272
-0.893720218490154
-0.788521180423352
-0.806598416181928
-0.851776855945059
-0.8608114601066
-0.802267079517801
-0.903050932216436
-0.919846191267582
-0.845750119209417
-0.937104506002389
-0.919147930370414
-0.681501602583688
-0.801185462455697
-0.831496926323955
-0.805307833768383
-0.876173873627435
-0.751610965311179
-0.895059265471962
-0.918492686350287
-0.748116415103142
-1.00343358953704
-0.706184798000863
-0.787426389443695
-0.687066657808049
-0.780656444774481
-0.789842252043161
-0.804466847384367
-0.79030366123381
-0.877486564425732
-0.922029958538399
-0.89104125026067
-0.87658105359354
-0.828878578934949
-0.827791895648893
-0.747710213732124
-0.818733906917508
-0.712613196483238
-0.659165005051316
-0.645623441194096
-0.78138568611359
-0.836870014850176
-0.764736929643922
-0.668786451975678
-0.70440324625442
-0.799176663714447
-0.789237002911999
-0.695488238862785
-0.823032327612109
-0.752504363550477
-0.743947675083538
-0.675697913661138
-0.703180759908666
-0.661127523798859
-0.931453201999228
-0.807535986925302
-0.844112840258752
-0.69856517850295
-0.713003214272422
-0.735532128546225
-0.650418392079685
-0.83215015830614
-0.809828225478572
-0.855342313190061
-0.745491873035208
-0.665816694952464
-0.758757469947236
-0.730308600576762
-0.85228350426227
-0.732788857203535
-0.691236235665754
-0.574609591411544
-0.586739933637279
-0.627671108157438
-0.687021893210274
-0.738997876896486
-0.844816087594076
-0.883201889497193
-0.811576549777116
-0.537390408662617
-0.680409095062146
-0.630924674053086
-0.64245764440657
-0.638383653137107
-0.664185331199128
-0.647201847203358
-0.731745441009571
-0.644806104631719
-0.709759051395219
-0.677461628355485
-0.666849971840476
-0.750981764656954
-0.649333899903444
-0.618319370251914
-0.628332168812234
-0.796236462485511
-0.7617074208267
-0.648835506178674
-0.671344639926189
-0.675739776574921
-0.68235565694839
-0.655768779440097
-0.575987244165862
-0.674170290553935
-0.697235986855713
-0.597595207834632
-0.706528614722019
-0.55037881777173
-0.495220843708792
-0.71228150093113
-0.714617240594627
-0.5497487850306
-0.807743955255994
-0.654594828361353
-0.687927325788606
-0.622102416735553
-0.476709635530001
-0.592059125907001
-0.716830261056242
-0.5727407437131
-0.566356672629271
-0.596772329179447
-0.561518840644214
-0.715487604502874
-0.737627492868411
-0.7169152311136
-0.434043161394755
-0.561775643538318
-0.607160293120883
-0.505651569661302
-0.655312033309273
-0.520653953255855
-0.567734291373617
-0.775554820450664
-0.830886934563488
-0.639318627255171
-0.551434515749677
-0.695841660091348
-0.707430636301648
-0.600783095690263
-0.60855202679521
-0.536283921090348
-0.701398894847096
-0.566505101082603
-0.610685255107026
-0.551544903527872
-0.600732849325426
-0.622805839378309
-0.497051483888796
-0.532021491451013
-0.670205132352386
-0.466033604033783
-0.585699608962351
-0.507006069782936
-0.776888429825265
-0.545870971941629
-0.472041867024171
-0.559534238204016
-0.593501472599152
-0.626021041574831
-0.459075933418906
-0.478061148740809
-0.653732094452675
-0.556200759047889
-0.619150728599493
-0.619569923662865
-0.51091174744912
-0.619876418227969
-0.512838995827442
-0.537184942259159
-0.436924969510063
-0.408450579052536
-0.550354972056437
-0.358820184022235
-0.541245021350027
-0.378481003964658
-0.631449489486931
-0.574137013737505
-0.47381895625098
-0.470920770446878
-0.518961468689877
-0.545771650677903
-0.45696919342301
-0.501744164600826
-0.479678263753228
-0.602281464743711
-0.400789146603698
-0.481300236379078
-0.661881225298
-0.587253611372726
-0.475625486383535
-0.555620114526376
-0.5127555807391
-0.401159783613857
-0.522016875361334
-0.489572802613327
-0.578886649911698
-0.330322081875939
-0.475442322158077
-0.384002801216341
-0.36706108496171
-0.308425139866097
-0.478078303697181
-0.388054197430477
-0.405595289548632
-0.395696126505943
-0.369033361476506
-0.469841322107108
-0.513854435644613
-0.416569712594458
-0.428504603647704
-0.590985057026672
-0.492130274305249
-0.506141636024614
-0.413740133356878
-0.564826444583753
-0.609819888839828
-0.477585795819
-0.337016658658266
-0.424897144549327
-0.251854379540765
-0.546900397480631
-0.497352802866525
-0.46822533105967
-0.342546159239741
-0.487130641066364
-0.288886068782709
-0.504984539291674
-0.359160627741166
-0.372162483746587
-0.309188720674386
-0.426201537714508
-0.551180749197364
-0.398901326756552
-0.487507430188267
-0.404020443401782
-0.434632943239227
-0.538565045453587
-0.3605044688247
-0.387027281259573
-0.270786241348221
-0.465326784447253
-0.280029696004994
-0.508530790105307
-0.40851185635551
-0.323805893869124
-0.352136943819011
-0.310566156130587
-0.236156951359927
-0.39901120206838
-0.371266831678771
-0.35161795941355
-0.197967111802169
-0.345210269988928
-0.289664848149501
-0.365774592715414
-0.53267953173208
-0.533664300230312
-0.322200562717806
-0.254626995364513
-0.257282966778775
-0.432535564524863
-0.191271256345099
-0.328986036431808
-0.242764922150448
-0.212444727413563
-0.370572509320435
-0.382018536218211
-0.361576110121258
-0.339508083845413
-0.331401515166942
-0.370730907038435
-0.366993649887698
-0.187094250312406
-0.472999805310354
-0.178979592945686
-0.362877604541601
-0.117024300621716
-0.41130240634075
-0.21297910715237
-0.213909211323242
-0.257428671773358
-0.257191812925074
-0.341002317323912
-0.372844014506471
-0.193776347465869
-0.257933383828693
-0.272381889771022
-0.171450724784739
-0.370162037844182
-0.27684718431381
-0.257016158033067
-0.264448254413417
-0.350809176180224
-0.276579364647571
-0.379705596803903
-0.299760606339007
-0.376056867897876
-0.191887574719464
-0.234806083118391
-0.241594987321055
-0.221927829222603
-0.146790289614604
-0.298973798304044
-0.395522582014202
-0.264295925394906
-0.226746352007703
-0.23678584217426
-0.199426234233583
-0.275126558926475
-0.10165955786568
-0.36662587673956
-0.0427293303715055
-0.297954916032826
-0.262499456025895
-0.172033517144333
-0.123712800756099
-0.30882939885018
-0.355334950660412
-0.337733463874925
-0.215115904093564
-0.280568811961328
-0.221739845522723
-0.157868443922731
-0.201514456005943
-0.221386140043252
-0.062773293622582
-0.269543710670574
-0.349323106998331
-0.118776367411153
-0.24243856408331
-0.239371340659769
-0.232124234522754
-0.286416251606468
-0.405476822737799
-0.164158192818061
-0.167563468066084
-0.149756798691715
-0.0952458208918193
-0.264483997235783
-0.224794395639297
-0.0619977576984669
-0.179514208618488
-0.160098718030323
-0.0544965260675121
-0.26526874963224
-0.247218308602346
-0.12874943315236
-0.27166857908182
-0.179172405178635
-0.101350688587748
-0.209006258019062
-0.119851664722305
-0.320123621727011
-0.0491365978003024
-0.182856757404731
-0.207788415818079
-0.187547886793243
-0.11129756556475
-0.115906952067974
-0.162581224118392
-0.198614015424384
-0.144947967941382
-0.0287256683201203
-0.0990661792044237
-0.216414814822533
0.0178499147981979
-0.222191695020148
-0.0302158822182008
-0.127359425100749
-0.117731691345405
-0.162544066761058
-0.134932764906593
-0.307633624305187
-0.146771122739577
-0.329957045468508
-0.134293460504548
-0.0755063400829448
-0.112031444688065
-0.0685653884364326
-0.242329102424609
-0.201819405470249
-0.1535632762609
0.0676468326011419
-0.087424655416112
-0.143234876154525
-0.152373673794464
-0.102241876330872
0.036213138543715
-0.0890163815425325
-0.0411825945265863
-0.102673591149526
-0.0517892454242108
-0.0504525607322066
-0.084753102412588
-0.147869986106588
-0.0727042225363174
-0.0947898102920976
-0.0630131070173252
-0.160438386866823
-0.0115032169677874
0.0463582900613028
0.00832789786250933
-0.0509224057356605
-0.120690864502638
-0.133098906040275
-0.0449972047576584
-0.021701013602138
-0.0941868834266297
-0.212592900827126
-0.126155505284188
-0.125253903824719
-0.176349922824633
0.0859733688030384
0.0931342814903001
-0.148466571026841
-0.0710726662807969
-0.116306226904562
0.0324161195592317
0.0147461287627998
-0.0524032734016709
-0.0269278150140584
0.00665072747077792
-0.0161225081706786
0.00269761270161656
-0.102750599780304
-0.0702458378233876
0.105278714648124
0.0360474459906776
0.167024191872607
-0.11837042723362
0.0676721745080784
-0.138473889933339
-0.132941904773041
0.178510622956171
-0.0603386300846766
0.0505931204120131
-0.0726352090106856
0.0170618413967043
-0.0752865888449642
0.0898621568705174
-0.105175736438614
0.0489697577981093
0.0532819666284832
-0.0586282415090593
0.106769873131229
-0.0802667165889251
-0.0197491911209341
0.094723205250993
0.0177345074554778
0.0955524181495655
0.0378510150381301
-0.0357054021138102
0.0138413223958149
0.0297163432729673
0.0331324633174608
0.0381415795139498
-0.0340312637715206
0.0686341944765332
0.0693509516864834
-0.0377822432845546
0.256534322367164
-0.00888899712899552
0.154137423917427
-0.0204865421752136
0.126531249439523
0.0688675113636627
0.0412172128307715
0.166496019734328
0.171933820425945
0.0968583851669076
0.0981985330478947
0.160444626058471
0.0167975141218878
0.211429809378799
0.0846586476118163
-0.0253301662389507
0.173564630987994
0.285329698594191
-0.0974927385486658
-0.0511758976819495
0.188394405956172
0.0159410599580946
0.0587471246018997
0.180788224594892
0.15714784386567
0.0256346328424504
0.0313318530930802
0.0406802030075785
0.126248992929949
0.159413025754655
0.0989762135436806
0.0897438182113663
0.241400246830335
-0.00705489029113574
0.0544669031832169
0.270504332051916
0.287227826222224
0.00506668253719406
0.253736261414706
0.0938505312333232
0.0641902817339075
0.0930018860219371
0.152272232879105
0.0819069845549794
0.095861962872012
0.123634627665078
0.113780394987631
-0.056811659586666
0.0712917954183953
0.0839904861000615
0.148889950336321
0.146631135111536
0.117579294807026
0.340419909445755
0.206518668870145
0.186955552031301
0.220105177091658
0.0511787734656119
0.096100341438582
0.140792345626333
0.170649511462372
0.32398197180636
0.150310108292133
0.121383321237265
0.186149830158608
0.124600736001384
0.223892179656594
0.252687716517163
0.202438554328522
0.169934181494921
0.203117486664737
0.178488579851731
0.24129220303618
0.176860670661009
0.226631088965481
0.210160580419289
0.302578369939457
0.184158252590201
0.107055327340934
0.202383291399785
0.118180259277624
0.222702596039682
0.238493366413578
0.281009153682712
0.247993952592865
0.0575366617498044
0.360281628492873
0.214135400605865
0.289199922078284
0.286329167346623
0.178443066884347
0.237299624915351
0.262215753758058
0.398077620120022
0.258345916442551
0.198907696443073
0.293633443932283
0.0991382719560836
0.224362169323239
0.380201011192925
0.26684306086326
0.387364241034056
0.0796904155458146
0.26801791256801
0.0972770636630081
0.229301788760534
0.286773758988917
0.224182432800413
0.333632600022578
0.277244408158127
0.41256404847075
0.381800164717317
0.277463284025927
0.423874662673819
0.233761489709475
0.121019805833178
0.366528046791521
0.0877283189038081
0.110086407853327
0.3237062483613
0.2644000005646
0.240969099843513
0.24243089222891
0.327167446389898
0.306978290122984
0.177111319010021
0.368028190657223
0.447395536466968
0.49699402163253
0.326734025369081
0.330696641029949
0.39187141291481
0.259310620950447
0.231456523173082
0.407502745352018
0.351093369753077
0.307333081100573
0.31380212060417
0.335915500175229
0.353921212215145
0.359327255508916
0.294126718516075
0.457685245432012
0.308771806641317
0.393205104498443
0.43071172025739
0.32199785865126
0.311294357875972
0.342887699219505
0.200305033407317
0.19869585817572
0.293707535951592
0.328385617769554
0.293791824004578
0.284223552341104
0.401247680099685
0.50401753831427
0.405106274688803
0.228234572063916
0.341842940455234
0.273571404770678
0.337928148916298
0.48065986453019
0.333641851040374
0.433442266136377
0.411510417320949
0.471472336135364
0.440749876399966
0.410469099561978
0.420267842777931
0.52218204177438
0.29105703915188
0.495686048246998
0.39158143726632
0.348352962852777
0.416615970809378
0.357770976447047
0.508308392445883
0.462080196739052
0.354625707926712
0.50298197162656
0.486409187664595
0.360776635456179
0.444641367262315
0.418390259997258
0.588372393454714
0.453808699628374
0.547287992424292
0.411430689040697
0.269921840934096
0.378335687947512
0.477672650972072
0.413015559057061
0.390400414696922
0.399717574370304
0.452525184631848
0.406928865676899
0.500488541789205
0.443471092675595
0.412233631896864
0.43544592709771
0.297040618282005
0.310279239438109
0.485025875785566
0.36583677850008
0.456254509787446
0.565596417235627
0.372948617952899
0.473067483935998
0.478758823330952
0.495014500919762
0.543101256308534
0.391077071228835
0.535625980942897
0.561046347172376
0.581431022262669
0.463164848120845
0.508272410699525
0.483351800005782
0.474929704190664
0.2608404783274
0.491769783644171
0.500606488798771
0.54619237668297
0.491698384681099
0.491303126895376
0.473672088511549
0.497946715179428
0.459170629431017
0.454373706530562
0.415374757433567
0.360606095219211
0.645861847001923
0.554690421956454
0.610748274450606
0.471344568824018
0.476954826932089
0.449810285176173
0.355402381831538
0.483826304371078
0.538367288790514
0.517629143941482
0.39781134314587
0.5512116201435
0.513993042775098
0.416787136185473
0.670028564405514
0.456580492909621
0.3750465735478
0.512915289950753
0.566703885728498
0.481084500786646
0.513195013091585
0.505331911022901
0.610571701023453
0.81343611620484
0.521606236112691
0.553035131734754
0.640088151788222
0.611431671904819
0.608370191124947
0.538158795886192
0.646527307344935
0.54574131400348
0.500590206498499
0.647595141720676
0.465427498458262
0.564005120730816
0.515081824288436
0.556228016286698
0.544562962744105
0.681625952002195
0.700593926614542
0.606642576601949
0.604159172473114
0.446457900614023
0.596506379682023
0.605321121726315
0.38586852255997
0.447982365352995
0.652175211555246
0.6138679119262
0.694064299428792
0.568360195839055
0.60290251614945
0.645553285649469
0.498136285600384
0.701301828024824
0.752372744868051
0.734491275027581
0.750733123712833
0.597376295608249
0.662943032158756
0.700821000514732
0.523101892738709
0.519594856072403
0.484968963623203
0.635457595521093
0.626042318686576
0.760086724189565
0.571330278689222
0.616989618384416
0.591507792715748
0.681179589557409
0.726297666663811
0.588840934262946
0.534496658519902
0.584467874317498
0.880617514797748
0.719325875111438
0.635948352520556
0.488098776124618
0.640979051597264
0.694025827263192
0.495333828508342
0.648739295523855
0.782347198365978
0.632212725535899
0.58304148818107
0.796848657173614
0.5554231468761
0.769695931403313
0.682570964261699
0.584389766183514
0.923595871020858
0.822545783101442
0.667799899746145
0.71658431467535
0.821756967846878
0.762183539636447
0.715088622394852
0.666861309237441
0.739341364988263
0.811056679230352
0.7139556359983
0.625954259824538
0.6658933588923
0.700298923866629
0.833727343478767
0.607800865875025
0.643141680562416
0.758866571265383
0.669737413791283
0.603707426206543
0.664604746012
0.688963045677869
0.750537930788991
0.727695090035794
0.793281548392225
0.838138553593272
0.669350054042877
0.860808155125542
0.653107252879434
0.82083734633774
0.747206451757957
0.826069493986173
0.814690059119397
0.802629962646087
0.733426397532377
0.79243294758428
0.634261388357698
0.876617837449957
0.742596685844575
0.805451684735549
0.809342469129471
0.723745305114549
0.774373492736934
0.783016673122924
0.792504557508018
0.695645296178533
0.758461640822417
0.659549372823305
0.847592269979674
0.840985854345105
0.810325909695654
0.792650931198589
0.771478583435384
0.889483325452512
0.87702229245216
1.00219022196892
0.680908873077018
0.803981838390479
0.760898237442524
0.754049356067077
0.779670147520077
0.834258316206402
0.747251462344903
0.743776409450335
0.696208393739166
0.843063328884769
0.896312499703476
0.745472663114963
0.770456182887853
0.837118096594451
0.885175242588484
0.987222606909915
0.867915287030717
0.927630879969967
0.768460420053397
0.872794653400589
0.806247177805365
0.701460846928739
0.853091469898887
0.833707453716053
0.789309681906162
0.880220426757135
0.778139938191308
0.954713234740155
0.960602625914989
0.769692941038964
0.85581341092373
0.987356006099345
0.763394492149706
1.04135128601485
0.771899640421499
0.965739920987973
0.947528061789666
1.00322453579482
0.807251199005834
0.98376129287143
0.903309913683393
1.04207378565985
0.781364035372443
0.973268290952159
0.889749159703878
0.854955031614619
0.932673054936491
0.856125634520616
0.937150639230633
0.910045326439103
0.74854574835192
0.716140223461216
1.0740356120637
1.05453912412528
0.772806557979008
0.889367159820504
1.02504712400226
1.02177468611826
1.03484829411149
0.938924563801433
0.881350954669699
1.02425634345112
0.877459227362862
0.842061930091053
0.877335600179236
0.970470279812198
1.06464796830084
1.05774781595001
1.10827438495272
0.972268878976996
0.815548934294286
1.05264238202177
1.05148873362054
0.989980853648218
0.962290137313341
0.840979216607509
0.831454951203409
0.925302541553004
0.934677477699314
0.921248470296116
0.890592652095421
0.980198475626157
1.11580016107989
0.73248626076454
1.14399659023224
1.07436422060342
1.0001413706255
0.97446866870092
0.973639147330077
0.868565078570411
0.862527952422275
1.13073366676474
0.893574144180786
1.0574164239008
