0.0530091119908059
-0.904919952718161
-0.916539152105
-0.945847938290576
-0.972416217292601
-1.09281488573729
-0.911024099889112
-0.819024369442393
-0.990000621727224
-1.09159494009531
-0.995990451686099
-0.940293111146201
-1.01391298337717
-0.879865479064808
-0.989434525002639
-0.980860075025635
-0.776698787624334
-1.03779640918039
-0.932110693815311
-1.00454544316954
-1.10502647390287
-0.888737719151554
-0.888307386579767
-0.743640612002577
-0.880674876589443
-0.996580787260363
-0.821859318191887
-1.0008397490197
-1.03993460645855
-0.961077181714949
-0.940701106391181
-0.95116963391054
-0.955072503511148
-0.805327299032106
-0.880016438493179
-0.999713220530694
-0.899766953997276
-0.902128590610758
-1.05436681080448
-0.864375187883069
-0.828704281777866
-0.759522222451138
-0.958808561407726
-0.974217031389614
-0.859425146434184
-0.873963147733571
-0.829477900375734
-0.855276894004823
-0.864645919934814
-0.686326932176992
-0.946186908939201
-0.719810871235556
-0.8054058011392
-0.76125660479897
-0.811371858897184
-0.743945734852805
-1.03584097619839
-0.962327299969484
-0.82594931767289
-0.913779788638246
-1.01413754931307
-0.828305638556089
-0.828537250224233
-0.993775391661213
-0.758848511956463
-0.808207366896839
-0.87194135806969
-0.820960201901672
-1.00531007401062
-0.862364151547173
-0.724872607593655
-0.726759854112598
-0.849881295917456
-0.900096131092474
-0.846829452112526
-0.843705484792779
-0.881313057591935
-1.12565272984328
-0.759635259747203
-0.609412353195181
-0.934331481575971
-0.792895311853907
-0.79319785409625
-0.787586277873847
-0.824903357398801
-0.894787203634397
-0.901691504273346
-0.857626594977256
-0.733928583124128
-0.866639994784727
-0.748514013796702
-0.925666605624708
-0.932844475451476
-0.747558428550126
-0.846167027730935
-0.813061579587625
-0.936214701864362
-0.81611522730152
-0.770980706700761
-0.840235863417014
-0.842272947576211
-0.886446434461128
-0.687334295546126
-0.735588005667161
-0.684789737951623
-0.773137797342143
-0.775602937076905
-0.849356329125445
-0.835735532745745
-0.677384727808542
-1.00936579130194
-0.774836612684162
-0.896874947106304
-0.654763817677938
-0.830587807733084
-0.718159802524911
-0.848963699725197
-0.68963159174999
-0.743687983692458
-0.725803703217952
-0.643394773786865
-0.860438592299435
-0.686434855020499
-0.773698458323781
-0.831793779875784
-0.729128610829068
-0.835922193546304
-0.799607384840805
-0.790212501632026
-0.724755724745035
-0.728588646672982
-0.731622051270035
-0.779975671641768
-0.689369593685386
-0.765925158329057
-0.512810344151827
-0.742648806164105
-0.789079784139756
-0.579138391753828
-0.757292767427924
-0.812554143802277
-0.773474688901107
-0.802336428670464
-0.74803321198746
-0.575276964732716
-0.771770148493909
-0.737250883663644
-0.738818686392974
-0.726826242933522
-0.729604091531676
-0.798645259044565
-0.575556490152744
-0.725381774630211
-0.73335686875242
-0.572689139243252
-0.7079248733189
-0.73498430122727
-0.68433907239033
-0.714216350734239
-0.626608316586734
-0.757088154653628
-0.851227789951852
-0.678886964327181
-0.570565321124146
-0.652713147231561
-0.585874417373831
-0.672647483614881
-0.676469434921822
-0.755352179996487
-0.602138988502993
-0.69760177185812
-0.655145734189633
-0.661489505433572
-0.630246479890158
-0.621671894822737
-0.638732108945264
-0.683734517626924
-0.570535244054959
-0.521829384351769
-0.566451560410206
-0.645771362802812
-0.619394935600291
-0.705171171290255
-0.672388382702436
-0.542263301893796
-0.601169585634659
-0.617688750312081
-0.703721518355893
-0.627917619260523
-0.652445585728293
-0.60732432927148
-0.598044118762401
-0.634511789893819
-0.569639073516896
-0.514461946380151
-0.559179009037307
-0.648145693879576
-0.451029683854663
-0.758589279962336
-0.63737657514739
-0.631442982613054
-0.63422753313236
-0.716263620233678
-0.608684585157363
-0.615002047204373
-0.451427117220493
-0.629391001228519
-0.696385753832702
-0.720629194681273
-0.502569820272587
-0.521464075641642
-0.434497476088299
-0.537096627718841
-0.676752516397055
-0.464545303733259
-0.468630117735714
-0.559113257038697
-0.519546357358244
-0.63246515599191
-0.494035424062999
-0.623767059077189
-0.715282494797173
-0.609401339387694
-0.518193842173531
-0.577588538660525
-0.453513915800125
-0.373852249291607
-0.423840436185595
-0.550625114963242
-0.535258820214978
-0.460159582684068
-0.498207572083283
-0.443404450774166
-0.602933513056089
-0.6600139274011
-0.502690823428599
-0.435039617495257
-0.405366665401067
-0.55224423877304
-0.487195144295181
-0.460080020245929
-0.416216941945555
-0.491348695514087
-0.50936131416162
-0.467365365759832
-0.354499088894295
-0.437620178816682
-0.408973037541139
-0.582049178448209
-0.520321191470292
-0.468718305094249
-0.444749309953404
-0.402711907447277
-0.503679495495503
-0.477526171124681
-0.526814624567537
-0.378122801589086
-0.550271758424598
-0.513450929214351
-0.561146025489724
-0.464581127923608
-0.491902052990584
-0.530662184863475
-0.38666494565901
-0.394687288139948
-0.578193106665262
-0.497263069284803
-0.595163603990404
-0.5213591578475
-0.421362522132285
-0.300989324948716
-0.32989065684664
-0.537540420148617
-0.651629695164648
-0.450766153564663
-0.442392080622811
-0.38097080530201
-0.391253177690555
-0.468944455123085
-0.406400124886385
-0.556601641610889
-0.417283750482903
-0.340098336864559
-0.510380592891857
-0.522136605182122
-0.440216892882135
-0.449443641637247
-0.411691233767889
-0.440409424604225
-0.413392004503234
-0.417640081046508
-0.367677175841821
-0.471320472787467
-0.512391819820519
-0.277367610168244
-0.484683404510788
-0.445628845338873
-0.519277234983511
-0.434733891919388
-0.374393912292187
-0.472626644938895
-0.359925160094029
-0.473484243540172
-0.403408497780954
-0.368537961366641
-0.326932167717142
-0.374480019738812
-0.482210925558332
-0.497594122743191
-0.279553451935704
-0.337002348080343
-0.391043744900527
-0.52924180028457
-0.464858912719602
-0.534040180844872
-0.260107285081318
-0.245907402735951
-0.398921818878353
-0.455071592080876
-0.363070637365626
-0.410806082628206
-0.440962279835365
-0.38899307282014
-0.254768449858026
-0.455093972994335
-0.204264617413211
-0.272896111766377
-0.298708449798668
-0.327183088243973
-0.237160529167113
-0.338471305309506
-0.401112112546164
-0.317281078122956
-0.360408302705485
-0.329932876883331
-0.508929224307396
-0.441544973985446
-0.312003329831106
-0.377179877225645
-0.273045385720162
-0.357888495415161
-0.398122874730091
-0.397103439250361
-0.26519771890645
-0.32861383782257
-0.298507060722139
-0.187824846155046
-0.284343068145651
-0.213947866891415
-0.428756957566826
-0.367975659398054
-0.313464013136836
-0.346146781933276
-0.355251890082903
-0.392559413403787
-0.291962847682265
-0.277599043137202
-0.301494138159631
-0.264904393472615
-0.369357902513125
-0.331320831859905
-0.135483658887343
-0.367284977939785
-0.331156651614602
-0.326831438690747
-0.205928574036555
-0.23112953456235
-0.309592522050825
-0.355950437440057
-0.408600685913014
-0.342350119646305
-0.361728331240888
-0.239900415475848
-0.224422524262799
-0.2378133307083
-0.30099973511548
-0.266616497533937
-0.328974361658303
-0.340132642606936
-0.221245926004664
-0.263070837379161
-0.334127286897313
-0.1376025516602
-0.142898639357007
-0.346169528001344
-0.236468547884145
-0.123162647033087
-0.29480807007858
-0.166389464567422
-0.329920037385869
-0.102588739802158
-0.250605915170068
-0.365208384247797
-0.212419426206206
-0.314562784956944
-0.107030358288634
-0.206970856569493
-0.251517492464339
-0.218355883695561
-0.275992613162477
-0.334098173538188
-0.0651761762643918
-0.280625111616168
-0.153626900691526
-0.136115491408616
-0.256271409287899
-0.120804820379056
-0.24665521736313
-0.0361580415504002
-0.15393668631257
-0.204818315523139
0.0414462440575017
-0.156066526795605
-0.228191697323447
-0.0862438742644727
-0.178218855404218
-0.128585846850958
-0.273154126054453
-0.133862407059661
-0.147035747641945
-0.181494905094606
-0.111429192488376
-0.0941079329936156
-0.141229508134027
-0.0677617043805153
-0.0842250122771966
-0.290532508692426
-0.193305966747664
-0.131290717458677
-0.0923105843589062
-0.0589640074234886
-0.0774467593631704
-0.0590173863343167
-0.0100761838388094
-0.234645559426913
-0.0636069917258262
-0.0741971180728533
-0.151446487970065
-0.0426959119193423
-0.373636461091658
-0.0806950339112275
-0.150961362061062
-0.0604636163036452
-0.107977990365132
-0.179378713230153
-0.0605814816751514
-0.0639790734613186
-0.0536230736210843
-0.0560325113603354
-0.107258441012619
-0.125120153706666
0.0149538600744173
-0.0618260650858616
-0.209432553212193
-0.102976319046199
0.075337533378929
-0.00568376795359989
-0.159525063183771
-0.0592046977006926
-0.123436004020643
-0.133294403258668
-0.129214266109958
-0.0996105754363824
-0.0859469157190526
-0.083948383412731
0.0652512763589585
0.0310308757446587
0.0744315966868956
0.0571391947526716
-0.0698584612104984
0.00137459212179288
0.0996788896349302
-0.0856062385323064
-0.0409709596098651
0.0829087528530028
-0.0364920102878214
-0.212095864852564
-0.108185463871896
0.0140367369127654
-0.0392370015197799
0.119185178618535
-0.0136200237751259
-0.108667511394308
0.0721227469419438
0.0344088924841023
-0.0791840708425695
-0.0933875260158754
0.222992419015227
-0.0562140023554552
-0.01353293155088
0.0504349670338441
-0.242711458560594
-0.00862483013064016
-0.0215874438390471
-0.0451967318308316
0.0105296720978104
0.064822904084443
0.0526914375622435
-0.0194510630144621
0.0138953452227869
-0.023215954284876
0.0972196563191748
0.095588439937786
0.0453737534946193
-0.111028654674502
-0.0565245921826953
0.123482465946519
-0.0341886056111282
0.0354830853076358
-0.141739608413889
0.0260727561854497
0.0189471979906485
0.0223433543518816
-0.031904096441366
-0.0746985141718971
-0.0832904889956934
0.166602356416379
-0.0517486493549469
0.0225579215160921
0.115957335920679
0.0830627413762105
-0.0348014814818299
0.125610683454942
0.0308228729985606
0.108070282993456
0.0697745136845203
0.152631757681299
0.150010375039217
0.136661853381241
0.0857095584028658
0.255852205635311
0.0952255959598925
-0.069783774629032
0.00250466696256746
-0.0281047382380108
0.0491223344110956
0.19506983043839
0.0533785040957058
0.197120215086939
-0.063654568850317
0.0268307253161631
0.195838431749089
0.0792593613736659
0.0374783936341197
0.128240890503717
-0.130307814490912
0.0619532882639625
0.0961858188317298
-0.00780314844354522
0.0352080196623874
-0.0683201383446528
0.0661872339136124
0.0976667949212205
-0.085207779422353
0.0395487440185542
0.0501770895395145
0.173234872560346
0.193736929994341
0.170735746731688
0.205892125445804
0.21525798161618
0.114600091562166
0.180778737041282
0.283626982022971
0.0454953181420695
0.115600588186506
0.123541633568063
0.0361411259983076
0.175134546965464
0.175918789214984
-0.00818785321143268
0.0486736729790493
0.25410832169846
0.188372101748515
0.0686488141488023
0.0968685141832416
0.209145844615482
0.0996175694082613
0.1405621340643
0.167088905844666
0.149191687247306
0.181657257440685
0.137602035168758
0.243758808911611
0.283767975637307
0.198319387844226
0.0726439311488574
0.149889309412549
0.154350420599879
0.233570976792016
0.142611272166277
-0.037685378625059
0.198060209943222
0.0423820003926538
0.268158420064497
0.103234786443918
0.164617036477995
0.282529958028621
0.0741065041152492
0.253918488909975
0.268920755188181
0.250840606465199
0.277922045110617
0.279318703244165
0.26752095016975
0.276475515216907
0.286966228248302
0.137355548331747
0.247587607321463
0.195934881431502
0.199981135499033
0.257456667086297
0.0907574702464801
0.308389970550275
0.188875548502882
0.151902013343863
0.284420818138005
0.189145449690221
0.284733666124682
0.188311197322112
0.237874478039914
0.206956601892109
0.21514811201203
0.244422287912341
0.265428631382225
0.130333130798826
0.300737607981828
0.296004580497999
0.286655174604254
0.145719232047437
0.350360123529293
0.125644896006109
0.233927797608732
0.0745204324767587
0.257587575184214
0.0822729993535133
0.216638689725967
0.322241919377108
0.179098762590676
0.30869244205409
0.395625034363591
0.207392810503588
0.354509090511631
0.404195706031071
0.312130596091377
0.236415224478228
0.269355706459909
0.252687068835685
0.288922074494157
0.288807695517248
0.233956340765687
0.32915983177284
0.499668623156087
0.269240063839713
0.394101948307092
0.235491608004379
0.325471384624481
0.202683413778973
0.237677556941512
0.208447870551222
0.306283280482603
0.366170175415109
0.520300336618801
0.38010007284414
0.226392017246441
0.250810374055542
0.403445199808443
0.362861517271483
0.342080080741384
0.293538203781385
0.167310874254059
0.303784890120812
0.328780723985277
0.447703463206063
0.143332018912291
0.411844084180511
0.464007854193074
0.408355032388718
0.333571390726145
0.4110895126881
0.48227127902862
0.411082659722322
0.356063035132191
0.332369671478769
0.313734796860255
0.437332849623483
0.343478052628614
0.487991991584014
0.38801259548075
0.295739262226565
0.470607277270198
0.389371502012004
0.469088266435425
0.243543080556115
0.285117594122658
0.385284115260474
0.350998313046656
0.197385802390965
0.494492365133819
0.351722113197581
0.506427002177743
0.434915097682612
0.268548143646557
0.416777611082728
0.297851977684844
0.326630455848304
0.379603812012012
0.331669560655715
0.389424811515321
0.418343201429311
0.52536188733112
0.437435473784277
0.635806131308161
0.542827664073642
0.349943766457915
0.354231806225932
0.304078750953559
0.376412212154309
0.430771979445947
0.363957952909187
0.391644885592813
0.399731808141607
0.324121492145145
0.476906229967497
0.437293091293056
0.418292342414114
0.294524648859844
0.412234948091402
0.467788764832682
0.478608006477994
0.607331282857008
0.632379679825506
0.516945720907834
0.508580569841822
0.574924565820075
0.482351861126978
0.487331250230718
0.390155952747363
0.572424563802485
0.543756742766739
0.349912833721998
0.514647011767657
0.515089274052566
0.521009488555871
0.467726522998712
0.516075026708486
0.50700219280279
0.411123880249261
0.502033414796021
0.388753547258432
0.677193301861661
0.524484536122775
0.55852870496161
0.514640485499452
0.564714271990915
0.398094225993096
0.458879204422052
0.550407519195792
0.571189862601684
0.482939620126362
0.442454441051392
0.400274612309132
0.400099205743698
0.484653487442061
0.423276415954412
0.544940921771696
0.506761576614329
0.662451408075231
0.568124453461259
0.410229644008434
0.609437600120107
0.523895661901328
0.561531312320848
0.519393097728691
0.597844763748249
0.556775954022448
0.552980865053606
0.506415372689693
0.564882323357536
0.639268444811666
0.558098991598764
0.583275447452012
0.450643630956337
0.564147286525552
0.705466390876667
0.599996354650656
0.405214783223109
0.574601221383558
0.759752143668229
0.591317652479381
0.58195847695173
0.360302459149412
0.534773605410572
0.697616756493835
0.503177340554248
0.480110873642951
0.675548565807316
0.572468139530416
0.644087918928892
0.775173541904284
0.622819273137454
0.514129167390017
0.651678462775399
0.629625547000533
0.657380066903025
0.69238834387521
0.588340992682396
0.630787838894533
0.586992724402326
0.548593274521731
0.706691778828293
0.627722805564906
0.642530756461143
0.689618991154856
0.635426553239338
0.665527538305315
0.551919645460316
0.77032364416519
0.649838813132988
0.579128139956256
0.681742345353848
0.514360388895337
0.406032942139509
0.69205162778248
0.729092709297548
0.474560720997703
0.683998596743377
0.678790443722743
0.645881632215746
0.665566843935573
0.615218083719509
0.679975618789095
0.635250665634269
0.685802095255731
0.687010862831266
0.628198188383062
0.566355649492132
0.57016031144415
0.805425839563471
0.850902990219471
0.746218892932601
0.711575283789705
0.628959237064653
0.621073264822122
0.748669863127929
0.711401730914247
0.627244788468883
0.757919008867888
0.659239298958828
0.579076326685462
0.776000761244673
0.636555248586848
0.796214811423284
0.698893149651033
0.818436826135117
0.608411498241408
0.781236596915587
0.64750436328389
0.789193426186092
0.713258979005605
0.754852290354237
0.682861863934258
0.62197784593702
0.707403362284752
0.769407219349521
0.644278091965864
0.555661019122928
0.682554583260763
0.845879115169952
0.71948103881051
0.670696644477267
0.698510345842872
0.616879485439693
0.893166409677436
0.925266539231543
0.758885734446385
0.693543457434286
0.80073670891234
0.861719787041073
0.775791390645708
0.754869085922336
0.795959409199024
0.768244234093495
0.768756764545728
0.704649606407883
0.654576600332271
0.731854113909938
0.814488546898787
0.780580494170682
0.739352685061003
0.76277204185864
0.757109812173587
0.648130455461855
0.767521026210342
0.666454226732043
0.817937621691352
0.712186111121253
0.76804802084427
0.698276344077582
0.645041356295321
0.795632444719501
0.686563092547706
0.782420063830875
0.886829956138411
0.914850027975426
0.865745479356352
0.939443832701404
0.959457638067759
0.777700403425133
0.78003368651837
0.674111813196685
0.837595761438761
0.837424892759422
0.776026926036241
0.808330363834329
0.737223439325702
0.89978695489729
0.928652077504542
0.81639284476023
0.78367881900167
0.746529184200853
0.696284833958295
0.866854731911465
0.824163867409297
0.870129118028907
0.687331933283078
0.747329087285545
0.827317523915907
0.806172968790119
0.796362674504622
0.95662570504097
0.708370500292539
0.833060649331595
0.970394386830324
0.942872534300074
0.917531269187963
0.851294685069863
0.933438004758669
0.90094725453013
0.808380721990292
1.03408894495247
0.923109617241928
0.943051214028041
0.946336974852717
0.93399984575686
0.938767161928684
0.993223686235078
0.896875612962468
0.906043148143725
0.94198097780006
0.830313627169809
0.846889140680554
0.772550736701696
0.86758288829358
1.03309185887885
0.767522622295121
0.781174620215344
0.964786568144138
0.92817010820358
1.00507442608113
0.862140506808786
0.826626773137503
0.98272583418705
0.71546397575445
0.952444049922552
0.908867104558594
1.07734360356534
0.868949439415693
1.02631265454697
0.863463245160103
0.984450451984362
0.980438689947424
0.742840151354771
0.848637179395387
0.98673461110885
1.039314352981
0.952461577260476
0.860887293621904
0.862229822806875
0.893047457027969
1.01350844029301
1.03248571247615
0.983346023116831
0.98309209714553
0.989027828252334
1.01228235270201
1.08929744875681
0.853739296386548
0.914765795853854
1.00864928198522
1.01222351699046
1.04110354538454
1.12182157237196
0.959624370125364
1.0072908344151
0.926534273319597
1.01663058841683
1.06730812648824
1.19725175086138
0.963801701033518
1.02190648944042
