-0.017382513735169
-1.01938414969231
-0.970672089483468
-0.949497725281647
-0.965899477332184
-1.0028240659739
-0.898177272739294
-0.852511464874744
-0.891855048827249
-0.854454482700136
-0.915748926566423
-0.971039783914484
-1.11353509279406
-0.914094693584407
-1.08713126619935
-0.972115044269998
-1.05543548554733
-0.964944477702367
-0.858515916381493
-0.901037862231214
-1.07000921426007
-0.991586796376857
-0.962556277202395
-1.00818621246953
-0.984922135840953
-0.94803212722837
-1.03198026306266
-0.88436007796588
-0.855679550874549
-0.898459051940031
-0.801777850396592
-0.912649348723852
-0.985156700901154
-1.01604225188205
-1.07159273470667
-0.988193880933174
-0.896640034091557
-0.914543909534882
-1.02199784858469
-0.945227792236717
-0.919277978614034
-0.976020048696533
-0.825871297367133
-0.918972074666729
-0.902644407414981
-0.926194213651715
-0.912372329935706
-0.848559413738977
-0.873361238631066
-0.895143733499754
-0.902922593863801
-0.863709946997224
-0.858666614909781
-0.907528151812801
-0.927102034434021
-0.673320847749776
-1.06930732254075
-0.92062855565317
-0.936979657482913
-0.883126664710266
-0.803830034238136
-1.02548232844275
-0.947980405361224
-0.921802062689125
-0.929246460728067
-0.888193506287247
-1.08765247401782
-0.811223239377586
-0.770475868068421
-0.838567891948409
-0.767325336180879
-0.830455914511555
-0.892182162533676
-0.832927061855394
-0.925298021576225
-0.787007610459005
-0.815159998019917
-0.839752844206715
-0.989676523444527
-0.979158616063733
-0.726940874079171
-0.809552534155703
-0.889701491684188
-0.80175667625386
-0.814758509101532
-0.932849918000569
-0.866314715169981
-0.83329646247473
-0.743711438842117
-0.817665137023163
-1.00253488452937
-0.83780537842248
-0.701488001733241
-0.779966672971793
-0.882303940679361
-0.792974208506997
-0.799863600067616
-0.765268750049423
-0.763801124844197
-0.790224922478561
-0.837898404763661
-0.740764809416943
-0.729420226628638
-0.884076405889127
-0.821619226068585
-0.778773741460132
-0.773510727399853
-0.747024346979432
-0.767062877009598
-0.800439602605587
-0.881352939075068
-0.702739620021998
-0.800849626000987
-0.716974114602426
-0.719421338228002
-0.819893947229353
-0.848116333786926
-0.694018403256629
-0.740760186448146
-0.669744500081221
-0.765102557416495
-0.911439116599157
-0.885265325894136
-0.720581428202685
-0.834980394731867
-0.639204764304303
-0.834742961587276
-0.699717845900913
-0.848722315803548
-0.706757999866662
-0.695388772664645
-0.863608999305896
-0.712938686037728
-0.663331678312847
-0.614044470374031
-0.813787402592339
-0.73557464818744
-0.76581336485209
-0.759162467500199
-0.871260930820412
-0.843472028388075
-0.709593284307852
-0.587128795321211
-0.650385486736157
-0.773306293276741
-0.580362293585182
-0.635000710446758
-0.614482851319426
-0.734120221823702
-0.693783177698292
-0.675503029783538
-0.668464171162686
-0.733343385182751
-0.654945061036474
-0.793767697469311
-0.666524850332237
-0.641486847508368
-0.927176408512114
-0.739204141764363
-0.672276474373697
-0.738834034171691
-0.621138287757935
-0.640322895367281
-0.652973129224595
-0.559270927803539
-0.665171795219066
-0.630934215456057
-0.676268977479341
-0.78144786245961
-0.630446985115742
-0.631397227396759
-0.717752152418545
-0.618024976086736
-0.653254191855846
-0.687095525779642
-0.657324998659562
-0.570525091932843
-0.762783506772749
-0.615411677912579
-0.454030608999396
-0.619985474769836
-0.655346701824698
-0.550552870059729
-0.613334608882605
-0.584192543538157
-0.565615433204141
-0.489029302160548
-0.610731194541404
-0.634522660684452
-0.615688552854794
-0.685467635576949
-0.635381925402066
-0.641738739343676
-0.694705159387796
-0.522248406871734
-0.70073363996181
-0.610296570005943
-0.562159039149745
-0.585132349784233
-0.575224743816352
-0.589436094799695
-0.599823998924662
-0.562359787669283
-0.564490303519132
-0.557694972213698
-0.619584653287337
-0.601914664155001
-0.652371386160479
-0.536887586148941
-0.506297159934726
-0.617510522087442
-0.432605903456374
-0.50600797967188
-0.590305024142866
-0.646014066126873
-0.620480035686944
-0.607130478970737
-0.472415902478212
-0.56203677235253
-0.606887004867112
-0.496765839163724
-0.717116167387221
-0.490728936704888
-0.538481671701587
-0.508921380897961
-0.538078759527069
-0.535214040442836
-0.624955937849417
-0.479203375986122
-0.388206218906657
-0.693614562409471
-0.555174131431512
-0.570035411613528
-0.623181323384711
-0.649396778149237
-0.48757190303859
-0.591996396902897
-0.379939347058292
-0.414504995076173
-0.49594084231288
-0.565555095589536
-0.493177802662847
-0.539571817590603
-0.448308945844548
-0.554939116747057
-0.451139010846075
-0.621842598800661
-0.610750451371965
-0.398863144447389
-0.605441785031271
-0.579440401520897
-0.541479751162562
-0.49191959269192
-0.523856836955443
-0.533915454337008
-0.48893848757534
-0.610163461788109
-0.439130290929846
-0.496080165233436
-0.39021396231819
-0.493604469130763
-0.344416118160238
-0.486645901867008
-0.292587473962847
-0.609255762038481
-0.471690961394766
-0.499683236439186
-0.341405578740041
-0.434289249388983
-0.542277808147515
-0.454441145525346
-0.336180632483221
-0.430389056659933
-0.448047657950364
-0.556036219976552
-0.383238049026282
-0.507957107997259
-0.374961499267862
-0.285438016165199
-0.463994158889937
-0.376274344827503
-0.455643022942161
-0.483094587203021
-0.418877267983285
-0.441644444329689
-0.561318562441328
-0.411196431912744
-0.450950083349332
-0.527518531459469
-0.499593831270282
-0.360105851982968
-0.397647795714806
-0.32571604541283
-0.433493189160195
-0.38282936216907
-0.444554711698224
-0.493122576981742
-0.472656776192389
-0.528961274776129
-0.260818183373636
-0.454841298901616
-0.407594817632239
-0.472033435925909
-0.331919768744983
-0.324089628843388
-0.476106978132564
-0.490253906308246
-0.368880216297862
-0.580993095967512
-0.396711180139186
-0.46169442257716
-0.370816595199545
-0.291865760707345
-0.346179238279434
-0.442018406248163
-0.279387662669183
-0.480239126321195
-0.310479680067221
-0.336480598235026
-0.325366509207581
-0.345145185371561
-0.505664712973722
-0.340620966758846
-0.30594980130855
-0.441616626966211
-0.329494108568132
-0.300434508495986
-0.382376881125716
-0.434243264827745
-0.281077371896709
-0.428301394402644
-0.351599497695589
-0.393755291519904
-0.296005202368537
-0.415770487977328
-0.279289873982008
-0.367547084434188
-0.291678520245683
-0.190282782900235
-0.340306113538599
-0.265512378981961
-0.421117991462276
-0.364206329977733
-0.284588512057082
-0.180448214100135
-0.36245328861717
-0.234228917231191
-0.307899939691071
-0.328963624379028
-0.335698008686213
-0.232328853686887
-0.279600312113682
-0.120922023942855
-0.399066075081136
-0.381374600564752
-0.119459863580163
-0.320483752581246
-0.18963831289256
-0.326001656030308
-0.327564126747794
-0.292903908288682
-0.297091647294209
-0.197910107559984
-0.290793143530735
-0.334377206974912
-0.236099800025027
-0.129230517818671
-0.415865350738263
-0.33017691905377
-0.26141146047086
-0.317995772247827
-0.104942840525423
-0.336002048628752
-0.289055048795013
-0.109610964795829
-0.221766777300521
-0.370268415026027
-0.28678565269583
-0.226644058337457
-0.408944020526426
-0.223046360751666
-0.275546157415561
-0.189510181570834
-0.195282967925131
-0.217471613931402
-0.25187322085019
-0.191232204020205
-0.369850376019033
-0.109159762441942
-0.156838051036715
-0.21553299487079
-0.0408169581843193
-0.325791028980989
-0.191668623870903
-0.291351734057639
-0.461760895080662
-0.401630610132942
-0.240492246850951
-0.117704947861537
-0.197500889486213
-0.149628434323599
-0.339437111534782
-0.340558025479158
-0.207605699176779
-0.138092156191315
-0.121211356674212
-0.165884000697333
-0.165934589794578
-0.132629430104911
-0.236881645196007
-0.200474513318186
-0.305699607646864
-0.0920509092786854
0.0111368080734695
-0.177994137834201
-0.199272226746492
-0.16962757268048
-0.171896603038463
-0.131363258656588
-0.13612550690992
-0.304340858426473
-0.07531917652548
-0.107685628498476
-0.0669111703495423
-0.249057251630406
-0.0908293790372735
-0.25259275382826
-0.114849677828725
-0.169637161958629
-0.115367742082189
-0.20108312832709
-0.1922945860415
-0.0379175731962433
-0.0953003897231123
0.0366747776233725
-0.0991528100369906
-0.358572330894904
-0.112643107659086
-0.111953586705097
-0.273245333536793
-0.0249516703801017
-0.0461119563478069
-0.144411688226981
-0.105973320218049
-0.197897961815384
-0.0374381332213053
-0.185125632442338
-0.229976468864614
-0.145215913610077
-0.145392692792984
-0.0890010543697991
-0.092036430560019
-0.197999443781912
-0.0560388900317451
-0.0640378811576189
-0.0339124453733317
-0.0363436101295833
-0.146846717334425
-0.0837679385098242
-0.096170921443739
-0.202844119378583
-0.104459065532929
0.0160329258111993
-0.0869458829987212
0.00146014742473523
-0.0298010909739055
-0.0244699377593614
-0.10509766819959
-0.119992612152448
-0.109549080781317
0.0758320581342584
-0.20333213463566
0.0712997457760951
-0.0799555775961171
-0.089145626910725
0.0673315878371566
-0.0423088973959423
-0.12949772969446
-0.124285469274829
-0.0827144899906681
-0.198911053588651
-0.0427693418946932
0.0650719111005207
0.0788356365379551
0.0927102768439537
0.028257107030523
0.0578243059455978
0.100350596220206
-0.00744763337415145
-0.0533176983069243
0.0295251832642062
0.0106296880216491
0.0576991459223941
-0.0147623887099884
0.17512598648366
-0.124397929714791
-0.0592565290944732
0.0306186077855406
-0.136582158734359
-0.0716579736697765
-0.117969848213878
-0.053490976587544
-0.0780662018565453
-0.101052626615604
-0.062877606258378
0.00455020954673613
0.00242087619845266
0.068970488644559
0.0109844190454422
0.0220667614747261
-0.048431521570606
0.0182550339014183
0.0134979139253896
0.0447156891149208
0.028666192986849
0.0678458075282308
0.0245642112665012
0.0319863061605654
-1.79472478984736e-05
0.070395467673147
0.0553659949720169
-0.088187062951073
0.0190572694550009
0.144712685608747
0.0371036037022587
-0.0598347361139252
-0.0716142925274934
0.00955637475982753
0.142407958164115
0.11527831893596
-0.0450703424203031
-0.013577096294889
0.186715885682065
0.0967606744225459
0.128152041091613
0.0111961008834597
0.0243267073169736
-0.00198216786619258
0.0451624826121956
0.109963268325998
0.0311016720425989
0.126701953811249
0.0978318694193246
0.137695108584557
0.242360767278585
-0.0377693410937775
0.0547611045361594
0.187302219589003
-0.0505859611536825
0.108646533624725
0.187452478681932
0.0425574836263841
-0.0362223120170558
0.0564591602662643
0.101315230554757
-0.131433011135405
0.13873730088797
0.228987979842753
0.294085828233627
0.23706464504142
-0.11974127898884
0.12073308390878
-0.140159606469579
0.106880797345455
0.180833803759887
0.105128376376748
0.196220877589428
0.209855786484156
0.14413529583683
0.28334377424939
0.215951101879002
0.0846762298108523
0.218900796635967
0.0312453157669722
0.156567137513776
0.307914709418181
0.122808977741513
0.300508706886633
0.182827847299007
0.238031717128808
0.245274623082471
0.373075803463306
0.309910851611119
0.0811311873989775
0.209119898236535
0.0839930543985295
0.0959449974009417
0.207584465277206
0.246507257548175
0.253429853282405
0.217091950796326
0.0968448212023502
0.186983671025825
0.0774080083130766
0.32056339596502
0.159432602964764
0.0161163829935264
0.201602974686572
0.134790596113497
0.264442271582017
0.193784927325706
0.113227844803351
0.353860245363759
0.18905404496171
0.378074336263971
0.212527710258627
0.318636233232623
0.0765972735688443
0.0842223615671776
0.175144390200844
0.432232550899167
0.287472306581997
0.197727004672615
0.231280718521672
0.247348149059118
0.165939555899115
0.226038563495353
0.291882407097139
0.260879863698671
0.199522283697648
0.160205641918703
0.253462442588226
0.161928761081642
0.315138875521683
0.328139258090172
0.189336144706614
0.224500458732037
0.268746398703912
0.450932930566227
0.326482979309742
0.0995389371175441
0.36558718514297
0.298842029907776
0.455591851126816
0.230909656529088
0.16766161234841
0.17254518371737
0.2408510629869
0.111649967117806
0.375873122912619
0.237626751945077
0.277046667846114
0.287473716982219
0.160525286517888
0.269691559218619
0.343380176698181
0.105516909562849
0.47988267810482
0.307580365495959
0.219686176484901
0.321441184709808
0.16611433633344
0.272246350657559
0.191781387283703
0.392935831461952
0.255060193168441
0.281076338962693
0.332021515418883
0.358289320254778
0.288478780135975
0.20757474033303
0.257012162200714
0.183957871766732
0.274358828280407
0.0863499195038036
0.469618483315431
0.428922955673934
0.32767374597982
0.389549605155016
0.187060184400164
0.430215137927756
0.332830734930758
0.365286916642351
0.280212587550263
0.273697901761805
0.299094514035981
0.399812664085949
0.333134327334317
0.283377432972825
0.350084517052734
0.413559969733054
0.232713146024752
0.373008327801105
0.248143461039052
0.564688186688517
0.320527512964527
0.2633922103827
0.474993328147362
0.365675351443025
0.325363722951437
0.443918037371565
0.379542598323468
0.394337941495893
0.370100459278177
0.225608025031261
0.561570211198033
0.469607971536719
0.46838940720432
0.324331915099337
0.313152376497844
0.299523161413679
0.302103352510484
0.406695818641062
0.373829273370969
0.315588530309473
0.420859595631105
0.273750509542071
0.392152209745219
0.509557216180886
0.297446779668725
0.351188074299879
0.397026541616446
0.423944402377107
0.299442499822817
0.482667055225751
0.58393987219709
0.416882422237406
0.326153666752796
0.398678895825854
0.327412938475032
0.46393742658103
0.386282390272772
0.514016798488293
0.352007281931298
0.503059292329839
0.422469392550906
0.405069692032399
0.466760259258657
0.487570756311028
0.437397659845314
0.434235871191384
0.401399224271109
0.370419018763475
0.533566565841893
0.625098443651921
0.512798385206144
0.541683652711789
0.493259444542917
0.385667610279204
0.472386140125036
0.638985687928877
0.558745375427341
0.441696877424345
0.593496975336886
0.472921275627494
0.464605267751273
0.674644503634247
0.508323128528842
0.468078341276289
0.519022107981823
0.486040317798163
0.455773725595882
0.439735139726502
0.588597044326034
0.423650470046216
0.494175054340091
0.315973697191362
0.583495994396454
0.438437688369792
0.458683994691887
0.545022866565977
0.497663783772673
0.512866041533991
0.491821143081052
0.521373086878936
0.648295493013665
0.44912387152122
0.509506953786021
0.42115859286191
0.369298422646201
0.514613942945147
0.525549159665709
0.488044586944937
0.566275900880423
0.653768305391906
0.600461161541797
0.506527172216723
0.652251332079573
0.510173703603839
0.533511639932044
0.433629914376396
0.659729987682251
0.56154602785664
0.618512086001363
0.58498229780556
0.366566715236501
0.570200088314441
0.552398879139269
0.483240554238219
0.883438473021681
0.621540319102035
0.562683373075123
0.479466887804265
0.506189087965669
0.551041654973682
0.501562087765488
0.523726666035436
0.544021678741146
0.641208095257277
0.607171709959813
0.556112647858253
0.655594424513241
0.52850627988895
0.699776179490472
0.670952688654461
0.632574479089316
0.522130609226457
0.664277489648391
0.680117317634713
0.592297206400211
0.66597260993965
0.697345261698417
0.739255592796194
0.723433078898637
0.604925597312987
0.610405387584136
0.513163355980965
0.528932323636831
0.445552403884768
0.736183303652046
0.54215742116818
0.706189440840488
0.688324521454679
0.611806609391066
0.720052852729609
0.735710116126226
0.663743610045263
0.624644967228057
0.623071744613995
0.65117547536858
0.704438015535962
0.80962219237581
0.715628693581789
0.550581816752387
0.631333580219035
0.612633274796432
0.633629688372283
0.733189128896138
0.636417046659157
0.630321969236629
0.635391538322448
0.566171459741874
0.702464300314378
0.656654413174067
0.66539072197334
0.757892291216888
0.820008349327002
0.544134732217891
0.697674051910225
0.739575048526115
0.6630581617884
0.801717467031777
0.718123840748488
0.8009709978098
0.583816843187856
0.647789190176972
0.677922397435691
0.640002800514164
0.594181613032453
0.54809868158792
0.741286087879145
0.642683373049709
0.638472578049809
0.766924762671197
0.80429205366555
0.685320340032016
0.884547262945464
0.942017228029477
0.841409163532773
0.737300180652473
0.792760029032131
0.816862237118883
0.813041110608703
0.809433346725694
0.706584927947422
0.867058690944457
0.709929146206052
0.841243497725052
0.681934991191858
0.770932369544844
0.792684334647904
0.812139951522578
0.832468615451606
0.62886504919223
0.757394059410299
0.772529437260734
0.81382604245232
0.593202357518132
0.809248430898061
0.810827922772965
0.674310157880282
0.759250601723655
0.765933495145846
0.609518309774107
0.94412150628012
0.911660314176118
0.770437904332295
0.76256423055242
0.757093566942593
0.683488041195144
0.808841568338335
0.861889012957358
0.872607535629323
0.861432000662674
0.720383507080754
0.844471816730168
0.795160793418225
0.775162424132724
0.916786642529741
0.875199774276023
0.833663110051568
0.850473535483527
0.804177079325077
0.878005879266596
0.80951331887811
0.666773173441052
0.831384502949769
0.82885663152155
0.785405141743591
0.814963546466649
1.00706895987562
0.954727523823403
1.17549017696325
0.840433925241316
0.804519747457819
0.698066764937115
0.791300830867703
0.784840974386729
0.890601953895753
0.687528670704249
0.911864758644619
0.898152703338091
0.957248929846754
0.809494979781278
0.799126007122655
0.749836328130611
0.944109449776474
0.861106166496569
0.875552735386978
0.853982826558335
0.948555109061966
0.9025429170427
1.01638447965548
0.908086314461076
0.873106346825411
1.09917629868289
0.88253425527192
0.879508028029845
0.824156227320137
0.744406252066882
0.93213769079319
0.725264863122207
0.842522914074688
0.889127832614385
0.91087142089518
0.939093562626734
0.883995312346024
0.716751178711217
0.977141944986257
0.935531598444637
0.828787164147135
0.933840489998449
0.978150568430403
0.914089030474701
0.779024300079346
0.983165171013574
0.942899422889239
0.897190019373851
0.913181115591497
0.83929005992381
1.00163982693126
0.91094058620423
1.00770632813704
0.795298665684616
1.00711155365814
0.98039609244183
0.791313245606689
1.15566215818495
0.932949239877749
0.938927561256314
0.940947475883336
0.989478706096345
1.01302279120205
1.0689666075317
1.04661471526474
0.950949855316483
0.944404520407159
0.967146615239655
1.08579482853614
0.922901968101582
0.922215064723732
0.924320270234333
1.00817021534274
0.990071049444667
0.892961793811412
1.04256921024503
0.976529397742322
0.984992616913067
1.00621234633858
0.983252906992098
1.03109025123832
