0.0670992800089647
-1.04155699629708
-0.960831918464511
-0.97776410700378
-0.995200504678865
-1.00474562925589
-0.962375944923709
-0.972420293503558
-1.08564564182297
-1.0016745357386
-0.88858566444833
-1.0225830869433
-1.08929531285884
-1.12487197544053
-0.829181172554217
-1.02328882964387
-1.02357049761472
-1.05529136271794
-0.944740774446371
-0.995344580549355
-0.927276051562712
-0.95944366662426
-0.834769299622459
-0.824847887248268
-0.933778855286315
-0.974893096005001
-0.947195788317514
-0.966989872974773
-0.995689665856075
-1.04024627893148
-0.938184447116078
-1.02548882775485
-0.684753531662369
-0.892259897843279
-0.984267992088015
-1.0054266865847
-0.906719645015773
-0.816514694311069
-0.94448522454717
-1.02128245486162
-0.861313519526049
-0.909977212935554
-0.96290207169287
-0.887139761358598
-0.875751049056318
-0.892257553684584
-0.875684627618263
-0.840845280925484
-0.940002907376074
-0.868937613932609
-0.921225491609573
-1.03099012277079
-0.898597091690911
-0.930999792669729
-0.917514315348341
-0.898587291302015
-0.828632980088635
-0.896951644326795
-1.0540298833004
-0.753481703727446
-0.925126133497188
-0.903290012939489
-0.888337959155211
-0.823041962179603
-0.765917251372841
-0.845745891147843
-0.922293276688232
-0.798571305149801
-0.861956107009594
-0.812122738068249
-0.800035251904384
-0.886327413134576
-0.855188207565591
-0.950120860199516
-0.897855870984058
-0.747628258161526
-0.892935995861913
-0.781385846840879
-0.87827032410586
-0.987760743740048
-0.862979471424877
-0.766312439127913
-0.831458065036707
-0.844350970261997
-0.831381611327226
-0.940824420736914
-0.927234787099757
-0.782909129300405
-0.804270593855687
-0.980521571946115
-0.651040169565959
-0.787702226211623
-0.707564523366343
-0.929669864690019
-0.744713826794645
-0.741530260136099
-1.00524178854538
-0.776791402386941
-0.888725780530166
-0.797148266452588
-0.821947533581645
-0.633689874493691
-0.677278939343906
-0.914151260286452
-0.862394461437293
-0.936035042038762
-0.885086983546112
-0.691749761027497
-0.683517065608522
-0.736066612354645
-0.700150792874946
-0.605412597598684
-0.794587191387615
-0.738573962687929
-0.566270135749099
-0.849112165504049
-0.761842834544219
-0.770384831035117
-0.707751728611409
-0.738541245464781
-0.693464308187806
-0.666724046187467
-0.686174687745249
-0.778693329826975
-0.838583710135629
-0.853850742843535
-0.596945055738828
-0.657214020817292
-0.666106511222491
-0.663076499424998
-0.788462303319045
-0.728130323325077
-0.658361105976088
-0.787822689994985
-0.722617079108641
-0.814040912856688
-0.907921668243107
-0.71950065770507
-0.773982377779479
-0.635169306690407
-0.777393875088485
-0.668892677317083
-0.829113880283376
-0.852112065937603
-0.740803619564398
-0.694972950706761
-0.79649387932289
-0.727139002525029
-0.682833687911859
-0.720893260545502
-0.79147211850251
-0.575920156071877
-0.614704856591872
-0.691067583031907
-0.661024661598315
-0.666132474164906
-0.665540312045254
-0.666755984726566
-0.677187907886341
-0.643991226029246
-0.616351743001502
-0.682147925425514
-0.583355406993446
-0.670470677038304
-0.686234659000958
-0.667614739648947
-0.661783034635567
-0.605709616078994
-0.579768273916986
-0.659101040543996
-0.527862874800438
-0.683382044637804
-0.617474415921952
-0.783847482662535
-0.670166091102454
-0.677284816736674
-0.593332560645106
-0.621970667134798
-0.538447182847989
-0.638570415592304
-0.566093953209679
-0.672148300139637
-0.682166174434698
-0.59508498624238
-0.701969656463379
-0.530258072058721
-0.541317647177699
-0.736782361961686
-0.698385561398123
-0.714541978526358
-0.494654932493915
-0.570831909528493
-0.738026748593159
-0.544085352553688
-0.501043090261232
-0.491452585503245
-0.739860397315624
-0.611419252752159
-0.650979548139492
-0.707045347425834
-0.579875439114204
-0.493402470281545
-0.580152022738595
-0.581395557608157
-0.604817009298883
-0.592240075475168
-0.603370904961987
-0.619283841206605
-0.71325045264674
-0.50931805566109
-0.399502970427585
-0.572046921603948
-0.567395926196612
-0.603358272461568
-0.479380301363653
-0.6057546271519
-0.67993358357943
-0.550099336304138
-0.482567777835566
-0.513665093635399
-0.493372959036011
-0.662922178583794
-0.727835551957629
-0.531842621347714
-0.521803512789075
-0.564508941317142
-0.672663482421812
-0.579958317518401
-0.520524101595306
-0.492443682963379
-0.648867766322891
-0.584836110402195
-0.69663702934385
-0.551693655364384
-0.398376419722542
-0.553651647390023
-0.391037427247939
-0.534445691350811
-0.570846384050278
-0.568474085459157
-0.448740394968768
-0.516359046966326
-0.687063709691452
-0.450730942321308
-0.547820235060936
-0.563375633084984
-0.558705318448103
-0.462637943534551
-0.578511117351161
-0.459119795623306
-0.290963751380572
-0.67441796477568
-0.570631261840125
-0.616091745389129
-0.528812743448917
-0.673206623188607
-0.483993601268714
-0.574342937507961
-0.489351418574768
-0.377914582527655
-0.4150296511208
-0.465236404598684
-0.467072114039704
-0.508967015918176
-0.418945447555481
-0.436283674626061
-0.449876694898601
-0.641019190049027
-0.347688525245685
-0.541902749786617
-0.606360264632349
-0.39622849101274
-0.421953938165976
-0.520295493162113
-0.447208364778425
-0.39998031860982
-0.339653593753436
-0.50246825635063
-0.492679365904399
-0.377433144661373
-0.361861384552159
-0.365592367315115
-0.405390418292104
-0.358754075529621
-0.466645088129892
-0.475253600834404
-0.498586830281325
-0.437977064076116
-0.412360031220906
-0.249171965351135
-0.368945318669229
-0.405247135209874
-0.385246453962307
-0.321142310818115
-0.345884330627532
-0.331754562720793
-0.35015692755076
-0.558435441656191
-0.465942445821205
-0.331639827848542
-0.453939025936279
-0.338832260540525
-0.47828295549579
-0.395722713988075
-0.42817565538492
-0.468735132455376
-0.390377196461633
-0.472239599387344
-0.489747750920488
-0.420046698687444
-0.410419564199116
-0.391073567467932
-0.293034640882525
-0.423630357854017
-0.356826910047395
-0.367984859464372
-0.397758807527422
-0.293527127703384
-0.274520022847124
-0.244111793078933
-0.257509777233865
-0.362799069278081
-0.30694679486992
-0.390527866525418
-0.288279380641319
-0.231606769679239
-0.402209431719654
-0.348384465031396
-0.228722817291876
-0.489578295508835
-0.343086662807449
-0.363981566806206
-0.261959862848484
-0.321772264966568
-0.319401162651856
-0.36429873659113
-0.306420935998683
-0.29915812728352
-0.400858356419917
-0.388042009629224
-0.288691117122536
-0.468657333383293
-0.1862335617195
-0.342833208224279
-0.397155296160168
-0.348082181955008
-0.442650863221219
-0.268721921354499
-0.333325488350441
-0.393380111791147
-0.465998256234578
-0.43100506277542
-0.291294407334067
-0.171030430661981
-0.247334018011694
-0.396579930943638
-0.0677680721094797
-0.273534851401055
-0.458662998212481
-0.368783714980511
-0.229690692065266
-0.214498892091496
-0.205470849110772
-0.222619479011794
-0.410430075686813
-0.2105442227933
-0.424813749206474
-0.284500613594505
-0.21319245581812
-0.465248352610234
-0.165254537748166
-0.213144731720358
-0.361373149969346
-0.318592905143719
-0.155364712245378
-0.152410374048206
-0.17733016012283
-0.270092831082207
-0.296456176477363
-0.21822643645414
-0.264979558024978
-0.258876536331104
-0.304729548147691
-0.135027878268322
-0.348315804462521
-0.265750808596495
-0.0271073384561498
-0.268705522128604
-0.309971245763947
-0.124103698011434
-0.234005661335696
-0.289903171085151
-0.328093744095309
-0.298753703024956
-0.182117659880184
-0.251858474600446
-0.349910285442226
-0.18434033555079
-0.223539196875645
-0.189987448495135
-0.199623471305073
-0.149511770386657
-0.0866900700045204
-0.157744998780778
-0.281655341365228
-0.0605872310925407
-0.193365565173178
-0.159140090916409
-0.276747128403062
0.00244761787559567
-0.176947329282171
-0.261397164611935
-0.262686753009775
-0.178566945175359
-0.275715166918383
-0.181631021569687
-0.105324362059619
-0.132427957751859
-0.118013855987243
-0.147039089330061
-0.296155574718572
-0.121176518958817
-0.205933403005428
-0.138284195812991
-0.0988872727857363
-0.113977563579945
-0.245659970449001
-0.128143070038815
-0.059449626613689
-0.0770289323233011
-0.0585546538543554
-0.234235714370828
-0.275187901448778
-0.207698133589304
-0.131674097224805
-0.229876018040805
-0.160994344044505
-0.235018292740585
-0.201825817033883
-0.105972461978998
-0.112990545504678
-0.0735282467468023
-0.113400307622653
-0.128474312639585
-0.200836045173953
-0.109597004962065
-0.19258002908087
-0.139081521740452
-0.102090545171941
0.108832596535421
-0.147899540933353
-0.0782936194465213
0.0357157880887249
0.0518924167185479
-0.00220978944483448
-0.142952258558757
-0.0693344338938052
0.040877713259594
-0.245359431393795
-0.204814000573376
-0.209854083221705
-0.0138557410666265
-0.128859400060064
-0.048363525328515
-0.0774576390584204
-0.0133480873930161
0.0117421879886646
-0.218475765992793
-0.0129060454688643
0.0684398174921413
-0.138051685293697
-0.102764080492842
-0.202417485492973
-0.0572147569140025
-0.026300482091371
0.00652893025406236
-0.0596175489471617
0.0711182665771223
-0.0128371622951412
-0.102084275974805
-0.0360597788581568
0.0521071166490024
-0.0840558264875655
-0.169844380452727
-0.0242552084454149
-0.0340800626669066
0.0198822721285361
-0.0859683399141845
-0.0334967408103693
-0.140099959627047
-0.01507073937316
0.0335344636398345
-0.0216151057468372
0.20902905882012
0.024961044027055
0.00627510915640477
-0.145375240636732
-0.0594079841130681
0.0269357242506637
-0.113960452479004
-0.0291007935179739
-0.0884387989689031
0.0388849499926888
-0.0316354269399144
-0.0383554612799645
0.026712293683399
0.0478070449286123
-0.0458271411665403
-0.0181463712885835
0.0972211335822206
-0.138219941910194
-0.019709800766657
0.0375502031876162
-0.0344544713898981
0.0265343529663766
-0.0216094656120326
0.177304497658983
0.0703425449895118
0.0816550270702387
0.0987267731780882
0.0353854269709386
0.11672326130824
0.0882479507705266
-0.0413616865739795
0.069333412005457
0.0636650102008387
0.0183740685090368
0.0404932641156817
0.0944460151820058
-0.176716212811977
-0.0193733627919982
-0.0266869489332612
-0.0589829434050007
0.00448297296906801
0.101767800817409
0.108306852199678
0.102796471770253
0.0696601248593128
-0.0818331237072298
0.0411534832997857
0.15729874697013
0.107743346385317
0.0483614720857222
0.0585534669083776
0.0370027104790736
0.0949462669052588
0.137175602863459
0.106866705632759
0.0998028799493803
0.0869496371499922
0.0521096557513921
0.000751050253778681
0.08852619590626
0.230086164859349
0.119915774254675
-0.0268811670103076
0.167645921445062
0.0125104998720047
0.169307142502837
0.0390016130033666
0.130043090586417
0.0593089998015826
0.147613066328453
0.153173107860676
0.069833709265044
0.10128384204598
0.213986219766858
0.174618611222047
-0.0147165952450503
0.174020909619351
0.0857950579680942
-0.00541981269229633
0.26288844402744
0.0958895558222395
0.240291517277962
0.140418539967174
0.108972955967357
0.216353016813547
0.116749171072142
0.165349658131327
-0.0714599915702262
0.0263856074029756
0.153070234120347
0.0436379294835672
0.199842656992823
0.225939616473368
0.0801794269080505
0.210383563462282
0.162178235270878
0.119421951677065
0.12794416547652
0.163503274519404
0.0429990879234343
0.166335805760364
0.125255324825824
0.149460402208772
0.23935791732274
0.198772557141258
0.276393096124948
0.024991887010152
0.277139402225761
0.191560841565574
0.308483333986518
0.187664332257379
0.106876625470635
0.109530011699602
0.307284605474787
0.206690371129652
0.261737780200002
0.135056126035368
0.160239415780795
0.243079313536919
0.331219395339563
0.264724955390166
0.0963084293783053
0.183671969653996
0.301573971350339
0.213989661743629
0.179572360699251
0.260939053835422
0.384522645184131
0.163530452551045
0.229188975539127
0.0231621782928089
0.299243730819087
0.193013817544355
0.289145133794849
0.343173144952006
0.213023236677873
0.262805014319223
0.110001911587584
0.311963289096705
0.35096805205957
0.380524989649357
0.127309064101585
0.208932113845982
0.0769577607243151
0.220569480143437
0.279644570685081
0.306994212601008
0.135400116884622
0.194554460771425
0.2441821987132
0.219565544345842
0.244627129615276
0.210204494516793
0.263635429519168
0.288945744017729
0.404707301999446
0.221760066485141
0.367243918757743
0.215713960437105
0.198733351970473
0.420226140162347
0.443745992791947
0.321711899219479
0.313687867237995
0.387670444662129
0.370970181403676
0.190048498745643
0.378809101250907
0.247742804319982
0.316838643965051
0.23997199867189
0.260930414501597
0.362374457255956
0.456144415099113
0.444553767491523
0.176599318048076
0.438997229290377
0.39011027996943
0.308919427902937
0.284298031690717
0.403753615448048
0.410268600031902
0.400399992998719
0.480798913369902
0.460556260402253
0.429567404668976
0.412480837303985
0.290703954556239
0.266086096587713
0.500394352653073
0.335513395521195
0.409351186051428
0.388617406249397
0.361053109153463
0.330884760037409
0.415114205596022
0.407650247746675
0.338208687086156
0.260325835113798
0.453250893181163
0.521566668763716
0.422692362447597
0.637544278819586
0.274524303306846
0.277347256647916
0.559957361480752
0.306384326535614
0.424587513432862
0.448107927182735
0.16579864563104
0.416224777065296
0.220659949560428
0.35384875002583
0.237724898229534
0.441296350176743
0.343305040217209
0.456547302398079
0.644661983965487
0.36926071760281
0.45053429509688
0.44439134919234
0.486874809703674
0.404675677039301
0.46346476805814
0.367763605934577
0.567096270839421
0.478170141302719
0.522637975160029
0.465910159090581
0.382484915521011
0.48285640223486
0.480168585314147
0.353732928071715
0.619103474572932
0.455074334433856
0.585141209350752
0.415617566587822
0.311146349594345
0.449457000592898
0.481375499269997
0.553362506681159
0.489871113348064
0.452526656145152
0.497106693909866
0.506843995248236
0.484953947318488
0.584928769492917
0.458012956448802
0.640176206478113
0.462431688848496
0.614392467977641
0.520137952587446
0.345316551969363
0.513482565928735
0.597292925715394
0.522522795927197
0.4336269401106
0.627821805387371
0.597381033992328
0.518326866175645
0.517707976568796
0.430753436385174
0.461294032688994
0.573859196593698
0.590766040944365
0.615682823376543
0.578498511908208
0.585641560624858
0.431968072497025
0.733720296986536
0.494230769843459
0.454817653937201
0.533725291020889
0.558300789606869
0.453860108041781
0.638442844788596
0.477766477299022
0.561551694215859
0.520794570200303
0.553301597609597
0.490152296177464
0.530894194164074
0.520722475888992
0.488163723580308
0.442488261621776
0.490809843657013
0.623412902230191
0.601433783324637
0.615292614458233
0.562669031687907
0.746689435313755
0.684667161289228
0.621220465924337
0.501983732796927
0.527134401800132
0.730630585886351
0.612936041474837
0.577219313314278
0.639023319479881
0.62037696230803
0.483367200873454
0.496135252550256
0.645727404043597
0.652163138774269
0.695360934720287
0.612506699001764
0.602903420324085
0.521296274654595
0.58119870914579
0.559015541138177
0.65190906955528
0.698640405868543
0.549376961384301
0.624234872780001
0.573147349571672
0.550870462481131
0.585886842196094
0.578842648861548
0.674354155904182
0.480386963668875
0.618117033120531
0.551513618805879
0.683266410886451
0.663409764621611
0.615578662424709
0.633783351204828
0.495415877215977
0.631092137145128
0.545335177420564
0.694996271415717
0.610932803515311
0.656511051379769
0.734275320136466
0.678378364232925
0.641987520006454
0.687520512096283
0.715645170343384
0.856185305137529
0.658879922825535
0.68060716613189
0.495019318831592
0.61580852874344
0.597362975139381
0.675844093352519
0.83477715528392
0.632467925996553
0.664196742557089
0.653512634936307
0.650310259267391
0.681105281325153
0.717325634395939
0.64254262870939
0.709026413690647
0.728901258928118
0.734531762196098
0.727201902369163
0.652681134509413
0.734378924378644
0.815870406276989
0.715992756680391
0.878072632610998
0.670491981667764
0.680870610082022
0.819289259888568
0.745313646964644
0.774548527631942
0.629933229662268
0.682090103925908
0.708363432898451
0.799255939489413
0.744447279727041
0.716600955033282
0.689642539022379
0.792518941749809
0.692080371554696
0.708222454515957
0.642549240632016
0.575057760622922
0.633061495851588
0.687086772953678
0.576362375797775
0.706369475292253
0.777940010436479
0.809251095856328
0.849500654921176
0.760149389022579
0.702297749971733
0.746940007881436
0.679364759025905
0.781939108583539
0.694977644900978
0.865670996039267
0.740948345074062
0.767527574066202
0.740325249523119
0.802149984809877
0.710045761429321
0.789158432699127
0.662695145629869
0.860191396051345
0.734809605928243
0.674775788869691
0.835638472180848
0.82491704227915
0.834637194121058
0.892201747804523
0.880680047998368
0.837600498220938
0.782311446541991
0.703379282903255
0.809152901711625
0.720458058375944
0.719451864254419
0.837343280699416
0.555681172369872
0.887276154110111
0.841336699257001
0.764290408462849
0.837631384118045
0.850955143489033
0.726103278394828
0.903903045913163
0.876393764984008
0.653258187125892
0.754619283028895
0.934103640130972
0.832251512425408
0.848220126362193
0.810581290978779
0.812214410825628
0.925677687768086
0.842013629252126
0.763111136435484
0.809575912411242
0.833424816417345
0.985985317431703
0.91643397337152
0.80523703420742
0.99839148270634
0.995376119808555
0.903190573429375
0.898384023904216
0.790407069358008
0.865832728040619
0.9228246665254
0.954191244382799
0.869366967415985
0.852261717866333
1.00044512744965
0.887793516702216
0.775152400446253
0.994637560578123
0.843572762936961
0.987428551253673
0.869766405186444
0.933901963009043
0.828996661650898
0.860364594889055
0.901754146870559
0.914706212646373
0.769000620207473
1.02208438123841
0.882972215256272
0.944495040428689
0.794513236218209
0.939000291627845
0.916150598990451
0.971342272113322
0.821598986078152
0.853514749952845
0.798847070516094
0.975532259318049
1.0980471203034
0.989011442888553
0.889873149169273
0.923713368834273
0.968146516153202
1.01438959873161
0.903913755820903
0.911326352982598
0.979167737230969
0.842376577078521
0.923595114840318
0.930583280175998
1.12521647021912
1.05350219238087
0.92413015941091
0.826834597823675
0.971658033747904
1.22728815252181
0.977369402523218
0.895839796581018
0.874430336145343
0.975779650973186
1.01288175233726
1.00365364281682
0.989352755323332
1.12351978718513
0.966211262624567
1.01120187504474
0.91062305204659
0.924778748485974
0.980923724265971
1.02066623702938
1.00653497733757
1.0339849146591
1.08872553615532
0.894158994708474
