0.112908854105775
-0.88820820680465
-1.01762460734314
-1.02459659783759
-0.928080797798496
-0.970725377750392
-1.05498535838323
-0.938444937102011
-0.90633150756895
-1.07395528443406
-0.996266162584781
-1.10732856551597
-1.11420403183519
-1.02393061362176
-0.915643091114831
-0.918253205508101
-0.840673661077329
-0.943955142447866
-1.07922951722395
-1.0180431005397
-1.0694016184797
-0.857669696743644
-1.01470412115551
-0.928440286097588
-1.11508759304827
-0.996154982980666
-0.810852455970528
-1.04778374506122
-1.01181190799112
-0.961011209226353
-0.790041826699785
-0.782658795618965
-0.995139651746718
-1.03387842566988
-1.00912266950849
-0.959293461371602
-0.844226532162797
-0.887485069569851
-0.994345797157048
-0.854301371824699
-0.976883797184975
-0.870425208974328
-0.836447952870893
-0.939548006041693
-0.982486669467757
-0.94735525301192
-0.813306959769332
-0.890147035816147
-0.994250938711254
-0.969297604568297
-1.05612794757651
-0.888290335334432
-0.863868230034
-0.890814745158524
-0.929162199569587
-1.03652275401757
-0.75993536171
-0.879483254191767
-0.921571877156961
-0.80848732092941
-0.918395904123571
-0.835165780774439
-0.888235667136557
-0.783609351043893
-0.810500442970028
-0.865822335879116
-0.793166778338346
-0.867853420310309
-0.957041928458062
-0.934881627966826
-1.0371827910832
-0.855168765614698
-0.867487428735082
-0.803690110006032
-0.877681110130756
-0.903763776679349
-0.80271664797474
-0.869330163810259
-0.879767797859808
-0.854237073713153
-0.77560541345932
-0.759751249093447
-0.819358705851054
-0.915127144189746
-0.781905620201395
-0.675806260588756
-0.891416363602613
-0.846824234282968
-0.855236435357979
-0.786948171764298
-0.872754379341329
-0.773887465745581
-0.614216001915671
-0.719447695164829
-0.781831146405283
-0.839635293584157
-0.724520175182865
-0.812317268894066
-0.90853263458816
-0.743174529004004
-0.775602639916163
-0.855438938966844
-0.734388184228558
-0.749333396035975
-0.833600154257859
-0.695220469818212
-0.694742351551907
-0.729562456880372
-0.779366517161746
-0.924719976737065
-0.752683454401921
-0.701114197799697
-0.72409212819955
-0.739596507726711
-0.82333538051136
-0.731968224582541
-0.841009110006987
-0.750648983771654
-0.786509712981719
-0.790967593426474
-0.833935053135819
-0.715651108644441
-0.70805116731909
-0.762535965315568
-0.844481208189367
-0.656122686075642
-0.798715702725435
-0.97296537102204
-0.612172503473205
-0.678476926655781
-0.765708304169574
-0.683530252969869
-0.683572103251185
-0.766469516209578
-0.799897786534326
-0.807088346377138
-0.73459114860296
-0.737583923747276
-0.721213404813256
-0.660863692928778
-0.714707985397598
-0.818636636434117
-0.592813009619996
-0.736033356105772
-0.540724091373124
-0.746449984250557
-0.703702541426897
-0.560694352405832
-0.7271956345384
-0.663795559223034
-0.688921412801566
-0.703666345674074
-0.664101867522679
-0.711948953856958
-0.454965102586599
-0.683805092360451
-0.573221058106771
-0.674216323549084
-0.700946509850026
-0.625960886877432
-0.746437113862122
-0.713402580110651
-0.729433767755897
-0.739364727614939
-0.657077937246428
-0.794395527252426
-0.703464286605834
-0.647926475892478
-0.637810362037158
-0.683529361984807
-0.617976488078275
-0.718595762299859
-0.746190811316382
-0.590269070871928
-0.457709894872663
-0.720961159376877
-0.65122810598327
-0.546205261026734
-0.544664490258859
-1.01198987859355
-0.664875885690152
-0.570603063455888
-0.658360142860395
-0.627533263285377
-0.55311732745409
-0.727564153207393
-0.609469265950252
-0.743010270923212
-0.611750082683016
-0.52998457329153
-0.737116826470339
-0.634211128414935
-0.456478081569984
-0.814452032465289
-0.562051035642165
-0.513386606585479
-0.654962839526258
-0.57987948687764
-0.639010020460088
-0.612389066519389
-0.560499560367118
-0.633802753235416
-0.596931328489417
-0.643734714018505
-0.557301370748271
-0.587908017614481
-0.632521372626191
-0.563354103142463
-0.429882775918749
-0.535849643305363
-0.458478421197458
-0.692446217891162
-0.69381923988116
-0.601760137303121
-0.434376993509076
-0.638687083581981
-0.624267488435494
-0.656717990516668
-0.549180678229903
-0.573945021704685
-0.545279780342836
-0.609517176286396
-0.580173601861023
-0.652904959289499
-0.644685240117698
-0.572823871935393
-0.584618906486073
-0.600458590829153
-0.335640048833649
-0.495990701270408
-0.514143376807181
-0.431558178270109
-0.577308408891673
-0.450064651124332
-0.447612955622324
-0.516008641824283
-0.594165956286184
-0.459119897272451
-0.60842521683739
-0.498154840609855
-0.605719534797139
-0.609782756696631
-0.56760568622306
-0.678857137981793
-0.563574212285502
-0.550012828908509
-0.618229894001895
-0.506881290942534
-0.601092792920944
-0.509733569376223
-0.512131084991406
-0.519477847782509
-0.581310934865313
-0.452635004614678
-0.544263518434685
-0.593040885811193
-0.610711957232518
-0.624389888755028
-0.539413986625218
-0.411974317015814
-0.493189535880424
-0.547323032828461
-0.421307306573153
-0.54100890698514
-0.494349586652431
-0.558831115972565
-0.411606127155531
-0.544122965531507
-0.516399787819346
-0.452868204899001
-0.635702764129454
-0.35503221903982
-0.417291143329208
-0.480154360983609
-0.4647960460183
-0.328371749664998
-0.439228731360123
-0.4400958718169
-0.518189991220465
-0.354327929611374
-0.559639987433421
-0.338216016154332
-0.386925114107816
-0.475126553905121
-0.551247009715211
-0.386324059617258
-0.436586731300894
-0.344129777600524
-0.376248837054614
-0.40444391601311
-0.462581075533545
-0.375127686656308
-0.537692184675174
-0.497170608097575
-0.326637211611968
-0.482546790941459
-0.369676176087699
-0.548962113708568
-0.422338884136318
-0.442950156255067
-0.539069324908052
-0.376688893856592
-0.30362416545143
-0.407536720198458
-0.46660120200332
-0.506556565835922
-0.28351595854553
-0.386105748713924
-0.419391200952479
-0.363294670686952
-0.415446098853835
-0.400309234570166
-0.57110716914893
-0.283142329558615
-0.361305810687825
-0.316716492520417
-0.362342050923567
-0.274894147000716
-0.337376346058376
-0.344031548402824
-0.364406380440889
-0.272339516964547
-0.367556264915992
-0.360294136926252
-0.412576387681769
-0.385823015125825
-0.493852106556568
-0.428182303267167
-0.428229029676418
-0.409439327244558
-0.567101556786143
-0.217056970722174
-0.382350186014836
-0.347833486667878
-0.316044913291256
-0.405970405272804
-0.3749353626288
-0.436676405240133
-0.344340951204029
-0.437817603198061
-0.214037202974774
-0.461593173383687
-0.275798608095944
-0.372671123220453
-0.268622876777159
-0.310639618312151
-0.178901891289954
-0.311064754258349
-0.303135198234727
-0.306228100560502
-0.466679334326567
-0.275560271302049
-0.191789944833503
-0.334756535134158
-0.419682572701272
-0.15838366827297
-0.365309041177134
-0.253726646227195
-0.186562004349604
-0.301840419221254
-0.446026819976332
-0.403778486431926
-0.194552760196495
-0.278833986070299
-0.415863892407508
-0.205241585860559
-0.192029362674521
-0.117119890516393
-0.228915330284318
-0.117650543136511
-0.311474671247159
-0.295144482897283
-0.0658877517510577
-0.117569889388546
-0.131022199382146
-0.118790945138403
-0.417621436133179
-0.448705422031362
-0.240033126397976
-0.2629468938441
-0.31884736751348
-0.266814471799483
-0.319133922130663
-0.292271276605361
-0.251780535674922
-0.277361119739155
-0.321448519025597
-0.192067185505962
-0.171431529698269
-0.216832023443979
-0.213605408809607
-0.355419563055113
-0.230313559578127
-0.253518873090893
-0.140182271509173
-0.133350355970495
-0.386057110937552
-0.260993808668681
-0.142364988441214
-0.0780860800608921
-0.0995741750508423
-0.167006900121918
-0.212743349206835
-0.159658742249682
-0.171448076185739
-0.317823640575355
-0.214089229817525
-0.121960885523076
-0.0913771847287962
-0.293676546323149
-0.241840652956747
-0.235641636113803
-0.202543677910327
-0.149045444606111
-0.236733515939711
-0.198583972151949
-0.256353738213198
-0.200499380484228
-0.149694671906895
-0.251843061115037
-0.194380649355619
-0.18965692864206
-0.244338842928095
-0.164862815670767
-0.151674502595002
-0.0808782707518405
-0.291257952108371
0.0371947991557156
-0.162693461448068
-0.0650123684514331
-0.0507323066224492
-0.200191672484981
-0.0887883651085506
-0.1628542116474
-0.0943207692798351
-0.0310996110982587
-0.0534836995572688
-0.0794538147309989
-0.0570179411125455
-0.0473124286852964
-0.161164830162816
-0.05069218730324
-0.107300230488011
-0.0677684823581116
-0.0786175061327249
-0.167239118317274
-0.301434303377199
-0.198989242892409
-0.133835250343363
0.03252897259281
-0.2435849167874
-0.151506387012185
-0.131604968416129
-0.126785324573448
0.0363891575293658
-0.0679853888647918
0.0514471818139149
-0.0956199128314679
-0.0201247863762142
-0.128915923829149
-0.043330805410884
-0.075710738187508
-0.120919433200221
0.0681285780571439
-0.0785077412121385
-0.147778232924478
0.0104601664146819
-0.259325678330508
-0.0785281271065877
-0.0715221553851483
0.0202042397727001
-0.10764208777682
-0.0919911969691977
0.0378018647024927
-0.0181933505433707
0.0891510683448259
0.0317824649180984
-0.102951144161034
0.00938199810884938
0.0316844381372191
0.000747023046487138
-0.0633694573203859
0.0143737088885536
-0.0127236883603699
0.0014271436917033
0.0163892424645084
-0.191631700976662
0.000859152481563746
0.215922602777167
0.00223709752486038
-0.113223203703789
0.0751904868681845
0.0610465881983537
-0.10422880146328
0.192024742685704
-0.086842036923692
-0.0121907906063095
-0.118474280362076
-0.121614466228726
-0.0349534786686785
0.0428272409359237
0.0818180619724701
0.0727377674595032
-0.0669919414324275
0.0993477893519512
0.0711290443345794
-0.0631027160888784
-0.138084448393726
-0.0595372712150272
-0.079447330926839
-0.102804178590258
-0.095377261706437
-0.0135393886409464
0.0909882810359882
0.19387259282819
0.0887685276936615
0.107525659641185
0.0541365177124027
0.104947876551741
0.083275013461982
0.156491822787417
-0.0269475207613384
0.104614700192847
-0.157370158601313
0.105450573057976
0.117479976915737
0.220022510211084
0.0310599400698741
0.0223304226368802
0.214291146873386
0.2325453292604
0.0653399451818784
0.132303682918968
0.0206205732499272
0.0289720892825393
0.175723677493405
-0.145501898623168
0.0526414002964051
0.0102445272586543
0.126863916467934
0.0227397233031962
0.0219607784881657
0.093880584810792
0.0676490615425636
0.0207131826021975
0.0594545596827979
0.219225384486055
0.0847621983559297
-0.00382039299549307
0.184854361124404
0.0954164785221828
0.114797057308818
0.0315583338207445
0.137379929278515
0.0893480200099228
0.00831494823093154
0.196494200508595
0.034630179143757
0.0821426777246528
0.167365341969484
0.090865390752056
0.137979462138878
0.0788133884320236
-0.0057279067052848
0.149302679924924
0.0671676700377846
0.181221976970422
0.147106070873099
0.00487727636460771
0.104375989419977
0.220836295525369
0.198161414672605
0.163760021778365
-0.0127632832849907
0.0265425985347932
0.238298913596133
0.105749552430507
0.136167855165001
0.14700136067731
0.105716144442981
0.13531778177458
0.0297093833653656
0.0398571576372231
0.127436846277194
0.230844189257851
0.275889351310419
0.0824360736038003
0.142479914940035
0.235513444605058
0.0789705699709623
0.225430057958419
0.170350858868284
0.151895862992819
0.256279312723453
0.192734886626858
0.1471518502363
0.103910696666671
0.174957645647561
0.394047628130221
0.231761368131844
0.207678186362605
0.159389269139639
0.0502445241658069
0.135505710961491
0.30265640215968
0.276229450935551
0.0416669293027393
0.2678404253544
0.201156390781393
0.143445200386978
0.178553411733131
0.282303641653861
0.163479068603126
0.254249556965604
0.152646280860438
0.403413587919963
0.224975107778958
0.166625741911563
0.332264257618388
0.270739226031249
0.301856442231937
0.139529788360949
0.401313779542666
0.277343075949336
0.342535932456738
0.271601772375788
0.290149914629508
0.417002989940043
0.250633016080148
0.209799128077925
0.272108185360144
0.239257426788984
0.237201743608041
0.230474260008819
0.226011941030581
0.283651179960727
0.218594700662015
0.397606190180555
0.25745681442385
0.229924393917628
0.363822170154498
0.51006904705188
0.234854993852532
0.32391623485214
0.262838382436707
0.224418711743295
0.276147235054577
0.279786263776659
0.180324035062808
0.304960696688113
0.240591132474741
0.259302792539545
0.274727450473682
0.317415583952482
0.269773639058362
0.320910843005669
0.271625169723687
0.429350044934654
0.280621780251756
0.387170089826321
0.230303971466219
0.300692612988148
0.360532816851995
0.371094024993833
0.301951792172661
0.306816464978234
0.555084957970324
0.425328203331639
0.302965595021556
0.332256623849161
0.310342094277599
0.458648810337127
0.300390727153257
0.263846207999465
0.242405267442705
0.56558541048364
0.347129369401654
0.285911078009734
0.262974421124044
0.40648259536289
0.343118871810419
0.452425881462616
0.418917164341357
0.371029246010668
0.295622054789973
0.281841328319903
0.366380208260594
0.444604150310526
0.367985985621064
0.329651527642664
0.32946748236852
0.20887818458165
0.372202435520393
0.347845552518713
0.346643613633873
0.434621433680061
0.460300536445123
0.425905202611107
0.306813678344082
0.329062257468181
0.397052650948532
0.407759522433723
0.311335804166694
0.457016134285981
0.463955224165904
0.306824797310804
0.410817257139234
0.361764769045063
0.2991204875132
0.464228994032716
0.325794146323857
0.517685186231645
0.581726083040942
0.323693826170457
0.478094316119664
0.460892145953673
0.465931271143131
0.234540929702032
0.411077495389974
0.441923862095592
0.525411367710344
0.549550804017848
0.449801753873571
0.361495300528103
0.566989893370555
0.465802921357822
0.41173702660165
0.313564435194134
0.506796502969985
0.381208029462959
0.460561699602661
0.55555676145557
0.457890434860769
0.512851364085506
0.451501587440796
0.502902351326177
0.557885699755519
0.432011316093985
0.430731955561911
0.373635152410327
0.406622634833823
0.515585106693148
0.398444240284474
0.482056061887302
0.517451309445569
0.509653604133894
0.54652550713687
0.483137877921485
0.573495070531899
0.541943914397168
0.550063312293366
0.492355889284452
0.443743110950836
0.511886955911562
0.426682087663131
0.543797974373121
0.745904217328697
0.422940548392549
0.548196046629653
0.616414190367164
0.395583561090447
0.523785812724468
0.433854013438482
0.587637758383236
0.674156265331353
0.571906231689224
0.45965344369324
0.449853825220585
0.469976650421663
0.688538715483381
0.521023641083293
0.421212764564131
0.63796906736195
0.481883544878084
0.618412289833893
0.690136713650025
0.467592292367542
0.531145981108501
0.588441884974801
0.610983902299475
0.517448988533762
0.484627335585897
0.681026257336386
0.611356738433229
0.473273079579739
0.499208482639521
0.605341002756413
0.516553499763565
0.435686972575158
0.539827837970747
0.596163267480825
0.617304044352505
0.586979490536034
0.655095496980246
0.576344383987582
0.628765718543925
0.704271841335191
0.646810951618987
0.593169151694896
0.647938861649795
0.688221837806212
0.522589397669918
0.71159199159941
0.5987318572886
0.543862509236894
0.483124985661878
0.676176136029903
0.53409954702243
0.70156907688274
0.59199225428387
0.658802203772632
0.729280583475899
0.737198471542479
0.593493330888264
0.598969264879012
0.580956995128646
0.60466252917835
0.65064264318511
0.410049796953117
0.544855411447072
0.652453937224286
0.689034727059204
0.743245155682909
0.637476778993343
0.619837273017431
0.45227355169193
0.60352858792072
0.699613385927179
0.888637171567849
0.698780154088586
0.523139085294508
0.649932266196888
0.572549218068597
0.606840878794106
0.582400276934781
0.92356145221321
0.661535966154172
0.755387751082261
0.727262025448756
0.73596992244121
0.6561096212856
0.582379515102533
0.891921319310167
0.777160413904025
0.630078569864965
0.641777617920659
0.70657713372875
0.703354174934459
0.756620343659653
0.634553206314553
0.647807025649477
0.689931157429058
0.697397073976425
0.720024896613963
0.754570739607828
0.76122264014715
0.810446525713129
0.62225619695868
0.719176229672601
0.702778291305254
0.687167183717197
0.639638889516314
0.725296608323558
0.853322200372785
0.713279742349392
0.832178442276307
0.839128672362803
0.717513856896374
0.696711498892591
0.637961120174592
0.709413370288878
0.672883611673286
0.56741296913887
0.800250084917448
0.769315497478346
0.949074150691474
0.73644624341345
0.608167231850708
0.752488619063253
0.85205569884654
0.785422374200568
0.747358832062635
0.734397650629779
0.809786004127529
0.810917388096088
0.779693436011971
0.856257196533461
0.723411147708933
0.89691843535362
0.805283911070431
0.865670243587955
0.684856294241453
0.784134985960895
0.652616258790311
0.837122130378154
0.796974720133968
0.858712210288096
0.713716406509535
0.79029589365384
0.74814811708249
0.78861640231433
0.644015772033363
0.939769005846963
0.630097336978949
0.736455085120492
0.810507659501458
0.832965598391048
0.771952965564448
0.832880897563968
0.921356102400547
0.889329344439809
0.855185772382615
0.868575868692655
0.680203723435207
0.836825802456991
0.828663700416491
0.75355602988597
0.935005294635999
0.872873343699488
0.871782436754782
0.670066477348477
0.781524586058927
0.799084369583842
0.960404761309187
0.990146210793904
0.90563112043168
0.880672212380358
0.859585387839186
0.793122225890377
0.908270894085917
0.910010885255684
0.799247975700619
0.853834020746499
0.85274359850818
0.970347992079648
0.951928986494558
0.953082941462608
0.787113092951434
0.917240686169471
0.773478387534853
0.853816258122504
0.7833408603223
1.05321357932064
0.918210726568114
0.926291889275429
0.892780872164625
0.721215665249764
0.719283016109526
0.866833828044461
0.867178753737662
0.971747384172359
0.92925392089297
0.789128960980669
0.846418412372553
0.999406808176852
0.869645700135772
0.873327800125953
0.931128353774623
0.83340297597079
0.943046456105333
0.822379789702889
0.917757803370887
0.942587002432874
1.025392417394
0.87582285551494
0.910377514669553
0.915405312152815
1.03025652677325
0.936560468682685
0.831063468332158
0.909330527412892
0.824731155271631
1.11703034059849
0.815195240645153
0.910089246390693
0.831276036373686
0.97258323975795
1.0110938544248
0.746392066180953
1.01225041582924
0.873972422073228
0.901768821563315
0.857774838137567
0.931918064041334
0.940250409272697
0.929522648188796
0.997039610415452
1.05703681736375
1.08202398391512
0.949874771101383
0.9760349685243
0.909529935895551
0.823321587649679
1.01611663694158
0.963493790415246
1.07048685422927
1.00425274540983
0.961956176058153
1.01048519239362
0.961708149681986
1.07003067613338
