0.102185907776737
-1.09634368977639
-0.937539317865038
-1.04013098917655
-1.03747423252171
-1.09380912136675
-1.09642833834438
-1.05382701681768
-0.992938124527551
-0.934526052091713
-0.992324481234806
-1.11231922918967
-1.12435496140328
-0.89824546548845
-1.02275028698911
-1.0926331458264
-1.05917488944528
-0.788446762117894
-1.02895682355824
-0.96582522102182
-0.993802193296698
-0.964482635457153
-0.942299537245382
-0.860927607114967
-1.04861055308507
-0.958645824592278
-0.999251303379227
-0.945497814347214
-1.00560101257669
-0.944167817563881
-0.960194707317763
-0.910289726835685
-1.03174408560179
-0.897643689906909
-1.01167601142904
-1.01490563053385
-1.04854609216272
-1.05747018360956
-0.999541405131806
-0.980916007343908
-0.886642509746586
-1.0250721897536
-1.10787036074921
-0.898787748875192
-0.890385792301351
-0.938756378317179
-0.755789662681106
-0.885923069866175
-0.961745911538973
-0.878778727479541
-0.994967200512591
-0.827447248189037
-0.999577768417163
-0.908097878950011
-0.900680126659918
-0.835735003115403
-0.850829384335897
-0.945924784748312
-0.866904825414011
-0.907235293838333
-0.833280262639922
-0.915300606905273
-0.766800552679661
-0.943168992766829
-0.706467840239403
-0.846555080652538
-0.969234764613553
-0.858574849983727
-0.933568731345193
-0.799047068394719
-0.798497238786346
-0.772881189948051
-0.876374120981956
-0.781168511765845
-0.775439243187379
-0.922404969327316
-0.921038004473202
-0.768279844555815
-0.886782341755421
-1.02794279139369
-0.578639046806199
-0.910338032488545
-0.784835556284354
-0.871812380572891
-0.790992981725842
-0.870436936075754
-0.952924969262198
-0.716382482200219
-0.872348205502721
-0.682852540562394
-0.863539765984437
-0.778323386418347
-0.758511619857414
-0.807059176817915
-0.82616228183917
-0.963982378959222
-0.730406223014949
-0.989676345169179
-0.702830099556631
-0.758250711778985
-0.78173839788727
-0.91802027030208
-0.891176396270451
-0.819005680456367
-0.863339988854007
-0.912326233232365
-0.752842524332946
-0.690561727810574
-0.734526396831237
-0.777302440904469
-0.827918291780014
-0.791380054071344
-0.739090287503194
-0.81935654722779
-0.873808053219704
-0.775528335744085
-0.693872058485296
-0.778300563962442
-0.711241700944498
-0.736800682346263
-0.836151923935031
-0.656437246083511
-0.743510371408756
-0.743070630025813
-0.821388067146408
-0.73403600294672
-0.733367343759816
-0.62744073816183
-0.780820310683452
-0.729801633638473
-0.712682775423316
-0.876014991948562
-0.690689773459357
-0.566512428935101
-0.689456564941018
-0.669726857467709
-0.664335499915257
-0.772491162982662
-0.631939501166678
-0.740041010601682
-0.518199254509656
-0.649966908327046
-0.671291393121521
-0.714062083318078
-0.717804166317541
-0.767699375976783
-0.832089210413496
-0.595449132482819
-0.852043934192237
-0.851385281399465
-0.787629805265812
-0.704768002164249
-0.836236901810272
-0.778860670033019
-0.60839794277502
-0.719833958705245
-0.62125012418141
-0.58365316137633
-0.766560170374539
-0.542275176773667
-0.772174915174186
-0.708644218294649
-0.615642146087373
-0.763047343448685
-0.687748619349961
-0.572964569567636
-0.765246134723152
-0.768375842074161
-0.75156133692611
-0.645086915368662
-0.735606648614118
-0.547250654559847
-0.646146202954752
-0.688398492361917
-0.598083089632214
-0.622630672155925
-0.772042569495799
-0.608204750247666
-0.726848571761201
-0.631626306512363
-0.587265771531454
-0.647136058632797
-0.674225721195964
-0.734589612040703
-0.528621581149408
-0.816624223514321
-0.699960648722094
-0.587673049784655
-0.519014179879858
-0.622946592264701
-0.714243815029082
-0.720816975736258
-0.687782164787647
-0.712489622111414
-0.586110243192592
-0.829738843633311
-0.667989106597084
-0.511408834831561
-0.638396437720208
-0.581685696444929
-0.545079408023579
-0.480951810229457
-0.494562048880666
-0.64321838155896
-0.523181468319607
-0.600207540956945
-0.536026143581674
-0.824805980782381
-0.561248118512227
-0.674522554390094
-0.45420400970301
-0.664358617630995
-0.582542401430508
-0.55685268054652
-0.636856115531243
-0.63605608324819
-0.529532556514676
-0.512801715918777
-0.538406218151685
-0.471356737271435
-0.448872348398697
-0.526414107422368
-0.479058173501896
-0.505235768050516
-0.741966095159191
-0.514118716884492
-0.527544336855646
-0.583619569142012
-0.603452933837922
-0.587562581303759
-0.561503342015875
-0.675965719297127
-0.520143166875445
-0.57193963665472
-0.555394598418094
-0.530219344808751
-0.480814697136631
-0.407342787695778
-0.374978695405698
-0.471053453330736
-0.506126874801559
-0.470266167194639
-0.546142796366438
-0.349361648420321
-0.564134141749044
-0.561045579797251
-0.452922858539003
-0.575389694967323
-0.503978212522147
-0.536154054697961
-0.473652052132978
-0.4003352001862
-0.40344778706555
-0.485089832742385
-0.612521022326889
-0.546276761037032
-0.330429858737857
-0.285461502425088
-0.501318700064449
-0.631747285280455
-0.418761239058758
-0.465988704938145
-0.372727726092106
-0.372506657567168
-0.502356386185665
-0.565762854006913
-0.674502563975316
-0.552899930513187
-0.436513278941426
-0.378745283630491
-0.459530784029338
-0.560536792335913
-0.574597367592357
-0.58311624591957
-0.368047815715668
-0.445085589293072
-0.425469569197477
-0.40906983650273
-0.52915854916381
-0.519995656864371
-0.522326396389873
-0.462375789111378
-0.475959665355461
-0.556287548019796
-0.432390633815413
-0.580164928035296
-0.262147728501153
-0.359249704383888
-0.359366412222914
-0.264268437913117
-0.62593569668684
-0.514181545000029
-0.400591874480722
-0.390948370899385
-0.446286957175424
-0.371038616416198
-0.377690607750447
-0.52813698189342
-0.416268659476332
-0.378616397729332
-0.414459446430322
-0.375510400106131
-0.381865889758109
-0.248895844514155
-0.400283125243777
-0.338794405275611
-0.464072148367146
-0.561005921003898
-0.316645769212897
-0.4382117322352
-0.384400725049077
-0.251914031652651
-0.328058248986075
-0.343327520490734
-0.383857085797486
-0.342623108527555
-0.281006844824011
-0.313645144485301
-0.385792787636619
-0.377621709231037
-0.187261673142422
-0.327616403126006
-0.563021466870256
-0.307462737127312
-0.270333246995386
-0.333406029667432
-0.458398103895083
-0.462535544846817
-0.222173960438593
-0.486241425804149
-0.414781171609906
-0.35280643309723
-0.26395793095227
-0.36666343828764
-0.331847256965048
-0.336970413038022
-0.351332285436267
-0.411081218141966
-0.321277621701422
-0.278477078912586
-0.407713548482463
-0.235579693537352
-0.219887503674625
-0.472454475862529
-0.500435419502689
-0.179766114126552
-0.227154071158302
-0.264911640223341
-0.376592976562153
-0.423590099776873
-0.358851048925375
-0.328811293567049
-0.236211466119495
-0.347855230716661
-0.438193230299311
-0.441797942272754
-0.294253730802423
-0.20494743687477
-0.322434249795774
-0.275504337226566
-0.323388340133784
-0.303424862735018
-0.369811424026869
-0.481169368610137
-0.418845120388135
-0.319595594951605
-0.329837404640595
-0.095085590130255
-0.194012948068084
-0.189526440495169
-0.463913723659603
-0.242550299009498
-0.190664949709887
-0.472837162104521
-0.307462771805205
-0.28423104531596
-0.296457747952528
-0.314629104485831
-0.258558006348228
-0.210567854536773
-0.302820170162818
-0.244102540768676
-0.277096009719222
-0.240668266124581
-0.337864394784985
-0.340840164614314
-0.245305867773463
-0.108911504515638
-0.286217123494284
-0.215783792673324
-0.199371899310309
-0.36523724231344
-0.0963093854071054
-0.104432407500061
-0.274420256830286
-0.147381344207302
-0.305176786201886
-0.068142849593639
-0.18276793242951
-0.180661744952885
-0.293147594758473
-0.110754708082981
-0.0516479610956101
-0.056776560309446
-0.194316698778783
-0.141589779776783
-0.296357059433635
-0.231364471601605
-0.221431561811145
-0.337286474232637
-0.224071315913024
-0.277625187447927
-0.106127690866338
-0.0558036584566462
-0.218897315461483
-0.174307537615556
-0.266809731491214
-0.032326105952383
-0.242236770447446
-0.209637953860878
-0.273395382674595
-0.0383815260340083
-0.0134420569264023
-0.274350298133612
-0.0882722169575207
-0.186837289393514
-0.156421617916785
-0.184272015720285
-0.299898396508257
-0.195965389468703
-0.0790340130224574
-0.18963234536214
0.0716346742982259
-0.252044751961697
-0.0891089227493774
-0.210885758884524
-0.129139701963007
-0.0592564420981596
-0.102822084553785
-0.353547710517209
-0.0885775461657755
-0.194600614670677
-0.325695114861871
-0.101088527283969
-0.204920193510909
-0.107695644282229
-0.244484327103594
-0.0831141858097249
-0.157552497480872
-0.157167217324988
0.00845963678411285
-0.140806006808718
-0.093400522413566
-0.103341308248795
-0.0414581706957238
-0.0536647766347286
-0.112617753445894
0.0173445767217312
-0.0339660444602687
-0.025243248479824
0.0379541362158454
0.0192260840206969
-0.169094435736154
-0.0681111106818026
-0.0978593803977585
0.0561051833135048
-0.0918184956811108
-0.178394550875087
0.0249000958308382
-0.0675057741598431
-0.0385848187340653
-0.105910063612757
-0.0155018063198259
-0.070417034789765
-0.179602080045255
-0.138414580285344
-0.0342012654492909
-0.129223578093146
-0.0983992135994515
0.133314396859207
0.046318999103055
-0.127998232691083
0.0155541187471834
-0.188370687386451
0.0242754347774092
0.136484225105871
0.046033929616376
-0.0670277494913126
0.0195972028127931
-0.0297953792182002
0.0524514657421572
0.158251942200446
0.0408655477266523
-0.110064476470994
0.101406750025756
0.0162615745317387
-0.179459473449433
0.0257962667239117
-0.0945339286355014
-0.101903748704481
0.00870775968699393
0.0859612917301136
-0.0985649339686273
-0.0464481921894039
0.00288413485888012
0.0327060968431514
0.0495243698005171
-0.110157758036799
-0.0197123379948651
0.0410363989977497
-0.099902285940874
-0.00400622008303658
0.133240892839777
-0.0161495911718508
0.0782196730317543
0.227018613681907
-0.0050576769491651
-0.0350143553772883
-0.0661747271884253
-0.0495486154484512
0.0478608460697067
0.039704593464894
0.0702395825019611
0.0981546689554577
-0.0635397256473016
0.0446423972612215
0.0436916007729807
-0.0710682940742104
0.0934052428326964
0.110038740571313
0.0261182945035937
0.114021622437849
0.150963157991664
0.0557817762553587
0.03509640284757
0.249344100827049
0.0646166940461912
-0.0965309695253745
0.195196503952011
0.0381501088887391
0.104026502600986
0.0924589054065621
0.120078575555029
0.0120264235255571
0.111610352920204
0.141400521230074
0.0608719286453175
0.00257972568874493
-0.0286335459921067
0.110673540668595
0.201711427179525
0.219710585978771
0.145382572823147
0.190087544976206
0.0137619200410738
0.122140543850262
0.0151254402310612
-0.000599103210955626
0.133096539191991
0.104388101044176
-0.137827485835337
0.173238967482468
0.19764431143492
0.139298926234419
0.0686657552459244
-0.0079623304528416
0.0615017531593002
0.235993863324588
0.168144574584653
0.197286301196898
0.117589849673221
0.0207291220741621
0.223487800026292
0.0784906669831843
0.115013731109746
0.1740061618928
0.280736771330915
0.282725302352072
0.0994280880496841
0.0794426629686919
-0.0237743761183228
0.268450609672644
0.162501336526676
0.282258271984367
0.189393782531723
0.271359545083448
0.0501583354255977
0.186816233013776
0.168723543143568
0.186005797822815
0.170897350641938
0.278330483355776
0.257069100002185
0.209719549662956
0.193316436836319
0.259703579694811
0.098719871387568
0.261440755077358
0.133742445241799
0.299432070500855
0.414321029783175
0.299137988461429
0.220818762383608
0.172002053037243
0.148431895499779
0.22594352484405
0.214874624194929
0.116508570344825
0.339120176822337
0.11645920969184
0.0728140893997012
0.177803079902638
0.215473568092908
0.275099551092727
0.295477667140318
0.298622776403683
0.312926922926904
0.177088304812693
0.313017775964755
0.179607996204041
0.311770399754022
0.297512420104534
0.37002804220878
0.26257955391892
0.0945186214555079
0.0924967918987183
0.218802155838446
0.192160843774136
0.300078988623319
0.166915412545333
0.183963328082034
0.120410216500165
0.278042278038353
0.183078790811644
0.257808854795646
0.161841014657271
0.232142152391115
0.382053022550576
0.383414504184335
0.175107451350085
0.192211922187309
0.379295751297329
0.226369859770511
0.373249297945642
0.212359780237653
0.291666968092135
0.325722606987905
0.258821810546722
0.276192406283122
0.280917364020281
0.285737305733375
0.305811073514435
0.293716210543495
0.248712770112057
0.351356290503562
0.329693718780937
0.269863456257456
0.109552516718702
0.407906282970099
0.235910621982984
0.334908919544898
0.42909856050608
0.293826642609318
0.396953751090812
0.365715006817617
0.283780464672316
0.461974470457506
0.3722374114194
0.297162482711459
0.404313235194895
0.353415249478226
0.428159004459499
0.308083545290026
0.48081596652738
0.295914761883289
0.35017546152877
0.301718035601681
0.428539891720661
0.429662776936235
0.377480100438016
0.407183600853886
0.229108320723345
0.30520796416064
0.461105824936406
0.396388193054948
0.374086633619219
0.585641570164442
0.469947783706788
0.263804310005974
0.519080154853205
0.383655863416041
0.283909587464167
0.325486702753181
0.344771148936762
0.4328186188458
0.402148452453831
0.345703098660735
0.418320708896154
0.357530509398171
0.388340299181697
0.354396934514699
0.437465807706894
0.602581339266156
0.358367129303725
0.413048758944852
0.323882814101684
0.518814265804758
0.386122048379431
0.442375907133406
0.394386448020883
0.480104898247572
0.443171790609845
0.499630020414576
0.413711741889447
0.527440934133616
0.441593888448062
0.392982872217617
0.357502851781105
0.431526012926581
0.341697997523397
0.457046351069091
0.494295280308578
0.611570871278311
0.517104971862286
0.459838001964957
0.530995952571432
0.43414931253075
0.460768605054277
0.524770847325618
0.374834643983184
0.649585215066462
0.463843787755887
0.492295101767027
0.427148725322897
0.619330125298023
0.536409017275687
0.494553966845606
0.441869238283083
0.485351398632111
0.507525932355125
0.442860768096123
0.295231577673128
0.435061444035319
0.441693557757072
0.417853733868286
0.611631738289036
0.516858255474286
0.490108758732072
0.482776478384846
0.406002221996444
0.63196354239933
0.400791243939387
0.453169414899742
0.454216213393783
0.444952026895699
0.491860332374966
0.539323328078992
0.401821273667809
0.594337535105761
0.687916120536396
0.439085819582772
0.423614232425474
0.44684117505996
0.515029036445793
0.535132222775701
0.512536710612158
0.572274838633993
0.453526228922341
0.653541069565247
0.538359047845998
0.628616841947006
0.688290082646942
0.553875371045259
0.536504473308658
0.665758080604174
0.609341706119229
0.612515216664659
0.582357200654807
0.483674204565952
0.567154714644218
0.662758188362714
0.457732821906008
0.507028077425335
0.469612013622336
0.596680097997037
0.683939785686928
0.715856844966456
0.617151231127516
0.54044526883581
0.440490071041834
0.529514590350611
0.496739547418327
0.597294459499815
0.348512743394286
0.376496033442826
0.693542917347068
0.526484204445799
0.595261969117487
0.695421569547134
0.604182467565819
0.651907742483616
0.509732703117712
0.564678844906018
0.643125884433687
0.494808585783154
0.56084504601352
0.504727398400251
0.61711600600907
0.479300225349528
0.665088183633608
0.624570091696117
0.583957621409679
0.627176677571108
0.746568560095198
0.631240621710633
0.581601095189552
0.561970279774187
0.689578606359295
0.745049378128226
0.587591441818231
0.691137604657205
0.636171844153352
0.639398354017819
0.592735673461045
0.47170071108914
0.584906173609378
0.621962286988324
0.622458966476221
0.638031643129286
0.788513297781874
0.631088605673149
0.532778411881665
0.545400923557802
0.618485768139765
0.721408601774784
0.754804008395861
0.580349422219531
0.5953967160962
0.833272897627671
0.652917655682341
0.594763263762042
0.639484269054611
0.741415458479474
0.696454882179952
0.484147471102841
0.705654883936075
0.712245383831756
0.718289652022959
0.822215525769117
0.819527641381016
0.686391591955582
0.718873574796863
0.655618155295032
0.670121700591626
0.804280988185172
0.669177893836499
0.747303454407015
0.675315404836005
0.671111116348723
0.772895882158293
0.777436539656296
0.8894681013154
0.726553743407036
0.70835300407331
0.753503756290464
0.69261240817753
0.696428264615845
0.704862591582953
0.65092930275953
0.749179347603982
0.601891547890939
0.662472938903066
0.790697021010988
0.543130652787008
0.764942458839373
0.908498940145132
0.577597180784057
0.810488640889087
0.806379254679956
0.60328431780141
0.702113133066671
0.917544322798052
0.868778948638258
0.833361459659603
0.703517066515745
0.82337342442552
0.713806214956684
0.75263108889366
0.73485668213173
0.885261467686223
0.780299800119598
0.687636482432506
0.755949015083501
0.907974118203796
0.854588895130422
0.775139733400943
0.835993471770462
0.917868228228669
0.792624246861811
0.788448785539524
0.663935966007211
0.762800805144861
0.708143452476146
0.733854607831733
0.760202645928969
0.759704613934519
0.829861646268943
0.776909824478913
0.981006662123058
0.725259513105753
0.894146128872391
0.808524533318536
0.786588608367199
0.943172546860513
0.842344771018618
0.910305261017296
0.742595727309725
0.718534823982332
0.623654905014288
0.997228864153276
0.766523044043021
0.749256788490608
0.888629019147192
1.06458619486718
0.862611667884627
0.785108449268967
0.849491362697789
0.855268890641001
0.685360457632919
0.929293742791361
0.650990885009839
0.884584404275683
0.95938215478735
0.84365222767533
0.755927607569157
0.963659788939493
0.895207339617229
0.886348992989099
0.819134452172118
0.891740435682513
1.05081359595493
0.83398149405862
0.899372060487966
0.806483471859851
0.937364412664714
0.995002119137347
1.04853065687393
0.778111282503318
0.899246234253654
0.748211449334796
0.748950401814722
1.033916237944
0.875119972696371
1.03952921551314
0.873222258961161
1.00197307363985
0.739970328227578
0.807574472737945
0.928727193886224
0.88981281085163
0.829943385923091
0.902772720140752
1.00165168845146
0.959995551375327
0.908078887278468
0.938234879892477
1.01278773153076
0.906813722764488
1.01368979723157
0.906888019467769
1.03633565788276
0.962966259938246
0.768472668231992
0.942177507127185
1.04350806751286
0.937122390496187
0.987583608157945
0.967630749762144
0.994970597667985
1.01022587774807
0.895200106816832
0.958195370789137
0.947717294668418
1.00575983671961
1.00496528375519
1.0502655273735
0.93502754933501
1.04782203290366
0.948156124441357
1.02622292791042
1.02412736400045
1.01186720346807
1.11250728620794
1.0105529833789
0.846662972010714
1.02411613767561
1.01693768874108
0.917140811793143
0.991743813337135
0.841177602067288
1.09330294366452
