0.0203676065543366
-1.05595320204191
-1.01661025967264
-0.997089319232899
-1.03482264372976
-1.04094738034711
-1.06077702926293
-0.874737481046914
-0.968050786406169
-1.11896314823202
-0.791499594469823
-1.02091286865269
-1.09155656920207
-1.03551673225424
-0.874939831329575
-1.17896638773796
-1.02151099616617
-0.975792425952659
-0.881660257002876
-0.786406942688705
-0.848884268908276
-0.823223410465756
-0.955296507740906
-0.955195286499582
-0.967067768300209
-0.951933530607751
-0.797270171605529
-0.908600433418416
-1.05174874815175
-0.912742636359464
-0.938989076202934
-0.683224718429576
-0.935917059525312
-1.02256636797482
-0.993469224492674
-0.990535595597091
-1.05819854657803
-1.02154792730285
-0.955791345928536
-0.914048894869779
-0.89954075701456
-1.00174929796441
-0.743041475458843
-0.812265563048799
-0.911811215518083
-0.929247552563151
-0.899813308903359
-0.969025428205112
-0.797412181666887
-0.782753818436789
-0.889281551274892
-0.895067754862546
-0.870189678380458
-0.863996470372392
-0.831770072327725
-0.93642264055171
-0.931939272385647
-0.976023314919709
-0.978154702519647
-1.12038795818295
-0.860910062737303
-1.00585371124568
-1.08438961148014
-0.788977688596301
-0.799189977883262
-0.847928295767617
-0.858820391964779
-1.01329933250879
-0.85631027876917
-0.914665909817016
-0.964537272884574
-0.923478959490475
-0.722970468995058
-0.92820651757011
-1.0315661317979
-0.814200441100004
-1.02290524713096
-0.886494499671956
-0.78465867450804
-0.823162226728557
-0.82358632903617
-0.897605868276057
-0.871379553162539
-0.849929507816364
-0.94546889282577
-0.883922289960112
-0.970941035018655
-0.750566254785458
-0.789922681608414
-0.852215162399667
-0.740825970728969
-0.966955986154721
-0.795986162288537
-0.67060842845366
-0.743080340480713
-0.774053836457943
-0.827093419227937
-0.844941481619297
-0.790831734026291
-0.959591035609686
-0.628105256890972
-0.776302931115978
-0.781492455739658
-0.974959760008703
-0.686930179199822
-0.814007955478575
-0.776100010996498
-0.840546154150925
-0.865849634860246
-0.681061787489876
-0.824689654080961
-0.898182818579184
-0.714220527433687
-0.676715665019279
-0.735694060066743
-0.773577871362432
-0.789249871959589
-0.734598812192981
-0.682507543915183
-0.712794990707533
-0.872320417529177
-0.711501794295002
-0.770533590448342
-0.660923722883922
-0.679597758245658
-0.670721556779049
-0.658120735039521
-0.687404592341783
-0.488426736280786
-0.878294712386528
-0.691667162886049
-0.780100434242802
-0.679762534893478
-0.781645062043651
-0.677928848948279
-0.634020147418887
-0.695688809024923
-0.599045445576782
-0.683117476578618
-0.728295832772545
-0.781180423842872
-0.557103046189118
-0.588133064852678
-0.581015556442671
-0.681233183445462
-0.725352399470152
-0.571259826651823
-0.694266805460016
-0.857559342606991
-0.658892277937671
-0.779856235839229
-0.761173045245868
-0.793783768470301
-0.752925110748966
-0.640838186259775
-0.648491045273618
-0.676184659666532
-0.742356972435485
-0.613769580998352
-0.75450036179265
-0.675201016337614
-0.621647759773928
-0.572978577219524
-0.61570214632723
-0.663342184338455
-0.455121805001852
-0.673093520012146
-0.723725110954716
-0.697631201945937
-0.758017752813386
-0.677159734968885
-0.705887217966409
-0.621613732997449
-0.616854467040692
-0.710186556576466
-0.675788622973072
-0.479547796875424
-0.727760155625594
-0.680129827138993
-0.560858135618111
-0.722253120818268
-0.68410732163889
-0.569631849194491
-0.583774603882861
-0.743524434822635
-0.559149241200071
-0.613683720694742
-0.613496622424456
-0.678011188465206
-0.788309649806956
-0.575497847428624
-0.568088433593345
-0.529537448363627
-0.536865221616181
-0.722255279682184
-0.622260262847713
-0.606233949805512
-0.538353862637304
-0.629748883467077
-0.547315684626197
-0.613150687481409
-0.531293121980914
-0.675631416871469
-0.445874097705096
-0.597854351165714
-0.529412560327344
-0.601585094807884
-0.65634608609034
-0.554196165633911
-0.680096920879195
-0.47275330056825
-0.493213047074738
-0.472554276202269
-0.606189613708882
-0.721624870281475
-0.544907374530789
-0.536531137654162
-0.694082596629951
-0.513180553607466
-0.582440052126908
-0.427735837865018
-0.700678200573629
-0.588951863468263
-0.703968344055865
-0.749567669179241
-0.493962268687755
-0.639519998503869
-0.502917793889704
-0.588478210471217
-0.408238780372694
-0.475617548792965
-0.457315073500229
-0.630988297212045
-0.505988357893931
-0.529213271911051
-0.753048467308382
-0.473119742268554
-0.488377540971783
-0.48824494169367
-0.660808307894972
-0.477001867842234
-0.6283979874426
-0.717268565204347
-0.440098706716392
-0.676292836386502
-0.558823619253541
-0.34608552302968
-0.505135022015289
-0.396626466521808
-0.540949666676642
-0.468925385502965
-0.492510876562839
-0.52756013191064
-0.601156406254709
-0.519437938641724
-0.605768007222264
-0.56646566702927
-0.367576187107378
-0.508899378355755
-0.427394999780771
-0.4674474402534
-0.594220614292841
-0.236275164411412
-0.543981405456596
-0.562163334928302
-0.407603895280274
-0.519452079173422
-0.558472553998231
-0.538002123983548
-0.476897515888257
-0.623941411832298
-0.330948344002031
-0.283759578968301
-0.442896430150606
-0.463617113400182
-0.433390533052142
-0.452750477187339
-0.368197423875759
-0.35443613401801
-0.400513149168748
-0.493177555873501
-0.497237014135932
-0.459357716919043
-0.50182350271498
-0.509695341244516
-0.421280109724957
-0.468330279879221
-0.355040530576511
-0.435689590137158
-0.543715923038965
-0.285125724092794
-0.373242467266296
-0.481974956585131
-0.40408041452748
-0.422041843299056
-0.259436802644366
-0.530385093383325
-0.502912451481733
-0.355338158050094
-0.251238668532461
-0.406764596278599
-0.466664070656709
-0.351438319486248
-0.231558629430049
-0.522060862061292
-0.444462173910158
-0.411001948701721
-0.346545921907856
-0.316440717485165
-0.382670064501923
-0.262290705836245
-0.360554742528743
-0.358601942594352
-0.400289520115567
-0.443582005210065
-0.269119769712792
-0.315465170026519
-0.566914581973578
-0.372267475700046
-0.294256453530172
-0.413849438420915
-0.392636168898831
-0.240852189022447
-0.411711975350179
-0.376274163279503
-0.310478966684044
-0.386767921036314
-0.307589954614125
-0.291909760625246
-0.434741157034804
-0.377550872976
-0.523191325001973
-0.332287842713112
-0.24521091470008
-0.402006278153704
-0.274531987225355
-0.305802494935701
-0.27608673571817
-0.223416803687563
-0.171424554339865
-0.318283781636365
-0.402470422676026
-0.343162245239746
-0.489765566892852
-0.255721694933574
-0.207087044245046
-0.337584264670542
-0.381454597447397
-0.392046175927164
-0.260163242916474
-0.175986037951027
-0.312894779202943
-0.316326171464836
-0.464040088909554
-0.254418517357027
-0.233718991380251
-0.22755419056866
-0.200218408589343
-0.225106776779414
-0.282638310039438
-0.460097886335608
-0.341222346409963
-0.293766114694198
-0.187627958188204
-0.319620444575571
-0.213560905196746
-0.310894618401477
-0.299738092820141
-0.196362057383672
-0.208071793084031
-0.243876497621086
-0.300087908063901
-0.345243766573957
-0.248821707181972
-0.183465032542041
-0.351735562922959
-0.116921388755489
-0.352326806029641
-0.258437816758003
-0.24043554715752
-0.257844267797197
-0.274342839854307
-0.335567852550184
-0.128071924032706
-0.243081447529022
-0.291485863976714
-0.239536378693249
-0.170523250653231
-0.252079407709251
-0.271287122520959
-0.246944672657661
-0.132553868561618
-0.179878084856134
-0.124411083135833
-0.212794129596978
-0.232489597371458
-0.159959841161338
-0.203165793922474
-0.182107181518012
-0.104656710959128
-0.0822042691321854
-0.221237464830191
-0.140985613305575
-0.263953148741664
-0.257223723249649
-0.267355823432183
-0.317083111517504
-0.236230252861506
-0.254515493363378
-0.284182698499514
-0.0963445424580177
-0.0838436960564539
-0.159261404974324
-0.217590862961782
-0.235962238154558
-0.0950056884068073
-0.135912060222643
-0.125001108941073
-0.131864110650213
-0.194798924607594
-0.194926776088768
-0.135715195948775
-0.100967904425236
-0.170707899539149
-0.221556652653254
-0.170678964751969
-0.14684466672511
-0.234206940776566
-0.145795334899519
-0.050833376329872
-0.117561281764017
-0.269867059416895
-0.192289633653615
-0.274933434831539
-0.0718077104099864
-0.222698204628644
-0.151281899667274
-0.0264333320329383
-0.143028310805078
-0.0710919881218236
-0.0773824225351248
-0.216114167845797
-0.0589292399940718
0.00755444099996358
-0.0560365775077665
-0.157580111648496
-0.127517804004684
-0.193279315728528
-0.131037034020444
-0.0304473683389341
-0.328935001998123
-0.0775663601553451
-0.116952572979394
-0.0654449427471448
-0.038559558658637
0.0323360192866506
-0.116446875830781
-0.1461228620209
-0.0955126091116563
-0.0846016398416944
-0.118138407282219
0.00769232381077501
0.0269640051241462
-0.127946513424526
-0.0475110580452059
0.0297741048098689
0.0409291356923226
-0.0622035569926937
-0.147816766201166
-0.00688968533253857
0.0908340259120064
0.0113055713905593
0.010829639656989
-0.0764249857797835
0.0520407752866845
-0.240687745791643
0.000668633229964135
-0.0624841337916397
-0.0814324261371563
0.0287660924985446
-0.104994685888523
-0.155074813457261
0.0318540882402561
0.0257547753928695
0.00813089272143493
0.0754707687326455
-0.0330221630399946
-0.180511229854625
-0.102105810602213
0.0733372720800578
0.0180319719141153
0.0131451457747014
0.137456473876521
-0.0599959564796663
-0.0579247777737696
0.142020134899799
-0.0278289926544638
-0.0146539427354676
0.0289042093748016
-0.0847040009857271
0.00279690282474032
0.0109504990980656
0.126317837992143
0.0725486410388281
0.0277809907092823
0.0456723942933105
-0.0614057963369169
-0.0810256731051167
0.0349918198382307
-0.0613016329395107
-0.0387272598714187
0.104191254701755
0.0580820096443716
-0.109248977463773
0.18022986133889
0.130987940865304
-0.00894205915464728
-0.00143850711057798
-0.0684718849013473
-0.0332562685247612
-0.0352646801879698
0.00175713940784007
-0.0565215413185575
0.0436139406544727
0.0795334298578874
0.124655223815889
0.0273595531668
0.146182735425187
-0.00566892831443272
0.0278709113447906
0.0782306821645814
0.090385700181259
0.14310969840405
0.0998847815864395
-0.0508418354419553
0.153130800514418
0.106016658404637
-0.00736695405712211
-0.0377073428150176
0.0343966125224937
0.131263846841521
0.140621905126128
0.0206357241360434
0.101364420918311
-0.0197238766119216
0.107215133643174
0.126965093360406
-0.00199949821434466
0.156331522348013
0.0380155572100561
0.0765165653032672
0.00231518645979411
-0.0285171915312533
0.132581412793453
-0.0415480609151816
0.116649585535493
-0.0316894205605149
0.151284537330693
0.115056647195738
0.177503760839817
0.0389972174222861
0.204579958953134
0.130323527096789
0.134500834609199
0.174957361837525
0.182027702803979
0.131059756539287
0.164491337182513
0.115485682967066
0.208213686246451
0.176735987306757
0.0955003913083998
0.211228089894907
0.128942693741811
0.0435844248573061
0.157948866647759
0.103774254376235
0.172384914516477
0.198510387197902
0.312863463433214
0.0643866698549977
0.185862175508326
0.237486999958722
0.0341711185062736
0.14780310058631
0.158669349767481
-0.0210836373906768
0.0930324453894378
0.268063240773691
0.218676223791036
0.12865054382807
0.21698432296618
0.203393047715844
0.0497255613465771
0.173961760046456
0.0647111786359899
0.190129672921393
0.265578783454772
0.202225249742536
0.154629752929504
0.328272449367025
0.298040691013254
0.0847074467878054
0.204677021385911
0.138610506712017
0.322222801047874
0.0781210059678146
0.13738939482995
0.283130347608557
0.26456840881245
0.146903407060253
0.209572948045899
0.395576478010614
0.168258354717577
0.228559048910318
0.182171990626961
0.235283071268992
0.248209762187876
0.237052767486286
0.241548138683196
0.19176460518984
0.279362566972297
0.202050259314431
0.277299814877307
0.146344211059189
0.342798176278196
0.309399693368402
0.357539383015167
0.337071407164857
0.177812029700385
0.161313592694933
0.224233891603252
0.102416729170762
0.219705592753776
0.415812082195241
0.27433661289283
0.287036806145329
0.224841572297891
0.26122320708311
0.206465571592661
0.425934762400366
0.290447713646825
0.242865978379884
0.332651427506969
0.472178260267252
0.381974493055779
0.206491899366707
0.371328759360005
0.169347886278391
0.317921569702845
0.288955959749495
0.206096586784024
0.406628869281366
0.535081033614991
0.291122463057717
0.303183091550924
0.273632096064622
0.333948394271314
0.210493893578641
0.364386159124411
0.358590187421279
0.449588386937825
0.355339339517385
0.422791403227812
0.365818038817747
0.285291273115277
0.204481779432222
0.42049139454319
0.385255944255044
0.54298555871253
0.272299021901903
0.356946025419124
0.234431161788171
0.45108063353744
0.380583716023597
0.396721890036009
0.340814066014502
0.564134874221318
0.463394042259669
0.334123139881281
0.404667350193025
0.484373164930862
0.271584858964295
0.386815431848171
0.42070878266567
0.299041489881447
0.325743179615668
0.326396894629657
0.473668898943961
0.39337912389179
0.291181104808754
0.144229412577792
0.335200689030548
0.229935978313049
0.396903827596874
0.349258858082908
0.234188720644814
0.478630161404437
0.376944403778587
0.625056238383415
0.458530094570331
0.350501334464584
0.389932429115787
0.380167663239227
0.463912072273607
0.385978853008716
0.304931588326243
0.490716284342477
0.348540389686214
0.471343956037017
0.4795934603997
0.462201165432572
0.401408964120686
0.436392689013603
0.455985867314148
0.411560996031258
0.478086709788609
0.404329295727343
0.548000660260922
0.623910776483806
0.492512887583239
0.422733033368372
0.604025005416885
0.529008836899524
0.448871821457911
0.516111478920735
0.376365668252753
0.528787948598978
0.381512931830227
0.52448087423625
0.486942601883233
0.573572964759884
0.277940087208013
0.545690152414623
0.344732127223927
0.483016303638544
0.43995793920785
0.500992725073653
0.47098923139319
0.574677566544197
0.308408953607906
0.479619325151205
0.497076385946175
0.505592812554812
0.539028271676237
0.401753915029166
0.446638289580046
0.607047280013705
0.523027503264831
0.511642453539079
0.556572589931276
0.416277536536863
0.373511764693124
0.61028151199538
0.486061588509428
0.408638460512287
0.622018396200948
0.602002819738884
0.476615344056355
0.642698925721974
0.422231026614811
0.427523875758603
0.625694422420285
0.408678688530755
0.572452703778381
0.399763499853091
0.568513880623732
0.387468184495988
0.56747747785871
0.436773279932778
0.573398084187882
0.480748721224945
0.54111912790416
0.597387930214091
0.533853179122565
0.666685031824581
0.383718588777196
0.583281658280927
0.638227538537476
0.562439537993633
0.576860415130981
0.538349138644742
0.502070710887053
0.702381687288355
0.765028809834066
0.633707289048491
0.525060479737035
0.604757487841509
0.638840159931149
0.425581035406396
0.499541738553784
0.614022627529732
0.581912033693353
0.561123658400717
0.438422491941387
0.643556962652845
0.603877911557153
0.594629442031814
0.552543909675526
0.541340628833785
0.684332190006902
0.629224207907195
0.43015240363475
0.539718383805685
0.618704700962755
0.63243306818667
0.698707099627962
0.530010802452944
0.543359522052715
0.514909408693003
0.743164959479889
0.677939587963104
0.580246343043321
0.610880102809119
0.632407365577314
0.707906666355042
0.65219091577874
0.693435095289654
0.552851176500251
0.820029776288928
0.562932276541725
0.511351876946013
0.713333214789231
0.60395017601473
0.664467305829974
0.496168211238813
0.747315886525052
0.757054028036552
0.697151685911417
0.736033970884605
0.546948753843574
0.664498074563607
0.607266369212332
0.762948839086147
0.749503918578863
0.633455077934764
0.633897388500666
0.617937498981427
0.628781070410331
0.612474515100492
0.641088637442977
0.863954441819055
0.703267776583402
0.691030886260502
0.668922822901109
0.586493584173667
0.641460472933374
0.645212947029156
0.665474646165485
0.640675797887993
0.752562353051344
0.562166206561823
0.685183487734783
0.851934236979256
0.63862246123777
0.631933065204084
0.775492945390195
0.789817260411729
0.622510433222709
0.657660929169326
0.669398519331477
0.520494138747635
0.744522883062923
0.741048659723455
0.698675837060096
0.668077833946072
0.757444683660217
0.717212113560169
0.768357766839744
0.784968302306894
0.767722135017605
0.779265884136706
0.690498828624122
0.729565332861506
0.794121862139035
0.784905552277283
0.746221180427171
0.857850373007376
0.605712987281664
0.727113451920691
0.794802495190817
0.891882869799719
0.634226046333455
0.75966127748534
0.882111900790474
0.717317597486936
0.786846439810604
0.756120812148921
0.87990616876943
0.790177409870847
0.871084542179638
0.795738388741543
0.850433597551398
0.789963831929672
0.822394565447471
0.770268557727764
0.782163387983588
0.841759207283886
0.724369748771231
0.715585344530298
0.827533397469324
0.784899631907531
0.861110050680761
0.711232627233778
0.80974136433806
0.639841879741385
0.79469579372218
0.783462810535399
0.868497620888937
0.759916806931537
0.838363382377101
0.847443361767829
0.795141369639465
0.942098278988238
0.779591989094774
0.908983996946946
1.01666573678053
0.823079732355774
0.878305134925402
0.964147671053817
0.814040946934983
0.865303336350506
0.869037702568429
0.966471960788055
0.873990235392029
0.888082483741082
0.944124103141555
0.842974364061643
0.767288895847519
0.904762356873202
0.825122379552888
0.762202637202016
0.83968294541444
0.72492128452898
0.923655156748072
1.03395304402292
0.836984806416867
0.882962411649938
0.769357139238634
0.811662036872117
0.803789952382875
0.8393511755978
0.858597136188617
0.759549392533891
0.748316857977257
1.02458985969837
0.844180134148849
0.938489311358301
0.874780883152314
0.829946280923139
1.02619501148939
0.891294061124177
0.909593538761987
0.754971861949964
0.869654011690125
0.935036223332192
0.915724937873829
0.840425577654521
0.968089905180526
0.84139344910168
0.914471659644431
0.96765105097872
0.779199897188609
0.965849300384892
0.906975386846709
0.998838259988101
1.05820999668123
0.904859245075966
0.78481205556691
0.990720276918572
0.942082082406184
0.877894533953506
0.832908360134948
0.895152445669259
0.878055794276066
0.966867284730716
0.916306303508615
1.02675617843148
0.970112840715819
0.970514807807631
0.953421158556626
0.98047417248879
1.09709240982191
0.901980788271737
0.969006013765488
1.05621662192829
0.927594022563172
1.12312960720355
0.903028121917408
0.954156779047757
0.830901108243428
1.01531755184423
1.00090518122705
1.01164611013997
1.07014752926623
0.987346998596918
1.00378053745799
0.904549282468442
1.1252764524745
1.07448731642628
1.1302224254611
