-0.107477294899797
-0.921427439000405
-1.04074073016773
-0.91568361176512
-1.04118491532261
-0.944607047995758
-0.945860735732102
-1.06402551645738
-1.07601301999189
-0.980793458132926
-0.961354166194602
-0.838240215546933
-1.04398916464069
-0.909108084670658
-1.07185737484678
-0.912273427269484
-0.954616462429686
-0.998557472490406
-0.927926778963384
-0.98594983072455
-0.996473467568669
-0.956181593648016
-0.917878293368839
-0.940245538589622
-1.01756733224685
-0.909634798677354
-1.07944632468578
-0.887308789919406
-0.903127724831373
-0.892517890886556
-0.822149574349048
-1.10084787858652
-0.864511129193792
-0.976919795812825
-1.00327774428807
-0.961215061246139
-0.874481004941726
-0.894647605552968
-0.940975405353617
-0.792322457109479
-0.899125014745196
-1.16116323340164
-0.822765836131196
-0.833593206291668
-0.862295105475215
-0.964875663785606
-0.8997460512267
-1.06735389438884
-0.782479921185043
-1.08812487514859
-0.961473434466253
-0.882946690112831
-0.730872090818486
-0.873438878458578
-0.878290365188117
-0.647446081373899
-0.909378782078588
-0.976987250270819
-0.918627320950862
-0.900061931381373
-1.04277337936748
-0.90029639203532
-0.847271484601366
-0.851268982956574
-0.875170285252611
-0.858589506580342
-0.911267706527562
-0.937396292120356
-0.813227763490303
-0.830797173335147
-0.837472738686338
-0.80572313995647
-0.949078746160804
-0.834916921812863
-0.839375782984079
-0.89413874305298
-0.893146473110802
-0.784901733259858
-0.802738356159819
-0.833864864394603
-0.704874074901535
-0.858867468207757
-0.871430349570664
-0.804571922168781
-0.844238680588284
-0.74866268001633
-0.896189373341313
-0.760244470330934
-0.985382760888467
-0.792753591074602
-0.917681609777421
-0.826174928305374
-0.696075846365496
-0.737103831704359
-0.748967009528778
-0.827007115705224
-0.891582571447175
-0.794589177920399
-0.751069921216644
-0.995576916587955
-0.803774063942285
-0.954863601718228
-0.791129259280281
-0.860546929237544
-0.835978597400881
-0.822981737461232
-0.742284288502077
-0.768092030867373
-0.842358148753325
-0.683597829834701
-0.716623741340101
-0.838529291771656
-0.77785791368964
-0.694740796810634
-0.640309130178879
-0.885667810846467
-0.962041047135126
-0.738917949417181
-0.674688960945287
-0.836008816153599
-0.625511409506549
-0.619829335430984
-0.706113234242542
-0.72129372498856
-0.763991222447982
-0.621908025570343
-0.810388473427552
-0.65553123981293
-0.77453134735699
-0.708995763446602
-0.692536938019492
-0.681147583498195
-0.645468431921168
-0.741116160421518
-0.571553933360095
-0.864994851938886
-0.690010648837193
-0.707590141101869
-0.700649578072412
-0.726476467015225
-0.585103900829701
-0.630621543000088
-0.660393821880015
-0.750221425784295
-0.634482601762447
-0.630547287563217
-0.653350342512248
-0.776905917156253
-0.664655780477894
-0.713162620642993
-0.754166265401092
-0.665483479780022
-0.63274453900993
-0.796795002778257
-0.82783928814905
-0.753570273427617
-0.495695343833086
-0.65932253643274
-0.688459764767597
-0.721373168638772
-0.827140837875062
-0.793135223701607
-0.713818432148515
-0.806477465629722
-0.839639097275881
-0.513651604900442
-0.722041916647468
-0.633785800889604
-0.762062258677827
-0.550535841252035
-0.847815365724116
-0.584050925675991
-0.819534128078198
-0.654408989518544
-0.470186439448672
-0.624254162112228
-0.700386483608392
-0.759381664808671
-0.552243070112917
-0.60619664728363
-0.685251592431635
-0.583256367709299
-0.562990856563592
-0.525700216718232
-0.743089793142091
-0.803707893596384
-0.610783534059525
-0.66642730607647
-0.578373539438837
-0.732803318515231
-0.759406653012834
-0.850572646485368
-0.657113900808636
-0.694407528639646
-0.612403992568093
-0.510388248702514
-0.685955489631514
-0.65506669478796
-0.472538724385512
-0.74752428072032
-0.64788158917409
-0.684478927130529
-0.60175864472655
-0.458602728403059
-0.461823557406848
-0.759909253483216
-0.490370053161454
-0.654687234344257
-0.552909143378573
-0.562361629474696
-0.483038462295354
-0.747585092527423
-0.784631407648003
-0.587548658713957
-0.68980109615918
-0.541822883759194
-0.549398870378672
-0.393925417151546
-0.545100758434491
-0.659564545580137
-0.488420078325513
-0.596197196156162
-0.458153046120061
-0.772225174882139
-0.556188668065737
-0.534381025582679
-0.555084202344266
-0.570874818980434
-0.698231129980844
-0.4482667577058
-0.622106510590841
-0.55525342390106
-0.501128659865558
-0.559422931010216
-0.545555027651321
-0.498637848909298
-0.485901728071773
-0.564619053890047
-0.428320631068243
-0.636536978426025
-0.434868819773531
-0.580693035220525
-0.533329722515756
-0.506347512040927
-0.630643812494411
-0.543863021547142
-0.511303128836055
-0.599759436584589
-0.504789913305791
-0.550155048704699
-0.624887636681143
-0.45029172444604
-0.602169074825899
-0.376138628731742
-0.440763912461938
-0.488686930786628
-0.405155870885734
-0.52989316898451
-0.272953467269167
-0.400432534933267
-0.460595769407191
-0.510407608323349
-0.472637610983887
-0.476320632653735
-0.407907951290764
-0.449618635091815
-0.43178862854122
-0.657018304128654
-0.545488439158915
-0.475491596863515
-0.384797475966024
-0.334138344423299
-0.375118417564966
-0.570693334667354
-0.407758939153949
-0.478384946732727
-0.364401317500842
-0.381463902314211
-0.327311785156397
-0.372072216727108
-0.605323356603798
-0.435455903336495
-0.428639984416993
-0.362586438081971
-0.336507100334006
-0.318004069436483
-0.456484854489506
-0.226795294700138
-0.356355011990139
-0.44806050583576
-0.431426428322395
-0.540233354812702
-0.468128106183302
-0.332295791348686
-0.510198593632255
-0.471364413267956
-0.446599708664047
-0.567387586156549
-0.403966946905517
-0.471406722971129
-0.421954957544956
-0.526201625923615
-0.414924169106672
-0.360438003042596
-0.415780199763261
-0.293119990761993
-0.293330120305125
-0.446419161240015
-0.392681051264362
-0.597027961466292
-0.360759773764338
-0.384380757708513
-0.476665277411062
-0.244365336205081
-0.320026741484483
-0.452705290838415
-0.400525336754966
-0.309254800293502
-0.350599951700955
-0.512330547981479
-0.36195555235252
-0.416596445854108
-0.312338744951908
-0.503353896122616
-0.315736858248155
-0.378506454380129
-0.298423300237649
-0.362532317420752
-0.412630574922475
-0.25600488627396
-0.335995844631822
-0.269276227453792
-0.237680302981036
-0.318664337335444
-0.424532076109148
-0.310616331445454
-0.441648885567945
-0.24243710707442
-0.333227442456132
-0.224244579730509
-0.296280543006831
-0.34857907666103
-0.41742443488059
-0.255389074397488
-0.261881081699643
-0.35655028356342
-0.387093893127437
-0.204975788074947
-0.338484911254325
-0.408294929671582
-0.371937772876222
-0.369768554333516
-0.327500862876908
-0.188503483895442
-0.259989863699667
-0.327305503828301
-0.344330307256734
-0.238198487644912
-0.174930986285356
-0.322890015831677
-0.456469751248209
-0.166144128697661
-0.209436367094957
-0.396839466265311
-0.307592483049988
-0.306242928549116
-0.124836222777995
-0.24739622960002
-0.190128966457437
-0.272869729915562
-0.330675677156236
-0.451856282906068
-0.419510505794933
-0.199267584631603
-0.379571040179123
-0.259407839151839
-0.306016643988217
-0.346541000771561
-0.0840574091314667
-0.358015039604953
-0.153488347314251
-0.329542711867672
-0.328806650466232
-0.229413752659381
-0.230887867517196
-0.269245837484393
-0.353623259368439
-0.25418537797619
-0.105628647186055
-0.237860301810139
-0.198273041993466
-0.261081741524657
-0.155923566067702
-0.0964512816299532
-0.109028424507848
-0.0717845213546402
-0.292512891085845
-0.23859433852707
-0.209461120301216
-0.209243131059231
-0.11500242838967
-0.453419224136979
-0.223803460851951
-0.234732036855832
-0.179341460528953
-0.15137182580675
-0.0545337707663648
-0.0397584304714322
-0.243152468657277
-0.323183960837087
-0.165692144226311
-0.206438960140219
-0.0652143276457587
-0.0839341827591054
-0.336627294721092
-0.269986036769807
-0.173691366367116
-0.0437629702092131
-0.09103784351456
-0.217961120098164
-0.0293878425446504
-0.136358517234299
-0.117355897601663
-0.17414759179884
-0.0178696958746127
-0.0691125013084809
-0.095928858581646
-0.148221970989919
-0.222758343948638
-0.298862290809719
-0.126309237250768
-0.00263841567334417
-0.0312834457991584
0.0373247548423545
-0.0502565898172731
-0.328110158194795
-0.137551270046199
-0.168595139325441
-0.225874332720796
-0.19651493308452
-0.0600077776743024
-0.195214430980247
0.0193246109796707
-0.0785752395657787
-0.125869079327417
-0.159679438888206
-0.238522140461729
-0.0778141121310871
-0.139177864057892
-0.186401329307341
-0.187118465501292
-0.123665457875275
-0.101593952899705
-0.189018149375485
-0.111501100554639
-0.146544445424088
-0.227045914841838
-0.135707800403781
-0.16514374168678
-0.0886808913432882
-0.0977674455709284
-0.149403069077795
-0.276664087166247
-0.11153842747447
0.00181032790296062
0.0506275030635388
-0.247892849870212
-0.000581658876359779
-0.0903967574655378
0.0441578109808815
0.0376407116762368
0.0228534658073471
-0.0794733090656777
0.0442870213223459
-0.0553731053597728
-0.073754907766003
-0.0610181978049921
0.0424996542149641
-0.0772157010964761
0.0528418852779829
-0.185780427744617
0.0171721015269187
-0.12523380806723
0.0612951514532222
-0.099164923229704
-0.120206891647742
-0.066058723396489
-0.105894270871376
0.188988227983907
-0.10025346300578
-0.00685976056018058
-0.133096737186969
0.036310575987079
-0.0489385326918939
-0.0709635524869006
0.119810042721747
-0.160726725278425
0.0892645517106048
-0.114795497915813
0.0329503015825442
0.0794449617514081
0.101058839056584
-0.0184497243262302
-0.0290782415102106
0.0701623947957118
-0.0100413866521753
0.0232448443626557
-0.0555866968804116
-0.0195800848895782
-0.018063803037923
-0.0865025844349491
-0.0801736844692242
0.00755139900031277
0.0093627269982679
-0.057764130064366
0.000135811690385224
0.0815278601535761
0.17441358936527
-0.0921920916168052
0.183478587534968
0.0245982191128816
-0.112932270652022
0.0659105450271734
0.117068318400521
-0.0679242399714521
0.0410994607094764
0.117072650501797
0.0725850022561927
0.180690452616958
0.0587123078937195
0.00457039986670318
0.135732836839749
0.0130109995507706
0.0489928011493852
0.065195598659317
0.0782990548951063
0.0228274394398484
0.124319660960491
0.224184270108784
0.0182702195860917
0.0257558371875392
0.105764519733915
0.0534483103389433
0.021377751278138
0.0188055176756189
0.0474556688716194
0.116588785979038
0.086702642025909
-0.00444173363712232
0.141394604900478
0.221766297635647
0.208170638379407
0.0650078878145258
-0.0535638533456626
0.121566564380764
0.236122241900742
0.0720887556762738
0.112682067568472
0.175347152799643
0.124232429069335
-0.0437616157336392
0.121194323716629
0.090567056820024
0.227503685248175
0.142849318359005
0.115315895022635
0.0253345981619107
0.229370950127751
0.37582225548979
0.209890237550672
0.07037506455736
-0.0121772547381172
0.210083527376499
-0.0388243433063306
0.142648768815929
0.0741725147120046
0.043717451251408
0.0363887721847822
0.354910683124292
0.222246827225678
0.0986608356663466
0.249097332163985
0.124444124260338
0.167206372448098
0.0743679368555156
0.204169602909562
0.0637022417398696
0.186914443050455
0.166445284950845
0.339940481659404
0.0742233180144539
0.1851822998914
0.264866053592641
0.165337917633253
0.224417595211036
0.154101567976784
0.158325902393786
0.121468762962497
0.106351417999709
0.176116112592782
0.130170328770596
0.183548215920317
0.0323970462161559
0.300132167688224
0.130761172561482
0.433066968956211
0.286352491653079
0.19496666939846
0.285913897716131
0.177012820785787
0.279678197059927
0.240065294897263
0.178404665679706
0.227547273054647
0.195491802245606
0.148763244785353
0.331573426157889
0.247348480548664
0.195118687730269
0.308817687107998
0.207108215060575
0.402474791146769
0.349888257984529
0.225674691663631
0.27058095543199
0.220886537052158
0.300423195256708
0.182511376003854
0.292893218738534
0.272363581466081
0.203011352792296
0.323666102996335
0.226474007877932
0.314342306159248
0.0397914442001386
0.230708738859504
0.30903403433344
0.413080591776686
0.246464735070006
0.117820259231871
0.178117034290729
0.262883890604511
0.293658512336954
0.318052936807835
0.283568558286051
0.1682336058377
0.179990882623414
0.34307089744561
0.255797065287686
0.17097395239964
0.292193895416524
0.286883163699495
0.270430661365387
0.34279433464427
0.241057053696408
0.270689940496347
0.371377564224582
0.29015289530571
0.292619098028732
0.375904959617453
0.374262614661991
0.387275245692835
0.386837367262095
0.34323647731982
0.530183631601635
0.456495631711083
0.263644253736156
0.335857971314827
0.323501748292772
0.34205928202221
0.361735410572347
0.429965848311717
0.289066952013985
0.315710142119917
0.307152316762774
0.276360152074595
0.423066502873804
0.283017146534613
0.32692823306694
0.208824764949909
0.523689667271175
0.281963428054533
0.389303983832963
0.328276436675121
0.339902954664786
0.383903997763905
0.311043915587572
0.411167217597413
0.313663702607392
0.303175069073135
0.426642462731274
0.273731541493599
0.335778494611631
0.439177133614093
0.356911612838629
0.45398050366745
0.405878516911722
0.352759392920483
0.592759187513203
0.494167540547241
0.258493301577449
0.442657821017162
0.400550105712436
0.433286915728318
0.580356153492324
0.451121138639514
0.258834807945064
0.470609665401497
0.38824660612215
0.513958769996382
0.248700965771421
0.338970715055869
0.466643511276121
0.368151166070239
0.224759954010843
0.29073864268655
0.460198668146427
0.413578389298018
0.508604645751557
0.54749784310681
0.408961870186718
0.497611088490279
0.479478816058511
0.47564832936698
0.50026758165593
0.393146562181745
0.452814425699186
0.484810020060121
0.465317303621443
0.442975855870779
0.357079986195003
0.381783437553796
0.412813839247051
0.38264892068771
0.366253257456032
0.50126944177777
0.550048396643684
0.348130787228153
0.487741505390769
0.422102364436305
0.572088692547993
0.503076120606838
0.478709282122508
0.564434180786628
0.537548623736712
0.615701486145579
0.468516264714151
0.470288364804893
0.530332116788415
0.608429790735968
0.488582941760391
0.466496773228512
0.458147896159228
0.366169652423477
0.45722280984073
0.506055622558043
0.515078981565873
0.583868847000189
0.612017392287038
0.457522135037019
0.538643638475646
0.526856637573602
0.494679571737136
0.329091386386813
0.537320435914658
0.434914844345463
0.499196809940204
0.461646672557612
0.41013716582677
0.326613885035204
0.593744241341253
0.579275498107357
0.388603974298362
0.578942142916224
0.380572960956983
0.526058595871604
0.543844492163567
0.5817908839475
0.5327883137645
0.582938114031919
0.597694405337057
0.342801881525354
0.536656215007772
0.484910086811064
0.522851291229943
0.527978310420686
0.517916817334119
0.619263448879734
0.502578655454925
0.657874119861993
0.659645839901587
0.687104550264525
0.649798665793976
0.4578115229966
0.689170177796402
0.469686744794968
0.609498610261269
0.729654816816996
0.719710592745786
0.549997787918677
0.671504814826735
0.675620462841036
0.730991272633788
0.573302243320215
0.581545800000431
0.528190375868798
0.543527541506905
0.571496678930968
0.587136902151212
0.627978914711489
0.726511152716418
0.730445670622476
0.524256823676574
0.614471971711522
0.514144879157354
0.723519853437577
0.686731750219039
0.742563116271911
0.652347284955234
0.704934974747096
0.701097937682534
0.611173453614978
0.647582737184808
0.556934560835813
0.752988184020919
0.646123521392648
0.575040613511272
0.590650433978067
0.748903931613304
0.663884481735455
0.643395159575724
0.698795740313312
0.609794167874213
0.565040521211196
0.725295003008905
0.711368244947607
0.574795222689387
0.652469652485112
0.591197259400874
0.818597290566734
0.640274572229639
0.486192305556815
0.710064389603251
0.68486611099301
0.73129305862416
0.703835407852574
0.812222203488632
0.695024638521756
0.785171553910854
0.653655565833562
0.609002680667077
0.864046855171381
0.918352411353974
0.836745595506188
0.758408684122831
0.64805708824797
0.661731627983854
0.839078595233218
0.632186885682542
0.634049879366975
0.784287572864902
0.778742603942652
0.578451866259364
0.573698707535019
0.727862777531892
0.746219115977435
0.658310188342942
0.823735629319144
0.551713576965494
0.734306652275795
0.798419485921843
0.709684836800884
0.798392795380582
0.765293431139207
0.581455285822107
0.689586893619526
0.721046798839749
0.846510724427083
0.542156649603612
0.741922773583962
0.665111345415889
0.637278212048675
0.85804579582036
0.760245617794677
0.832839188163321
0.800429904983288
0.772380991332488
0.778179167930039
0.633573996168071
0.710149149450625
0.851299997500248
0.789322332308736
0.752606102482644
0.825531053676923
0.782990495710069
0.731921819105775
0.749738302830957
0.832778609964245
0.80361811502669
0.936854064166561
1.00945961992202
0.815365292054902
0.673805464470855
0.687113942709701
0.891844471835643
0.827939486668235
0.725627748274114
0.868793667959482
0.926836877254841
0.950863388345657
0.837718081793797
0.879322761642106
0.750049736166762
0.784872077671159
0.815604209559644
0.859149421370808
0.772416740646873
0.816924790224832
0.707662611883745
0.981693289189826
0.697848501251943
0.885023629571465
0.837861699261199
0.831789754593226
0.761093519618928
0.957888389501339
0.741527967832003
0.803318082716592
0.786545925638909
0.932829202488111
0.865405921510589
0.90919789073104
0.812437194312574
0.95204606790431
0.895460488830699
0.869435557274153
0.739539912903112
0.922867182074037
0.700621319847812
1.01521224793124
0.941104124060527
0.970213004100265
0.722373745708124
0.937631420182479
0.928302643462471
0.926471651634334
0.800227895196063
0.944325592703486
0.993264314344291
0.763859315828232
0.952240645973833
1.00445762849109
0.884004167246775
0.855146180662324
0.817265191907652
0.920238338789511
0.845251101416428
0.87850490084764
0.885624538203238
0.919684213118925
0.759801581684975
0.917524688540093
1.01541461777721
0.793599808321163
0.922272464231854
1.01022498356387
1.06271803693477
0.955686481916098
0.871479311914418
1.09748917037139
0.921416733349106
0.820161867255987
1.17269520412569
0.902336585359303
0.868392419754566
0.937442772792316
0.863749162409268
0.964120674909632
1.02340695059823
0.904339018233473
0.803974303958162
0.996289171132662
1.00635432420275
1.05368451383769
0.912551274025525
0.979316799951393
1.00532066235087
0.850393447789144
0.976555296147804
0.999738382224132
1.20268048557316
0.982700503120804
1.04550539339075
0.907422452433762
1.05740844093775
0.952113064382795
0.956320147438461
1.03007659003605
1.20213150109817
0.936879771442202
1.00794958918917
