-0.0355986878191594
-0.974842652009433
-0.958978120862445
-1.08081762440947
-0.991895199323584
-1.05781368301266
-0.964696107298985
-0.863433737352523
-0.979085833414267
-1.11366994607793
-0.868250238724705
-0.965837069471448
-1.00035524809499
-0.947018027098388
-1.10694498888841
-1.04586351851477
-0.899482166200281
-0.973446191427645
-0.950004520753578
-0.858157432119101
-0.867264756395131
-0.989478512801972
-0.872978070580557
-0.9503524942683
-0.924170324676656
-0.940523782752531
-0.885794783690415
-1.07872549335323
-0.868852992395131
-0.894323891460572
-0.947740506758741
-0.853069239876035
-0.835981540229402
-1.03461070072924
-0.933334673420034
-0.887649749836976
-0.851677295563049
-0.980052704702448
-0.910227367930431
-0.980227895119765
-1.02942361520208
-0.923033559782094
-0.904026352026113
-0.904610287292467
-0.910867883526879
-0.90152674532662
-0.768155532455268
-0.894322239815312
-0.863104711448108
-0.936062883098584
-0.941820687147746
-0.936161766517778
-0.914278422203526
-0.985456470181624
-0.876645782427627
-0.875754677561116
-1.00397189927615
-0.879045770822531
-0.898044368034037
-1.00493623742572
-0.854694392789043
-0.914568493637396
-0.871112115867142
-0.693187097666351
-0.953537060010131
-0.876743096407257
-0.841963550255253
-0.778694877472753
-0.900506526639113
-0.867191574502474
-0.834328229206202
-0.982420659996379
-0.929585173257384
-0.957057292629174
-0.882280569221632
-0.822198279592465
-0.834098262471838
-0.859530461126845
-0.86127132498559
-0.907396337142655
-0.779597213606774
-0.837048559987386
-0.645541809547008
-0.807342354419105
-0.921475145424104
-0.798988104770398
-0.788479290089453
-0.803209451150843
-0.832562914284163
-0.990951302195567
-0.731976298877849
-0.798349997608417
-0.910614543890953
-0.704030230975745
-0.854303592049321
-0.777204913976438
-0.927082911932404
-0.687512844344998
-0.821175748449416
-0.843159070149905
-0.915174678647125
-0.957673326703971
-0.766991273424993
-0.765303071293646
-0.800848339293436
-0.728768444935513
-0.690236823623545
-0.862150567910913
-0.838509878690965
-0.776008454369724
-0.75710148962804
-0.598434218468083
-0.904581162890934
-0.799276120761493
-0.863355337241205
-0.642435966450355
-0.785422834719402
-0.839517703127181
-0.634167722558461
-0.7435094339246
-0.818088242674701
-0.695869511457782
-0.87697431801489
-0.654392479266203
-0.759656406439678
-0.844634892634566
-0.793794630525096
-0.850069297044968
-0.714054708529432
-0.875084807186843
-0.711086880753443
-0.682284738449806
-0.616715855549793
-0.646647280256035
-0.625449517698011
-0.924355516062751
-0.756035971422417
-0.77736621182174
-0.798834027880376
-0.749559439258074
-0.617116718676681
-0.645249671796907
-0.675215690718927
-0.694013449547922
-0.818147014978928
-0.668483045883579
-0.70761511673204
-0.594557695465159
-0.793921762557647
-0.612613363357029
-0.655559775186661
-0.803976752831892
-0.751601905027901
-0.752330208620414
-0.732138868432787
-0.58653039537019
-0.784407017701479
-0.689786236877109
-0.652538965802835
-0.78374559565139
-0.552992585516847
-0.683219958327458
-0.673957285107593
-0.712893764124296
-0.667068887284908
-0.598105478702866
-0.704182112394784
-0.827068688068296
-0.648693310156833
-0.729168211860989
-0.67631772402344
-0.730759737834179
-0.640159895979161
-0.809021557073067
-0.758508722477912
-0.417465073520252
-0.602273702609
-0.719860812282737
-0.549684402717253
-0.825530923743489
-0.630201264329977
-0.859537502924629
-0.568633830665846
-0.766659198493993
-0.613750385666926
-0.635468726482693
-0.602010889233973
-0.537276913055298
-0.651279413418515
-0.70299507630981
-0.431849880444429
-0.571185046448513
-0.661490789678472
-0.723486817896266
-0.69600731549092
-0.489098143974163
-0.506171979961496
-0.595196676136073
-0.638595618427272
-0.624934486051746
-0.63568311216433
-0.644714163435047
-0.555598033572926
-0.566464074006864
-0.515862007837251
-0.648023193225989
-0.557235461386654
-0.692041830459806
-0.568862083169113
-0.427339343268399
-0.624252816305403
-0.486765692835666
-0.452211640660987
-0.469820121767035
-0.648121960977093
-0.590246004829906
-0.605496734671171
-0.623183379099211
-0.683906532527691
-0.470764478990516
-0.613078257584457
-0.62060476136784
-0.592984096819035
-0.508118822203356
-0.611131552667537
-0.567882602062789
-0.547597992596587
-0.608207716518885
-0.516178952270319
-0.388494538153658
-0.748081417991231
-0.484410662595337
-0.486322933880571
-0.461224168734986
-0.662223443410582
-0.422725824877936
-0.54940161106876
-0.436898008507187
-0.634627622375378
-0.552301003465161
-0.543137638712561
-0.504232618201664
-0.432001515662982
-0.573945673619651
-0.545494893841309
-0.540142130409425
-0.634271172415078
-0.453809667139164
-0.5815228141769
-0.368730548907146
-0.439217360770135
-0.474334591983261
-0.65148858266187
-0.51644692167784
-0.40958541858888
-0.467344269643719
-0.523143431744917
-0.473495675275822
-0.509450572491421
-0.479079254426647
-0.668254318136502
-0.492639736805728
-0.36913886945021
-0.549671579260226
-0.558451529721864
-0.613908091839178
-0.491348877724679
-0.65825646208739
-0.320435449513314
-0.433759122189564
-0.414579992588193
-0.44945744410036
-0.432491989639962
-0.49248174212801
-0.46725409772551
-0.34131706712025
-0.447855026456721
-0.516976146117069
-0.491784363183735
-0.315152697081489
-0.222031438567246
-0.481502476964887
-0.536651515273238
-0.318898990188947
-0.540195039585875
-0.334083273533578
-0.515679077547215
-0.485827224144014
-0.420643824381345
-0.400388122171613
-0.312822203383757
-0.44614986894526
-0.471169292613761
-0.300009774236138
-0.358222845400754
-0.278894090102997
-0.403178536096845
-0.420249449057065
-0.493279959353806
-0.322043548715409
-0.404629678639934
-0.419606951569622
-0.416038903835408
-0.362327440822003
-0.334544395665693
-0.45805362345109
-0.372806450156124
-0.258031218738823
-0.430981995067515
-0.321005171453287
-0.39549850551026
-0.451465319945487
-0.353889240033611
-0.370865189787466
-0.150347972866064
-0.492182605258896
-0.48136279623885
-0.349213587831168
-0.281135228933028
-0.394414507429731
-0.310228512413379
-0.35281849080808
-0.321890041952306
-0.383188630695732
-0.488377859141123
-0.149486624894955
-0.375755869327601
-0.511427934544063
-0.264932784614542
-0.371254386963602
-0.372085457835423
-0.269918643118733
-0.293298514952902
-0.388277246067311
-0.47902685647945
-0.440324883992089
-0.501049459614534
-0.197835180818594
-0.279301735204153
-0.365858388718987
-0.36469113085306
-0.404894718457533
-0.371219184714693
-0.322359888306978
-0.320729348444082
-0.25285686271912
-0.365020771074864
-0.301916516529407
-0.218297391911884
-0.310563761630654
-0.38580255144037
-0.0811199163114951
-0.342442922829895
-0.22851086243709
-0.388516353850321
-0.152901205629483
-0.207098215110154
-0.279014734449178
-0.346682616561424
-0.374268036042643
-0.241707396373094
-0.207793093327388
-0.188129304983277
-0.26592311054338
-0.176453535090915
-0.397807663344499
-0.370292547471786
-0.111075515787538
-0.307380707177209
-0.188677813731882
-0.230131097599939
-0.296114475616093
-0.0706241880698305
-0.158257098565384
-0.0299592975963633
-0.20677378821047
-0.280239600832275
-0.303617400629927
-0.314566876478199
-0.200621746686227
-0.31821534529077
-0.401057824845683
-0.186945155873989
-0.318140697108406
-0.218786773747374
-0.294969298153417
-0.357398292282821
-0.241343150053323
-0.271619465350835
-0.328019405984439
-0.237336092017728
-0.282611550650336
-0.20225591345455
-0.286467240265443
-0.286057619354472
-0.101411335016331
0.0186334956519238
-0.179415700265523
-0.156707687696354
-0.121504764703875
-0.136938211463271
-0.0618025084717156
-0.168331490542514
-0.234600717457303
-0.109404960575433
-0.377284317845067
-0.183694206352958
-0.170692289152302
-0.332423083691985
-0.174726470806523
-0.105844837488716
-0.24732596562955
-0.20990428476375
-0.0688970857723523
-0.205596720354215
-0.154809602962452
-0.182593374622436
-0.1842504780696
-0.0718696227788673
-0.125016428023725
-0.057739913341147
-0.145239672921804
-0.074812423531829
-0.08764579775329
-0.189775361601817
-0.128418902020183
-0.141587472644559
-0.174147794935028
-0.167399061881291
-0.159475472377523
-0.178066269435486
-0.119022295077741
0.0431832194403293
-0.197548203872234
-0.0692653262331562
-0.0688408487603932
-0.0673772522457451
-0.136536801462855
-0.14694988030285
-0.191591967396161
-0.0360807241601745
-0.157849655923965
-0.142124537957746
0.214034190687109
-0.118457048244987
-0.0561792425955026
-0.159442593736353
-0.119366418345634
-0.0350354169095563
-0.10448857192789
-0.0328745113345247
-0.0431079065717081
-0.00997320657589486
-0.0924575151550217
-0.201958200952287
-0.191491955582645
-0.107757861416488
0.0138773354281453
-0.0416675133783466
-0.174168989382187
0.0457925453848347
-0.01557373528373
-0.139664421132729
-0.0482452280081033
-0.11104685873177
-0.153759847661153
-0.0266934344439262
0.0898199693865166
-0.219657367915349
0.0429177781007063
0.0123905804270525
-0.139972797887835
-0.0716557907824952
-0.0880772613116089
-0.0024343171665671
-0.012446748127574
0.0639697427270391
-0.0700787994634638
0.0991162109972954
-0.177577650327542
0.0366576284003557
-0.124174800437764
-0.108257600189992
-0.0988039640598631
0.00617884636986946
-0.070016941983
0.00722059927575483
0.0144766228395815
-0.199266103692158
-0.0911813564901869
0.0587507008277632
0.0131085758048139
-0.114890046400628
-0.00672961463629117
-0.10499090249571
-0.05638211052796
-0.134637542085728
0.0696676172666381
0.0120069622170295
-0.15799942953572
0.0723367024848778
-0.0143551164123805
0.107511750508077
-0.0012237865790071
-0.0955093036839078
0.105839483017599
0.16128474445104
0.0762494718375035
0.0294308181355303
0.101945104067197
-0.0332314099701864
0.180207288264355
0.210793847973402
-0.0167863055705359
0.0570274958830965
0.0279476754259477
-0.0435499263727308
-0.0717642450162707
0.0188622847490569
0.0188425828568475
-0.125636178092447
0.0746620557458678
-0.074012836724602
-0.0454666388683085
0.00961400483305778
0.155242479920425
0.0872160283170465
0.0741173837883569
-0.0906616676038204
0.19988886889256
0.00291503589976895
0.0990141418269121
0.20182956551107
0.00696295460191756
0.0373295622701745
0.215486505864366
0.137603909226214
0.1100627930787
-0.055370392890544
-0.0498538599373556
0.13605815260314
0.0285651433776344
-0.109457486248039
-0.0680634381876151
0.167402834085592
0.0775503274739782
-0.0242909166938516
0.0836361408298711
-0.130265296502616
0.0425580418512787
-0.000396492156912511
0.0772402812645593
0.125327597171491
0.12507569559854
0.116058118451025
0.100159488585884
0.126377518937408
0.143567695551855
0.208098729315482
0.0286823259164158
0.139959042253447
0.10694591913259
0.0790849024377038
0.172363750178364
0.0673807139193175
0.27840275465538
0.155067357353721
0.198528079254534
0.0514637763345864
0.206805433240723
0.176691516342809
0.199170132808255
0.330767875573822
0.143212390757634
0.0704118982726093
0.0139869502319478
0.0367437428029306
0.231624764207852
0.126287504748285
0.215127327591788
0.0328984156373463
0.163825496904218
0.282964572017266
0.240414154139894
0.138719731889383
0.18597400603192
0.294587233619167
0.106283735210558
0.259888944395902
0.252976174746168
0.156831020119537
0.21448216457161
0.135616336873017
0.274621008293041
0.217128007119144
0.195315827088259
0.0744591801396407
0.105317431820689
0.291118722157562
0.329611587613974
0.0577839620859479
0.18128080259564
0.152253868380708
0.102450787515045
0.173983178953281
0.22032620754844
0.108188800251762
0.421376314254907
0.303633996270432
-0.00801765583238984
0.146776205183138
0.228866653329757
0.265121467954681
0.176239198436273
0.119865165199693
0.238018165721977
0.191836844058046
0.135856259955124
0.122677850519965
0.275553170674095
0.304653304689187
0.318077833348339
0.400397722215086
0.141667001797697
0.158795846625829
0.347503861739861
0.177515329849222
0.301219225900514
0.225848312894183
0.241301500397716
0.291205808304753
0.147179777055293
0.105819970130879
0.258777131471467
0.350367265517746
0.262035965658138
0.191204679479573
0.414747724957611
0.256565746489096
0.396288631863014
0.398036609327711
0.228200385332567
0.258381530971635
0.347494605460855
0.281724040037553
0.215514011593979
0.219976359218122
0.411029015781159
0.288621778465071
0.306259641280362
0.327338965415537
0.164884202776133
0.26447822977079
0.296516833315195
0.246114761086337
0.165238943598146
0.181135486366965
0.195591207484168
0.310608295392653
0.366212875651809
0.420482726906081
0.329695157229407
0.307619868283362
0.241372964422632
0.41621684967867
0.293302983346538
0.256017097544264
0.402727643766769
0.285992286664599
0.429561335750961
0.362874144587794
0.407163168911924
0.316008211313213
0.350107374866955
0.479129787506973
0.451300379753158
0.320995675068497
0.238023518583459
0.189019764168221
0.561151583667465
0.330398336842113
0.259742064773956
0.395423944611744
0.396015074268386
0.4345925385567
0.427424554523856
0.442734945721896
0.238329053411068
0.46638922048871
0.427770240648736
0.386611759928298
0.422919555101531
0.494635247844784
0.291169535444518
0.319587283508829
0.45666704026165
0.317056315141599
0.394085003852228
0.525140072851468
0.453999951673229
0.507287019830351
0.419216815997737
0.4909368380523
0.482357999069991
0.373174620474638
0.457623684029513
0.384830803172135
0.364984443043863
0.38722700296441
0.482759719412929
0.577005219628097
0.498434444798777
0.653591343443833
0.399334033313658
0.394732431521598
0.471097678502069
0.272875611715668
0.366104751606432
0.368338409960681
0.286348460779216
0.546654993493839
0.480015399795999
0.443733888888339
0.462569264059632
0.397138403696941
0.465843856339783
0.41978604202112
0.410817543304407
0.53694072205672
0.477582825888474
0.55266118743779
0.536781765241868
0.39836044654375
0.550923052389818
0.548047479486507
0.474842745029377
0.578365531498021
0.509855820935857
0.404170015984785
0.400053144415052
0.527138242365829
0.702403945644049
0.492992910645925
0.348391111028222
0.482401725446053
0.370452646364538
0.58646237658075
0.446990292068091
0.456408103533331
0.474134782056287
0.473354856685632
0.463474680453205
0.533837772589552
0.481850917794566
0.582402320284055
0.53279266308607
0.560321546035495
0.717839710422694
0.53880227157985
0.387414927751012
0.582143361414038
0.564943722673948
0.571082298296971
0.472690367556515
0.512869515436204
0.463843877119039
0.522367207671396
0.383808178162817
0.465064102963851
0.420846804625868
0.640727405901435
0.50054789340671
0.643882287301959
0.560993590832884
0.583859869944073
0.53276691980927
0.530257416684571
0.540124337429576
0.490595857080842
0.591768024341999
0.643533798939058
0.592130729345415
0.746737268421267
0.57906916374359
0.537638522501427
0.565673649455477
0.687551304726211
0.57995441215815
0.649903069808249
0.438773455903741
0.516489289468861
0.643037589279402
0.583434222021105
0.537432140669397
0.630742393253529
0.619276662530508
0.397034934907101
0.515106470262947
0.486052155704806
0.587778474504213
0.576505884026621
0.647408342573931
0.639880742816698
0.691262202765532
0.737013067444044
0.763600803058906
0.681375855978361
0.626226982048372
0.671278644028642
0.628541403915698
0.552442540033988
0.665016669807067
0.52458818429532
0.597673454475809
0.593652884746851
0.605860357869667
0.61661853957501
0.675401344771439
0.569312798439665
0.691393517126947
0.634874886448979
0.590848850083857
0.716515977958374
0.67373098815943
0.712359276995322
0.653134062582706
0.505340685083663
0.696377810075499
0.738414742264459
0.671880524159921
0.776059239715855
0.583412073712314
0.702848466279031
0.737636914408626
0.432386269621283
0.640457404051112
0.617421593131936
0.726628233457672
0.68022480191955
0.674619954250841
0.510434822437853
0.670983272476241
0.688501476025259
0.661997945003638
0.791819721897719
0.627471090759173
0.704510199647183
0.684290667026278
0.650600411061674
0.752217117522569
0.527084207564846
0.809889047408392
0.76840277056804
0.665875989196109
0.710177637448165
0.761012278371432
0.625191932586302
0.764709195071723
0.659022837877431
0.673824156064114
0.78258268109061
0.509290441464924
0.734878796482865
0.708559591794187
0.598200798347541
0.577209927113557
0.671092350447888
0.715626526630746
0.753650149871852
0.838949813500478
0.832839823463511
0.667206722462601
0.747017379903374
0.825414414323119
0.747660630855001
0.838382485438126
0.706546570499456
0.661564062806601
0.713682069959856
0.901160318510094
0.774721974741894
0.729770985995369
0.758809242728053
0.979970085623093
0.695600183106278
0.731731557613398
0.667511888062998
0.639382260006747
0.849696698010644
0.775889700490917
0.724925587296366
0.733263739183933
0.736524394229011
0.703126014625732
0.717249359187373
0.810444547887597
0.761025504729322
0.670694536897375
0.84940775691539
0.742234957813781
0.742559579135805
0.811311107370647
0.820699128317054
0.769549642522416
0.899922352121155
0.873190657602064
1.0207865803362
0.829260104292586
0.805376852547879
0.801970999085756
0.861531391113969
0.895779471978326
0.742440454486295
0.871418446517153
0.854426806697052
0.704870160464833
0.785553991127131
0.931741700821127
0.905760822324647
0.994592141385783
0.936232440075901
0.834855298412316
0.945909750832743
0.752490073862978
0.874056322747316
0.905528098670267
0.728165207872786
0.824931796223882
0.660173021225171
0.800160241851113
0.859992625580944
0.859766484565179
0.931701995692543
0.854538536992508
0.973704747233601
0.978365638194046
0.87306091620814
0.806198144273109
0.862386465105827
0.965605890495312
0.76229316018648
0.920447875534537
0.851968777796213
0.91491360994386
0.928734720801986
0.902173316095483
0.989832086942786
0.975969040824145
0.746504102312606
0.854518436779903
0.784800851558087
0.765342781350066
0.868073640070491
0.976402498442422
1.03217456344563
0.900315508291003
0.75631880159463
0.942445356218851
0.997979397085311
0.964127085423397
0.885933356174037
0.958915724168495
0.890525436858291
0.969358122039233
0.797482713117306
0.893843819880693
0.878395674734075
0.875762949726404
0.97475544068956
0.932113467934049
1.01847653469381
0.781426802877163
0.9674081271395
0.821668642575368
0.927689860202966
0.857438847265461
0.970223946921402
0.76409901888432
0.805050662519886
0.834411970695696
1.11667489228048
1.02402196344558
1.0629447838843
1.00796377919232
0.964067248066462
0.953456337588135
1.07251795226487
0.921524555621166
0.980763100032849
0.822174265664162
1.01152865876216
0.878632581219643
0.929296349533933
0.818645092109653
1.00997143207818
1.113296541532
1.02537344947292
1.13394814488269
0.917369396729518
0.938544968988003
0.963202504229328
