-0.142935118864018
-0.999760403746638
-1.03883874779073
-0.996196559287855
-1.10672528840671
-1.09929695588247
-0.933213223895833
-0.835125358407759
-0.900245626761587
-1.0105806014077
-0.903309500745793
-0.994182990936874
-0.953476620038166
-0.973610412226547
-0.9457214282263
-0.919452180189704
-1.08146616692823
-1.07897337559837
-0.962558592892095
-0.947817658819263
-0.930938024081277
-0.899495419786458
-0.907815186681018
-0.840656373139586
-0.758822723116765
-0.908574554158458
-0.931557447324677
-0.951667746275366
-0.917577869365326
-0.937370212924339
-0.966931683876322
-1.0268276962839
-0.821298948006671
-0.891990949231442
-0.885588088646147
-0.888897052011208
-0.914227391089296
-1.01949488000366
-0.979543502298471
-0.973985945737135
-0.874522781710497
-0.96395022087307
-1.08493545091462
-0.786370645298177
-0.919675035724224
-1.00654441529764
-0.735062606146281
-0.952926189228051
-0.931315048553192
-0.944992709748303
-1.10563653892688
-0.941598616426459
-0.993229245717166
-1.02925007203816
-0.986910738744187
-0.905846732052971
-0.870652107215091
-0.941485623866797
-0.915829744565427
-0.735138051369052
-1.01354271061094
-0.782448724784345
-0.94167199154903
-0.791964009160136
-0.850797230636782
-0.851962308936151
-0.988811599810433
-0.828420196689077
-0.917114943758652
-0.91576210256724
-0.923091075270195
-0.855461075024632
-0.895195777707627
-0.776136643809643
-0.775758089272856
-0.790203538601592
-0.858560488015688
-0.856897186488415
-0.832729180967956
-0.904273511287597
-0.754136003478595
-0.821544892333259
-0.856182168640304
-0.755683175265891
-0.791662505196564
-0.933011183713552
-0.824735220366593
-0.536736016464953
-0.893438065057565
-0.663472267928391
-0.807895483577893
-0.817341084933259
-0.693349428744261
-0.817691919015116
-0.785005054361818
-0.864367492321297
-0.944508076871754
-0.725511307969863
-0.840075054995229
-0.834310969067936
-0.597157166487766
-0.800051419150843
-0.74759564694008
-0.761818696659929
-0.828017742516469
-0.794798271088621
-0.794986001819807
-0.765857277509493
-0.792526046963477
-0.744768207687973
-0.684461053972992
-0.604038433064243
-0.787213397040196
-0.755294935759807
-0.681748014030323
-0.787172921063139
-0.790394736301269
-0.615546836244094
-0.519176889393374
-0.775490318919389
-0.710574428599958
-0.765304978639419
-0.84343513826518
-0.801127396648791
-0.851684264898644
-0.807652744151816
-0.702003956545363
-0.861179419501596
-0.853806753869553
-0.896360399874674
-0.727695484782258
-0.706908207348508
-0.688744092249762
-0.702200313462229
-0.709935695603407
-0.845807475888023
-0.732122545569587
-0.73992570684216
-0.587786943335292
-0.791723158774395
-0.626450869657328
-0.901581073418452
-0.762162008982042
-0.757947831026874
-0.822420047799583
-0.730221765457746
-0.752337485051326
-0.732080847656951
-0.860937311389456
-0.690567221746808
-0.648082364530546
-0.790758517018349
-0.702077121829832
-0.668236128081738
-0.601387016900707
-0.681576385226974
-0.711464697886292
-0.644331404242472
-0.611929879380977
-0.658949177357355
-0.728550628303005
-0.768613100725515
-0.629423949014695
-0.595906917616877
-0.796361436776412
-0.715087876467903
-0.731227501625281
-0.743224177230265
-0.680913563961641
-0.794449202754949
-0.728799466206246
-0.703437137887876
-0.610345820712418
-0.669060925117398
-0.649185698627417
-0.538780904501206
-0.585275581428901
-0.689047163699897
-0.682135910382834
-0.695441181629976
-0.749232880975439
-0.549452518236898
-0.68169881699931
-0.555139101270462
-0.697170843439375
-0.750522543809884
-0.654387163263939
-0.575690065906764
-0.615581593409329
-0.578325077200142
-0.622108936583348
-0.776528226341982
-0.706096820787259
-0.582766546110896
-0.535843259393945
-0.865172885586509
-0.718603275297307
-0.622778579223001
-0.586424529693343
-0.709907993201896
-0.612045913602128
-0.640598580199944
-0.537003144210551
-0.647208426723476
-0.601902724552058
-0.571262885749872
-0.589180652635843
-0.5506481776036
-0.585652029636725
-0.696282915114882
-0.573668636991506
-0.667066698707795
-0.742863368860665
-0.585245204905458
-0.43375716391727
-0.378100759459648
-0.736511516362899
-0.604150934397436
-0.526543761309076
-0.489992767443487
-0.666107990586077
-0.470570829733972
-0.624577713879343
-0.513084151575841
-0.486430344009961
-0.580213186276971
-0.442338971098428
-0.602832877008167
-0.569924873915534
-0.763766586251424
-0.537860546033269
-0.602712211665134
-0.556941331098697
-0.496407410130011
-0.552240160381319
-0.410763422801892
-0.455332817288854
-0.450929377427726
-0.576150281520931
-0.511053831016102
-0.504726861524027
-0.523883565291735
-0.52476983100535
-0.525054677906807
-0.3940334635938
-0.591846717409891
-0.671644834912734
-0.431287913436069
-0.516116487302165
-0.481437256104923
-0.606778537157077
-0.5687175628661
-0.709981696882136
-0.441532359627036
-0.590383476017671
-0.675504491613491
-0.478001864151904
-0.547985483697016
-0.465906761324462
-0.526694950937774
-0.456510618654635
-0.4171288829374
-0.697369039885452
-0.45750183608461
-0.471656981353356
-0.468471967890694
-0.419668846077983
-0.426813552765382
-0.623604291598261
-0.634559134392953
-0.401357277116491
-0.429796470761334
-0.512329981590314
-0.573117857326715
-0.472520018926781
-0.333002815357741
-0.366059557697273
-0.321813771424967
-0.571200476086828
-0.368526372352656
-0.57941365928132
-0.550694310269664
-0.382675998771496
-0.377602273881734
-0.356650779991465
-0.476670523630091
-0.414873177567609
-0.307787234134313
-0.339030469186232
-0.292467623183331
-0.195397316890586
-0.530074314964352
-0.51990769089352
-0.57183889242005
-0.426886677143813
-0.514502939604622
-0.445028179919189
-0.353972581811763
-0.498881686546107
-0.40194693230202
-0.499454820486522
-0.411461602345249
-0.435326921771372
-0.517472654551846
-0.454087781005568
-0.552812169912614
-0.330383642460867
-0.398470169991688
-0.479902079313945
-0.371109463177834
-0.303174475004222
-0.275737348818752
-0.315114991896705
-0.311360302898211
-0.484234414752717
-0.318977199311069
-0.541889999040168
-0.343514213003831
-0.317116116031625
-0.369019744266813
-0.385775395060025
-0.296751673288472
-0.29998214778275
-0.351733436400765
-0.285647837425287
-0.36806956641178
-0.356229018847345
-0.385271467482865
-0.336190349203603
-0.520084087036294
-0.42910625132324
-0.359755365851466
-0.324997730786982
-0.261989837358253
-0.371890303355254
-0.319923046959874
-0.443077070078934
-0.497129051132084
-0.468224854998589
-0.262180320630982
-0.417593192640214
-0.375312766671315
-0.381909972584428
-0.26263751849821
-0.363295298722638
-0.289235496094412
-0.242202026636268
-0.307950935151113
-0.269472772564179
-0.137220895542265
-0.257515857633531
-0.339464474855377
-0.247671802480054
-0.39572912944369
-0.374218040980039
-0.284759011666026
-0.258831094366513
-0.348496504092122
-0.411793823822217
-0.369426008174453
-0.252296431103935
-0.305652339768007
-0.267089468722488
-0.267407467600008
-0.151394153737788
-0.330209963718474
-0.401715251743019
-0.180737455863551
-0.243431095560818
-0.249304966774905
-0.35655239414045
-0.284770198130135
-0.274045065118124
-0.364263906987685
-0.213742759559511
-0.282668993490727
-0.398542769588539
-0.338729633546839
-0.294093283761786
-0.310251061128271
-0.32678658819235
-0.280892038713983
-0.196738008188507
-0.105682120002842
-0.361979257415196
-0.0377155228001395
-0.156489654677782
-0.0675565517414039
-0.054743110233173
-0.263165743176541
-0.318850550095832
-0.15595384610547
-0.292506323890577
-0.0729203820332343
-0.18434020460131
-0.229762196513357
-0.425854147024186
-0.308591455248209
-0.157891815504749
-0.0487394995584482
-0.213221902244818
-0.239746141120353
-0.212293675858874
-0.11952442914389
-0.16524373687467
-0.295399716464933
-0.154972837358117
-0.135699102651743
-0.383202967049109
-0.245462733438449
-0.243336820242378
-0.202771281090831
-0.17888369763723
-0.199975989324429
-0.153033935587582
-0.105782564210027
-0.128657605959795
-0.11030897949604
-0.18552664617473
-0.175766124111202
-0.175751963285557
-0.116396233998009
-0.151363770481594
-0.284189011609426
-0.238037500484541
-0.163824704315874
-0.078542012538141
-0.124606618631611
-0.0303702459850003
-0.1962630168584
-0.136505815558581
-0.00126034431060342
-0.184855407779411
-0.250674434470937
-0.0969710034449606
-0.175959085784771
-0.152576547714615
-0.0778222504823236
-0.0908441787508368
-0.159397855320546
-0.120922796498634
-0.165075134845679
-0.108496179949001
-0.150931327610596
-0.15188601115244
-0.188188827385095
-0.0366625421339785
-0.0147183689059432
-0.15211587617666
-0.0978346901888624
0.00164394707709646
-0.0555901483069634
0.0391175332032307
-0.0795430441949689
-0.0243351333866654
-0.206991798147043
0.0219340894612713
-0.0590112139259606
-0.0621293315259446
-0.015617410646746
-0.149580890266205
-0.177262238151604
0.0123458393664993
-0.108066861748706
-0.0261228171058801
-0.0950732171302862
-0.0761863687129385
-0.0332450815633117
-0.16379416256082
-0.127777455671414
-0.0519726990520383
0.030475653154952
0.0550656944580897
-0.0097189925346673
-0.171845817108465
-0.207867316307794
-0.122122192884856
0.0202742110081894
-0.016528629484271
-0.105141047258211
-0.0604237919509506
0.0297989712585606
0.0171169956440748
-0.0871776762358609
0.0162906076786507
-0.0924001904290889
-0.171709387155722
-0.0312903002978262
0.0200083781215981
-0.0583258201569165
-0.0881482936387293
-0.0999207456949751
0.0167974434332735
0.113607880345461
-0.0507928650594434
0.109304143187707
0.00021793354063672
-0.0440785938498387
-0.115650400775029
-0.0505501214444067
0.0730916259548724
0.0388612532290565
0.0400199115727767
-0.106625750332814
-0.00291891243865853
0.108619892824752
0.0702012689614396
0.165753826306307
-0.0451057487377877
-0.036988042467026
0.110042952049933
0.0510523415456681
0.0825352721715445
0.0369269463661123
-0.0836160905293097
-0.0391852354393147
0.00130763162917347
-0.116673245388317
-0.00601075898643794
0.0963884445202638
0.217547319706028
0.101181638910249
0.0590702250688908
0.0226626571734889
-0.102269909422136
0.0592285774655156
-0.0522616931693793
0.0477734393853546
0.0487303759679495
0.0614369451886932
-0.0608195430816333
0.0292925390981622
-0.0261096437451892
0.06261443871524
0.15992181410104
0.0884431686232747
0.161345531976696
0.171700459513218
0.0436355988178399
-0.00642019360979648
0.133548648610658
0.164400026881619
0.0844202537031491
0.0845901521406058
0.107161848585918
0.118316284108635
0.0604313420396466
0.106449106068042
0.129716278266705
-0.0913385916440302
-0.0119907982920117
0.0372001268187619
0.00619188105031255
0.0429370661866898
0.166461645161804
0.0880962362528849
0.0331382428204825
0.163426102611781
0.131296099429074
0.296469876797061
0.156112860025607
0.180710685506693
0.076784406243134
0.216082197446716
0.0401046652869851
0.0233435630238559
0.184466093064093
0.0381503571951629
0.281700985807991
0.147946899334388
0.0421651879710555
-0.033581275163158
0.254887533293906
0.00656121907612813
0.16280108385022
0.0122710142649617
0.188794723004773
0.162350656769145
0.144414808029153
0.0774138359732294
0.149174671731406
0.102721682792393
0.212414362800331
0.220530506312197
0.18355976192643
0.0952531401196316
0.133101360672042
0.251560459126212
0.117292781215563
0.0722807064332355
0.207333920935227
0.0927825039399836
0.133955491773285
0.194949156013794
0.12211773459808
0.188471327046227
0.14587421584531
0.24930675314451
0.180389863425507
0.121430919373094
0.119537286503907
0.169779706910821
0.288774826816027
0.23374926962223
0.111965402581126
0.260244366400327
0.113785440940243
0.259306860866605
0.183806544542838
0.352094698932334
0.21341887436322
0.295506288181448
0.137252318186846
0.0537821731433013
0.228692019120058
0.211138963319872
0.347738950658214
0.195772700847342
0.145037324040029
0.278399640313335
0.260475793017409
0.247006547892049
0.240242874858939
0.357558706885515
0.277578430963725
0.261083947595001
0.362760494711866
0.20128840943093
0.131030636536789
0.271867782466691
0.301877796314722
0.286046692708438
0.129705256172438
0.253138069884403
0.320862425593901
0.322326878368496
0.207247765271075
0.301898853003185
0.214978939779685
0.387680220757435
0.296367621687949
0.223183075578951
0.404269412497454
0.373628407574702
0.153985212804749
0.303247684080177
0.181252980963422
0.290607746630761
0.303548909792016
0.220726225063254
0.3332441059609
0.314596025608556
0.418274409154982
0.225512095136196
0.437352195596794
0.150114823620794
0.26438397165407
0.359307437317046
0.477845205431771
0.326831025378745
0.300165957008091
0.195341058973004
0.275792813427005
0.359417339204156
0.260088305418948
0.0617051167264865
0.194194392814599
0.325345545051093
0.315463263337732
0.302653501610879
0.381460448610524
0.264996016055697
0.318225805804796
0.324117829127216
0.402116359214087
0.31355559372295
0.312757796339017
0.331924783576241
0.372401009824213
0.367557659460897
0.230892996245165
0.312114699642774
0.321420553213901
0.31004129276173
0.269151051106689
0.397292607173734
0.293144282908072
0.437965896730992
0.22145317145766
0.326146272702525
0.368588503493738
0.347131331620426
0.500233536094779
0.4161401432474
0.484294609828697
0.365265705519934
0.325468718402896
0.399368720512924
0.361885293735331
0.390735046072607
0.540166506485358
0.441832190905387
0.49284834685958
0.429756557604714
0.426966339010051
0.401192962640168
0.44154402453563
0.28938988438618
0.456293355385313
0.404004055383702
0.387498508922255
0.461936734060832
0.304404520623582
0.335493325504214
0.443673666099738
0.44209408405367
0.378109392079414
0.34030650533491
0.326309076794787
0.526283864503296
0.433091556341653
0.503063833778303
0.38441693151384
0.318142366505206
0.496631631512286
0.614756229710732
0.495527039851485
0.350089648195749
0.448381504537301
0.360548046722766
0.446301706290699
0.368113727773312
0.318664303961223
0.53418488667209
0.427446351401463
0.300589860711019
0.60075287665395
0.373802601172877
0.461558578330248
0.425728003138945
0.572469988925244
0.450480391553222
0.5601657733144
0.423050008446543
0.405757484109553
0.508283714271944
0.528537945722857
0.476282140088987
0.58982789458922
0.495953176078178
0.537091702878651
0.512418763231045
0.440919479012282
0.394247493801869
0.509942850581737
0.58796920614914
0.374127712896289
0.520331308791554
0.542384861239752
0.607210720323352
0.543693816440559
0.527379390152023
0.519641656451586
0.560583514016333
0.562670688684933
0.611039159982808
0.527702753925452
0.518073403982009
0.653702052806759
0.442781430905398
0.659088681404327
0.502307600929507
0.680529502244332
0.564571902325999
0.591662962524913
0.568523418109729
0.619054829337676
0.6240607290683
0.601167233772395
0.618195627222382
0.47896852182566
0.523670577025088
0.661146534187996
0.518017067932016
0.671986576707191
0.496671952103188
0.656730796936631
0.585396926083193
0.62145233839949
0.520392571637097
0.623040169857017
0.478063268978049
0.622234164765749
0.609960879127491
0.606555660791463
0.592523357841579
0.562178158376847
0.571407148874725
0.515817422470036
0.642330430005561
0.592022978441228
0.688057007004483
0.596358749634221
0.525260827621783
0.559500495239098
0.548918428082887
0.544184989128254
0.61092042919762
0.702026671836388
0.627803550266934
0.75622704823036
0.616151102773283
0.66181487121115
0.594515762374564
0.611450893658314
0.720343754328505
0.75684700575432
0.438962900575435
0.606026326379778
0.539189864226287
0.705234645360176
0.588988981594698
0.53487314954155
0.821551362060063
0.593836374080366
0.65073375897425
0.463927376080048
0.724957685853134
0.539318335844732
0.624806845940069
0.810871753682177
0.727055499250964
0.806105739666207
0.727863160599655
0.629558875394293
0.625798719095118
0.644448267211762
0.625648443272098
0.694881404547463
0.680692029288926
0.775091898734904
0.718268211653028
0.641528458992839
0.655817995366163
0.733419270697557
0.668226042807827
0.738125017203301
0.525341625762933
0.66840319394273
0.693128559121889
0.714523690506229
0.569839853489196
0.750659511030296
0.574244373488917
0.590033250776445
0.84660854407684
0.685586260752413
0.716183300956612
0.763751801265349
0.603239933763389
0.712355553374615
0.688448155471394
0.879610516982787
0.770283962586468
0.68100336445256
0.69186245295266
0.579733496942655
0.815211523511575
0.666605169066738
0.638936292045057
0.715218741403922
0.655651386649597
0.731785553287729
0.606666466643917
0.675546838093406
0.77470931154344
0.821875791199502
0.847089725569074
0.649281662744094
0.792270805950801
0.835445562969081
0.949585387084001
0.897631547826736
0.655269510499705
0.867454154170097
0.675078581650548
0.870988222568434
0.819841469251512
0.686766283536664
0.857395622243625
0.730636541913076
0.88051337822946
0.899762312877307
0.610521976963561
0.846964954935888
0.729447621926502
0.783005896537487
0.839424288942471
0.874526004968246
0.627683345190116
0.800120675263312
0.86814472657979
0.756769685096861
0.828516049982202
0.867829119235132
0.804710209898328
0.657281221197601
0.814029094480558
0.760791367670934
0.81610580272167
0.872710536639489
0.790612585605148
0.798272933951212
0.704751001427236
0.75886595301342
1.00734167727175
0.764199927815071
0.752398352870047
0.703336631371259
0.899000925544467
0.828530281671303
0.823396037049896
0.909176168208188
0.8435866940529
0.867601019763324
0.753725824729885
0.799731231665101
0.833679980939829
0.808345970749697
0.827509927815855
1.04367064045096
0.969521758815255
0.803112669180288
0.836876079252858
0.896132639173946
0.935106863200435
0.830916954009711
0.787436102432287
0.953066369417777
0.918199353600284
0.949298789436386
0.875869950771992
0.807708083713012
0.811562598590443
0.856541026360739
0.962021559712294
0.858022456012606
0.861193566662464
0.878992138775184
0.887321245991926
0.993931321771581
0.980338394921698
0.964028805047611
0.80815550129768
0.936731708762922
0.834094271669064
0.966046138095267
0.940494728882445
0.874967372415402
0.974678069459668
0.985391863039367
0.942909666508462
1.14132282315393
0.767998346962074
1.07215619642895
0.972389005055083
0.928833747924975
0.91169694674454
1.07454319437885
1.04103101349049
0.937695783504653
0.973199182470421
0.97854875101589
0.979450169291381
0.987576411094449
0.851360558842199
0.86894289645124
1.03447881486882
0.923135732670901
1.03777303369841
1.08555174328103
0.889083633244756
0.909769710332085
0.947983802631546
0.836759245482219
1.05270268542202
0.86569843952942
1.04016323673054
1.018301819177
1.07151325794867
0.977543833822632
0.938585581834216
0.962186931246398
0.984893217803914
0.944281061566942
0.953238168277331
1.01358193471447
1.00406817494195
1.14560114569003
0.940310983051921
0.995173258909419
