0.00723573886912413
-0.996004263434877
-1.00912820689655
-0.997314126922691
-0.817277991640192
-0.971038200107922
-0.914797215526742
-0.901335062270192
-0.919318101380001
-0.944519998681811
-1.10645659795349
-1.02038137664901
-0.887496596544241
-0.952060164183747
-0.952839680556785
-1.03762171404668
-0.968826328451101
-1.01509802242839
-1.06258840453956
-1.05856440769495
-0.882706087588026
-0.893000306846731
-1.04213471675674
-0.745871560950866
-1.03101709187398
-1.00984781806774
-1.0092469124148
-1.0324029170768
-0.961281024341434
-0.955008713612954
-0.913396217242734
-1.06568663958464
-0.919787736274552
-0.787919094777678
-0.89992132725911
-0.992772435510776
-1.04166494880215
-0.870152638631768
-0.815316301467456
-0.894592271496974
-0.79262604234145
-0.983357441133094
-0.908568103327527
-0.861679550266653
-1.00449913536252
-0.973523894109454
-0.875582486763525
-1.0070007982875
-0.835112403829887
-0.897551312777595
-0.774339683511689
-0.939287846994667
-0.940849895946124
-0.855363292040698
-0.954893968342656
-0.901477637405787
-0.957339997626887
-0.812268401225331
-0.782636700926319
-0.830870368908759
-0.840605542837973
-0.896795652768587
-0.748140319412427
-0.756050900786101
-0.845211605416309
-0.995246899441775
-0.901962937704523
-0.893850803818751
-0.796334014872242
-0.941340184522205
-0.724045853460174
-0.77699303143882
-0.783838705920237
-0.80029620816325
-0.764596526813771
-0.900764450785098
-0.799188885490032
-0.793874222496311
-1.04452175765249
-1.02490466076467
-0.713859316345815
-0.943153207338262
-0.838515823641104
-0.989484365651869
-0.840309954659517
-0.73790964708476
-0.819519668878673
-0.821240072832244
-0.901616732777643
-0.71473348077063
-0.910430513434079
-0.862542012008881
-0.848123308205679
-0.746659450321256
-0.746294854734789
-0.799946331365553
-0.972110176578156
-0.929137022348395
-0.63587736566901
-0.807577882928138
-0.599113845167132
-0.913623955509148
-0.898739143131248
-0.882830967189902
-0.810962182026913
-0.912446385851084
-0.733360846784551
-0.762459209913805
-0.904566590799024
-0.860048098112274
-0.704374556137296
-0.826662540846085
-0.845841234625937
-0.847338385232641
-0.827010620106641
-0.556303712444026
-0.782961788750709
-0.712547400525121
-0.780597761512118
-0.853997536432464
-0.781059743167073
-0.667068925875412
-0.921801970923533
-0.684105945791169
-0.645331712367895
-0.748929966047937
-0.719860774014999
-0.877406330587502
-0.818713449004204
-0.713764850475361
-0.966212477930568
-0.684729173987951
-0.662479039701923
-0.798879610917623
-0.822854643618913
-0.842082898731107
-0.762582411747798
-0.687999925166842
-0.768141908427391
-0.758798826197171
-0.644310211545545
-0.739925482142765
-0.788325212359847
-0.773740416489615
-0.671714594446251
-0.798737369532133
-0.687465073764945
-0.560351649449189
-0.783047099276168
-0.748889002057459
-0.677482204617482
-0.774104803972206
-0.790718309599664
-0.535590362114808
-0.8580185723106
-0.614550290279611
-0.635851443588249
-0.663930141458159
-0.631140775661029
-0.538214446613109
-0.470391399000085
-0.649793529313659
-0.76072523445634
-0.745506991823634
-0.805702092571161
-0.738342861707354
-0.522623437757357
-0.552044474645183
-0.654862168452983
-0.634306521298722
-0.594511396293698
-0.664332222930987
-0.701332587302396
-0.607246377860509
-0.631256151511874
-0.582344140605605
-0.648828840116276
-0.603139972462189
-0.688962302617546
-0.582500180249969
-0.573781218212335
-0.631873125604939
-0.714784815418524
-0.689017138973874
-0.797154152172041
-0.649661077207875
-0.587252674422607
-0.495349430493471
-0.701368552308242
-0.725983970021519
-0.489077502781795
-0.54334785988835
-0.540391328097765
-0.571608726195309
-0.435082041714878
-0.732556873710657
-0.758890883758305
-0.363907171284758
-0.687100441678747
-0.590471758245953
-0.532838749733885
-0.57612200394585
-0.670474804482648
-0.545977836851053
-0.418260714940612
-0.599836663580901
-0.715822215699824
-0.530563137103442
-0.552064552299492
-0.637717176013502
-0.626537611681896
-0.516878594946925
-0.552908816994667
-0.647752348628138
-0.57425672360656
-0.586162751270806
-0.612574385055431
-0.507932219574969
-0.561876105170131
-0.565573464971749
-0.587231501145479
-0.609496075564918
-0.621698221861452
-0.469807307364137
-0.523552783516157
-0.423304037506798
-0.660904473049108
-0.672654603192356
-0.717719011921111
-0.391796978339206
-0.551079976259568
-0.631764944567769
-0.533130402981732
-0.439493665764385
-0.627718301435407
-0.473949955916373
-0.412534877582952
-0.451119835737358
-0.461927484087896
-0.417301584238542
-0.623677780702022
-0.488395369930177
-0.527222876996321
-0.34079603370452
-0.428386057868275
-0.410667317807976
-0.505434773653772
-0.509622641484765
-0.46895439905455
-0.521644678344007
-0.432355172255403
-0.429067067493137
-0.478344078087013
-0.238209633328728
-0.535626904051916
-0.462277749006067
-0.449442888174799
-0.493298186852961
-0.573690299562973
-0.638871103711117
-0.417015233010435
-0.509267816234966
-0.308324372149105
-0.467916718482433
-0.459483790266521
-0.498092467618879
-0.376357488757264
-0.560899626527769
-0.540117738592022
-0.367365676092346
-0.424161234301109
-0.451978487766239
-0.470265006250115
-0.487487254994595
-0.349440829284126
-0.541948837622333
-0.37302505176233
-0.330923874403914
-0.407397184647474
-0.520239165621692
-0.475640503158565
-0.517804421116787
-0.438136589912132
-0.487357127740301
-0.36865309929287
-0.537595349378457
-0.506974269242615
-0.385561257164505
-0.493647114249706
-0.432198284688558
-0.440650736222067
-0.491563870339354
-0.428710634849911
-0.282872090907877
-0.429453599161201
-0.386955790701046
-0.399620025160628
-0.464041102603241
-0.17901327803963
-0.359677473445069
-0.31151662169297
-0.450979723467197
-0.358245407319714
-0.252945222627979
-0.347115398277204
-0.435166612362255
-0.312531360094344
-0.420120021416677
-0.312324744033593
-0.386151890451928
-0.390015830428676
-0.407176009434074
-0.292501889008656
-0.473655027648098
-0.374087100214674
-0.36681669262278
-0.484255913407776
-0.415251010382736
-0.470019718403279
-0.347089339609385
-0.345890392456735
-0.250108523014652
-0.217005277622068
-0.230166173866637
-0.161928678029712
-0.425393928609023
-0.226220969758171
-0.204186682200967
-0.3329038628818
-0.324558356943635
-0.410398929797678
-0.273175065946829
-0.309009349362711
-0.437117080729011
-0.372710068046835
-0.266519945739569
-0.283785982144539
-0.373482364389136
-0.48015720515585
-0.276980775590009
-0.432048739577826
-0.287988136120832
-0.447989187215335
-0.359466398480068
-0.245581483441981
-0.465027256930582
-0.273012790953397
-0.475960426798804
-0.330067961131718
-0.329898931971391
-0.316496868005085
-0.308602930244817
-0.211986158895508
-0.328919362646513
-0.255248430013206
-0.265852222244033
-0.203519188277782
-0.327431394095144
-0.273318048505364
-0.281595280457995
-0.227115062373634
-0.349620296423321
-0.368211379872798
-0.285061018945886
-0.255237119821484
-0.173547210869684
-0.341695376490471
-0.303492062608938
-0.268686918596777
-0.339871946989234
-0.130474328473865
-0.249951300928713
-0.250769143384115
-0.33268092340284
-0.254031301648485
-0.236878131470452
-0.185704108211251
-0.298184688592991
-0.256844313183623
-0.0992007099398852
-0.346938908885604
-0.336169324883398
-0.268759960435759
-0.128300463536582
-0.168498151369854
-0.116700102455621
-0.360980116170315
-0.208495958146306
-0.195248636948776
-0.396536386018396
-0.217035491755093
-0.189278310718826
-0.165949553552862
-0.156076050770862
-0.15799052282477
-0.33514523011733
-0.179215432141632
-0.135316795719535
-0.102022908004772
-0.134663512078334
-0.0814716097862038
-0.347959339050673
-0.223415489120223
-0.1795918903979
-0.170126713183542
-0.223086546787928
-0.126291295473459
-0.124382103981536
-0.148616836525775
-0.219422627338166
-0.223002564412372
-0.0810960346664786
-0.141644869513655
-0.00068304522918388
-0.18415118815375
-0.186722922701863
-0.328158635668573
-0.152270718487738
-0.190882130247431
-0.0892752166014638
-0.182116706566841
-0.147965098148048
-0.103009920446791
-0.177067036779216
-0.133566831419084
-0.1364697532285
-0.192366197527714
-0.128548708364375
-0.0717630020728876
-0.215820261895663
-0.106774275304213
0.0450085345905368
-0.143664440274582
-0.173843953542528
-0.153431374903408
-0.249580833459016
-0.0644388911627474
-0.187549586333627
-0.199011691252119
-0.222230612461186
-0.221865533673663
-0.0950619470835734
-0.117696154384019
-0.219529746750957
-0.187544798039999
-0.0953634227005617
-0.14860353978402
-0.0959371189085179
-0.273285760842478
-0.214906263502709
-0.115684680487947
-0.182808594808575
-0.0360920802172949
-0.0985397238374312
-0.0529698507132679
-0.148176808422544
-0.0721882248129734
-0.176329911439951
-0.106835490888084
0.0373203110177086
0.0126734728517438
-0.140308220418066
0.00589541475358982
-0.155187182949199
-0.189076734083995
0.0413176920031485
0.00265112656535498
0.00113627358418164
-0.0348834889783846
-0.0249179363207041
-0.104687193354967
-0.0873275094035957
-0.0530046245925079
0.0438764718029663
-0.0869260228120113
-0.367725251766689
0.0148546848027784
-0.0753208984102401
-0.0630049190102363
0.0751955682959879
0.0372451399248639
-0.0286591065353793
0.0805595010209162
-0.0663579279443783
0.0440026097788642
-0.0476136002254516
-0.00268649863030896
-0.093082679985723
-0.0407251022417406
0.0905825113320116
0.0474841806509009
-0.0491725020252692
-0.112089930315338
0.10322206438993
-0.0566286108925146
-0.0642176406422878
-0.0760984107573176
-0.0566452165191394
0.00699087215333561
-0.105578986365683
0.0675350826101749
-0.0126131145496302
0.0554669376774766
-0.107624405063139
1.33169106070644e-05
0.0961539787603162
0.000279011914521992
-0.0107514760552309
-0.0313817338500144
-0.201494974672466
0.153005073968054
0.0495432069637305
0.0565372369975114
0.0110778057073174
0.101741655452944
0.00374407308476743
-0.0437432790964068
-0.0107455967628565
0.0539201923908368
0.0812816590514688
-0.0545455271255995
0.133444064983481
0.0312810019963345
0.0593280545194891
0.151201501562634
-0.0242991329391043
0.078063753092538
0.0105386745925131
0.0169946194609803
0.0384756130815805
0.224973521885405
0.10582519262825
0.0810811901580777
0.132375275221845
0.0806927971769542
0.0973140758551614
0.0956072366794538
0.0491144255232832
0.123334918364266
0.124171591934675
0.174234020850559
0.066850348629598
0.0538330193471894
0.0083681568852639
0.146827804560173
0.13414201662304
0.0846044782000595
0.0886605658724549
0.0781684270174118
0.100103186275966
0.136397798543894
0.00404579601055409
0.00539283071593684
0.0356881922113143
0.173309438815514
0.0985433152520463
-0.0114659911607013
0.0724126536875707
0.0440757307848146
0.0929434903452573
0.267834114536653
0.231585839192284
0.161871301894616
0.12098646808957
0.124605355829072
0.203873754169211
0.181537800490584
0.130111423125813
0.0556066355846692
0.137876427763438
0.254546025115308
0.259349553920841
0.110553647694912
0.0311197341560729
0.184790021047071
0.262232185402183
0.247781807264139
0.11842147965492
0.153318862638688
0.11061371271936
0.210372503577706
0.248089522508531
0.232931871078603
0.205025172505432
0.0501141455794028
0.0913732950264253
0.210403686098633
0.0765958771295418
0.176994287059511
0.171396228361726
0.0860945748940341
0.196390688522331
0.181345235263605
0.187006276706397
0.246913673711654
0.243298575853572
0.0108787479049261
0.181859755207966
0.141123751266855
0.112638510855972
0.261733765657857
0.153736481575982
0.254740345594283
0.275780949990678
0.217647590992006
0.202070224413762
0.112444401724865
0.207495444406818
0.277415122044559
0.275677604444721
0.20320575148648
0.307513210086299
0.206649607263177
0.229287820925839
0.061270794766836
0.404380043562686
0.293156773236485
0.29933523293604
0.146344087628363
0.230373703966514
0.361767453428151
0.260091780931883
0.239357626992249
0.265140311440941
0.238513924333681
0.2640993437401
0.353671522352997
0.0595160996419412
0.295313717957524
0.175513827334213
0.0997824056739922
0.37057473676127
0.258614214938799
0.200539497157872
0.30827685457622
0.3380167479296
0.12877258703255
0.291333005368653
0.369558543935603
0.188910784386473
0.296449952688026
0.30980118950304
0.13446674406562
0.221996989476629
0.315517942288416
0.165983382690434
0.331166410759566
0.193859117784714
0.301983113645836
0.232909277135121
0.238339088001444
0.26455084151401
0.405248215592356
0.350962517346583
0.389612475987713
0.256903235858797
0.378312537578538
0.262121717808593
0.419650647164112
0.243754779342819
0.260419958065248
0.198199898181002
0.234617657337094
0.431487699682668
0.334539017357691
0.20977649695456
0.26758990174904
0.267671335909836
0.249521217256444
0.37016101377615
0.430764504246335
0.39133213428521
0.498932231792026
0.37693344075893
0.546653262858973
0.413266325909635
0.31409052975908
0.519575124528659
0.360182708152915
0.349991305415931
0.359374341724054
0.34929308282516
0.491445609390031
0.391810313708553
0.286244828538622
0.33356892352145
0.386495000171665
0.362591739549947
0.335713197745302
0.312963799245733
0.358632055135068
0.454832434094996
0.349017615859262
0.423615220360337
0.339908751182406
0.510221512810489
0.296519182821065
0.37145907868338
0.435977301082413
0.525691353690045
0.321670837256078
0.467164715759669
0.42690271688987
0.355449424008882
0.427125364969472
0.37904029970676
0.441865936223923
0.443132952151161
0.441607277471073
0.452695758293017
0.471674555498336
0.391434002980761
0.431159755722348
0.539402001397776
0.520156188876743
0.459530713873425
0.393347543048353
0.351849694034562
0.398690112541347
0.326751146257885
0.375251064750421
0.675709614342536
0.502389375417494
0.400777173215016
0.318051434418674
0.474878564266714
0.435090515693335
0.513389994595523
0.38516845958822
0.507525706711777
0.472105415139612
0.461336005605619
0.509770012016637
0.416448967267356
0.641894564675037
0.507241450775256
0.505624805431551
0.377127025101191
0.416246828443788
0.48235459693418
0.67539573304446
0.511791266142578
0.462710262233509
0.509507578876335
0.380492858046592
0.544392098506039
0.54473668436606
0.523753408878277
0.445424103475811
0.431997544975633
0.552602440718634
0.590391268626591
0.639991326645875
0.588493239063408
0.605383373667003
0.418707255441054
0.605877434098646
0.667187234066852
0.494279084039518
0.495212353225007
0.538953442467136
0.460339918717582
0.551407880079887
0.406916262959607
0.565099052221086
0.481931912670699
0.542267008329934
0.581640084862387
0.424478573389779
0.703810911978894
0.457127246147237
0.509892788930948
0.543711884523289
0.565771937734627
0.717821934812228
0.695846753169612
0.525241066280975
0.455622897701246
0.593347130742628
0.690952522747347
0.524824718497472
0.624009426695323
0.474294972027821
0.597667577663894
0.477621366121274
0.609107983059991
0.688003752330982
0.533936215928833
0.56352338370786
0.656029797032462
0.673013950982064
0.570471154802049
0.529211579377892
0.620726169768021
0.653791495156339
0.686468521085974
0.48419149183958
0.494069186233024
0.447917890444892
0.606060309186228
0.557987396726272
0.622989496872623
0.582971935720143
0.646329013581912
0.569459254103983
0.603352642768836
0.47947851413243
0.580844661976432
0.646391329759895
0.550756607965581
0.532847080383023
0.72395322858753
0.683389829381579
0.63987112103714
0.57437456664736
0.646967218413184
0.727484008891359
0.503410648261031
0.594945199122141
0.671171145780404
0.708050914699518
0.649516288836133
0.611739082304713
0.427424171660357
0.654124193626028
0.681209884677299
0.613227533392794
0.565800090744634
0.624657549970418
0.518366133259738
0.674258592774453
0.647681561033089
0.817608189184967
0.645850558441152
0.6225255645385
0.782400017833288
0.561380796144687
0.533330810510114
0.59972649303038
0.595216422746361
0.709332234730308
0.693773837479557
0.72368770530156
0.734065849954693
0.826207621906495
0.733554340912819
0.764501865361026
0.675279703560432
0.620562061416146
0.721219864163898
0.791703453476528
0.74513778243684
0.837195714086877
0.640083966787995
0.572986754026591
0.690787503563131
0.758807590223455
0.62101542516761
0.741864272720471
0.624734063986152
0.772695405508376
0.671704211988979
0.595884228241408
0.635792883301097
0.691042454375751
0.812257734562277
0.737220754879074
0.673132416407432
0.682972711073469
0.737249156403232
0.63586680040812
0.861450111466072
0.738085338531561
0.745839668828258
0.818557587204941
0.779336049359346
0.585641535479524
0.82051257271897
0.72368140248445
0.7208879807657
0.74665160549539
0.709790831492157
0.778036350178984
1.02063187780732
0.783160768004802
0.762083739490045
0.824973288899607
0.795520623213479
0.778371892540009
0.740537295834991
0.886300959261678
0.69547937713615
0.990960017882435
0.666559735339291
0.64372381400524
0.914009314494388
0.776238762923629
0.814381764024408
0.696621523926977
0.939271723231226
0.748490449221992
0.751959638478269
0.956737538453669
0.894716610772663
0.762011112959187
0.788975480299496
0.938177017624154
0.729127090558707
0.823730286445257
0.768672658257942
0.705771979814613
0.694371087684405
0.843390792157028
0.864144409906875
0.843299938358231
0.785805886044564
0.709688327333375
0.848837082268889
0.700654731924826
0.794682555360704
0.947182104216269
0.806739314543912
0.81964921655995
0.7552770471298
0.733925607810599
0.881060744204377
0.749446326786377
0.940749937591114
0.854891343301941
0.810880671463473
0.996441520686073
1.00073959339364
0.816560376470192
0.83419963513279
0.996980437989822
0.933109323217082
0.769957247907645
0.769813778709809
0.897915393325063
0.860314281500784
0.733245621859682
0.8129122119228
0.91743830380034
0.779447464207245
0.765886731805014
0.958074099122896
0.894797667469134
0.99932079358764
0.920564709563337
0.889338174122606
0.948119412222424
1.05962480115836
0.985791946250418
0.852675215760314
0.978547089742802
0.884355904890669
0.858921335448203
0.896804221309486
0.829850313446998
0.881393153682479
1.0319435752379
0.862214331918338
0.95412250508761
1.08030476966656
0.965093368554573
1.09557365475091
0.87288065519454
1.06601784019947
1.01083481764716
1.06348032139492
0.890887784698959
0.937832739615305
1.13739098549264
0.882424026119845
0.980048117782242
1.0180730259241
1.02644979473387
0.988072624226092
0.763137369941515
1.13395692138976
0.974326310785269
0.91092807175793
0.923792650413214
0.97603473893107
0.80734719534698
0.927032272075784
0.983228308613641
1.00649526600327
0.996947982137704
0.923874186383032
1.0452689382816
0.978127579909238
0.953979044415974
0.932876112915603
1.14706735874384
1.02702451513668
1.00331583844987
1.14521434473467
0.925081826647866
0.928796725321557
1.0169546913653
