-0.0640762519872199
-0.83904041202995
-0.971056628622373
-0.920660864429387
-1.03492954283059
-1.00179733909063
-0.925497250107652
-0.956975544776768
-1.13342865508182
-0.925759530023402
-0.958553597828725
-0.834875993784882
-0.827114763665974
-1.05345297444578
-1.01857395842835
-0.938791593621603
-0.995015565845247
-0.98698972070257
-0.77351243465312
-0.949452855996484
-0.825350746561333
-0.956154552502896
-0.965116383090203
-0.749015131385159
-0.978894664886993
-0.921868291413471
-0.954786443948097
-1.06456887414946
-0.851393850916922
-1.12526210762878
-0.793839894697747
-1.05607742619211
-0.930130710008493
-0.874377549175132
-0.876758123478689
-0.931168964348958
-0.917343776002626
-0.887256083377997
-0.918856665086856
-0.992321692980209
-0.864797077709402
-0.911709362130374
-1.01169811222363
-0.84849009594589
-0.882636703969668
-0.998730409712821
-0.940964438892689
-0.956890102987566
-0.806842521179669
-0.879368239900088
-0.843091556059929
-0.813648335311651
-0.979662968158086
-0.814477679286589
-0.92731824428122
-0.74734402263213
-0.899679817353748
-0.861206678444052
-0.888934664619759
-1.01375981611086
-0.776237006624353
-0.937431126206684
-0.883263189916393
-0.853471616494345
-1.03737159687452
-0.850102367530908
-0.883711392961719
-1.00755083969241
-0.908420379046341
-0.934011784526809
-0.848644277533726
-0.860589573482373
-0.829599013889331
-0.857710568252361
-0.817046954531028
-0.884183323649689
-0.776663430786045
-0.895491322494668
-0.814171988990252
-0.801160963687439
-0.840591057000929
-0.80443840296026
-0.831561293109112
-0.858634904943089
-0.959370207280954
-0.927332567059614
-0.948461883695141
-0.888269650751159
-0.814558483042306
-0.863670478676518
-0.786849874666372
-0.806927299537555
-0.867959717071984
-0.832635410831419
-0.689688981047233
-0.690362302671391
-0.720804945204006
-0.997273185114226
-0.862964360359997
-0.819253518951957
-0.856871278028776
-0.786389487915245
-0.791475385660103
-0.923873340271954
-0.851284860382011
-0.868758617421038
-0.897528129985762
-0.6870312997846
-0.771051892157307
-0.711221221526904
-0.803807797802095
-0.779356203688649
-0.707151883807592
-0.802667978782331
-0.697622960385919
-0.818798719264303
-0.730032870683561
-0.846936313268071
-0.77195397851921
-0.563018876566167
-0.784414634862621
-0.732424545729853
-0.856445591948955
-0.656364746917287
-0.773676266273091
-0.638664996948114
-0.876729005002874
-0.756902101998021
-0.811035943829843
-0.78350381375342
-0.600777198920961
-0.727475921799135
-0.755499572735996
-0.646493046413686
-0.748419839281431
-0.775649057224989
-0.626064309918399
-0.881810393389998
-0.784193538927126
-0.831218826896347
-0.641404675464599
-0.746300820407404
-0.590492799615178
-0.684976214856092
-0.667543397196816
-0.584780404183961
-0.740205870991751
-0.733007071247732
-0.639102254104192
-0.702424353469485
-0.67941303719393
-0.666542330581779
-0.615308498923401
-0.661402049178582
-0.791410301573079
-0.711100644887219
-0.74867046809458
-0.644589115317977
-0.97573370484354
-0.645646505520144
-0.527871750954486
-0.743165010915591
-0.590851385691535
-0.708303317020545
-0.711112216647102
-0.536219580812494
-0.565273923214774
-0.629676777046103
-0.728009710206994
-0.748606974670571
-0.71161098894532
-0.80311538317914
-0.709563838498807
-0.814724740939053
-0.681537874121419
-0.760367422995157
-0.608745963395235
-0.757556727659744
-0.573184032295851
-0.589490945981999
-0.557228967555069
-0.583116616840598
-0.681455829807685
-0.659926957936037
-0.748752694706416
-0.582320566416157
-0.750511829604973
-0.639686492894235
-0.532791481184014
-0.690743347891025
-0.68393922973295
-0.552185319256746
-0.616108153050286
-0.656577037324134
-0.642665664760614
-0.622824772184902
-0.62063991267779
-0.549042484236937
-0.605219241092985
-0.63402433682578
-0.675922355827211
-0.602745884343072
-0.651125221806336
-0.603728645080181
-0.578648256862391
-0.575180733826425
-0.699337675533664
-0.485202728112091
-0.511017926310762
-0.627763396026137
-0.464132058449465
-0.658406298274272
-0.752295200592595
-0.660952475341947
-0.6802428144943
-0.502876519207383
-0.686046966356812
-0.728157189549975
-0.798662483827926
-0.646768526737387
-0.580166193109523
-0.615169569531938
-0.497057772334474
-0.449194021219999
-0.52225817121871
-0.487558433475124
-0.541860136003144
-0.560959406376677
-0.535518204111007
-0.598637860986557
-0.558451244062922
-0.444198458113622
-0.808105007973944
-0.457524863695505
-0.73849979442807
-0.64210005095149
-0.601758329385844
-0.571129079349445
-0.515671900639325
-0.675044364979513
-0.519327321897453
-0.569973405501373
-0.519836529234485
-0.374089379777913
-0.542442122734591
-0.498916681260251
-0.644466101299907
-0.502476534752712
-0.40133147176826
-0.458691406674431
-0.433487797941735
-0.478364671910371
-0.465051504074276
-0.539529587460905
-0.520221039577765
-0.480214980659179
-0.468177956811176
-0.526268034157396
-0.422031501473447
-0.50934970448529
-0.586994966877891
-0.465733124897128
-0.552592056746741
-0.34329265648557
-0.351202210689231
-0.443870191093731
-0.455566597191339
-0.471005577398313
-0.529795302352271
-0.428304190026408
-0.663685336442992
-0.491438345265981
-0.385364526290118
-0.424208345358293
-0.424735949691382
-0.520442635881899
-0.446438322084566
-0.408108760842002
-0.512591022330259
-0.550877710009554
-0.486570108666972
-0.358713287335005
-0.41431677172906
-0.475635723631266
-0.327753519609081
-0.274211000278589
-0.385972051611962
-0.553813433988209
-0.434871065774754
-0.502803240363182
-0.381644320398412
-0.49715518631593
-0.476352752952579
-0.532822388820183
-0.487909045283916
-0.380615378141168
-0.323167399066404
-0.475302284597543
-0.393609162259352
-0.352052007179242
-0.283642900629633
-0.35529448999737
-0.42471536686879
-0.347089474888905
-0.400819598968011
-0.556269686687607
-0.388873843275522
-0.376309927688623
-0.43359505144386
-0.411865039405563
-0.311143335796342
-0.415149130337356
-0.508814898481295
-0.351490425204848
-0.223734777318888
-0.317335781942893
-0.450343083138092
-0.446696219978401
-0.418014017593639
-0.529211849909391
-0.46628545217336
-0.245610368055485
-0.318158593520616
-0.358580649886895
-0.317537616360623
-0.352985177043286
-0.398002358662244
-0.232624045227249
-0.454818705854552
-0.399903493361128
-0.394356546610922
-0.368980326429531
-0.337474454724507
-0.337411576903208
-0.282843222544684
-0.271553647209282
-0.426585517516021
-0.468261203058495
-0.305100151410028
-0.24412311924364
-0.349781084825863
-0.387256763629423
-0.53211362084346
-0.264815193882324
-0.383992683866748
-0.404403515018164
-0.279451437958735
-0.341584324495143
-0.244542645329053
-0.319578210890409
-0.406427212217431
-0.474915369294869
-0.370822264727476
-0.169608959701937
-0.298610144981189
-0.325119384605062
-0.187291036875777
-0.365534396314762
-0.319919031473044
-0.307114921675297
-0.393870412278418
-0.139652719755367
-0.284063653623203
-0.409312611705305
-0.199986955121768
-0.243820265235578
-0.375476018005518
-0.317380736114507
-0.228407161096177
-0.214012075993859
-0.243786969788189
-0.2809560318432
-0.445580794684657
-0.181099074718924
-0.125715939449241
-0.218667339983273
-0.259058656944815
-0.416514104122234
-0.159858260555637
-0.248339255503701
-0.194092163034809
-0.142172083618444
-0.279689985184648
-0.291760802602584
-0.227078094180555
-0.294991710522659
-0.243086684871812
-0.330815810714915
-0.303454989369425
-0.291417617528599
-0.191853887985602
-0.141920975653237
-0.0890260792071109
-0.306685139213382
-0.285657363745638
-0.20282636533514
-0.227374782168284
-0.252112536052624
-0.115573423765888
-0.215318890317314
-0.176086704798627
-0.178263876632967
-0.200249286542632
-0.222090529210906
-0.0403583940331094
-0.234697530965083
-0.155556427217795
-0.221042953384127
-0.190248151795254
-0.113594483274809
-0.17933119024583
-0.104464602941873
-0.052981360099832
-0.180093167416616
-0.203722918608379
-0.0936204938147606
-0.139250902648423
-0.138757790129485
-0.0679007025716527
0.0144159913875764
-0.18362297575415
-0.161224161195674
-0.088377304521786
0.0780693102207185
-0.31481853384516
0.0238398902197795
-0.210180726149994
-0.225726914764712
-0.0886533580712403
0.0361763505018037
-0.106639142668975
-0.187678500043857
-0.141387537360516
-0.284491237627595
-0.154273556531415
-0.120408598068347
-0.137244236929072
0.0677209978017056
-0.0744058000334914
-0.089717942417485
-0.147293815710358
-0.18054155097221
-0.196527796550471
-0.181534691778292
-0.202710991622113
-0.156357740893581
-0.164768023357472
-0.0931476762144957
-0.0784465978303719
-0.0508977634779979
-0.332344003160274
-0.0367736151829998
-0.0243576931432218
-0.129597940616967
-0.228192390093326
-0.150980224474845
-0.0995116410273078
-0.0452401801209009
-0.00810915000180525
-0.0898140568056515
-0.0130744863396444
-0.0375334018472884
-0.160936125062056
-0.24010156184506
-0.142923978951239
-0.128261479944489
-0.105169192831316
0.162989461807631
0.109277549228092
-0.0363444596816006
-0.177577517472269
-0.211865514759722
-0.0367606516910214
-0.0360047046085073
-0.0310745680125204
0.050163694125859
-0.0410941305235864
-0.0586324277321125
0.0785563557791848
-0.218824431724581
0.0156696963818305
-0.0054140520513639
-0.0556327646939367
-0.0858735241521666
0.0327681156911707
-0.0334004444053506
0.0107452334749912
0.149353301034034
-0.134686492471591
-0.0155686551574007
-0.0317571955920779
0.0142456687196189
0.0287635628521519
0.136918915923001
-0.115780589280598
-0.167332561764517
0.0519114687957413
-0.0855005171517977
-0.00802507592884676
0.111120547727871
0.10883345336841
0.00837256470780989
-0.00977471962039037
-0.0340594101778826
-0.013684660157077
0.056248942258772
0.0502261702488067
-0.0184065731442276
-0.019839147360211
0.186182549028315
-0.0733134944823706
-0.118911098147822
0.00366498560971331
0.0589295898308712
-0.0930435671848168
0.0756273581533015
-0.0220662779433892
0.132581679755895
0.180019127158954
0.0592429144623158
0.135353856241716
0.167185199955974
0.0341322006285049
0.166472085805254
0.185590444476534
-0.0989179662252205
-0.0807398932540603
0.0108504568928046
0.235353957292335
0.0421748926169753
0.070179770865772
0.112217743261856
0.0130593377628629
-0.00127167057453368
0.0189077772800627
0.0727870039911014
0.0749498946036776
0.0868903430604776
0.0628245267145053
0.0778167369203875
0.162551586076685
0.19304081035326
0.0590876752765227
0.0914782151012795
-0.00524485649808219
0.0558581080836652
0.17951901377937
0.149731809184767
0.0749976744979649
0.117924897101528
0.189650277867382
0.0856939449833593
0.267240636832304
-0.0484551473170904
0.0502909078227998
0.100633930154838
-0.0300117634602834
0.144332950624341
0.166090193959924
0.102414620584872
0.0965351715984418
0.189730571841695
0.106943834841278
0.221797093148395
0.237654083737127
0.212848969402196
0.180334292779247
0.164211104384444
0.177022435821463
0.214059657154173
0.31103286524603
0.11566876046177
0.218069426381366
0.151279237155333
0.15864626656705
0.122570885086772
0.0815138626502682
0.195701097115636
0.263722746211827
0.193386128480631
0.318342624232845
0.242224097817249
0.100492728138144
0.185503872092107
0.183079944211413
0.0808484332383268
0.2136905914274
0.269869750025114
-0.0548098504890317
0.303162650411627
0.153438155077983
0.104235763540431
0.365107803992187
0.191531898076978
0.365717114725784
0.0843058309646354
0.310119608603368
0.195155596536988
0.206930243971358
0.297251687841601
0.291449036208653
0.159360025418355
0.212171090961389
0.143807641641517
0.139638976499161
-0.0484356033354138
0.328277257896167
0.248523735713004
0.299814746979892
0.143669256836966
0.223850909998565
0.403408475147098
0.00741646133628808
0.206084170664359
0.148466298414581
0.27320788412578
0.387356480688228
0.19188693408818
0.232118463525222
0.202055896487326
0.276306682460301
0.29846201764057
0.149519439204821
0.252182203254461
0.205539477301114
0.403909143714397
0.269696024467995
0.0884984435005546
0.394825241270734
0.276117270750914
0.183439052460537
0.430883734338996
0.177144215127841
0.328340076318884
0.198164066759745
0.311804324779047
0.265799729198114
0.308373604891547
0.269052220774854
0.393328979172184
0.180473360308824
0.326065878506102
0.380844306891197
0.380938883900473
0.189007975203239
0.24636500645131
0.339948014505096
0.34645651766647
0.263411406701576
0.2308234699705
0.348589394647049
0.293488488729101
0.43477714393352
0.265763626696617
0.297025039730423
0.384413679061185
0.320557257488983
0.174826620234059
0.345909172171066
0.280412391745134
0.373359040391934
0.253297706468054
0.375062303237263
0.287312172370407
0.24661357849128
0.385512606015867
0.399288882901045
0.42650288921919
0.394159950301433
0.303348855107973
0.242251779283797
0.258104295273654
0.337904525579425
0.381278109114439
0.351755110797177
0.387937922286034
0.344343236994261
0.424270544835312
0.447297829652222
0.28587794210445
0.42255813112654
0.388001968977322
0.39417713531382
0.505677895836617
0.231511979617722
0.414020891746402
0.495852532003797
0.361415093687273
0.194401815483198
0.322788956273146
0.367111357759445
0.325616481680418
0.374533919451034
0.423872760568053
0.298674643021995
0.471625803806473
0.395081526397701
0.299007529518299
0.487572366150879
0.408291842497468
0.503312969881411
0.231423955270141
0.510137364460919
0.485983241718206
0.334269937791338
0.414317921532097
0.414656445530708
0.389160849985748
0.467294479457719
0.477349753756711
0.416300938263253
0.45168758969324
0.410649040151279
0.343765872891277
0.379876686904311
0.490715777872897
0.405764558329356
0.438531682826869
0.476609424792148
0.282964799824595
0.572934130970835
0.372492045143035
0.414507320505566
0.517486321510954
0.407344906087996
0.486040497986168
0.351329034190021
0.435721843855809
0.36666278379992
0.425410930503475
0.501420721369526
0.491580723557718
0.42038660827389
0.437731286720919
0.563620479667172
0.348419361926754
0.532704663331271
0.535499643109573
0.454175134384204
0.500255930739332
0.436316048539999
0.398551579451622
0.626422719102866
0.301597077370457
0.497375334647899
0.474170353192077
0.381593806885683
0.363090075905943
0.412429544515326
0.52562546686333
0.435145249396695
0.477878474676647
0.532139276204738
0.478972680711499
0.42503947164013
0.453976858289028
0.320420920865055
0.506824483441104
0.463321389407383
0.541669141119072
0.446405392882517
0.510077914364262
0.575265729258801
0.415241224530151
0.562564728882505
0.623985052077191
0.530961825385284
0.629181609637159
0.483582635524433
0.55720861008585
0.581000201604501
0.511075266232612
0.555396406755835
0.61406609303708
0.542599394254242
0.595292741367554
0.432921325718992
0.568967329158187
0.496796389321565
0.550182722960168
0.482416729289189
0.550947466168125
0.557047669775295
0.631400571254542
0.573868041936317
0.521311383801364
0.619060296643734
0.592045450339608
0.552124614665614
0.523810123303987
0.592606572988884
0.4411401256364
0.684275438434061
0.593001210600835
0.528816505863501
0.522106219530976
0.563683347815359
0.756662338468335
0.565596026356282
0.515575243261227
0.578546409555378
0.681560411973496
0.552451768118823
0.498075869219552
0.476744974994476
0.598705941357522
0.755175080164219
0.552558535257805
0.640302058290599
0.664174213483637
0.60005697607755
0.616459341624587
0.620684085411014
0.716598770284842
0.700626808180506
0.641988226759278
0.577930491933497
0.656679640081382
0.634872038567565
0.686531721683671
0.665733893427277
0.611368231940745
0.759918794435796
0.647694551757591
0.698898574388923
0.880299153068483
0.515539036922334
0.563624845847254
0.812549477498971
0.583740679688437
0.614568195608704
0.67478871954982
0.675638781046309
0.614965238302759
0.718866813227859
0.882265570553986
0.678302404379085
0.581134940992425
0.62462910025791
0.479599001027899
0.792441727579371
0.576965212121064
0.589925933294894
0.650386633533509
0.638996894924115
0.669855766918387
0.811002895436915
0.791062667139574
0.772071019436548
0.640611677345208
0.813648059845072
0.695712610611953
0.725235566984644
0.64163445017346
0.712945931633527
0.781283411606229
0.682211365729245
0.829580742658073
0.749555157709615
0.664642054328822
0.635988627214572
0.533943255834335
0.811961087206745
0.677039027210145
0.926443073597141
0.691295151705093
0.670702815116248
0.69097554966562
0.673780558844922
0.701193674853658
0.843597741846578
0.848068933581882
0.67747364945009
0.782010302151262
0.651034115134042
0.897871443978695
0.738789143713703
0.836428454740028
0.85317510625088
0.651728391398843
0.777350470287484
0.617117817774804
0.668092213666733
0.807443669349586
0.872689815831021
0.849065370264955
0.876890755169349
0.717718430307923
0.74389205597237
0.904959068186328
0.892451568148022
0.743321449046236
0.822254276935393
0.798072142015796
0.828387415994999
0.887743600330969
0.958570244194097
0.738620037988059
0.716142970664321
0.645357270907772
0.795858387205399
0.835997609919186
0.75405807442844
0.769269939444205
0.969561756302099
0.889174128280622
0.668739477312645
0.746607574814175
0.815405046651784
0.706036567682516
0.877817246452665
0.856092646426237
0.824560007341374
0.652666239031582
0.784535148905016
0.77147251148364
0.914869850932102
0.840008704270247
0.719715285732508
0.769969426603577
0.850484155826721
0.878472352383257
0.802484546651379
0.838553996113698
0.922535774493242
0.823633151152491
0.887326663894671
0.943082474895669
0.955772242750547
0.841542795851728
0.868162025076106
0.90790987881113
0.988895919969873
0.934362034213385
0.736381646593485
0.937969590218491
0.94227433597526
0.984866506979253
0.980786716578648
0.933290477836934
0.949640192226489
0.894845295387908
1.02451080835412
0.859425360672148
0.900343280552954
0.935044731324646
0.874981461937414
1.00453495266155
0.863764570955403
0.891879628482078
0.78329859710763
1.04941288815687
0.926299494972052
0.929553196247642
0.900134303906343
0.960652932593111
0.856847378330176
0.948703425261891
0.990465966314681
0.998455168581985
1.05469018619371
0.916429636946258
1.17791727243644
0.946012937920052
0.949040848442815
0.802668874822638
0.738877569196119
0.950508248564659
0.938868312562965
0.988896846901505
0.7987990743833
1.05202063031057
0.937291196611122
1.00383286997212
0.962721422803838
0.996242244388107
0.892069975978616
0.961989414010361
1.00575283857132
0.930314597588089
1.00225804400779
0.86293177507586
0.998546764383494
1.02765997208055
0.92967664939746
1.00190797391689
0.837381280470823
1.16025166176471
1.21130886395985
0.929943835134152
0.936820800399498
0.934734633023722
0.865473453029316
1.05391247297993
0.963494342190075
0.930958344706513
0.919617200524449
0.977440982663153
1.0560969425397
1.04873171971758
1.07938713040222
