-0.00132447218817878
-0.827756959574278
-1.09252525307355
-0.861306038006415
-0.850227063106969
-0.980439455391244
-1.0364276996988
-1.05675483860693
-0.809897689314342
-1.02322441751579
-0.983531723810496
-1.0387145310382
-1.01168981107132
-1.000590455555
-1.07457025375926
-0.977752893723923
-0.987690064195476
-0.977892823665646
-1.10555857457636
-0.790873081214022
-0.977334148324351
-1.00600261234326
-1.00012465517469
-0.86895306186105
-1.06500269174167
-0.844941360291385
-1.00888654091425
-0.929604457458479
-0.920699209624275
-1.05445238227038
-0.936949659362889
-0.748437238353054
-1.0818124432632
-1.04184404298107
-0.871591877551099
-1.03410711450571
-0.988048715701868
-0.706110861127303
-0.869829541285294
-1.01275197036637
-0.923687764966099
-0.806025932551905
-0.88810127553347
-0.859770728110754
-0.919384322078509
-0.951848878861909
-0.697351987124959
-0.960527227069681
-0.792268942445345
-0.72801782055834
-0.845070965640771
-0.980157383834028
-0.88680505191483
-0.830215796224528
-0.935453202252476
-0.774234237321319
-0.907702026272725
-0.999292753204511
-0.844577175564089
-1.00489674956385
-0.935156876306023
-0.836216437893911
-1.0065686785063
-0.878425528842408
-0.944416250080418
-0.933516676872591
-0.816523475036001
-0.850597823643069
-0.77274084437599
-0.868342500357073
-0.75124530148571
-0.923506482739193
-0.754892576098563
-0.822590035661036
-0.807584181639095
-0.807390376703608
-0.82355628269081
-0.890845308147822
-0.789181258016953
-0.829445466107348
-0.890051046879664
-0.820240718051219
-0.857752768501893
-1.06486139029264
-0.864747642645479
-0.952634930812071
-0.866965577461247
-0.774181135920095
-0.813562735407056
-0.814202268964987
-0.833470983019123
-0.907304832240301
-0.795854008292833
-0.902597582288306
-0.704444699354559
-0.734019303888257
-0.766491588847789
-0.745516914461221
-0.740919576068204
-0.702282845950206
-0.719649371254069
-0.918168506148382
-0.707521650583963
-0.796011259692164
-0.882331180176484
-0.734155027616471
-0.580891041172871
-0.819605845517611
-0.554208049812078
-0.75833459013129
-0.858101084659051
-0.914622535722906
-0.803007288322237
-0.737566234115138
-0.636012621810331
-0.846015324901965
-0.774725639831012
-0.901872025820549
-0.736618015906987
-0.597193968388127
-0.711606224480673
-0.850290485118933
-0.646130928728136
-0.769911856436992
-0.771746253729328
-0.647081491713025
-0.907466890044888
-0.66513365215606
-0.698423068564363
-0.786568539143457
-0.697124047612915
-0.785977221055046
-0.552977057733116
-0.755928651580398
-0.838744804366027
-0.649627426869269
-0.751576164727856
-0.764788044645173
-0.63522836884192
-0.782718332274602
-0.72282205047742
-0.766135225528943
-0.868967510691585
-0.635152926996671
-0.684164464581852
-0.698081399460533
-0.820307295168091
-0.610654110867143
-0.642138327656334
-0.683235882451979
-0.750949393953919
-0.775812449410471
-0.721960316588559
-0.694573912272108
-0.726500992460362
-0.617571979927391
-0.640989895042111
-0.698414873569545
-0.731416650963757
-0.728411088066737
-0.83275586880843
-0.607296033350553
-0.766379996064943
-0.867649337120541
-0.730293988533394
-0.651980150340817
-0.688586649313757
-0.7883302820014
-0.527334154557604
-0.868931688585265
-0.799097653108804
-0.728991069679251
-0.615459214597699
-0.710572628284314
-0.737534584922591
-0.741517188286077
-0.630227747656744
-0.635593982291394
-0.633006918364623
-0.556109166599421
-0.542572669354554
-0.702084986650559
-0.717779711304192
-0.620218571011832
-0.545762124166283
-0.662703060282992
-0.668930352309657
-0.588075133658774
-0.687535784558495
-0.653796991155041
-0.601447763340665
-0.469446697559113
-0.541297233668822
-0.678000035705758
-0.586282455559097
-0.673203090344763
-0.67819455131712
-0.616284209818481
-0.59168978627647
-0.676479600218832
-0.590298209099714
-0.484124982785481
-0.584860371120495
-0.548391694828009
-0.653749782295597
-0.589129917953688
-0.654053525428185
-0.582213690519977
-0.520122620635694
-0.571299441010191
-0.735695165398916
-0.62864973809815
-0.489744253582909
-0.522797536878878
-0.402103162023532
-0.661878567725259
-0.524968113620612
-0.666193727021027
-0.479269043827678
-0.520856049668808
-0.434213199100127
-0.606417307495066
-0.42372483468247
-0.491987199055484
-0.659744059774576
-0.567848755530372
-0.518749468198379
-0.531945645388471
-0.550123000639083
-0.449513681060704
-0.423579504272717
-0.432718831196676
-0.46177412857947
-0.611491631651243
-0.571367303058875
-0.531462526350034
-0.473470439303098
-0.479283466355881
-0.486571431606076
-0.545268778136621
-0.528177957322301
-0.525358102677729
-0.59516857552137
-0.619165573519885
-0.535061126709792
-0.485020114219409
-0.488599105480666
-0.446784599612614
-0.517269510800317
-0.460717637469231
-0.654967932773085
-0.343578009886079
-0.567195377031303
-0.4689495225108
-0.465432710375985
-0.363839666543868
-0.424428363508179
-0.459081334340878
-0.448993492424656
-0.37538228078908
-0.48134000174359
-0.534657264148636
-0.499234356980704
-0.521726939968266
-0.40323607218131
-0.48244615987305
-0.546512464564166
-0.554965596094654
-0.535122347901669
-0.335137781247767
-0.484563871146552
-0.543891589264469
-0.631432831130355
-0.576215752154947
-0.340968281901959
-0.467849111237919
-0.449855217135113
-0.509629175325249
-0.356089768729789
-0.485807289748864
-0.486593225777276
-0.473236943230013
-0.523514744881437
-0.429169718396362
-0.535252943065906
-0.475500648260292
-0.579103952474998
-0.532897674296019
-0.459023294641081
-0.449188493379393
-0.45013760274472
-0.420420436139807
-0.48545599377081
-0.423742992137132
-0.350991185549715
-0.460987923291006
-0.426298872571626
-0.423112943007168
-0.536949575823974
-0.545036405065792
-0.492395501826781
-0.315666693684683
-0.401439745773161
-0.364422212133388
-0.45489486073859
-0.339961249544235
-0.342043672566965
-0.39600590717496
-0.34364482124756
-0.372691166877628
-0.37137308547981
-0.539696345488017
-0.399107884272132
-0.507056702542213
-0.5333984998585
-0.369440236224329
-0.33444361292358
-0.339337525170252
-0.31399156493072
-0.347382480542046
-0.353502936269726
-0.411728147501131
-0.333087338782071
-0.340950489229436
-0.329277692408122
-0.386384794189808
-0.355514281135226
-0.293598804705219
-0.477545238139267
-0.300600196078146
-0.241500425852008
-0.330260819261817
-0.358037542040613
-0.239379604430972
-0.324930599762822
-0.140232860118378
-0.221931246288872
-0.25907538624444
-0.28561599172682
-0.322512561999969
-0.378116717289971
-0.408283538448903
-0.214466910622716
-0.357389354671434
-0.293477700629139
-0.154634093300208
-0.38252738430412
-0.343277503532928
-0.224961962782305
-0.340113351314393
-0.339917020350939
-0.355882843907193
-0.247079230945064
-0.27660673588254
-0.21504680483251
-0.307390714275539
-0.38595029576662
-0.149568899537272
-0.312288340658059
-0.268061348791492
-0.400916742401491
-0.199093075844383
-0.230633997319499
-0.564397740646285
-0.26742443670142
-0.19838335285421
-0.252979941757159
-0.253515044593472
-0.125108399046608
-0.0753724772043017
-0.354430185881785
-0.192851521897683
-0.316848565791527
-0.205761356988827
-0.287178697269097
-0.355846191088193
-0.261270716254468
-0.212855065876392
-0.350986703716613
-0.0848913876262565
-0.183420459646293
-0.237873231482767
-0.271226398574644
-0.184938931144069
-0.301549868130767
-0.299050113779897
-0.284696675319582
-0.152171781352449
-0.29801814190666
-0.128262481507502
-0.108176072056005
-0.06250845528798
-0.0439544168750396
-0.249818320130574
-0.277725273759204
-0.309094258450192
-0.198551952320438
-0.125548434053885
-0.118218194250362
-0.247797374043885
-0.224526893636083
-0.321521020439061
-0.186852422530353
-0.265771863761049
-0.267993378438917
-0.252305984998658
-0.153057051173829
-0.216908303349235
-0.302918464824128
-0.125849815064183
-0.182189781971271
-0.150814871256662
-0.156750177109719
-0.00511154315679349
-0.25536358845607
-0.142178801121433
-0.274416153650046
-0.183729628591106
0.00992223603754229
-0.220868722140151
-0.0222006010487089
-0.188995821786767
-0.125667102384206
0.0499047048977063
-0.111768384874745
-0.146246048426526
-0.107186504063003
-0.139516733929335
-0.0475786536835125
-0.193499045599043
-0.038486946127521
-0.2025471415472
-0.0903320531990025
-0.103808311813716
-0.125768223971864
-0.0222058170096961
-0.27495836109047
-0.120972259537733
-0.0095385077848511
-0.0533347898123779
-0.0724810974394364
-0.364596245917344
-0.207078993272113
-0.15234248219226
0.0817846797224245
-0.009629904629424
-0.177518240923609
-0.0405957614528943
-0.192387574359143
-0.0648634018352293
-0.0668164366886009
-0.199695003296873
-0.251660039523133
-0.319566183369015
-0.181471931385978
-0.181727838454227
-0.0272644341052168
-0.0806807789064476
-0.127784416772085
-0.181763666292696
-0.049123022121121
-0.163818189453892
0.00358568547564403
-0.0858853531463372
0.0383774370492762
0.031605309040867
-0.0357019754120592
-0.129067925798894
0.0198800492816353
-0.124913985034664
-0.183546234365706
-0.104404945139111
-0.0477182028438659
-0.00597113329599879
-0.163678758969525
-0.110919588293611
0.0171301854152083
-0.0802193766730858
-0.00483920270723821
-0.0584834760116827
-0.0198672686361517
-0.017818081474784
0.0760956384646893
-0.0311196952735426
-0.110949105836621
-0.065931276547043
0.0448176906935525
0.201815127321105
-0.0927624683131894
0.0154984935343037
-0.106832334362957
0.0209083153710307
0.15028115015659
0.146248339361103
-0.0825984028935135
0.0390867940990606
-0.0504419302651363
-0.045885400910825
0.0889594359177702
0.0516355452109009
-0.0577124415364157
0.0723661504781498
0.0694926944811987
-0.0475415680026279
-0.0148761417553091
0.0279084743185635
0.169307607602885
-0.00149926341005919
0.0120920434385384
-0.057052999708742
-0.0122218486482345
0.0628748695541467
0.035539600015008
-0.0122037113352649
0.199058295841739
-0.00510915141998522
0.107324689806405
0.079781853208981
0.0566720812410097
-0.0138841654552984
0.109555570602786
0.0862831368211066
-0.0986392944272198
0.0852789674057876
0.131005757416862
0.0310806755250794
0.0992100553886873
0.157344404579485
-0.0289761449649013
0.000304628157866753
0.18490493572409
-0.0486499855608892
-0.0237179023117961
0.0121877789827693
0.132537533802503
0.0609344739682955
-0.024538340582197
-0.0482674970768361
0.0555625735965805
0.0130526245397665
0.203135314567824
-0.0510764116635577
-0.00386488216903652
0.11572096821195
0.156970947435665
-0.137081408319121
-0.00768531103835702
0.0364934940230869
0.05255200351589
-0.132354031929039
0.0824135403292351
0.203234301522824
0.126376024620295
0.104895718570853
-0.0976524420688677
0.0887032261196244
0.121114756634281
0.152433537699848
0.0999062375209647
0.0512332153234789
0.0753433612122622
0.174904292643358
0.184351844689532
0.0500915641914482
0.157293168289553
0.143897316183328
0.0447036170254842
0.237553899018039
0.198250381267015
0.125760936237487
0.268113970519356
0.0510596447069048
0.0862257027644698
0.0124126180652806
0.309222119365812
0.284360533928349
0.2142379363484
0.0438594177222956
0.336062138966539
0.118115267319117
0.186558855871606
0.168592286183583
0.208299057508358
0.225027800610801
0.0750077042350776
0.157126546933907
0.119081852387538
0.202665816058192
0.0735276274978844
0.0408047204342383
0.200425481193138
0.0900747778365567
0.0829285203884568
0.186352700143963
0.188266988910823
0.222755460989937
0.338389947975989
0.108631318630012
0.183865123947619
0.145829929836515
0.260332319298353
0.155922854265551
0.116677572146889
0.189346430180796
0.186198617858078
0.171049670240754
0.0913912173032139
0.322649105432948
0.207544237366561
0.262097187825318
0.191770270658931
0.231253251034692
0.157476265059224
0.278748842597474
0.200422057714623
0.142418405381149
0.210543972962132
0.135642294901045
0.323293142587763
0.16497738578766
0.30392121735883
0.184666960939147
0.144718946022031
0.323991572601072
0.159643958747985
0.366828723747818
0.244988369005268
0.238979685887155
0.425100236427352
0.177385533079073
0.265961632581548
0.247204761765798
0.23579184979289
0.280942489081626
0.148787584182942
0.25320873117609
0.371943290506654
0.331905670437633
0.303846557030441
0.264441206239083
0.09859542974585
0.348175896410198
0.367291179587481
0.358305050697897
0.318247306694706
0.351471847669276
0.310578622645269
0.275102515401643
0.303723853750105
0.417264014547634
0.25023474364445
0.37769779632645
0.407749738763237
0.439788674755629
0.31176677768958
0.299818343190263
0.472417796492465
0.3118912731104
0.223769755908048
0.308007332539681
0.276897724071517
0.170638064896519
0.407267027269161
0.300030775893936
0.460267989660069
0.359361303255041
0.219567248722296
0.325059868648321
0.188569153265667
0.410949222165685
0.38298185104381
0.424937339670329
0.240515962583017
0.42837320399055
0.252904045105057
0.29426519663466
0.478629035003135
0.340214326313663
0.455015911360476
0.36584738856344
0.442295868636589
0.463554546851917
0.326867668828842
0.412004673917437
0.371299925241913
0.292161030723341
0.373895461608886
0.366148655390177
0.412739452267229
0.380644217649683
0.444673507905292
0.375270616974619
0.397090011671034
0.376738222487604
0.394433810249091
0.489279462961724
0.493556106832869
0.312971651030339
0.339370346824644
0.525790453389758
0.384878044716969
0.353412537476793
0.398438283964837
0.322273663516829
0.204797717619966
0.325048621345393
0.37893978115191
0.287444518476859
0.450183643342668
0.458459630408815
0.399523503818999
0.549030044393044
0.280646232516222
0.59906638514994
0.472676815609581
0.343047979083579
0.453680465691522
0.427951739613049
0.434458594876248
0.429547514682726
0.441742572221418
0.591903266454461
0.415602513789454
0.408391490174077
0.35043300492788
0.470362106752269
0.418911091918583
0.372830213708132
0.504057114816622
0.414707815313684
0.615692643630651
0.482103123404258
0.537080555895451
0.511924017067603
0.555712226789475
0.498529993727135
0.481413218860049
0.480545740037907
0.45026888428454
0.444350809761082
0.394248949546966
0.529190926303198
0.473375765896757
0.483543193171413
0.511498477104767
0.449435307765219
0.574408719126504
0.541367721286037
0.393280664960889
0.390903923699404
0.330570748853557
0.495494085636887
0.609205101156156
0.621089552229724
0.429251083351029
0.516552021667196
0.523691908336374
0.73001485055352
0.586311395857823
0.608706061999904
0.531750055785119
0.429771126086193
0.410057307728154
0.440526231143794
0.439382285956573
0.411664697227989
0.536516339629306
0.506655489675525
0.464945695404118
0.613085662724244
0.686427333304885
0.416858582928554
0.68662060654734
0.437947100202486
0.546817086515509
0.540046281519917
0.583272650934053
0.507101240836622
0.525059067806882
0.534332322351847
0.562230035986034
0.616708924565865
0.453547715463248
0.61071669101987
0.786180306475337
0.61297291964246
0.632708746374936
0.529957693132976
0.61223375566218
0.580969743373687
0.513774329110556
0.663541358028464
0.525460518517809
0.630363667364917
0.540172453963316
0.614418525670759
0.656471518794723
0.676047435052903
0.586908434199245
0.445106746102719
0.716399079096365
0.674165411509566
0.570705516953859
0.607664377831222
0.679822568159635
0.418747911272359
0.668680804189827
0.718159667098424
0.546615596639888
0.62174792019344
0.635854561347513
0.628614966781757
0.476506325408774
0.666757617685807
0.661806331871891
0.708454807204021
0.610255718051115
0.678252091703966
0.619134442350687
0.749851288538475
0.512451077209229
0.60708903351972
0.61227270156991
0.598172400775515
0.676014033500887
0.665819598437817
0.691451056029651
0.71859951389744
0.623729668093889
0.721085569472764
0.649275459497105
0.589467411067475
0.644725634033779
0.735367693326474
0.643722204668592
0.599517994143165
0.721104588329798
0.597827086998641
0.673561287564583
0.588009695326421
0.62248943507478
0.546192241274908
0.675648259188199
0.675855297166824
0.682667849905895
0.687726730289662
0.576637502078841
0.838461705995507
0.659078467234242
0.750796061257765
0.7058408750904
0.756969552700096
0.81310994605889
0.68632098983947
0.56109691000218
0.723503606840475
0.829294541251502
0.661715855410871
0.706419377915612
0.544226353614805
0.796295189468208
0.830465014665437
0.798260306320164
0.827125779367392
0.614860844333333
0.676747368178088
0.67218254301708
0.701875942024445
0.660385196190418
0.728045585793476
0.746235228214228
0.693284665279145
0.712387816411339
0.826128487579621
0.65398913594974
0.820667270625052
1.00711320343516
0.746575420639808
0.815641717037511
0.661053374492825
0.768387330181494
0.835642951596034
0.557272754508589
0.810603532344774
0.735519877806173
0.683063848320067
0.746413231915668
0.870496181171639
0.785809642254461
0.839876132356523
0.775283532649934
0.782918152509502
0.845905306740938
0.89493629144206
0.772546057888934
0.807050920041762
0.887126981884174
0.701847830686458
0.774334493757282
0.815858264741175
0.860723602561054
0.886640721280089
0.849737090256385
0.703396441513942
0.796023349912985
0.817225924089445
0.866709729188645
0.654097040306663
0.749939491780392
0.927429012120024
0.860228522833131
0.858247808009733
0.913296974371337
0.842222764311864
0.826306333874567
0.731972613686705
0.788171324294285
0.78759146805905
0.750295158873351
0.823131675055397
0.850252495945769
0.850885305235664
0.958466316745662
0.92099692439903
0.859626335898297
0.91268091369715
0.686944482933763
0.748129971466129
0.941046810244536
0.893338229548725
0.743246457247514
0.948953969607485
0.945998847310742
0.940981459654408
0.946950305381547
0.952443936729014
0.77696446607889
0.893378517723438
0.922717015671783
0.860440854702428
0.887949532962684
0.995889393736625
0.888229505107548
0.88148944691886
0.930040148033769
0.797255694969746
1.03238643078326
0.872040746181801
0.934514559117254
0.822802322820295
0.976746250738442
0.938438116099204
0.941264046905975
0.922358787206474
0.985091472399107
0.783398824757224
0.834033403800251
0.962127456291558
0.9833853651229
0.978228477588256
0.837161776590849
0.910949355076001
1.05776025145561
0.99058788705871
0.887003471876197
0.911920721500435
1.00070210038765
0.990932420890138
0.93799116954357
0.703387495805893
0.990746066067327
0.936193880053499
0.864413199709434
0.89102442365798
1.00138147431209
0.892676452070312
0.787284418311244
0.943151287008218
0.92249381411754
0.995748369387464
0.939549599021793
0.970213805144206
1.06615285376971
0.926332189462836
1.06648926034333
1.03000722785123
0.958222566872926
0.961805117041441
1.12586820170891
1.00881986579609
1.0739601549386
0.946082213650136
1.03220158890435
0.930922480728772
0.942677367373248
0.954658317185613
0.849063129179712
1.07811668435699
0.982043767216511
0.957658784928232
0.993056247529522
