-0.0167140690525522
-0.911437461936532
-0.919994896478455
-1.10142707305575
-0.954303681604516
-0.895317731131889
-0.927604415801072
-1.06600928832516
-0.999514449076288
-0.978764666115329
-0.996888233203809
-0.979205665497015
-0.988699975907429
-1.02912801820905
-1.01932128887364
-0.996612377482398
-0.997531256693901
-0.888405841171347
-0.970548406719795
-0.902856695217266
-0.923436697422186
-1.01086492279332
-0.923826177712294
-0.804834472288996
-0.911186032289677
-1.00288368098203
-0.848650635142437
-0.96983578460229
-1.00613107568263
-0.925081026863558
-0.949593108865895
-0.947747332270319
-0.829879348040135
-1.01517985344511
-0.892921993896475
-0.906178149249308
-0.868571939891969
-1.13824701940101
-0.92772185185337
-1.0394208591732
-0.899532132804568
-0.980415816938879
-0.979646294272184
-0.852933238220897
-0.890193926580626
-0.789495318289615
-1.00121434848986
-0.984855521795012
-0.791301055236242
-0.947483519352065
-0.840593948869248
-0.990726139005465
-0.883781804172186
-0.80408923373835
-0.849959824443526
-0.872460659306891
-0.853062148634173
-0.948014846821676
-0.989240260760522
-0.870018466506476
-0.837734794585106
-0.824621654089083
-0.792203759189816
-0.90509846408411
-0.863218033315407
-0.804027791904969
-0.770356649547547
-0.788715621437299
-0.93006379611512
-0.982813216965977
-0.754954159646842
-0.994009521906596
-0.799011723761075
-1.00947020492262
-0.917655937080667
-0.796406122759337
-0.872432709009446
-0.870926886316746
-0.765073176459638
-0.907782551760691
-0.823981476733783
-0.88818289013763
-0.826741842452701
-0.884256899916824
-0.833004468107677
-0.734789785540233
-0.795971811213601
-0.753563239060571
-0.818168834718677
-0.812585143248231
-0.80057929055392
-0.841630489347545
-0.861231825399191
-0.760558120366553
-0.60578233803522
-0.911126887729435
-0.77075987459736
-0.688004881730136
-0.892530126399016
-1.01961950179008
-0.865655491594674
-0.845060549900739
-0.793753560533522
-0.702774565622234
-0.856876819745604
-0.696477587813765
-0.951662079423048
-0.801998958691732
-0.742285273928731
-0.806468119606579
-0.842164380562141
-0.768863589903938
-0.774085873764325
-0.725756718295217
-0.751915594718877
-0.771379070480787
-0.804405902166736
-0.715485515634011
-0.739654522070531
-0.745075326128141
-0.677435698261421
-0.776928497965127
-0.668606484579525
-0.684218727963413
-0.753666862664488
-0.631073415423905
-0.7276779489068
-0.973130787446855
-0.766413938784789
-0.661898395558486
-0.751995593130114
-0.749313788299186
-0.716908505408707
-0.752213268203988
-0.717749104917707
-0.648887361926609
-0.847581104302796
-0.752574635546359
-0.698512560534347
-0.771649434226015
-0.766848836198755
-0.669589907471583
-0.807921221003589
-0.511471468476828
-0.91674245892017
-0.799231398057798
-0.791725886854726
-0.669884510413981
-0.855154764668226
-0.807792041511401
-0.623578510420562
-0.631868573667485
-0.730459469885755
-0.651441748862976
-0.67243596303798
-0.482913196447654
-0.625558692043454
-0.61691456781737
-0.484602429944356
-0.66932027446482
-0.801604451941589
-0.782832982386973
-0.632836614383659
-0.499661313114494
-0.747926729960645
-0.784046722379314
-0.760502375719037
-0.813328833823599
-0.617194837161644
-0.716950838567545
-0.723356193493829
-0.452465078202756
-0.65861645924659
-0.638417440381547
-0.655144486796501
-0.641047406133155
-0.55737808011805
-0.642200288847643
-0.614871858389648
-0.662475515262442
-0.694129761151184
-0.59908523246932
-0.644496103276573
-0.583869717486461
-0.598276781189518
-0.55222103999428
-0.607191692743296
-0.674044385226016
-0.57691020147763
-0.583344589658691
-0.670861715505928
-0.584592585421928
-0.590182636917322
-0.574572539022204
-0.682014042127282
-0.680692608418663
-0.716461714215294
-0.648059627636824
-0.672571665919585
-0.729149467516206
-0.528917219397961
-0.540125614294701
-0.512835993882874
-0.813577908206926
-0.575996681222306
-0.482215124770063
-0.656917095295073
-0.562886504891759
-0.57686737355987
-0.621185916521549
-0.599276259985531
-0.560312270546486
-0.562476524657447
-0.460394102800878
-0.412789221895321
-0.623317861117786
-0.576327773100902
-0.367962961138013
-0.68314919425988
-0.458430896520825
-0.346629428746051
-0.575496174745479
-0.588958276946014
-0.527807317157374
-0.642505781087245
-0.638628830074138
-0.654227283122449
-0.546278534290644
-0.60918896984859
-0.464277228256877
-0.541972828978187
-0.477530871076796
-0.643173863252927
-0.592865716143643
-0.561269354269276
-0.464332267205156
-0.589272781042417
-0.522688006920265
-0.509370322202197
-0.64518343729886
-0.646431438053748
-0.547315187209889
-0.618340126544669
-0.52515656447916
-0.550791019946322
-0.498899659108836
-0.447035867896666
-0.527840594391545
-0.420672317080055
-0.440245798462679
-0.551524729192046
-0.606809686389901
-0.613363544125832
-0.292959837796556
-0.390111042093116
-0.573073342941617
-0.607455326993263
-0.490532358384431
-0.482247392832738
-0.432625954532105
-0.530444633284392
-0.461498618912767
-0.463418818044072
-0.514107901037288
-0.392232972114779
-0.367253860572554
-0.597208727394864
-0.43350469767943
-0.292085049254305
-0.390225328576486
-0.392640646435091
-0.371724360343977
-0.356286813842226
-0.407727626997003
-0.508045223989703
-0.489691810925016
-0.410356566806461
-0.465608599005168
-0.449412783136152
-0.327242902678263
-0.434759559731616
-0.479760375298998
-0.458315750145106
-0.360034972023301
-0.362861156370612
-0.519054831244915
-0.365401616507019
-0.287480067594244
-0.506198083464764
-0.469614900241599
-0.240526240570114
-0.571269006682059
-0.376088388495889
-0.287606671658812
-0.376780668787846
-0.50946918700816
-0.45388239097268
-0.409823036393614
-0.418094818397363
-0.384507078210069
-0.48296512287375
-0.304903035621043
-0.405595176140103
-0.405873314031061
-0.501756233609963
-0.501145670164276
-0.312316853289382
-0.200689058589759
-0.490894533559492
-0.412119496946069
-0.47471384712905
-0.496801576576919
-0.395569514434433
-0.461224639535999
-0.255521892505648
-0.379587727300571
-0.360226421981623
-0.487510904022204
-0.29951734263768
-0.418318573743543
-0.461034238661232
-0.32186623451011
-0.290326401712308
-0.395401948209488
-0.395914389951676
-0.390807880991403
-0.283344187423144
-0.402941801355666
-0.256715915092333
-0.475321125341423
-0.375430858784049
-0.219839595820372
-0.401723659494018
-0.39841522909914
-0.408343919393041
-0.297968071024172
-0.318137558500228
-0.342477781516066
-0.22378911726014
-0.317761718138998
-0.311104828830157
-0.240905570607517
-0.190701718695063
-0.280477731991536
-0.30100329117459
-0.23425655557212
-0.293335994577968
-0.290632156214943
-0.200101202272026
-0.199836525580397
-0.347218316029195
-0.287963608857984
-0.253191057526073
-0.371103935048101
-0.232903881188604
-0.334452699905012
-0.2702835038473
-0.263973664281209
-0.267473960361044
-0.111465676341635
-0.280352997035179
-0.427638175749072
-0.300471843623268
-0.446784530615154
-0.30878576911822
-0.265405678333667
-0.100249085381402
-0.277072028520397
-0.33634193852886
-0.474472666206476
-0.365699907437482
-0.248193739547964
-0.226205659115009
-0.231919059163902
-0.225696370961305
-0.311886504636298
-0.27160944072436
-0.185587887277829
-0.417647935332265
-0.144164119359728
-0.265662188713033
-0.248249791781454
-0.115919348506956
-0.220279981308271
-0.354050373153003
-0.33342613611521
-0.159601619536774
-0.302608562176303
-0.0703458715450284
-0.23507270239203
-0.185078325636098
-0.0481810888757546
-0.28973653714387
-0.23993107072309
-0.181933455449392
-0.21068617413452
-0.107698031272579
-0.192850875983111
-0.261689366795874
-0.222138890388184
-0.142043226700109
-0.134754073762674
-0.291386282562117
0.00862678659557668
-0.273656667427965
-0.0494470319444108
-0.199550861979096
-0.167703917835756
-0.144025486617834
-0.0682247820082724
-0.237624242176669
-0.178171471525252
-0.0772383897140407
-0.201033954722093
-0.116057075301469
-0.121807474010397
-0.0606683970973037
-0.0183666337751717
-0.21837430203793
-0.10296467166837
-0.228703575971026
-0.0159330547037989
-0.195818924861509
-0.309245291013487
-0.157172601404957
-0.114900076414079
-0.137450981558263
-0.107235716723681
-0.303342316682089
-0.119505004481566
-0.238247995613177
-0.150851437332903
-0.00019802215972348
-0.241349901166996
-0.172871665814394
-0.182918755341167
-0.288561563117544
-0.0708234397563288
-0.302714604538015
-0.238207604305314
-0.029086269067033
-0.225541445698522
-0.121415280862659
-0.212170484377395
-0.130366657041914
-0.116457842693627
-0.0776279757554437
-0.200269116520268
-0.0347423330691345
-0.0534014697192698
-0.0888437304306394
-0.14538799930095
-0.0487429203018952
-0.134265458039275
-0.0490955154752902
-0.0512969385918058
0.0233596228685119
-0.227772081667927
-0.0199397754214454
0.0173311450790753
-0.0578538156584234
-0.00665130270756135
-0.129726066860191
-0.229386930437442
0.00904727525947674
-0.166744549022097
-0.0648904160176821
-0.0640872188003678
-0.187989332906092
-0.0664937075759893
-0.0515432476790594
-0.183252100168308
-0.124350865042326
-0.139160603637817
-0.146730649504602
-0.0804623531820739
-0.00446184168593818
-0.0763081934093839
-0.0239823783724322
-0.091478858146405
-0.0208524672899645
-0.139061630149829
-0.0624697546798235
-0.0642261129851314
-0.0731388621291872
-0.0701153765601241
-0.0800036240028565
-0.104045917798474
-0.181141695939539
-0.0475815001904393
-0.100853962835164
-0.0402784678060312
-0.257000664462274
-0.00254508228987593
-0.174688295083035
0.0251280005812343
-0.112603007863383
-0.0345560639055858
-0.0496583148423321
-0.0528340278626894
0.113739718446727
0.00232222320804554
0.0158787149189457
0.000679683933900661
-0.0724714549933085
-0.0595779400534448
0.0687118911090437
-0.117049321522345
0.102959336943542
-0.0861966375425004
-0.0156868225837496
-0.0286397211261801
0.172948714534388
-0.0613341298119314
0.0284702410470243
0.0699279496385819
-0.00572415766699004
0.0537006120226219
0.0827973045685858
-0.0641773405844789
0.0266595596733387
0.019216730561947
0.0862089673246602
-0.0512910894232603
0.0657054289468302
0.0331993530030713
0.14777005435303
0.0250701794657257
0.0890939755210305
-0.0306478047002088
0.0266443646382369
0.0838977581870863
0.0749893121219701
0.02382180242467
0.0729822557342616
-0.0105761782012824
0.0950882234430356
-0.0557037487344186
0.102739435505472
-0.0532697239386041
-0.0121511495109574
0.0038054157216549
0.0453869491827873
0.227157406816871
-0.137748346725916
0.00453564490993442
0.161328769421929
-0.0210711800983305
0.100562253315204
0.0527991129879275
0.147613066515637
0.198348705106804
0.0671050685993264
0.111639794525868
0.0574545032130689
0.32347151796551
0.0999977490922286
0.150931586094291
0.174303099783676
0.0405386261719274
0.0989133924958246
0.0680823223196613
0.0812571778610015
0.190521782257326
0.134089694397943
0.163963387149427
0.0905026238506612
0.299090214155723
0.000317361875828202
0.126741781841674
0.294886099943802
0.200657225475679
0.214694640743887
0.0477281645789843
0.21997493939501
0.175271602254107
0.0471901967431807
0.186070753389672
0.234185041031963
0.195533953973393
0.192622316967255
0.248988316762871
0.135028832553081
0.0607781419817917
0.182190461928798
0.17403099994111
0.201343133419711
0.109995367759813
0.287214467047002
0.232786527987264
0.118945558988747
0.135747579056971
0.300777438854303
0.14302384847655
0.212459589766597
0.0583245378836818
0.198905514292991
0.315510677229909
0.211071232577981
0.220878380828422
0.0922545516577036
0.27290548956363
0.209605980684285
0.232008462443887
0.248626572200039
0.237212200322606
0.156021470788144
0.321973616474544
0.225819536134024
0.185879318605085
0.165014952069417
0.275374546059378
0.104392704241538
0.223617607938214
0.405235340817061
0.246283812734171
0.134287630052628
0.267799708987218
0.270335028423099
0.136333577272428
0.399462215849469
0.274758419127727
0.149603933029022
0.313261699176742
0.294610380948307
0.216990701841377
0.257118826749441
0.295898529333652
0.216535587640154
0.229676167105509
0.177163370604088
0.223072685818166
0.368011234968667
0.169286331591331
0.255674830590744
0.249817336749204
0.312209742828916
0.14042405918579
0.254711152875201
0.283369621837664
0.427247695302765
0.334959049399227
0.312861316659697
0.307435837522171
0.318910016340852
0.349145996361204
0.31945279304161
0.212432744756885
0.271780990456632
0.347390077734757
0.191428167948056
0.33642920783688
0.366757566457896
0.223016368183367
0.18944499258729
0.263180432975262
0.307754627910351
0.353756433866055
0.337663449425727
0.309722766752546
0.425135816609701
0.227841395628187
0.250273655427815
0.261101819068875
0.367666090282066
0.218323065767301
0.29065794095005
0.367522673794427
0.292601125620365
0.180827017916371
0.32409774223053
0.623629104260094
0.444098179304509
0.443591640986899
0.308072817821401
0.432270323363738
0.460915431924403
0.448171355470926
0.457963477633729
0.363248978349765
0.434501952166312
0.315148994981993
0.490020504143877
0.418141870666279
0.314235222495217
0.384504151541872
0.284472114796703
0.337848628721725
0.311621440262533
0.324472609009982
0.47760621483987
0.341350772670288
0.484456914839647
0.374001202225577
0.374672536520165
0.224428659436736
0.388285988009138
0.275258597844306
0.413472112420894
0.381484222107929
0.469929169166887
0.354804927961264
0.366251339018102
0.448032810762021
0.273383961452064
0.585529285996184
0.374245121024544
0.298248086335894
0.445813154840887
0.502978788435065
0.46636354247509
0.257764743944926
0.32324832068863
0.400717354513566
0.422268395412395
0.362534182972515
0.511320974725037
0.440321054182509
0.427121338739016
0.446944128815009
0.260789243692195
0.497737212586727
0.612406830043718
0.580282784560241
0.432681592644933
0.361038581020833
0.554142059551707
0.474312094315463
0.509006958951152
0.433852055128244
0.484388198653139
0.411730510288872
0.572744477654935
0.466958375288057
0.34551605417632
0.444587884785849
0.673422540898285
0.486065846971269
0.405005689139553
0.340217502936907
0.36151290262126
0.493685462571183
0.578826532975869
0.536483482887849
0.536241076490959
0.426174478084128
0.550818985727533
0.624308890636494
0.454238150444338
0.573034193689321
0.566301072234147
0.565747555389493
0.57048770322504
0.584516465476656
0.578654443319959
0.386804952714498
0.541880607939689
0.581098613468594
0.412311309091154
0.680636702100791
0.543300700852752
0.569012381747405
0.650471140984319
0.481456259777904
0.551763416072439
0.63955883681172
0.568715594571244
0.556992897315018
0.719498680922637
0.61682003123367
0.475481177040951
0.654699743383665
0.602414517221787
0.570008591658912
0.672723484113185
0.635726282419991
0.515862955467819
0.473789599248214
0.634867525547534
0.615553376888671
0.501546537698775
0.699017189781907
0.48003850783149
0.531343257915289
0.798545154030288
0.599614379730106
0.417733971637707
0.512944534263924
0.627137113033959
0.666630770498757
0.643223775907723
0.671171913525573
0.774395748385408
0.631600863736227
0.590612102904188
0.6134221694298
0.538265862039279
0.704761039569247
0.495650541049422
0.477759474307261
0.707529285800075
0.58276535561896
0.744718638439461
0.714003012522118
0.538758868356435
0.475056295998173
0.638411143493666
0.604610751468204
0.621064126716714
0.684139088288193
0.752430149327923
0.585536679673715
0.677425786151036
0.672266464588539
0.637037387816718
0.582893662046934
0.682179154181357
0.5374744007252
0.588280716318177
0.675775579297845
0.650126085085019
0.540559974102656
0.541404414377391
0.672590350993628
0.665822536762265
0.66956712758037
0.585921559180734
0.664873788089577
0.689078723259017
0.678750528334947
0.699137369382396
0.735940308629282
0.729743984767934
0.595512124532015
0.593543874838445
0.730216299210806
0.816156949107226
0.694219791256673
0.626038628691312
0.609387771622192
0.671404078284401
0.698726550634822
0.518496974335014
0.703416317158188
0.605360459493653
0.669595573802065
0.786861716002146
0.5741973912778
0.717109911955477
0.585586700748283
0.628861028839183
0.691791727059633
0.773342213647333
0.722380864815161
0.721017810221001
0.590671780016528
0.685625497963239
0.54338466495516
0.779476079744987
0.578536971894075
0.696306647181356
0.567309839392308
0.64295519388946
0.722160914327642
0.753648951458994
0.627336571717412
0.782201076019471
0.773275877388022
0.699877387643602
0.837629257376545
0.808874800816591
0.646565170743525
0.66678297669173
0.739611254671784
0.851628024181317
0.770677294646006
0.740828171658043
0.786106993425838
0.846750492066947
0.867050506205613
0.813094376298733
0.741210913508323
0.643693168719838
0.880202083074508
0.804264500595995
0.654030868469685
0.83181514209007
0.704505252129086
0.844130496024443
0.823524229256148
0.867993982464099
0.795617421805787
0.566385043905035
0.789978974399098
0.874007084383288
0.817969046796125
0.848325381183548
0.731837196589807
0.801970189713331
0.847635595450375
0.818893969178393
0.848082040748801
0.9160066575599
0.86813216745113
0.743282990107899
0.689473744838413
0.715583434096681
0.842556210086848
0.952383337845109
0.864441520381422
0.735413509145353
0.856370020651775
0.822272339667867
0.85044449368316
0.977346410953442
0.874006571385691
0.628801121376036
0.746704521282973
0.978869546865193
0.698494229468961
0.646013098419594
0.866636062987617
0.834667619798352
0.674870243933171
0.82048413068141
0.771576314449681
0.873381489447864
0.812938237375982
0.820086732986923
0.99705171939578
0.912552903578418
0.713086998582615
0.907594335398905
0.748858988958194
0.923364131080539
0.733772746838869
0.819604362137221
0.89647093782638
0.874496519691841
0.835872971360778
0.882432884829507
0.959138365755463
0.90902134352249
0.878115264198224
0.815478031896604
1.01019343665301
0.984134828772842
0.869585641987844
0.928913188445187
0.873693920174326
0.698570720305273
0.775492825912123
0.794009053679028
0.993339180400263
0.864957174035969
0.895211935938427
0.860618664214928
0.948065435891366
0.83573094090063
0.731418641818068
0.937142683464337
0.954749744329474
0.960486401353265
0.81338163602755
1.0337126851511
0.852253613001097
0.961296427280231
1.07567459512402
0.969471492933908
1.00049885376421
1.06230184161407
0.863005731699548
1.07450178292424
0.866861740756278
1.11613940331205
0.946807051324338
1.00877774028586
1.06380540311339
0.9112266902726
0.914063430386813
1.0145520842642
0.881746550642611
0.80376375989432
0.954016939449917
0.892994009818765
1.05152068982868
0.817580639845923
0.962763678090365
0.825841439582858
1.005462372415
1.02663962110279
0.951169804449892
1.0566524591232
1.0166518982358
0.991843491790299
1.03022460107292
1.00560826668065
1.09752037417893
0.92910030449924
0.964011263000184
1.09765467338693
