0.0160322531403047
-0.91662677783136
-0.976407006073454
-1.01521140368787
-1.04898776687061
-0.99556224883879
-1.01157608593823
-0.966350418769564
-0.924350528372314
-1.01324768769164
-0.997571279722553
-1.14940299396082
-0.947468500520604
-1.02961318407295
-0.992372223162976
-1.06760297633751
-0.999623643507578
-0.810281082958155
-1.02762804764139
-1.00758102987606
-0.991145391202996
-0.895911400664572
-0.864384211794511
-0.822536076257381
-0.980220739400387
-1.08751468604817
-0.841518483940324
-1.00449233103098
-1.09766411558999
-0.800110947437643
-0.837747592133266
-0.874223818040651
-1.00260973340384
-0.895259018976034
-0.842215849888827
-1.08831494698592
-0.914777799325289
-0.868855661329583
-0.963477038271847
-0.960211446896477
-0.843602979811014
-0.902856897943841
-0.779237648386475
-0.885113639132714
-0.902203912314068
-0.883908565543809
-0.874851001091006
-0.892430438436285
-0.974162275909725
-1.04294394508286
-1.06418422757454
-0.896491956713753
-0.926414520917968
-0.880554569370754
-0.910103750601147
-0.851078166255553
-0.906854744897058
-0.97677108874116
-0.933322746039597
-0.933514129363111
-0.744966316319472
-0.794607031471731
-0.894320613094279
-0.801127601269814
-0.854333213476293
-0.7416125451123
-0.95357258419538
-0.707393849739191
-1.04370914781782
-0.617406976603001
-0.742333537428963
-0.76456928446879
-0.673931678153735
-0.875277712070355
-0.945289491501738
-0.798107071416896
-0.905280108048185
-0.828753876779574
-0.782550414625158
-0.805302361977711
-0.628288692900398
-0.813653853789719
-0.916808676526904
-0.902871705979104
-0.884029966387058
-0.823655954143093
-0.587233615448672
-0.842538337431365
-0.865773942933137
-0.864526473756569
-0.998158419703457
-0.80292432978049
-0.885321354764292
-0.825482318886875
-0.852236444230979
-0.774203266678197
-0.883483447101154
-0.756517064323595
-0.642990149595718
-0.854693938202698
-0.734544662646456
-0.771778448180386
-0.741469289692726
-0.780009687770504
-0.643357200362067
-0.800933072610564
-0.663718118121856
-0.888164658865629
-0.738759691578825
-0.767689785081979
-0.804156883882624
-0.788671120971086
-0.815089177201059
-0.651540094978011
-0.719674757930271
-0.825171028404809
-0.850554264198379
-0.852178512256176
-0.693441660519932
-0.654469005055839
-0.836448551747544
-0.802654819272393
-0.821768343069456
-0.908514255164433
-0.623810459094721
-0.846290061051786
-0.667925667108847
-0.784509520920028
-0.771501680772098
-0.809522714370277
-0.65827602758433
-0.702866867298775
-0.746525652079315
-0.881025877722554
-0.842977700086388
-0.667733538429878
-0.800725671464021
-0.602975093738379
-0.677601459900657
-0.775559066702596
-0.737993645516207
-0.570508539618775
-0.766370597167866
-0.737902695996336
-0.715091026127006
-0.719654432625787
-0.738113398809662
-0.813421535710445
-0.684108337215072
-0.884904372138808
-0.76511142470698
-0.537045380368143
-0.745739194096241
-0.744117242916431
-0.624576724848408
-0.689529056060578
-0.688528454164822
-0.620752196283365
-0.739093943015078
-0.643685490896412
-0.502418057073209
-0.492726118400674
-0.653091395379011
-0.502636411725953
-0.571979533390716
-0.71974694618765
-0.697762766457851
-0.679430643185827
-0.661366053329796
-0.648339871053599
-0.802834010659593
-0.751277992045929
-0.622303230292666
-0.705252900978752
-0.558447515001512
-0.622658510282268
-0.531432019943976
-0.74286073796952
-0.573534263027908
-0.64606321481436
-0.537652738296245
-0.64054960119495
-0.691273983344522
-0.617673319358005
-0.557094392038533
-0.65174500595628
-0.668966817290586
-0.544831822153864
-0.613830005259516
-0.545176391633822
-0.530812907650361
-0.599936114135541
-0.654163943114837
-0.543701235950873
-0.498650124059621
-0.656812438161968
-0.617400265507448
-0.686299811566502
-0.561585921987468
-0.666279711373358
-0.577503056916017
-0.562482082252449
-0.654828807805586
-0.378445596970197
-0.582585652735272
-0.568837505978812
-0.564363135343058
-0.405714884576944
-0.625986853164069
-0.495931374739844
-0.600950703759322
-0.570063068048682
-0.580643829723712
-0.592589727695957
-0.562251177471147
-0.512293558364789
-0.543554448402442
-0.543862421463246
-0.507249989704376
-0.524222599107463
-0.494862663735011
-0.630704326784811
-0.473037903969044
-0.516193402167936
-0.529408979485568
-0.564634671458986
-0.489344581069401
-0.578193404249205
-0.549951640553331
-0.495899884288111
-0.385001823382619
-0.421320040960949
-0.538048542373901
-0.502859529112833
-0.564920545654973
-0.486516662152002
-0.550193327981479
-0.567087146985344
-0.519399663251035
-0.496091171085727
-0.552697907243956
-0.480275402943067
-0.415043718970307
-0.540281718433579
-0.540119265807803
-0.624441804814743
-0.682424520223368
-0.356847660353219
-0.465472103074889
-0.660572654490189
-0.515806745835576
-0.446872494425014
-0.617073343945494
-0.40511273668476
-0.280221859737205
-0.44689467106091
-0.438771231332302
-0.562231434273169
-0.490269827149009
-0.506104821015526
-0.518894999758061
-0.401969226113643
-0.459178173188362
-0.421779385950136
-0.573241517092753
-0.420254827565583
-0.489641250742653
-0.461975141889032
-0.27096397912935
-0.51252081867802
-0.374771183321181
-0.521638429805542
-0.504367999038038
-0.611187672303806
-0.45959296307633
-0.530376879449901
-0.481457058888298
-0.403275597629956
-0.430125132129358
-0.412814645252261
-0.516512122299188
-0.572363875080835
-0.376666265686038
-0.372600283845352
-0.464177880087369
-0.26020960417566
-0.565480217651137
-0.350756988367647
-0.661026078088868
-0.296777754310641
-0.345948240499543
-0.373765746763745
-0.355202330993722
-0.376599572168196
-0.340323631497536
-0.427903239987107
-0.444874089301348
-0.250895720298849
-0.394430013211953
-0.593514202489329
-0.391078776528016
-0.313740416104588
-0.533238916279294
-0.301658220542879
-0.319848522840822
-0.293381970998238
-0.444836221562244
-0.362396397165042
-0.403138438235047
-0.432617969127409
-0.424430783285149
-0.374674048472463
-0.322880825260612
-0.334521874817422
-0.357853131978012
-0.395826319503234
-0.472380770486442
-0.348120317987211
-0.441230656990225
-0.366599479845685
-0.407764571480702
-0.407850800412236
-0.41225926273487
-0.296994409793131
-0.307944925066346
-0.334588982688061
-0.49593126560962
-0.265765627487126
-0.239503590781451
-0.452567506034762
-0.348343665103034
-0.318252681797005
-0.34250623827717
-0.30571842542596
-0.300770140247538
-0.266742758417591
-0.442268341194736
-0.324064600877514
-0.446361462569545
-0.300590215949224
-0.264727442147481
-0.19334847435477
-0.307207003594745
-0.361903559410824
-0.41376783209359
-0.229165385430577
-0.29580124679006
-0.328618017821658
-0.282578041865233
-0.467887363721976
-0.208271378591907
-0.393143236139139
-0.247075252253256
-0.190043394784447
-0.451230320321176
-0.181479010026014
-0.192143382730812
-0.335887684089524
-0.177935782337805
-0.221530597585454
-0.361700243306561
-0.337455395940434
-0.269939956687205
-0.358305979270646
-0.270837549915922
0.0748775171102032
-0.37042011050411
-0.215425725782043
-0.321691120937779
-0.238524856455268
-0.198690059955112
-0.264294708967231
-0.318034734117476
-0.285841324619409
-0.0490820824503647
-0.414248713215801
-0.188518529775946
-0.160888783319339
-0.370555176232371
-0.205454779287139
-0.268064336189149
-0.245386848825335
-0.147994018248276
-0.229296019899318
-0.478232860871107
-0.149346792421159
-0.223971042752981
-0.252407745145536
-0.30348264830156
-0.255013826574613
-0.380481989193163
-0.207616549867622
-0.194908555155182
-0.232349491400872
-0.159156439427152
-0.150757204130577
-0.261476701302412
-0.304160012989003
-0.326590124496561
-0.0763740060886273
-0.188259884661626
-0.174257499388783
-0.275561041276267
-0.224834078200816
-0.348149078643221
-0.173647890836636
-0.132173519255278
-0.160289621037273
-0.257432294315246
-0.133723926629649
-0.0378958366172151
-0.129271388346161
-0.339118617336199
-0.0989285661959403
-0.297630329000892
-0.13044171078078
-0.148274463583694
-0.246123899723853
-0.139248710279325
-0.0358735613971391
-0.154382591488046
-0.0676980936743007
-0.0986478642186116
-0.233798571640708
-0.178423042958719
-0.169367690702648
-0.1942247533127
-0.0140698780151881
-0.112001341854518
-0.314373356628635
-0.191184200758384
-0.114842916517165
-0.165532658460084
-0.274817958858539
-0.0638720890828716
-0.140527091259442
-0.109332481975935
-0.142269843358891
-0.00187401501021134
-0.189447079433414
-0.0516827832337597
-0.368997387618714
-0.239095979520424
-0.0545014661832116
-0.219412620439784
-0.193183847606821
-0.0549042277378187
0.0358137895975218
-0.144647433836341
-0.0513349915419644
-0.198865284894791
-0.228321078454171
-0.23594868079205
-0.123789872693169
-0.0498102295559695
-0.0927761456267622
0.0255736145818667
-0.0575140039360075
-0.0296178176753327
0.0155258350460671
-0.101783187105799
-0.198252770819245
-0.136834241049313
-0.143521930740099
-0.0196763642241672
-0.126371489788501
-0.183580675389762
-0.0890629469773039
-0.0512616345178329
-0.1245275603978
-0.0154155761699929
-0.0145926468717136
0.0594470707762078
-0.00734595505925745
0.0173044568181498
-0.109578774028954
-0.137656765046881
0.107032048192503
-0.0506040918878859
-0.0328182752250493
-0.00376853242009081
0.00908023528910571
-0.0827990686626871
0.0530576471153973
-0.106520964293113
-0.124009747621516
0.0367445590185762
-0.112617131554588
-0.0633681481686742
-0.0639355526007507
-0.0230375094497105
-0.134547612576559
-0.0670831430943595
-0.116158498526372
0.0465971292631243
0.00808405354134251
-0.00123767855851997
-0.0100045710926805
0.109932939024744
-0.0241494765524579
0.00215469326084361
-0.0784428991084511
-0.039073469056131
0.028184716251522
-0.0383637252930749
-0.0673165578826423
-0.0511278831203035
-0.117380504021171
-0.141848401677848
0.00543705652509815
0.11444769185635
-0.029778660400929
-0.00938517580723524
-0.0239723809741573
0.00926562202087853
-0.0317924025358864
0.113500083983491
-0.00680715597867108
0.124293402231215
-0.0231064835473949
0.00255426746177943
0.0249208781443961
-0.0315982050474954
0.230414876089552
0.041879157519474
0.0862582278395029
0.157092182800422
0.0837126214797893
0.140102448745176
0.143215229052099
0.131426879899199
-0.00687552639902391
0.0652450711128976
0.0837534798649742
0.0491155223981967
0.095910624037581
0.0316424751475022
0.0818462281846832
-0.0302515516109877
0.0178995881368972
0.136695153194344
0.112707067230368
0.0937470983730432
-0.0242861338635772
0.0026490263750895
0.031298303492848
-0.0560517683051425
0.138735643009897
0.0511855181606063
0.102368885667419
0.138593421646961
0.144268796850457
0.188392001745896
0.12000869533475
0.0929075678085544
-0.0238470264241532
0.163335950189631
0.148621466079631
0.114365570231208
0.133286437029234
0.124632658002805
0.114132376043005
0.161797469250762
0.201777281587263
0.224285242262025
0.258125808193924
0.113683063438306
0.0460406318200318
0.0764674968392854
0.0816642091410202
0.151173174255814
0.0921207805319255
0.0426586339962257
0.0938381769296629
0.257195346882079
0.143855466782414
0.10417786375603
0.194155264586867
0.0535182768061693
0.247276217655229
0.217650905440095
0.264230116161084
0.299503693418006
0.118836455768622
0.219423678046468
0.26600333928707
0.253001820765128
0.165472758867828
0.265705534834454
0.111335268321559
0.256429368793501
0.197314247153322
0.227656720875463
0.217513776632384
0.14620204465455
0.177763032501154
0.249541493923495
0.0929706750133436
0.355089770786043
0.214336210618579
0.149752860005704
0.270225101184201
0.267237004661393
0.0460852157284607
0.274603265159913
0.238107180171911
0.151173875908966
0.286753918531093
0.321633973353995
0.393776258938413
0.239484114164181
0.191402884659253
0.218678080996747
0.257940983577398
0.209496861655946
0.266418607172168
0.246846630357186
0.198567942309389
0.2597451581215
0.321516890841913
0.244331302452989
0.0887994927358604
0.262609563968202
0.347708260077937
0.312018774060748
0.206049476582603
0.24529322936685
0.219871977645537
0.138624764991399
0.422232391444798
0.24351369167483
0.347784759808424
0.233808541189081
0.289400448867841
0.0852237595278841
0.248428036086896
0.123543401992032
0.289145139547549
0.252667487975945
0.350888236820295
0.226811289872581
0.312519418787448
0.431691790946026
0.355218920091942
0.318769051436162
0.454402629909672
0.289733901241428
0.252133387976774
0.330197995204939
0.382158342409238
0.20448294997325
0.169390549059654
0.175485247800358
0.267413192618199
0.276903197409683
0.334102489913236
0.363483046611472
0.285068150729162
0.416413762972988
0.372154459955958
0.276539792011717
0.329221835986128
0.292703144779274
0.285527198560414
0.405882491075323
0.390228238577005
0.364974207735619
0.36587029364494
0.282143935412075
0.277457378469686
0.392406310450954
0.214590559112951
0.144100324355698
0.305391023579312
0.376808060959542
0.477696303612813
0.277313832537097
0.4081655331091
0.322723175029848
0.357453025582854
0.378803056855519
0.367979859423953
0.448642974389162
0.451495531015432
0.391209101621438
0.258033321789217
0.288463092060714
0.232310597714191
0.417182876467198
0.473711194759456
0.502339266369496
0.474026913206346
0.446392507575606
0.292924889538857
0.497220725052138
0.43976572388933
0.358573601047124
0.311648209786792
0.263195415677263
0.475315409914122
0.357333599749486
0.420726901518411
0.421441102173799
0.482152691463957
0.408435315496964
0.397620177998489
0.32975306939963
0.402649882036271
0.460510831572827
0.456465519138631
0.33298197266212
0.482243683957939
0.351505981946367
0.469251616688608
0.320397156373798
0.529051036582069
0.483914258260481
0.369774201758914
0.427049832657691
0.493146857737763
0.391769442206947
0.385725950328795
0.446062481174474
0.313676345721032
0.413161384000249
0.460244502796526
0.501273035541864
0.503122077433082
0.491197925566473
0.45370668992934
0.398325914238773
0.579961685144959
0.423682215586615
0.515296843962532
0.555426284967416
0.570074241295607
0.412385600258094
0.505834721767883
0.504796063248025
0.335470372168693
0.482011087734164
0.547699354506883
0.525916364690982
0.388131846176199
0.391257921222646
0.507448924950543
0.490969715413315
0.647558881864913
0.49828204003145
0.377436860696177
0.488679910507008
0.430244222050121
0.524711640354632
0.463821423879552
0.567599830975678
0.46461326374691
0.427356763872357
0.5624124254499
0.634194739618571
0.476523890558683
0.421360590491969
0.551475621977087
0.501788618812722
0.451188799300564
0.481611247479398
0.483843022656005
0.594978692458297
0.525631934509092
0.469658083942353
0.55788238051871
0.421121772108039
0.531596721227307
0.489031692630024
0.528564374713001
0.677121295545981
0.511599640431334
0.510099531126924
0.699321054863671
0.575331609955128
0.475269340565626
0.503270075719014
0.479802610312781
0.598519625151288
0.675998103813853
0.508541238890641
0.577405079123121
0.524414818035377
0.545206991956008
0.614406637140691
0.548384083596462
0.492230837201788
0.594149025695349
0.629992003852036
0.555362942457401
0.595619869919461
0.730649271798867
0.480734664717809
0.602918009510312
0.475712054347851
0.608253335472124
0.746771418664778
0.705969203523302
0.571579232299024
0.573750931826358
0.636255436054844
0.629370159784654
0.552508356854197
0.659728990435609
0.662259203748827
0.587883100752653
0.714439637389726
0.677257723064432
0.685743121414349
0.808938120413474
0.665357748850857
0.733579595615722
0.570001743921729
0.631067875352938
0.719589692190354
0.683802559088298
0.704641094036887
0.575033520404055
0.792094679947146
0.455248753617065
0.591570310462995
0.488829952952759
0.570239863135566
0.655209178239469
0.707594789597866
0.472987067987471
0.665686770386533
0.71933427212828
0.612411521586912
0.607593776004511
0.587408604235343
0.664467715310358
0.655371268329107
0.793951437095373
0.745267696719548
0.611982587237694
0.674222087602274
0.633375547145462
0.696267516713703
0.579201693835711
0.648522278619528
0.581624267895057
0.751023778481975
0.806205945029073
0.631315349393227
0.600091770808807
0.798698297403513
0.755439525455776
0.682166642155315
0.669755204393142
0.895448800462739
0.695482286107745
0.816688730902491
0.684650769369411
0.780135721339428
0.819448201417805
0.729227498012969
0.641950712691935
0.728750559257776
0.879576090900791
0.550023292399818
0.777539914527384
0.666133405546573
0.595086352913969
0.651297889484305
0.717544006617564
0.771094488099377
0.70112873332591
0.835407180498479
0.71598040617828
0.645984877973145
0.848866492423572
0.766475990090663
0.826720765956345
0.686577521135131
0.705485059182872
0.818359031918417
0.956954868710755
0.885739944977643
0.787652730635535
0.83912461502621
0.821804130879388
0.749606294134203
0.736621850844211
0.835301319707361
0.693509988720282
0.875073916738147
0.865182457920578
0.784338317445636
0.799589758372593
0.710961700902298
0.806023982204422
0.687266438608288
0.738640801077651
0.771771062325517
0.833045608028678
0.882680857975978
0.894401283438002
0.657695866217509
0.81388710263196
0.867072278946285
0.812518006155407
0.858714378402207
0.990505189585713
0.852925327357755
0.957058963961384
0.700731163907671
0.761651541658552
0.918843765374474
0.853480705516637
0.961799382074686
0.906990020432574
0.927323616750461
0.722767451159027
0.771183458813635
0.668146702406504
0.773892500650802
0.908679528408971
0.970283448121864
0.881346637115569
0.69258192493491
0.862073963214321
0.863141734175161
0.915343839248394
0.817536011525211
0.793283490867222
0.876915309497829
0.656797987063679
0.764760627047706
0.820255999756735
0.794025330369366
0.874004900287619
0.85987515338125
0.79238076681852
0.874637103583569
0.915621477347942
0.881492105977884
0.962360640444459
0.810072547917059
0.922111282467669
0.996739002333667
0.989584887346322
0.882877722719914
0.867724637173635
0.866543770188338
0.710799592164203
0.845984396722215
0.894322233389594
0.819712069194481
0.959735326849972
0.947510436734059
0.9170051224079
0.81830365294035
1.0094417638915
0.922501983887244
0.925530981914567
0.83647455205645
0.95273929785739
1.17961948256453
0.931992200575315
1.00249001841094
1.04750959219736
1.03979730809534
0.880136618518081
0.921580912775139
0.832666491675114
1.00299759548728
0.989687358263596
1.07790606065819
0.962560091058532
0.952456501175642
0.881196895761639
0.884077795105684
0.786267604773006
0.966284941255769
1.06002723894888
1.03507391378566
1.03276782317904
1.07084795149296
1.05799057119204
0.919050116151195
1.06076854816222
0.967609450226716
1.08869484779835
0.962246620489664
0.776166179067468
0.958270897758791
1.04878639068654
0.973297010637926
1.014264969493
0.963887997189776
1.00425114609402
0.967391212605166
0.975847736385194
0.990746028913823
0.956376414952293
0.937112851488645
