0.0330646285119615
-0.844588021508035
-1.04936467595138
-0.964434687953005
-1.08233408766757
-1.02408786249667
-1.04397246694154
-1.05172428495371
-0.992889989486876
-0.942669867392056
-0.97189404232974
-0.907757970888266
-1.01372534507142
-0.971522311618756
-0.95139459534641
-1.02465105121586
-0.939160885427611
-0.829247428786224
-0.985164325278474
-0.917597594042388
-1.03272072033139
-0.912082219932509
-0.941239643039626
-0.969041165100123
-0.852118975966081
-0.902770410630617
-0.735749157840639
-1.04680969946024
-0.878331722613554
-1.02674365653548
-1.05318997654718
-0.924411466873257
-0.853119347241756
-0.978281433320911
-0.890450593779698
-0.877628507622646
-0.712493358888314
-0.862211727174733
-1.04879713241797
-0.983889510006671
-0.810132219273135
-1.01151903647643
-0.92030543050909
-0.876085909776041
-0.872986895294156
-0.872871835876421
-0.971901167481546
-0.809832376529864
-0.991998986833901
-0.837303064267718
-0.916958617798531
-0.846454271473596
-0.952292604937284
-0.876788891853406
-0.80877016768218
-0.818047254060187
-0.825538514703351
-0.980689037375962
-0.890540014505078
-0.788115796309699
-1.01671482120806
-0.90728841633647
-0.91255979751051
-0.777554868765292
-0.687135441640342
-0.735335328564398
-0.880817711724392
-0.716845944314832
-0.999610812936569
-0.858059240474603
-0.904943073549524
-0.805496944050512
-0.922778788105621
-0.923454538575529
-0.79911814320583
-0.762144174547732
-0.943661451996363
-0.977567513562552
-0.827704950094467
-0.990523339887198
-0.769008080339339
-0.931842926174986
-0.816815661468368
-0.850636743166424
-0.749384884909446
-0.776619617084034
-0.848006638635921
-0.773401547727459
-0.865336626162506
-0.843247110150097
-0.841030550805737
-0.948342669436355
-0.861600244982361
-0.847115367918216
-0.709761813027227
-0.889930461517697
-0.749847108045873
-0.642783600590244
-1.00319954102914
-0.734003950018832
-0.964690472829346
-0.875012465646857
-0.85926510277032
-0.866800990369402
-0.889817515077748
-0.677045406238512
-0.942368480240747
-0.667518336965595
-0.626692361815992
-0.734914321486263
-0.97879533267437
-0.861775300007364
-0.79766891311815
-0.779722826696815
-0.721205151156064
-0.793601877412634
-0.94577970891008
-0.798547587940612
-0.682789566145007
-0.841005819685352
-0.681952947127766
-0.800614441347838
-0.78033266793767
-0.663008645190162
-0.704478770646494
-0.691300344962098
-0.745267403443464
-0.88138708290061
-0.701391873385129
-0.854935575882253
-0.801817946377359
-0.812494122040866
-0.818262031893341
-0.736605476487799
-0.766222385422531
-0.691547528260711
-0.686566574929457
-0.655990551489362
-0.82553820450637
-0.60537465447385
-0.751977360875153
-0.600552379611815
-0.79555912287169
-0.704928878202971
-0.656748035309751
-0.711794456039814
-0.755698236149596
-0.613374804191931
-0.776185641071096
-0.780471484655811
-0.772062695904216
-0.710957602262277
-0.686739289163372
-0.828391100770794
-0.671579639458878
-0.729793667381514
-0.627451298627498
-0.663791014138976
-0.751486269175179
-0.712714170851775
-0.645756830715961
-0.672789009437443
-0.690341874807378
-0.711572089511999
-0.654501108712371
-0.561529726813621
-0.682363735650921
-0.552646485153778
-0.643629146307261
-0.707047774475736
-0.682933779045671
-0.75782651221547
-0.60170061631249
-0.786019656130754
-0.580697342719002
-0.556854644835925
-0.637926761437824
-0.753375913534591
-0.700731065391853
-0.731219844133438
-0.72156181031718
-0.626976250294256
-0.641418135509017
-0.494322848966407
-0.564447801343937
-0.512591584030887
-0.616502351917585
-0.706834684234528
-0.673633883018368
-0.792368712565456
-0.671290934690221
-0.600641734716081
-0.581256147005093
-0.548104615803725
-0.536438508555101
-0.626842936506982
-0.535514845086818
-0.579004696831772
-0.589211372470422
-0.599738727094817
-0.512564080468073
-0.679963544067319
-0.584818305266812
-0.706859126066891
-0.583628271832349
-0.602880420258675
-0.758103149067275
-0.630305131339861
-0.507448235084745
-0.519141676376796
-0.676328638669872
-0.582676956141903
-0.587581909096544
-0.645907362312723
-0.617390063002278
-0.501394747377197
-0.63899303960513
-0.501350057579554
-0.464519125601577
-0.589217539830543
-0.492132762003463
-0.554116447212269
-0.544694241374492
-0.589624301542481
-0.474879130961868
-0.483461588324599
-0.66295149066019
-0.622545259358013
-0.686083927648128
-0.651737318950223
-0.465674971068147
-0.641539495897428
-0.513465399403389
-0.51871753896605
-0.611612781365933
-0.544445305856953
-0.61190771304127
-0.44884734770218
-0.534268689038155
-0.397103109624216
-0.4890486619841
-0.506533291424242
-0.601600565399442
-0.448837976776907
-0.530846739209421
-0.411880242339754
-0.643652954593146
-0.415777345636841
-0.607118052588385
-0.440678798737072
-0.622981849663564
-0.458375789830637
-0.54759081992811
-0.610829187110288
-0.647363176737872
-0.364762343966872
-0.602783242325594
-0.58006617995033
-0.514012212519117
-0.434009292964194
-0.531890925829019
-0.448252558323041
-0.506899327160109
-0.46263514524423
-0.459318401371595
-0.571105258718206
-0.575619473691888
-0.54524627937981
-0.697451344983203
-0.342419288680315
-0.379478726516702
-0.358172221631922
-0.477614091318521
-0.644967832538444
-0.394704710452504
-0.602694840210105
-0.43579314663664
-0.462983830559781
-0.584111808790814
-0.340219034375178
-0.304762463736935
-0.559595243625845
-0.325338690733394
-0.399721383938431
-0.382722928205727
-0.489235573446043
-0.397991908369882
-0.32703326998401
-0.362567253893257
-0.323800055661826
-0.356900194784051
-0.429497794816398
-0.414379520744715
-0.494043050822309
-0.273188436157009
-0.357351873819832
-0.303398718340818
-0.402839159878039
-0.285867246038046
-0.364624097661223
-0.418781388057323
-0.547747677891653
-0.301536816124928
-0.244711127264
-0.402197983766611
-0.455097790841203
-0.58478664608352
-0.320098627112053
-0.35229366859479
-0.398376659947376
-0.43173722764547
-0.515622842805652
-0.446246743973734
-0.478090914439345
-0.416430414302272
-0.2984894518245
-0.280427112714895
-0.352405288953128
-0.512393536528361
-0.372459741774628
-0.347486173966243
-0.384058342225048
-0.429593879107478
-0.487440719113081
-0.285246990758366
-0.438439441183994
-0.403769639641382
-0.389697868539694
-0.479255727615711
-0.412360270575764
-0.433285760870501
-0.369142506917006
-0.455324902790181
-0.422970679419567
-0.368748816482808
-0.350359988832262
-0.334902217377635
-0.367306262264197
-0.431292206661939
-0.312040178105828
-0.279457937410762
-0.392377293523854
-0.241294031584782
-0.327293136330305
-0.225934252390954
-0.339369983810431
-0.374201993115818
-0.406369503297387
-0.368189168788918
-0.226504114653015
-0.297548910210019
-0.206601938947801
-0.363032564326712
-0.30592449399681
-0.28275446799654
-0.30644381821363
-0.189011406797862
-0.389016904287594
-0.220710779130672
-0.170453965567639
-0.452845226679295
-0.189324094487793
-0.364933821477531
-0.353853180262799
-0.2767665292125
-0.282250158718095
-0.302569277607801
-0.272678460593571
-0.177213622579057
-0.136086883995415
-0.280477773371691
-0.274223222929037
-0.349533227665091
-0.327535623625073
-0.232304630544727
-0.114971028274532
-0.151006085088157
-0.0972206961155289
-0.253457097263505
-0.211234588486831
-0.123866698450213
-0.181784517389283
-0.232155562304482
-0.279623970146824
-0.229116257444654
-0.352108003202969
-0.281731317010533
-0.221483587196964
-0.260013808865245
-0.335184706579679
-0.185530306420834
-0.17659597757408
-0.227378531134056
-0.262608863245288
-0.148257468676404
-0.29128560037822
-0.111338914615309
-0.140785142892753
-0.155448850336464
-0.335217338828848
-0.0958284871657164
-0.183160490544141
-0.1306735179015
-0.203775206497019
-0.282732608617357
-0.371448762102909
-0.265621932419718
-0.0906182557117975
-0.197160686588291
-0.0760878288744038
-0.13143418211246
-0.147847668650101
-0.237180407555419
-0.296379852411269
-0.170263284370881
-0.1139594693438
-0.226974331430098
-0.19192871202634
-0.198986851369248
-0.158125961538653
-0.235700740361935
-0.162742671568759
-0.132570724685251
-0.0566282649052185
-0.123641449940516
-0.175837810526797
-0.244880975269924
-0.0319301452822522
-0.173866307932359
-0.180427633654947
-0.0657339678618298
-0.164477198057715
-0.141884088583634
-0.0681884247969381
-0.151940268996756
-0.147505678016241
-0.139463899453083
-0.144343164359853
-0.139200822023734
-0.187859181311548
-0.168758047014314
-0.101584337833415
-0.0529951921807149
0.0167158592978038
0.00049455219138918
-0.123561143055263
-0.0891507558274895
-0.228732344156255
-0.0654574672675427
-0.0261627087334057
-0.234206364852981
-0.257556705839006
-0.0109110978927895
-0.222023047360064
-0.123372624889158
-0.183398956905575
-0.1350469084719
-0.0059973709222537
-0.107745068507447
-0.0236734518599994
-0.196761590356551
-0.144155471552155
0.0732272937474227
-0.23041712208429
0.0980919064547856
-0.182704228849739
-0.0416294207810968
-0.0529723722167589
-0.107475634179074
-0.133429148107877
-0.115311748352012
-0.0576266000962502
-0.0867498192377929
0.0112191733073323
0.0133754577497217
0.143662800772226
-0.0771273164086896
0.106066450029963
-0.0361497629508365
-0.155300891947199
-0.0309044676662852
-0.129834225636117
-0.0964707636234391
-0.0153748663474433
0.0463857563725106
-0.0734722453735284
-0.00124938869601691
-0.00270058970702084
-0.0813673289657834
0.0844507329399655
-0.0982154959824499
0.0190107060437989
0.093710193738283
-0.201261834986546
-0.0623173490149535
0.0218661166165615
-0.0663307183184423
-0.0212084856549753
-0.0973839064718523
-0.0944661120948547
-0.147433628842276
0.0572640376096168
-0.0545569758501116
0.0772814217217721
0.00865948825506619
-0.0149120347961705
0.0237719322396139
0.00387629188547329
0.0533461978991489
0.00267907187863142
0.0283570965009579
0.0635516413826243
0.121009025976186
0.0134517350661788
0.077008485221877
-0.149268321522363
-0.0420172882942072
-0.0353813368339533
0.133931620722442
0.0062522816865481
0.0673014749911483
0.157945020435612
0.109708223881131
0.000197493247075983
-0.0198872518882978
-0.00746669568298367
0.0242110311540057
0.0924808790038507
0.0656169656511867
0.0108675933134178
0.0596553426564946
0.0666621547618559
0.145916275772308
0.158078683488118
0.0537738635493121
-0.0308774744067608
-0.0335119526056075
0.0911635416751408
0.0730561899090256
0.169799434999329
0.0736298002745318
0.0519971927605881
0.157494952993093
0.225587713115849
0.118207485725915
0.0430760985500384
0.181141804716794
0.20986436582721
-0.0438264381702297
0.0110388830164734
0.0239087724780154
0.265328797503288
0.0542811324484682
0.126142176030244
0.168038808919059
-0.0182348659310236
-0.0379886720891649
0.0532257762143658
0.161180832577042
0.109308638309304
0.167524657612713
0.170449833954358
0.0949466040464686
0.0741897888377475
0.175724015176138
-0.0267086983604194
0.185736016267565
0.0806657252117024
0.172809985773967
0.117795631068193
0.188485908085922
0.101394824513229
0.115102392181591
0.220431453303366
0.107975214804711
0.120795006533124
0.087878747780917
0.0852464326666758
0.139997968868468
0.227271770687153
0.155686967346433
0.145948805869788
0.303546081753513
0.257173265239408
0.173455406619962
0.166040563754433
0.0454037090377795
0.0806867223098499
0.274447436697071
0.252193008087512
0.0378664470162035
0.170785205148164
0.220567404239747
0.23180390791434
0.144693744749273
0.260708131798008
0.147095525386211
0.25372779550072
0.164326276936766
0.266759962575903
0.0707941702329199
0.0947811093999776
0.242891935664035
0.0638984157720746
0.325854858289542
0.309287347356366
0.292401541028847
0.233323742952802
0.0970060949689131
0.165070809867808
0.259431042359588
0.291448001070573
0.287402866679273
0.192608572618379
0.275242386029642
0.456420052816218
0.273107989109015
0.15317822928159
0.370494421574583
0.323936488516162
0.229939272153855
0.18087353800819
0.325513638733287
0.276222696516242
0.147024224876506
0.220444879236583
0.228513828860387
0.198508112171482
0.17531393655271
0.244759950474943
0.246035189330866
0.327527872579037
0.422854738992667
0.299230571625499
0.144811662664871
0.361678560800428
0.261031251161797
0.238006969266783
0.144661855618116
0.234311154983647
0.284248781645078
0.296325581158127
0.321472864490543
0.100664766795207
0.272405843796558
0.375906359000173
0.252634593932317
0.195957992257167
0.470750429665931
0.227208633227472
0.256363401949608
0.231739403467653
0.247939416907717
0.293060309702598
0.354947963993537
0.179815633215249
0.385020594496238
0.225675251175375
0.349581105680815
0.324042286449526
0.194881039972174
0.292596038151134
0.306624066192077
0.44471656341665
0.294440881941216
0.480305858809157
0.333173414640663
0.175921283428016
0.322447909760263
0.337468560700951
0.501040415962429
0.27137010743518
0.2096245210826
0.302394798147062
0.430708539993051
0.470252113866296
0.419582512017856
0.386002351138512
0.460726996195184
0.432581340106312
0.340884118825405
0.26975255494108
0.32081466507488
0.44231636377023
0.386017832175143
0.386323744920216
0.471961547741651
0.393705847294914
0.401997337988325
0.395040816396771
0.355088900025212
0.511008912807922
0.653073965900978
0.429750887071129
0.433682020569647
0.41920555571747
0.289211418406151
0.450857063323033
0.525851800974075
0.464439687483903
0.38279920239298
0.407116891291505
0.328378668324978
0.470496856762277
0.476924904352848
0.303963713195594
0.426037595516185
0.289834489629179
0.527914143771989
0.455911730664514
0.549889064039787
0.499389764315978
0.480122168603238
0.284542363712239
0.405425881231918
0.445828231425597
0.471812696108209
0.423110220614392
0.450357296524143
0.488926786590416
0.354719540336138
0.478391876416268
0.423808812276892
0.506087286000499
0.470292502818025
0.596516585498089
0.366215451376925
0.295925589992845
0.497220842204268
0.438853539137932
0.401523936483866
0.534162486107045
0.310469918791693
0.441313044037438
0.429149185522401
0.354708909209297
0.516371019056618
0.529626470568454
0.549923577834916
0.428235792249722
0.552914193923416
0.556181506850322
0.455857458809778
0.52647322578526
0.458269913648062
0.433190652104104
0.350083390272782
0.62212493783494
0.495117338230119
0.336461297748572
0.579991792323346
0.444773906670841
0.700148959807415
0.521033799237421
0.473227828467153
0.601585552136345
0.559032092019531
0.656443449091808
0.468065185170588
0.421483501093126
0.502343239894781
0.475382076093944
0.51556864408661
0.59401021667266
0.451656009749007
0.339106265167148
0.60537453485967
0.646267314200672
0.471060112321829
0.448133501322354
0.440305428547073
0.415162364311451
0.615676708404696
0.625001506709584
0.682834521769502
0.423811342533294
0.458591158325575
0.614813474554422
0.567015639105763
0.535106948551094
0.488020400751652
0.583752136194813
0.759873739089597
0.504747365064021
0.4238155007654
0.35291526352743
0.623186055360255
0.575510314829731
0.519703858334711
0.557435049291991
0.547858203035905
0.626073448404944
0.569352896881182
0.619948924258387
0.469157785935887
0.537452467222286
0.594190673364909
0.617017766166119
0.705295568936409
0.542634701296265
0.580106639026132
0.686887064226579
0.582373371387918
0.579918998878683
0.532828249495872
0.569595049138183
0.550561900928617
0.657035368613096
0.699127197176187
0.548100908907167
0.614111922731007
0.547207756347199
0.631533790409707
0.632678175206052
0.615757925368802
0.652135005997289
0.601985356744185
0.552172157273886
0.717892592340714
0.673374509075953
0.655490493314228
0.593403292911806
0.742294136611972
0.656492809891272
0.5715596464015
0.773859971799011
0.660742359062532
0.667529616340004
0.763845730533385
0.830165588660515
0.724372239561476
0.792915443367946
0.674822255809863
0.665319519760289
0.779106117623566
0.641460253829489
0.73704541783222
0.748123661959069
0.671960469864727
0.609317653578833
0.477772239584429
0.647048683271514
0.644936960856108
0.673873634641498
0.616418605502988
0.677196855945836
0.647657434320795
0.776757143448793
0.651643956164439
0.72118151081843
0.803024409224768
0.701095176320664
0.692631810982655
0.595926802897147
0.829748968803896
0.726477120104607
0.90952899422777
0.890406410971169
0.679160244957008
0.718390679045931
0.671924839974449
0.675259377597265
0.649855645368562
0.653272068911851
0.7581508484315
0.647245821500817
0.660427084515832
0.742377768111694
0.662032457601279
0.686943100490753
0.624268894061868
0.780124873674545
0.821931433769116
0.615060141761677
0.88038936968889
0.731095421973782
0.737534386448249
0.770886959128801
0.629987623478379
0.896435451933109
0.827866103776985
0.734127679115441
0.793009341801207
0.772194552820112
0.737523582505323
0.622405316527601
0.905398870085299
0.817136235663668
0.838091516832007
0.727497497734834
0.831740505655866
0.764904803731303
0.804832783401061
0.615436437460142
0.74956663264475
0.71328745813441
0.696639265329362
0.929472671211768
0.774862374674484
0.898199413228855
0.818725053001074
0.758519491295037
0.737696247564326
0.82798069249358
0.805720257746299
0.823301886437898
0.682471551253843
0.936727896739418
0.839027339913958
0.829276704744259
0.871312923911699
0.811844500874292
0.769983412104528
0.834233678224015
0.764513593639404
0.816896166815336
0.759045591744591
0.784389219339767
0.766760041606259
0.850740692439353
0.756720651006098
0.869566991723575
0.899345575017193
0.928936189505613
0.958888458702626
0.783266684212206
1.01062333437623
0.899850025293422
0.922617804948626
0.946001286224618
0.925691304824108
0.944721272529449
0.969298403366044
0.775170404207362
0.791740197820426
0.756193678309226
0.992985839394018
0.930182237738319
0.933157737478336
0.876831510503785
0.970919328673146
0.832431001920411
0.77925262293252
0.808772815124803
0.846289380150976
0.859201416754376
0.8371958461335
0.77728989129848
0.875598010044961
0.990289832180735
0.852287930217834
0.860907117338237
0.879658480070904
0.9460309404684
0.951352892028569
0.976480646049408
0.862217171600824
0.990954397721784
0.953781297028482
0.943592182079736
0.784863308516867
0.768627016656935
0.887296914896272
0.886478813046834
0.892320911821467
0.904818564848404
0.914076955078006
0.960912940488838
0.801542710268142
0.89039591199687
0.889976015564648
0.908786845112215
0.939273548556323
1.01534324234512
0.84502138905805
1.01413564319558
1.01553678129971
0.728637616745674
0.914395696739835
0.858734373549007
0.987909806608058
0.984481265480012
1.07924747070535
1.06328244057164
0.906973956112601
0.939228470339206
1.06229909868971
0.738638884735939
0.815158990782037
0.871950305392092
1.0786377100393
1.03470626694234
0.991157923856224
1.02946920808033
0.96591842427832
1.07849669977072
0.859835925878272
1.01350459985197
1.01313491467046
0.936212938229951
1.11606602895068
