-0.0534283193244608
-0.975272673782194
-0.941206423040218
-1.0771930651836
-0.904702564890933
-0.988124554334289
-1.03045792105521
-0.985807805595001
-0.964844544416735
-1.04262329790238
-1.10981245016979
-0.959193189621012
-1.02424258968223
-1.06918224669291
-0.826399009664939
-0.967692672941893
-0.888433996839819
-0.976029488431158
-0.990975770016115
-1.06578087836046
-0.894695816069584
-0.877699361997207
-0.904852062089543
-0.899739634618361
-0.88266431970884
-0.974799638400217
-0.900622107083291
-0.97928653616034
-0.877467811794294
-1.05077520794366
-0.986590662057833
-0.882376605662845
-0.975206950382886
-0.989814264758843
-0.984085346025897
-0.905021224386001
-0.879152961217508
-0.851769596793872
-1.00731747856895
-0.835214854944185
-0.778201794901099
-0.953049515007276
-0.92679776791766
-0.858846567156523
-0.872661721643051
-0.945596385467569
-0.845873626805348
-0.888270395414027
-0.897458034911631
-0.995634195072138
-0.967751976811164
-0.9782148557142
-0.853062924903279
-0.960405394266448
-0.961211141987635
-1.03252253489059
-0.845050392067061
-0.911567219480937
-0.948570072478002
-0.957781282882631
-0.945839512534731
-0.902613166832537
-1.01600858805819
-0.820597742057046
-0.871628188841484
-0.752796729844661
-0.630705884644842
-0.853253212650665
-0.978202483284506
-0.810298118018131
-0.805348139267864
-0.897889694930844
-0.765635477840242
-0.923970395194606
-0.841604192522202
-0.839762374364645
-0.878373053958392
-0.943828172948606
-0.903515699213312
-0.681739937784878
-0.659756024363461
-1.04450469941278
-0.74969651520554
-0.862043587139882
-0.797096261961451
-1.01270088171013
-0.92341867327008
-0.817379584431041
-0.987276483144279
-0.763663017133414
-0.992756164323304
-0.858075410708494
-0.752195452664277
-0.846523218486656
-0.769119389564074
-0.706072372808311
-0.858657925956706
-0.813108676513042
-0.820640317947853
-0.871368062683844
-0.716166872989595
-0.852979243187365
-0.760826710065824
-0.708352946585513
-0.85832757435778
-0.924042866711095
-0.755030348787054
-0.928127389454857
-0.753419155287341
-0.876464174883634
-0.694317154746106
-0.688036546963818
-0.858959887458221
-0.705011859380612
-1.06995406903519
-0.719817538756695
-0.742511346610115
-0.81554838720206
-0.729577893903523
-0.695017910455121
-0.826788381176694
-0.775728314594205
-0.551046491812735
-0.769678783227487
-0.734040758942885
-0.805678202492445
-0.827971011466396
-0.770485030452612
-0.784964533951409
-0.90860941446417
-0.773773217485787
-0.739780323536166
-0.630400539882355
-0.838710795999147
-0.695543499952132
-0.768051446328033
-0.811905419785742
-0.829431878760428
-0.755909443476544
-0.787870195113327
-0.707278879696125
-0.613295150081349
-0.728147887396495
-0.649506383546108
-0.749138951186875
-0.805755383774628
-0.650404250917333
-0.760979137757313
-0.573742787101309
-0.713413287824393
-0.647983757852435
-0.778526048352887
-0.685496413104877
-0.833914783178738
-0.9714489930715
-0.759241578199107
-0.785830485010405
-0.602559064393815
-0.816011737556114
-0.746460138990731
-0.608368564953088
-0.808190835334939
-0.519971912271126
-0.694420970172469
-0.6672514713741
-0.627177691213955
-0.513858203293844
-0.723004893640223
-0.643402685860786
-0.631788560809143
-0.637084862161438
-0.738903583525451
-0.556787937403546
-0.658397020003527
-0.609706098558601
-0.695525420084511
-0.70550462141421
-0.562286897892293
-0.643686404122397
-0.491000208209887
-0.719529531406905
-0.61746448572786
-0.444631430668613
-0.460157878886044
-0.648441658414115
-0.752491316306821
-0.56977929543613
-0.701837040219053
-0.739477764453532
-0.639714204206256
-0.592953439778667
-0.627501213811887
-0.558474266076769
-0.606396266549128
-0.56338952205826
-0.574616100433545
-0.738120628190854
-0.681740404671231
-0.580196553366425
-0.640336572994243
-0.466530609194249
-0.518224178628984
-0.525711257231425
-0.612184250467279
-0.483198096447591
-0.608787076507804
-0.49646489714865
-0.707198831926969
-0.600964786129866
-0.572350294515676
-0.597050135225286
-0.43403885855896
-0.675722458721389
-0.461622785998115
-0.53738347441665
-0.518512460998363
-0.625641103889712
-0.4720795627683
-0.605349354594517
-0.519723240106923
-0.554042555280063
-0.554640524054969
-0.449763993267294
-0.618142677085674
-0.516373483765143
-0.635577820033623
-0.568053577104774
-0.550590332555023
-0.563605520350021
-0.574198137733143
-0.56404127903881
-0.639567698613526
-0.508784629462438
-0.461311550706439
-0.469691426828443
-0.66815634853078
-0.489109116137599
-0.598196310937224
-0.692424128819268
-0.548170622149838
-0.596584458640398
-0.6687257374581
-0.526326151029395
-0.492262083830939
-0.359253033616133
-0.596408404617353
-0.559515321643056
-0.4429841737358
-0.514638527392236
-0.445919996878517
-0.581967084803431
-0.399089403392826
-0.526128422521339
-0.586877778835723
-0.58574237124728
-0.466770488843153
-0.687631072070699
-0.513509827983822
-0.357592967699335
-0.507642051446275
-0.553756615291593
-0.5415540040227
-0.550106613272416
-0.404390087051597
-0.466896341234602
-0.671911023986174
-0.515004098750004
-0.578511272031252
-0.44505303135196
-0.445991512299987
-0.456052235694091
-0.507622360158182
-0.370050722630693
-0.47563781984938
-0.443841320749455
-0.392874882193207
-0.365091431927213
-0.435874163168553
-0.449328158054817
-0.35835925264949
-0.463981635623491
-0.34000544596829
-0.366921479875899
-0.362625577460997
-0.419679533444074
-0.548143885816373
-0.363266160723246
-0.318594917397339
-0.437961959042652
-0.324989693252811
-0.462554256256685
-0.356988252466854
-0.271030974833659
-0.45713917832993
-0.451913437855062
-0.389199579637107
-0.559008246678737
-0.440555861978993
-0.331024319271122
-0.359954467890184
-0.382969062366093
-0.402294282679915
-0.482730501647505
-0.333700519302901
-0.403430890080915
-0.307331867920414
-0.450764612522262
-0.407487745391399
-0.374918539668666
-0.36577338750138
-0.357815994262262
-0.481425144949299
-0.240794265560903
-0.498125256924207
-0.54670311371531
-0.191136204232933
-0.401452860890976
-0.315108720114786
-0.516008419236275
-0.356453493250519
-0.28525985533219
-0.276609832495226
-0.450630374734209
-0.427806821249962
-0.263622966609795
-0.326915700635403
-0.419290744332365
-0.272305419903315
-0.395181034831145
-0.216165029371798
-0.440588101841783
-0.349383675749136
-0.256441485693293
-0.283391547871469
-0.292771247834326
-0.450918150730406
-0.414798433538388
-0.340303169503667
-0.264955881159641
-0.314662989538668
-0.486523385794515
-0.389239388811418
-0.342805907800059
-0.240774974804086
-0.31499479537298
-0.334158852239764
-0.291087220740546
-0.276252581853228
-0.292301332271114
-0.198349902427298
-0.329042485046109
-0.267497743724419
-0.283750920779369
-0.352660661556503
-0.267612372475769
-0.290598227370236
-0.378723670276831
-0.236549645844742
-0.0276421104696884
-0.204233725029281
-0.274538651089676
-0.352233882349757
-0.255736945312209
-0.347337342923348
-0.361113423183069
-0.264139733778382
-0.278440540451357
-0.428265464919133
-0.193347141723169
-0.308730783388089
-0.336308162246313
-0.229573249858848
-0.184252798332016
-0.220919655646185
-0.0710444345899931
-0.189540499352105
-0.347157355156784
-0.340160890449675
-0.158907614251457
-0.40079878305758
-0.0396257541785084
-0.298269170375832
-0.181465012567352
-0.23129500929697
-0.173137794902884
-0.276245427666433
-0.0680431745596571
-0.355240759019657
-0.197131479828855
-0.13434419021878
-0.12491870667087
-0.191891621891922
-0.238932481833482
-0.170867657883254
-0.157492283678219
-0.175856776937105
-0.106464573678579
-0.198838589157426
-0.24926282152177
-0.017745050951373
-0.137852601239044
-0.174020014021072
-0.202789070990014
-0.144943156215507
-0.167313988183438
-0.168138932235204
-0.117491819854891
-0.129675654305952
-0.150795314163925
-0.254440471295438
-0.138602201376863
-0.0583305691403881
-0.131535208490891
-0.0276561713381304
-0.063982356819608
-0.241820794518343
-0.293214999479571
0.0017130412345558
-0.107953898094907
-0.188639662887089
-0.184772349201463
-0.0909783035151809
-0.122771794404255
-0.199486848861635
-0.220324208576368
-0.207006003899124
-0.0760218442066132
-0.237471020417237
-0.124050547663116
-0.0424983527721988
-0.159073567551013
-0.0583122671837077
-0.17290265510829
-0.124870756788469
-0.00836821521701212
-0.13919444981438
0.0100493867155367
-0.0979088685068955
-0.096973127195916
-0.0414997924217619
-0.201840486514828
-0.283910316758621
-0.224910344559449
-0.0317166410690789
-0.159567087962663
-0.105792157086899
-0.0635289847273702
-0.183864391975418
-0.0524302624117935
-0.226836485247167
-0.0485884532106004
-0.173549080011191
-0.106959028368841
-0.083402329601485
-0.284310697055182
-0.0640444758489525
-0.0540704515272221
-0.0608408398081258
0.0204301804391769
-0.111974293567593
0.0644809914545211
-0.042221785083539
0.0190543925700314
-0.0960112793550518
-0.16592844580734
-0.132767175824085
-0.100589722486647
0.00149046537029863
0.0139213612066913
-0.11072852144127
-0.115446058651263
-0.13681643827979
-0.248751927704669
-0.0686103577311726
0.0122946692658286
-0.0633597381634411
0.0637329714637812
0.0277271033344888
0.0270825773789342
0.00968745161191855
-0.00334607862625127
-0.144582041776787
0.083897990110744
-0.0619234284999637
0.00716222919937772
-0.00294050836102951
-0.0418578794424358
0.0168109047798007
-0.0657679406595382
0.0745620942887426
-0.139305964953707
-0.171981914696772
0.125435687824897
-0.103540292021694
-0.0810338875756266
-0.00485523967815467
-0.140121955520844
-0.0281066561135744
-0.11239503102684
-0.0290084560571798
-0.00112860327273541
0.155158232163468
0.0924433247627143
-0.0439318557207131
0.118860328727333
0.025403654371351
0.0789242507663584
0.179158060507112
0.0949285579009617
-0.0379386644201812
-0.0154312829887323
0.00734113450092534
0.0090050854576179
-0.00536611554637338
0.0744246563619274
-0.00163046070488989
-0.0772028385640995
-0.0928165141633876
-0.0442953654163754
0.0123878214034112
-0.0419760152671581
0.103350042983184
0.0548589189340918
0.0197112842733933
0.0248459893658634
-0.012637488236837
0.0403126677409342
0.149418889764012
-0.0464035092845651
0.139243057473839
0.0937883628565911
0.046140216737194
-0.0625247991247998
0.125240646625336
0.0389988020272893
0.0718126599582295
0.122705791904173
0.141895973977463
0.027640013774746
0.0520986295311208
0.058785194205901
0.0631390754473875
0.0382517838318357
0.179783075479969
0.117955266148636
0.177945603061856
0.0322937604405224
0.147447416305519
0.0726339938027895
0.0165312889097146
0.0496155641649049
0.10255969642135
0.134605803676046
0.0438936726342148
0.158864459540172
0.028493899572784
-0.023874315912982
0.104806669805314
0.0700905399536758
0.165391858114004
0.127108100008236
0.142522036574106
0.181579664407101
0.114191983219161
0.282678058369892
0.137813043451498
0.0574505085880268
0.256193601237747
0.166580810239348
-0.00357243155777333
0.150789608973626
0.325003960056245
0.0192788671352432
0.00400227225450461
0.0934991010115492
0.190953491098194
0.0521646037607387
0.0368292974738006
0.131388678696695
0.185518955165654
0.263190867301467
0.259972252944796
0.232271591772074
0.099928182626775
0.325570192282315
0.211504492446493
0.186005619753768
0.0972023169486102
0.154038308068972
0.163421184219657
0.147867652031208
0.230944166883593
0.270627443827643
0.0967001124441024
0.100362683732073
0.328156586362457
0.302704093447729
0.0819122557305801
0.251609294742649
0.19358046645686
0.146874396253748
0.187945502987165
0.401082116340848
0.261589141886927
0.182955075810892
0.189030976674391
0.178615557947159
0.316021124001545
0.208787989920898
0.0862885108230254
0.23882432346027
0.332848481275532
0.20109187505432
0.208362017967607
0.314704558525716
0.346446944704209
0.292640477257476
0.223155240742538
0.276226977350105
0.39061165581397
0.283258604364654
0.350339065865211
0.116654474524671
0.16098540726073
0.154422368151171
0.319129266372374
0.25768701169867
0.229398827748122
0.168470614069328
0.286664188968735
0.192023885216174
0.171824228402555
0.31800348123366
0.0947537645366171
0.305997583668127
0.277679129986204
0.264991685251386
0.335643505537367
0.254278914196375
0.304280505672711
0.0635873192570847
0.119166527481632
0.339517251813237
0.294045393999442
0.333701301236637
0.102418188344598
0.323508803383797
0.397280820394285
0.265608373179994
0.418090543012186
0.357513028207133
0.311950506843682
0.380776064832713
0.24275959177842
0.380944002087667
0.363073646605758
0.278108190517522
0.346793121661674
0.359737989896647
0.205046480834297
0.374296299642136
0.201242816830831
0.265954456259881
0.271556571796007
0.232040940642118
0.392130396016865
0.361317529513688
0.317920819464235
0.21755280240278
0.198577631220539
0.387017420977583
0.274809068381561
0.277690759007274
0.224229780852575
0.373329668430929
0.437822490678162
0.316917960644095
0.274844838720989
0.377546134794084
0.349541704446011
0.170334026655531
0.3614129555657
0.353051186113552
0.297459261005867
0.27850887261897
0.46321006348191
0.426319658222884
0.273183148957237
0.436972829524729
0.237302247946104
0.378618376788274
0.332765936588439
0.456419257204255
0.459327097858501
0.32285398173348
0.398279549640041
0.336470036532434
0.266319925677769
0.571230431475951
0.396205741042439
0.22808005500549
0.304894321346352
0.394956833878618
0.438078749173183
0.320686313088387
0.356416641238576
0.441054788810046
0.512055916260056
0.209979337342868
0.336696575019086
0.492449599949121
0.305342993547696
0.373234825616571
0.386467745805151
0.502126184431707
0.39827234771454
0.619672355993873
0.237204341709686
0.389786508159094
0.441651681196354
0.386020192550496
0.491129415225652
0.350518244393693
0.381144022092502
0.356252755260656
0.39478706064757
0.400536028444002
0.405615321261812
0.348199136626768
0.470801200770361
0.419166823729939
0.384464895329178
0.416781683774242
0.592894545206186
0.58214875536511
0.553729520149543
0.539310492242843
0.439830122076212
0.670753679277342
0.452596993291155
0.554545133216825
0.458558154984181
0.372821060966597
0.554297843483045
0.556261598836526
0.547135905254884
0.513287882406061
0.461741030910752
0.37612407964428
0.654694613531983
0.615092229549654
0.50747933731514
0.454022993518699
0.497224137440578
0.574656598320034
0.54662564816273
0.425964909651426
0.50011068261484
0.412326819953295
0.47286425728169
0.472702699181256
0.471083194770616
0.616497100422689
0.418431740251373
0.430469019152039
0.617748304648627
0.407536451668941
0.600484631668698
0.525858606192693
0.424188328415589
0.579768035247208
0.611530283086761
0.452698658441177
0.681299199036958
0.421594908917626
0.563720047829979
0.46590235612526
0.451562277849024
0.5585925319183
0.621306612183379
0.392625122409857
0.706165345946291
0.56591151555872
0.384318582658081
0.517873554421365
0.564876580596837
0.555649976961866
0.572813395777578
0.493925992657126
0.656094141540687
0.444180480189809
0.56903534897288
0.595027387117781
0.497779224395615
0.623322677084788
0.60896734969055
0.61324554293184
0.644521507992648
0.508059263804049
0.680253412746739
0.501427372727412
0.710142795385685
0.634332271175632
0.749408049266905
0.638249833605859
0.484977211291945
0.606718364802997
0.642606652730219
0.449601336309005
0.595873671519209
0.61064034166614
0.665303426031332
0.513400821186403
0.540423533205845
0.609199684629718
0.686331427276787
0.682501426853515
0.777290649191492
0.698808474175969
0.594859673239182
0.645149015822871
0.556245080971238
0.637409054614311
0.611141234088354
0.699289348525618
0.674752739844327
0.551773290990324
0.786913697294061
0.826669677095487
0.637449698970029
0.561669934453046
0.660018155285707
0.547384577709441
0.6596974233744
0.608883342947002
0.500631960328919
0.62791035084648
0.745768086477731
0.679518039048173
0.58140140382379
0.58996402030094
0.541909541729419
0.689968499846455
0.721423163738344
0.690081263658288
0.58914019567285
0.646510670068046
0.64860876254332
0.797074564920614
0.700615053605192
0.794977552160922
0.50247051486892
0.775606140271241
0.620314206543712
0.588037670586874
0.695747178185342
0.73514752128233
0.63643791261507
0.757979087467924
0.420182387607617
0.740188197094446
0.68987939650196
0.807716440027585
0.697496852430497
0.723192063442572
0.862719086644768
0.791564197303232
0.830702766552182
0.858559140991748
0.685182735701548
0.626569517221835
0.752790315826746
0.742758814984671
0.703019841855142
0.716120774643886
0.785014226576766
0.681219343772562
0.749456434783769
0.886174829875136
0.794263953478157
0.857980618237972
0.697692499245779
0.8546453412413
0.845168827595026
0.626275116713274
0.848519551113239
0.582137069119436
0.72851284365301
0.793181644910777
0.73236003105469
0.6711689147348
0.812896450563959
0.772585643917238
0.80737683935876
0.764544647376652
0.782184077161623
0.762374935381134
0.770420339799261
0.777633108994484
0.65642268861596
0.636654584785769
0.91734590257071
0.735949898530826
0.843930327297444
0.690519655839076
0.717878435270114
0.954405494402264
0.700565800503439
0.962284374957587
0.925680472607819
0.765984790477838
0.835963407816175
0.924205815005634
0.888310657076971
0.832978292849785
0.83641518709183
0.783256215451708
0.641165115182527
0.766717966786131
0.921753380724102
0.771033685673844
0.970576492630754
0.903176834663693
0.670745250316315
0.722257672500826
0.929407196015621
0.718570453289855
0.756859758748237
0.816517072892982
0.801297195349409
0.866819326439701
0.762957924844794
0.788227304911715
0.862763753252099
0.610035375734265
0.963640350503778
1.02955264919988
0.935776509173835
0.963068288556985
0.884251400782553
0.963761014704154
0.946840246566614
0.859576617688586
0.924859789368539
0.773357732393182
0.777050079730001
0.917697732150831
0.904125054619887
0.876967308511093
0.803412432648423
0.885980902791664
1.00504339237226
0.926433913693169
0.914996282574086
0.851930636282814
0.938478435642448
0.794576930420489
1.00482002418512
0.946039063854577
0.949522398919721
0.895353532005936
1.02709738536237
0.905007334877267
0.945098804917108
1.03318138947227
0.823220306835972
0.978532346078834
0.794233723465877
0.86068569692479
0.948174272026756
0.889760150977455
0.82437610902813
1.04498782142569
1.06744193967429
0.976600863629177
0.872262183073234
0.776001308808661
0.868624909097991
0.982732366145833
0.970963338297599
0.956600116408702
0.853463531984426
0.8184096812361
1.01742077738915
0.810122481218018
0.948420996813568
0.958977132406389
0.889258136174081
0.921097410574478
0.982378519129765
0.965522609495651
0.953587123070179
0.927971647871695
0.998526860054857
1.05624699247156
1.13732683034354
1.00986471618391
0.971637183205101
1.05984814867071
1.02312890495486
1.00569370232063
