-0.0411263935438297
-1.01572285688358
-0.953590166122041
-1.06853697818901
-0.895390044943677
-1.24707378333513
-1.04488283203569
-0.964498700860915
-0.939743790043242
-1.08239940273661
-0.938728746673444
-1.01476737606218
-1.02493662449507
-0.858569457618955
-0.896006243110632
-1.03210899418786
-1.19210616147181
-0.922616886370823
-0.925725492316332
-0.98109434388179
-0.834870621565641
-1.06019455845124
-1.08261953679578
-0.919463379023334
-0.792583044577487
-0.937410273851028
-1.0271911391791
-1.06543396941235
-0.93564303870259
-0.969270201328584
-0.886971064342756
-0.879718825863254
-0.967318476515533
-0.989786212403553
-0.955096798654238
-0.802967921938539
-0.952383790658543
-1.0880205114603
-1.0267613325061
-0.968624745281897
-0.932493877580257
-0.991973439831518
-0.758569833474985
-1.1047986289957
-0.971711872206066
-0.922827494055288
-0.867736831542248
-0.844593708623963
-0.795926680888786
-0.784040225113406
-0.960706437667085
-0.915657423959536
-0.926754628541283
-0.819795135590441
-0.889139437327848
-0.769489107550054
-0.975766572518821
-0.934424332365884
-0.916452016794612
-0.855511956089623
-0.994262349657239
-0.806126556265596
-0.782119509727687
-0.902005765690766
-0.853734055104365
-0.821753085370123
-0.937331628190798
-0.801527432290838
-0.799902353514507
-0.857713944605568
-0.861867343146913
-0.909687956423567
-0.826253079091234
-0.839232551425303
-0.758364321268798
-0.933758671071717
-0.853852533354241
-0.91543048067282
-0.857348976455668
-0.780138256225097
-0.885649892022319
-0.99647078291411
-1.01639190511882
-1.02931413077001
-0.67035370614333
-0.915723110902504
-0.847534063320796
-0.927197542633747
-0.827980195219216
-0.837460097465744
-0.748532439239944
-0.930095553425451
-0.884806334349622
-0.930286061899843
-0.77616166435488
-0.805986694852281
-0.678025922590257
-0.704610619469763
-0.750538633938106
-0.785572205289346
-0.600433630873564
-0.799280625029896
-0.77046860897987
-0.78611677220422
-0.716670394022752
-0.696160553661903
-0.864342987346392
-0.720559492148626
-0.63182565396295
-0.839013090686887
-0.862810000066505
-0.817014927908563
-0.875148559810612
-0.826924556680553
-0.809240369442997
-0.80500326718454
-0.820379091439006
-0.872670899773487
-0.808191675348243
-0.693832707919255
-0.830898553313042
-0.713991517008808
-0.719770932274143
-0.842015322568238
-0.683716552845876
-0.672537501747687
-0.658215793322152
-0.901475339959372
-0.664997203825913
-0.729944341435297
-0.622468877726943
-0.748485008478847
-0.737957124218925
-0.642051896730519
-0.695205164855727
-0.835061650855909
-0.719819271308559
-0.79254392751733
-0.736777718321828
-0.713166036199272
-0.62281943153944
-0.673731029430467
-0.830867755501232
-0.628185001963422
-0.672053097431645
-0.821486008718861
-0.707596354567605
-0.6705293730458
-0.67290537231009
-0.712916517887557
-0.790734619312646
-0.751152016905205
-0.83720835900482
-0.678702648705483
-0.810378526247708
-0.690344278979407
-0.547894912713589
-0.569538433281438
-0.61828976754145
-0.597412668913959
-0.772876084775406
-0.597687518125982
-0.666139532924617
-0.523989606213495
-0.701620251440143
-0.712982154481825
-0.608707208984844
-0.641623752456786
-0.852517247954417
-0.589802184705041
-0.553437740438906
-0.654155594366289
-0.586294117217406
-0.487035506401659
-0.684339435958053
-0.81218019759435
-0.553460244573622
-0.48680993905102
-0.646158065355143
-0.672833475757292
-0.655114442604194
-0.663236020922494
-0.676532978729928
-0.467694423826271
-0.630596843261091
-0.49361841214037
-0.725840903234848
-0.590508960239099
-0.540215077413973
-0.543747754613739
-0.6306607605574
-0.708349918553666
-0.524829954133294
-0.602606754087585
-0.491441140089304
-0.601833504407051
-0.494831405135416
-0.570223017433189
-0.588805008665909
-0.751256627595847
-0.65780148735874
-0.623058076379798
-0.685022962737381
-0.546649011638292
-0.642154240012281
-0.663633484088288
-0.574816586770933
-0.719596319706073
-0.687538856381336
-0.573381695458181
-0.505128474382682
-0.595718621672218
-0.591995113327896
-0.55808077066869
-0.542965411164238
-0.569315877394227
-0.702757386178686
-0.606695323347495
-0.542931652707016
-0.593398219858645
-0.704577668104134
-0.719812356674884
-0.548285917162161
-0.631952667823801
-0.661341010315782
-0.601951085671816
-0.530757725221888
-0.49952207363062
-0.680269552292947
-0.552808279478496
-0.517500295937546
-0.601035199616227
-0.606199719885035
-0.535358591061748
-0.501465586118594
-0.753434750269481
-0.66683109388067
-0.444691816944522
-0.655118637519559
-0.584712080614192
-0.498701801775361
-0.445696554900884
-0.549740402018891
-0.481753896969635
-0.627296336189407
-0.638794385080163
-0.373465361357014
-0.417230824196153
-0.583700034037164
-0.554897099889187
-0.444835931649903
-0.444913859402005
-0.371750013073356
-0.531537253290692
-0.547668786121501
-0.368942335018859
-0.42968610023577
-0.444703361779427
-0.344858277338887
-0.466173343341756
-0.440401758497956
-0.488971985615359
-0.693117572720296
-0.538841861435113
-0.392956425425866
-0.497022025797002
-0.454333889390313
-0.555143991434695
-0.548246942948477
-0.478072874841974
-0.444131399528036
-0.50254741540164
-0.32979097016202
-0.438431030819255
-0.456479368667146
-0.43286008605408
-0.417285831792847
-0.415075815275031
-0.431504814340626
-0.568427307193969
-0.4878261855254
-0.338069800796997
-0.444472185585562
-0.324839953786003
-0.434376390369345
-0.531266266233841
-0.449722034912386
-0.439369079772703
-0.333927010134892
-0.394433357643504
-0.398600326899888
-0.388997240509856
-0.512934486585113
-0.422503859187187
-0.372943429511421
-0.441344047284819
-0.3939402371886
-0.364374028428356
-0.371380104826378
-0.532249103096979
-0.412339497069964
-0.341444399358351
-0.37476785212696
-0.449681457106354
-0.343976787325498
-0.302708208140034
-0.480727783920066
-0.424542493399759
-0.420128150143527
-0.384913316469226
-0.460479187730011
-0.510022250002451
-0.415563471484776
-0.34702848623458
-0.477467850139355
-0.377239316690743
-0.320485067791519
-0.420897446816826
-0.376570698523253
-0.361888667113622
-0.393173088932222
-0.294320019832541
-0.241915678790405
-0.329238054560762
-0.392076462732587
-0.39461431329018
-0.264051581847248
-0.424516355810114
-0.352151982745094
-0.501561069615172
-0.307181282782697
-0.286408748590303
-0.354108300237871
-0.353109867366841
-0.439682337776925
-0.372662120973826
-0.430410664100433
-0.568710060676538
-0.213486004021906
-0.173585445111039
-0.299340751178674
-0.341336253137623
-0.302046293769585
-0.458545130789104
-0.213098757473228
-0.154470290831676
-0.336240264815165
-0.302099967463734
-0.133730109857494
-0.209344424077181
-0.342243653690426
-0.216670856166468
-0.271616035227655
-0.306714733462645
-0.272174250159937
-0.207637026690535
-0.17805461059757
-0.422975608983559
-0.160728656431016
-0.191668473127953
-0.226263431571093
-0.138660000412189
-0.291247265426206
-0.221044221439538
-0.16150211771993
-0.328886295404754
-0.131563638994
-0.407927622886199
-0.277954369978845
-0.263528626379744
-0.285685271020519
-0.336755313763814
-0.201172499875952
-0.268719739377188
-0.301169257566663
-0.384306184779319
-0.401499927133515
-0.348497571138525
-0.300612902393589
-0.256477589559995
-0.340150198170191
-0.272285546440596
-0.269017422555334
-0.39873843481093
-0.203889289063229
-0.20697051022224
-0.191321919308292
-0.194770521967025
-0.137446851586801
-0.27741506838439
-0.344530603918935
-0.0922587821742557
-0.0521315439663184
-0.360443812209519
-0.168768279388761
-0.0643016285991023
-0.23346569406884
-0.292439802508893
-0.166880971308239
-0.220429413437124
-0.135478945844833
-0.265753664769329
-0.217164368646057
-0.355998279253672
-0.17948818280953
-0.298722780132586
-0.137480081668132
-0.124496187879905
-0.194144641018082
-0.0668531979685546
-0.18984194469261
-0.197618090486641
-0.0471317223400511
-0.228158694191121
-0.273769673659615
-0.163527702659094
-0.237755949949509
-0.262847583193156
-0.18078719800842
-0.179816636169518
-0.151176649159812
-0.454306758396584
-0.110386757099101
-0.161479342364865
-0.197639688241439
-0.123662311459314
-0.113506618556822
-0.119756660536427
-0.0564279200750561
-0.0417875076984726
-0.0521803834531466
-0.0600996176375792
-0.0839378842558331
-0.141172649839767
-0.0798957985836367
-0.17045502770133
-0.0888350047874058
-0.202195072024529
-0.110266695525662
-0.0630340448129858
0.0741229694694933
-0.310090102548888
-0.152205328671752
-0.179278608079804
-0.211441499365363
-0.13783651711611
-0.176989083138965
-0.132105470113685
-0.162385410354551
-0.0376662625354701
-0.0950982709280854
0.0716179203729132
-0.296029426037065
-0.148685172201642
-0.116072943828463
-0.000214466187266331
-0.0787387922321915
-0.0960260042218881
0.0559063657393728
-0.0651406666517002
-0.0902187662688795
0.00379687711476505
-0.239696589612107
-0.150646698122408
-0.00597211312687428
-0.06198253956835
-0.0600228073074392
0.043271197578233
-0.0457994563000248
0.0299286474371619
-0.0580967341586066
-0.0873424290234553
-0.105490391154205
-0.0914659889657147
-0.133509742296525
-0.0640418664438258
0.0683607908724196
-0.157384496964044
-0.0686647408250196
-0.0512741033881303
-0.122749583118885
-0.0998277281480714
0.082404312618092
0.00270334905289739
-0.0296776372616909
-0.168148145463132
-0.209803273633794
0.0852286535717464
0.03481678610153
0.0658499791002763
-0.0935684668614978
-0.00190643703375282
0.0761122044490334
-0.0473977892290253
-0.198363920776597
-0.0642642847673459
-0.0639914787851005
-0.0807570456780445
0.132809751636235
-0.10255535760556
0.0357710795580939
0.0417644418464028
-0.014338249200573
-0.0488066384032951
-0.071528828798289
0.0128984654358923
-0.0904155083422342
-0.0392138286738858
0.160370698995607
0.0272589681276833
0.0115238911507118
-0.00279454649198521
-0.131479641521763
0.0677362150505816
0.107156284711706
0.0150180770744174
-0.132064631618066
0.0958333181498827
0.150857565433946
0.0620414849773029
-0.0788583780887116
0.114938224839409
0.0227852328173025
0.0572345065102835
0.215723607404485
-0.102641489861764
0.0308382474013881
0.0901728969417465
-0.0405938541396758
-0.123188643260599
0.286261738066787
0.0883741597634678
0.296700379460634
0.142061948241258
0.102859258092005
0.0928242949191586
0.143830156970322
0.0466383269535973
0.0763806800892145
0.126921858033728
-0.154534858080002
0.0161951904513924
0.00131289934470098
0.138868614286654
0.0478354452854528
0.1736354148984
0.138023745556691
0.161661477410323
0.0866916371760986
0.100690078639307
-0.0492965578248505
0.0955098885725573
-0.0718651098071169
0.26069720954658
0.170665360874986
0.109996199239943
0.142577855700367
0.104355341679457
0.0243405873965895
0.111774421266336
0.0741201570500622
0.0428558974070781
0.133348923158849
-0.0627435363651244
0.157838968459596
0.173313374332294
0.137284440963666
0.145218251388128
0.242661103615066
0.0452044568468508
0.21019802522054
-0.00502099799703021
0.164116689601075
0.153821101738919
0.29846732008289
0.0684865182307082
0.247164219309575
0.132663293850954
-0.0686538490943646
0.222381255515507
0.199669126241042
0.099948341395624
0.221821067117884
0.149445024018436
0.0986233248442498
0.206422984501325
0.20794257386524
0.167467846416547
0.15161945891358
0.222539508583676
0.263388537225577
0.0776784943337728
0.057568801449311
0.149990640699196
0.18523384983473
0.371728543867279
-0.113622194008337
0.123176158657946
0.194659781375423
0.242049267749789
0.278705954493756
0.30462786106603
0.256472182730322
0.0836606550306259
0.220296319587317
0.316372343292281
0.193338717957193
0.193911985651797
0.156737553333071
0.219036929068704
0.297266898693545
0.376092628564687
0.167039336986745
0.149102519655898
0.139222902797498
0.395391636941036
0.419866921019785
0.104742516668381
0.28021918837964
0.0175097299328843
0.277883497642268
0.343247900270241
0.202137127093203
0.121481659892243
0.265715127709655
0.219692508624775
0.209078528162269
0.337606703722873
0.46065985804426
0.228073152695621
0.194805432373889
0.226804928498121
0.341329107735084
0.278264298323366
0.384724280331791
0.226013864960798
0.259132382477364
0.276274550421181
0.11140298310007
0.245124307913607
0.406231404608233
0.261017473505944
0.115825163085247
0.339427780409659
0.290378811864267
0.303368579597987
0.227326838371461
0.259136054829356
0.0945092561154072
0.302065393020847
0.464972572437932
0.313782688928024
0.432601464046775
0.351835622698863
0.253447006388921
0.514831303422644
0.278764406691372
0.342905939846483
0.311744262820793
0.392370740380326
0.296999786338801
0.312558792616854
0.266616315585816
0.372058809928442
0.30522851735986
0.282837464985955
0.372525598264354
0.420612522845314
0.238473698254719
0.337813798158729
0.339056794009728
0.237232441528685
0.16443907941148
0.223462630275665
0.299070905379078
0.332666837203079
0.442377476056055
0.283607184212667
0.371060099667185
0.417787158119427
0.292923534042937
0.417526812653353
0.374470567053476
0.390211861091357
0.170387685236219
0.477048240254371
0.381443186073747
0.34674048364298
0.259877746839066
0.315029143353275
0.335805530169743
0.477093602776098
0.281568315122414
0.345317994466274
0.302449898779137
0.319987379785903
0.425337900995753
0.378933749249181
0.48284092604413
0.354801204656192
0.355167577135789
0.205393508677023
0.451556191777731
0.210227489864656
0.504156014129845
0.471070408437001
0.464915038947548
0.416388857217186
0.431029505856947
0.380794522329864
0.330300393895444
0.494168490584803
0.498372990098422
0.477114241148845
0.326459107834004
0.270319916789059
0.387355592774899
0.29876226953419
0.454053916997276
0.475733124648518
0.631225605144694
0.449793580950256
0.574465211393799
0.457634049181881
0.549501394644864
0.358435123119803
0.500969609266548
0.526928803968591
0.36919238274327
0.496242850474196
0.41871867582474
0.553098155898802
0.38575464650735
0.637630999087657
0.563497896607318
0.413422969772315
0.465585752959834
0.406549120488461
0.420792183440535
0.548616219195141
0.357718371081706
0.594450141761918
0.504370956984427
0.460191426289656
0.477824044920954
0.416695151194036
0.485567047135406
0.473355421160216
0.457833062206415
0.506602989267192
0.615251047758783
0.600809108339128
0.569986530852181
0.446739413693609
0.404101982383102
0.475859927979744
0.414128351824269
0.389924016902298
0.59105223808745
0.440703637986583
0.529703349483786
0.53883795362123
0.612921556414469
0.54248459131853
0.487526260398817
0.554604824413367
0.59943081486938
0.63660653399903
0.436572576077144
0.473119049720267
0.442901567042742
0.564922252379603
0.57736397601981
0.394580000706345
0.62690881887792
0.558504318307624
0.556139790563212
0.542778081926786
0.524299581621063
0.564595681323055
0.507236353903941
0.545182056749249
0.604712029984077
0.482073535808947
0.487312472857184
0.720721138742209
0.568626185505379
0.465104764146155
0.525408455812433
0.583003681006686
0.52613916798443
0.455870070964482
0.428587824690368
0.640421926987445
0.562679987259321
0.526877224369784
0.475024564826063
0.677551858815941
0.647253736950236
0.427317384801507
0.506920571397182
0.698317065058801
0.446449680609758
0.590315839929719
0.638683531736686
0.567635020615191
0.640368832254608
0.565813946092628
0.694528250748189
0.657090629054178
0.707395868242068
0.65931149274804
0.602173954816922
0.59339074427892
0.637867065383607
0.751287181786364
0.73097507249233
0.651404554008823
0.710579980653378
0.644240899002177
0.507517214974538
0.561944773316752
0.585361412953579
0.66780992802355
0.662024565190765
0.699898706416686
0.585538837887323
0.631721500571523
0.713431773952781
0.650172852179838
0.69636524081131
0.607302639626279
0.679986793484326
0.717923746168259
0.690311554855371
0.742501454702868
0.648424151549457
0.660191035403055
0.696591839923879
0.848891099436838
0.652954609299899
0.689544970795802
0.631475772131694
0.731250765103174
0.68371028816851
0.666525043040671
0.594363677385176
0.636507237974508
0.765888838711228
0.746352176799014
0.666074406742388
0.742377146489187
0.748356841820353
0.813469653617624
0.715287845373759
0.816083697144794
0.694848118204944
0.883523629078834
0.788874958983907
0.736313365402599
0.596229678379115
0.894153222265655
0.615056902357629
0.795685872125102
0.642981764868994
0.70695832209495
0.642304242450903
0.818099486713021
0.824564778242333
0.706552941032611
0.68975779069012
0.755750183416641
0.817132759206988
0.628099707896469
0.779327212927444
0.821972131207961
0.689475255681527
0.685575287197331
0.765307570352334
0.882499692569901
0.792939120578883
0.667714480317743
0.814919240799731
0.853060927243693
0.999226849866355
0.755235583339336
0.744997112220623
0.857672626977641
0.710974087832824
0.603628331991505
0.794067680147546
0.695487043052639
0.904411061329868
0.80489835030201
0.652113038043902
0.766323325705823
0.786965190709984
0.619686477006296
0.832221079063035
0.65715164270216
0.815155789743154
0.832482436161078
0.963894127460573
0.779748907779524
0.8627125672064
0.770623485139753
0.795523769359483
0.858049618273
0.942176362252577
0.889764756550503
0.718017089864966
0.781358916955898
0.877694005659463
0.771635102450248
0.904994867802083
0.732899632361375
0.840469226218431
0.858696774597094
0.974082269526804
0.917095558644244
0.702343729587885
0.854870081976117
0.756866923759149
0.87806801897546
0.898567594340428
0.837946513206167
0.844841275158283
0.997619900500162
0.88846337772712
0.784667466395361
0.834119398639066
0.845398362545475
0.92081945023176
0.97732984975729
0.741607092694648
0.845862223041563
0.712403984045468
0.859920649857782
0.891059465704454
0.827800251620465
0.821465371122401
0.965142036188673
0.831977613111773
0.861047417925622
0.931068113331324
0.79814109855174
0.929934124193871
0.820857626735417
0.845096638413516
0.950641710762285
0.842240913377393
0.992064915427459
0.895784529011598
0.742749083929603
0.908256020711693
0.944028266890682
0.825626345981141
0.952858708049119
0.888044899025648
1.03097002616997
0.952745699484415
0.988317144539684
0.983892116927413
0.954557647345809
0.868528275501027
0.876190118534437
0.950126370665107
0.833720796355418
0.956984286437132
1.0349102369024
0.976010381884781
0.772078039676544
1.0108887373396
1.03537623146439
1.05895138412467
0.854678017576156
0.835979050821271
1.00712642455351
0.994730064509957
1.01316257998985
0.945445743954459
0.924873699800376
0.913766903193131
0.947009755984704
1.01320393630474
0.974923790355168
0.931075879725951
1.02648547427216
1.10649511695093
0.779141533206843
1.11371040222384
0.883688395541838
1.05538226827598
0.850735609033052
0.954759302150177
1.0264036542606
1.0135763190378
0.978697479328368
0.966782826477434
0.983959098348623
1.02559445782657
