-0.0976272534158054
-0.877306380235091
-0.837462525735683
-0.912285410917873
-1.041691807675
-1.03258928540982
-1.16801369105266
-0.918666408116375
-0.883638741422635
-1.03967158701253
-0.949552903061391
-0.810272969347764
-1.01275942106092
-0.939089124439251
-0.943791012828772
-0.982999336855004
-0.97480110157118
-1.07069511312172
-0.877721747086049
-0.941572924004777
-0.862339087692468
-0.917268125747139
-1.02999375444476
-0.931495985601721
-1.00728046961929
-0.965784473985109
-0.968166244330505
-0.966664642767312
-0.964364223549672
-0.940114765860272
-0.909196647020406
-0.930610847051117
-1.0014755991401
-0.821393779079703
-0.697308580888513
-0.912816479587897
-0.903873239741867
-0.853725545329878
-1.04142956738834
-0.879136667567031
-0.735465512787718
-0.964425160593758
-0.942269699560617
-0.857310772461087
-0.926170240151858
-0.881236253399011
-0.840326605513123
-1.00160749104302
-0.726759729492668
-0.934980273431599
-0.937023957084289
-0.986712726889654
-0.906075935797756
-0.903409024975443
-0.985021512623134
-0.916089116459652
-0.899907601029819
-1.04023403809002
-0.8056522125868
-0.780739150535265
-0.831669474514382
-0.897046035572389
-0.941424932748387
-0.990919698202764
-1.01256694291121
-0.952044309766582
-0.774004023762848
-0.739793938400274
-0.848278624770482
-1.03131904345607
-0.85181820043878
-0.891108896985403
-0.898781324513367
-0.777873439980022
-0.824843400525802
-0.963921719314254
-0.869330213163317
-0.859013673066507
-0.938221557455599
-0.972537323015347
-0.727132650825329
-0.859431658203706
-0.792344161805746
-0.640012399067972
-0.938446997504172
-0.741233082230611
-0.821445476395927
-0.953285681055955
-0.843431511134462
-0.815640732996631
-0.940826369333919
-0.809674298742348
-0.780151249197541
-0.731358591104535
-0.813048891379249
-0.899326173060916
-0.785677480098161
-0.730791819433507
-0.641377276407445
-0.845813260886346
-0.574762466537752
-0.853139556253627
-0.86095145747396
-0.782098308011115
-0.858870539022583
-0.922910113047648
-0.767219492304684
-0.747799064074507
-0.669236866167147
-0.804136806884382
-0.776145655359183
-0.910365042069906
-0.768206264494473
-0.869428110498535
-0.817643118853385
-0.713213061563884
-0.784328253139507
-0.757221550511272
-0.711179993678232
-0.855412184068999
-0.724336461556455
-0.679809697457836
-0.835563158338937
-0.85147354781979
-0.726164774550408
-0.846419289121475
-0.81912634253523
-0.763417731280534
-0.719001664140628
-0.666091808469994
-0.69150865071427
-0.799994355024822
-0.805299219180804
-0.690189044939821
-0.823679867065089
-0.784686854880224
-0.70187839165721
-0.714356088245831
-0.600731661015585
-0.677626609010939
-0.646735362294174
-0.736113867210568
-0.620962451816251
-0.71781522064836
-0.670104136604069
-0.608017675184003
-0.701398202069703
-0.817750815752589
-0.807805092292618
-0.62508493634269
-0.682249326215504
-0.713594881365272
-0.726048818543423
-0.613947000181087
-0.71219550369569
-0.684461064500795
-0.680280075411052
-0.779066395844435
-0.589033805719989
-0.637969479253665
-0.608450725762299
-0.653335665711262
-0.811841415183702
-0.737440821039512
-0.667216487421439
-0.63396691721164
-0.698314569477105
-0.605465622736841
-0.759145049407183
-0.63819877320325
-0.726874551438695
-0.495349699628873
-0.72858059836277
-0.491109290328064
-0.648863924899407
-0.545976602880173
-0.622545137059842
-0.58680195873779
-0.635177315516915
-0.542140717051072
-0.618218265866139
-0.665532777340991
-0.664744549838234
-0.66510709969926
-0.622983654073803
-0.737235129535637
-0.618068938689337
-0.704392448088473
-0.702589971449872
-0.643223970035174
-0.581328852186422
-0.595507931889344
-0.710531426655895
-0.718560702568979
-0.515733430063101
-0.668476238832694
-0.451587310354113
-0.66595389192208
-0.602585313706806
-0.665775223023996
-0.526607311359335
-0.58307716869423
-0.530781563322056
-0.654471604547181
-0.541117740417305
-0.475462093456856
-0.568894621509722
-0.699820731200523
-0.476081510769128
-0.480777403397381
-0.699165984538231
-0.587963028066537
-0.638712337797687
-0.593952355933046
-0.558839026176575
-0.593867118092667
-0.428103486963134
-0.594692369297754
-0.584035224132922
-0.62006145305811
-0.516337542505415
-0.628192664731306
-0.74838874398205
-0.648300010745644
-0.439084139714411
-0.51365219737495
-0.473441568009488
-0.589504551583827
-0.578262840434481
-0.668114789137087
-0.556188909630402
-0.459599383610104
-0.508276451625706
-0.526295206635989
-0.578003944064216
-0.624414083705037
-0.527974505629965
-0.4448014953144
-0.647561170900188
-0.54973262392575
-0.558489567017489
-0.579815941912683
-0.446344206631049
-0.465170021939698
-0.573715116423411
-0.391174508502604
-0.603165597315692
-0.538255411078409
-0.488328541675534
-0.454889790274714
-0.391866436356452
-0.556921278730448
-0.429277150191594
-0.599726229953527
-0.585915921215719
-0.642928290565423
-0.444127528191906
-0.431994134611739
-0.460784650224442
-0.386298193354812
-0.536760814381261
-0.535867008804565
-0.635700503274352
-0.569362335993883
-0.406571552928603
-0.467193957714793
-0.46617083418024
-0.352387398999618
-0.386078696937839
-0.404170732248198
-0.313352860260801
-0.439047965703352
-0.338244844072687
-0.34016679004596
-0.45576009690452
-0.330675273738591
-0.474673148454216
-0.311172660075887
-0.53514974870133
-0.604760353677203
-0.454106176972071
-0.566299047176878
-0.42202218829221
-0.539903561910325
-0.400859027432984
-0.520827809151163
-0.382640827060264
-0.434289492642632
-0.468125613169009
-0.440740820185965
-0.405724583309594
-0.366326839218093
-0.422017610038417
-0.324217287655931
-0.363992262542084
-0.431132303753849
-0.236560562619994
-0.517219854843778
-0.396128010318975
-0.3328144553243
-0.521061374060724
-0.34901260091958
-0.548061969073848
-0.559170577599214
-0.428575888146501
-0.397511603453576
-0.389005263763718
-0.475267364813516
-0.422941360479555
-0.547862563978085
-0.437314655306486
-0.319297230395218
-0.380853302419718
-0.440227740777306
-0.482571001214273
-0.368884764743538
-0.370321354255385
-0.416313696244618
-0.357798817313261
-0.344811728231879
-0.305519797364298
-0.418994016507508
-0.355058149675948
-0.473865321438106
-0.37960984488051
-0.427027400087351
-0.421075354489965
-0.422665335639731
-0.304973569192702
-0.374643330588711
-0.416779233108983
-0.261712133840807
-0.454367091630955
-0.324975867858231
-0.403582596771248
-0.153459398340146
-0.347108621360276
-0.472800261932367
-0.322404594790797
-0.273264014409879
-0.36575442876434
-0.263425404723107
-0.144450361312546
-0.219140586148141
-0.301273573605989
-0.146767869343419
-0.181937947896165
-0.390969761356306
-0.328226226802505
-0.380287273048015
-0.133325761278016
-0.349002014721207
-0.34277726829182
-0.268103506273408
-0.323079510053291
-0.328609440732245
-0.246612629300171
-0.356419423327508
-0.382266791245075
-0.297336517186868
-0.089839742790763
-0.355429781652116
-0.243779433121967
-0.142679466268042
-0.187132219724664
-0.326524103881874
-0.296343230785823
-0.233851056234165
-0.321003486656514
-0.364845580088618
-0.336328320285187
-0.349390583058654
-0.134060652705204
-0.257661993314541
-0.260201309537834
-0.256330229714079
-0.255697296185904
-0.21249692584725
-0.282274308742176
-0.281881816897138
-0.142635393537524
-0.254372501454196
-0.264575462098231
-0.278141753312493
-0.386557929340621
-0.187521017280563
-0.172600405523845
-0.270305936879585
-0.280404042158659
-0.186153019763867
-0.306952571087857
-0.235918099295519
-0.201730807857461
-0.288077090775379
-0.248203211985797
-0.205905523358235
-0.189045457958524
-0.13324119707124
-0.216484107034495
-0.291405217172086
-0.279334455406462
-0.160944894393739
-0.20477193362274
-0.253773716717244
-0.283845140210147
-0.104059024767212
-0.215830985145161
-0.104756038129724
-0.130577396211995
-0.152427604088563
-0.107462698636491
-0.158957172765337
-0.149947466243515
-0.184306574737555
-0.153341961202226
-0.260613362502179
-0.191831041282382
0.00681066621196946
-0.156172529141164
-0.250967417408837
-0.0977604466806958
-0.109873193223542
-0.168134807884448
-0.163181922694493
-0.153795367139608
-0.0855095000779052
-0.144978801203483
-0.173419698934251
-0.147740556348856
-0.206347239225769
-0.153770274664406
-0.107426489550339
-0.148879189787407
-0.0628851745870083
-0.231830768919076
-0.161004507168149
-0.0483357102601891
-0.129491737984381
-0.207553456954806
-0.0209737090506226
-0.146061428446588
-0.0718705529218174
-0.0170036004204106
-0.0773010746189981
-0.201940717014176
-0.0991145666612815
-0.177555633368395
-0.147359452369466
-0.0995977875013464
-0.256765327203864
-0.19667637087208
0.0991487548532612
-0.145867211911889
-0.247388751194392
-0.0206259798198737
-0.0248403390607538
-0.0557959892041672
-0.272306872023493
-0.0906195728200131
-0.0289488837045405
-0.0862050197311036
-0.0960169984903916
-0.0936201847938056
-0.136652653089026
-0.135502438580995
-0.148663033816785
-0.0824598313811933
-0.0687433296901693
0.0352853523886985
-0.167098780316978
-0.116761056362775
-0.125376740773263
-0.138886175342546
-0.0254725924771972
-0.048160982588028
0.0198664250131241
0.0760504023958006
0.0929808108315291
0.00489601909734781
-0.0076858550648265
-0.0943037600214478
0.051945437290665
-0.0226683352405959
0.0499208211996196
-0.124680239730103
-0.0720489167010013
-0.09136834611078
0.065203289138817
-0.0252048016078566
-0.113405340617657
-0.169543137327103
0.0417844277324501
0.028192223333113
-0.0697160972708278
-0.150579136887016
-0.0182654931902792
-0.16340957209272
0.0355294744772583
-0.110416375025432
-0.115808284053438
0.094310102476049
0.0499029663133499
0.0356481137663678
-0.0743118063380168
0.0390077887440599
-0.155487768481584
0.0624760062894573
-0.0719436649244109
0.0623845695758171
-0.0621819142555401
-0.0585020949888852
0.0441847658933909
0.162024134708122
-0.0878387207212412
0.0179227746782352
-0.0370319983663295
-0.0304038592323084
0.145368269339341
-0.0255794106533309
-0.0173918394978864
0.0663869298825755
-0.0736539209621409
-0.0456661142334481
-0.0652503243126682
-0.00899000657568088
0.139037209885942
0.058294599625653
0.0287852773496638
0.0529148459066885
0.141936435044171
0.0234132388658093
0.0304691005137466
0.121083561018724
0.0979130004884756
0.304240066525068
0.0758118248155792
0.0796148025650632
0.217399775153587
-0.040706359060797
-0.0185168592318707
0.0457772260056923
-0.0112125694527502
0.0894744276464405
0.178450566980462
0.0211921826484798
0.168089169520804
0.0847008236637235
0.210128524598804
0.191891495495263
0.116003917962452
-0.0190437437481712
0.166138927749759
-0.00881678364891473
0.107063910525695
0.154148784070446
0.037587458028942
0.0175883485810818
0.168836644768876
-0.0331052803976658
0.0789396728976386
0.255189540603156
0.0123567127960438
0.145092856861906
0.177165885214459
0.211990947359117
0.077799566589717
0.121230156209244
0.215085594860311
0.350224362005
0.139719755430336
0.0795812730941218
0.144169861662169
0.0930538064807351
0.10320328324543
0.0505786973955611
0.0565969868488748
0.0920106914442795
0.00895529885499517
0.243624056658491
0.373481149548886
0.253093457963259
0.151499314912467
0.200976339253519
0.337549982131398
0.104962128855414
0.21515248163624
0.148603131256635
0.21482553790268
0.268279629811801
0.136704378816628
0.112747585765885
0.139608595107616
0.115342809074674
0.226578522565514
0.264170730661977
0.0454430081965534
0.0508300195963044
0.219673514158135
0.334845486698933
0.180463539177667
0.215708333562234
0.255935287703371
0.341151525940248
0.0435157706521284
0.244836792634204
0.223758774014094
0.144935657244772
0.166150818908606
0.301513645690403
0.164395407652413
0.232948272547755
0.263929522895033
0.19984984315219
0.242499401958902
0.21133280612324
0.286708064004984
0.297176861568264
0.279626473854171
0.110816226954398
0.170327844431106
0.384270876842324
0.351184730135269
0.169245326992402
0.284494610247344
0.120461118213408
0.35974814556817
0.224926276754352
0.237846902134624
0.14148357378637
0.315678943603544
0.19366233687769
0.333534055337164
0.214749500326386
0.323799382053035
0.172199388199374
0.264436529314119
0.201571187146528
0.288980120077141
0.365939106500126
0.39169736593559
0.382920719413234
0.417375038673245
0.301561537464694
0.173931124958014
0.331867073721581
0.172703695232482
0.284816275369709
0.311685418322816
0.130467609153268
0.356310917359736
0.399585390499289
0.283598816917792
0.363542354982824
0.259587827471182
0.367626366245304
0.291264924665965
0.351033567362205
0.175458086033079
0.410986845003241
0.270831495928233
0.415204232209586
0.267912568050411
0.369879821118535
0.270364085560338
0.349919641834614
0.312271894793606
0.301297249124609
0.38576241596747
0.332045347908514
0.26934547640048
0.417072692339813
0.248076161938284
0.220177254516959
0.426449837446359
0.307329670656215
0.529235811392529
0.406887461965929
0.364286718456494
0.442131165588278
0.302060689722869
0.18265478565162
0.33915791857347
0.464160051899216
0.274773211203557
0.223444247600337
0.29089507588675
0.560447286690431
0.207354928201263
0.332129610844429
0.324636225581927
0.425074856721123
0.380443500530802
0.336898780091914
0.482854709407443
0.332548918951845
0.476060688664587
0.379849336422714
0.487108293962245
0.359442100626698
0.312534717193428
0.372684292108135
0.223032801548085
0.422354984013815
0.445250341196735
0.355097845100136
0.37548444179964
0.389355007074853
0.259783622621236
0.525619787906711
0.428773909843749
0.407235947501687
0.626883807711029
0.493390624420186
0.502575294964348
0.41371830485249
0.313890201129966
0.365701922361921
0.475385829392666
0.412472422483506
0.427658365284312
0.470159513453377
0.624427424214317
0.503665156244129
0.616932232284892
0.537693512506212
0.569937969051128
0.479236036463343
0.418178294351763
0.422547791775469
0.41579682504632
0.38189118136393
0.692698578536708
0.394702012443771
0.467955571063848
0.319693098892745
0.46103044645165
0.394535903944791
0.575917855303737
0.47564902738814
0.557004337353691
0.528271204965799
0.477593277310098
0.530468510136669
0.461469553348525
0.514053813674687
0.504331467066105
0.700201970214346
0.362646454478494
0.521349300958615
0.483702633365162
0.438921343035177
0.534276916067024
0.488247314690448
0.47814177437594
0.538465307410997
0.407268134947036
0.396487318041991
0.494462457045611
0.613447185719907
0.552328794665766
0.497325492116814
0.487312870574427
0.573160611276368
0.48393268265061
0.499939373348759
0.596891796563788
0.481907930043936
0.52628466499689
0.588662197693435
0.437687053709789
0.669580296221968
0.549836405122956
0.595588514141712
0.595929534301158
0.670121562777096
0.613602822976178
0.57256530640024
0.513273204256528
0.491672807961341
0.575146318121774
0.483385743077622
0.558843585612498
0.66760200763137
0.576406409171656
0.4628365739874
0.721340086376129
0.458564069318153
0.530496460984994
0.691596212473385
0.569921371285192
0.598645957898839
0.690506916495403
0.638752796286541
0.571237353277814
0.742116004285019
0.546335200379631
0.654155880119269
0.469107559286162
0.637852107541512
0.632710960111556
0.524743872345027
0.617669406014324
0.567765253211081
0.608553837441473
0.64258783137739
0.512773187704661
0.683422368450124
0.44902999637534
0.552626229574348
0.63978168466533
0.708279198274734
0.624128556521671
0.625361055426877
0.546124686998083
0.644415465527414
0.56792114862759
0.634511937503919
0.513307650367163
0.592063919608702
0.588086301732367
0.648843802216493
0.563914651254538
0.49624234705753
0.551957998783308
0.566487949070694
0.631693387122612
0.514387014168855
0.682245558462346
0.746741174843004
0.540894956110531
0.731908535774114
0.612636288246261
0.74798369075597
0.776077076660545
0.710720746888692
0.752714734159487
0.645625260561206
0.696299513521301
0.735185104106303
0.736353889988756
0.831284729930907
0.633494645965243
0.699322828806218
0.751970297198165
0.720520927755062
0.595275701438217
0.710590591503175
0.810881643979902
0.67012810880531
0.55489091769208
0.629405885638914
0.614436202149191
0.724208506133428
0.712746894885334
0.717375240150458
0.722898684051664
0.681578303209314
0.813010348133462
0.654473717054945
0.643040608898967
0.825578057225483
0.621161447075661
0.75518489501231
0.744974464575727
0.718225065512031
0.634828793271293
0.726853211089988
0.594471597335241
0.570297549626613
0.775482223703834
0.837151624396277
0.565056661480898
0.714301798783193
0.768570991425337
0.70575090334609
0.637376526224677
0.66608004761941
0.634532218820156
0.650569421474963
0.529553474787354
0.659160959230672
0.829081560713047
0.922572419845842
0.71993165286584
0.866725300626378
0.834980654958235
0.927826798438842
0.674235857643945
0.649408997004601
0.763387719591649
0.852005001147023
0.835879049304935
0.817119319551881
0.782599196586434
0.727576456722424
0.904296046842783
0.884640662628706
0.681567535661812
0.843012768246759
0.665777095494964
0.84226987762262
0.830022017510103
0.657133105914435
0.658800547822194
0.886437571323988
0.806152670724507
0.917171304800165
0.839594041228896
0.81082676850603
0.916321788881584
0.998271419348863
0.829133516879083
0.717259142336679
0.9118381414986
0.947659350960243
0.837231259289542
0.96220333070047
0.791927955705353
0.869476438422906
0.843470980916032
0.706207613526254
0.835674708828221
0.788392763090227
0.80937909788446
0.889033700607157
0.878333411420185
0.899340980416552
0.822531070204591
0.87837719305267
0.773956613294662
0.805341096192364
0.894855249700188
0.991039818146252
0.909054119848612
0.913277054933963
0.935360427120468
1.0397649953831
1.02701540441574
0.808906911291127
0.839605917141133
0.846779583149506
0.73953612777136
0.95260054939602
1.04477167621076
0.964736520459043
1.00066023188671
0.883403316911176
0.924045780799306
0.997371727096139
0.946053426874242
0.925772307006251
0.809859516998242
1.03777866205108
0.800738465410652
1.01155940366977
0.95610150357683
0.927152590473594
1.01819215943118
1.00718756916307
0.884597586550739
0.826799381364374
0.911637162930884
1.00278439474375
0.924017114479733
0.862790048670221
0.864957311606326
0.954165957542682
0.99139672045399
0.833040325498187
0.916987898415076
0.934794453115384
1.08504152849096
0.796592753248403
0.955135282121549
0.975357937069117
0.87371826159838
0.785488127556548
0.897839157063264
0.825480325258516
1.04315599760373
1.02529610492643
0.967793878787737
1.07399804358233
0.987647785132756
1.07254947185588
1.06814230645672
0.9528261182357
0.988904936220749
0.971942491850338
0.978397909972756
1.02915119048081
1.15181899279229
1.11605651238688
0.893369072290043
1.07748537889083
1.01094379133786
0.964280731449693
1.12413802694709
1.1594950541893
1.21139007681536
1.02469158251758
