0.0088923081053495
-0.989670256775031
-0.923754572887241
-1.02320351303284
-1.00598835988185
-0.992359129596702
-0.872086949431808
-0.961778242948339
-0.974245868839279
-0.923535639973563
-0.887000953981602
-0.962056157013148
-0.919440477111725
-1.07736495758705
-0.968375185430052
-0.973343734187432
-1.0022849647941
-1.11459983948024
-1.01126761477627
-0.963959661208954
-0.965450715280525
-0.95426329268359
-0.946245812215556
-0.83737882314037
-1.02817159226006
-1.03144708811016
-0.974200003510957
-1.00813521157936
-0.914661485125423
-1.0664852706299
-0.959265074813501
-0.801153311798802
-1.09071719397224
-1.18431811082974
-0.793593830687747
-0.909791527032686
-0.958948975570166
-0.973862562238818
-1.05836703862342
-1.04803905655215
-0.944791444845572
-0.776822199241664
-0.805557037176626
-0.868203711377608
-0.973987276717595
-0.831642925638634
-1.04710063817343
-0.855740155501843
-0.810733468112685
-0.901581370932041
-0.858850060001992
-0.916544148481943
-0.916833654421107
-0.825114780154204
-0.767659459998139
-0.923208500078686
-0.918307507153725
-0.826089945899281
-0.80711417604059
-0.781499583672171
-0.904153593324458
-0.750080489519627
-0.846332526892685
-0.839310983291655
-0.972617620043739
-0.789100410782076
-0.922111783436479
-0.853242726009744
-0.95400127463795
-0.770214669716821
-0.80391302035027
-0.739785818146419
-0.871855897133111
-0.945274798534214
-0.798475257295531
-0.871324824846766
-0.930012158855519
-0.903936655130443
-0.829676792666177
-0.811545695239211
-0.864758157273877
-0.844933253181953
-0.83290596146361
-1.00438162048164
-1.02020292597575
-0.901446848294418
-0.828972660149239
-0.716435478354112
-0.823201922680088
-0.859085319432036
-0.80827566408301
-0.84656296457287
-0.78223848244072
-0.869815213540567
-0.694512689273605
-0.900898085617536
-0.986892605077924
-0.865108982648684
-0.722661345440512
-0.656210505390693
-0.807546265935211
-0.806880754998194
-0.67485789078218
-0.636023007528856
-0.879866035706641
-0.824681206055683
-0.745367596747602
-0.814624608628625
-0.723068033623982
-0.94825524643387
-0.87967254157055
-0.793462070035341
-0.733044217397691
-0.72306265181256
-0.827567439285722
-0.579613416622467
-0.739054985621445
-0.777895825530172
-0.816419100438256
-0.732192024509507
-0.866479004559164
-0.669827580896253
-0.721748597291079
-0.759414892548595
-0.700900864524966
-0.722921198438756
-0.691006622965679
-0.658866583355986
-0.747245003097486
-0.838840364798662
-0.69042145661468
-0.753435734924755
-0.78795707688727
-0.799559333883011
-0.767885979100022
-0.711579633027567
-0.712683043019594
-0.629981751626411
-0.733494192817182
-0.607951156036836
-0.803024069689961
-0.774309958419343
-0.707244822853042
-0.830814747225845
-0.683028109212008
-0.712712872061622
-0.799226818076387
-0.785339158356697
-0.654957760092429
-0.657404158244242
-0.703153048145787
-0.753661118223151
-0.774061918280189
-0.764815665759947
-0.67783202294314
-0.822950422186976
-0.695677971260392
-0.742468239589614
-0.676870871447892
-0.620491246704275
-0.597269398253857
-0.719987503147728
-0.638436738511501
-0.701709479983419
-0.689616809312339
-0.607647872983759
-0.584985191933965
-0.674341647338818
-0.5525191512708
-0.715713850181999
-0.642388690882497
-0.657753979369762
-0.565165033308051
-0.841394149238532
-0.616367701183781
-0.670149519810674
-0.59501255343405
-0.71145212258636
-0.778599872367246
-0.609046760184182
-0.703156281005583
-0.669782120455963
-0.661607850787577
-0.79256354315758
-0.618536683340266
-0.497494757137261
-0.659221271409721
-0.556865945161795
-0.558877061090374
-0.703208699940968
-0.690417031434806
-0.552105443701127
-0.708691836937258
-0.670161776122016
-0.612066703440812
-0.485167514685711
-0.629201218311639
-0.583188928395372
-0.620889357687959
-0.723280608621883
-0.577531805894059
-0.646112022504085
-0.652996722585115
-0.617090556040676
-0.562132061044634
-0.565399014651552
-0.615092917731109
-0.708411735570797
-0.571866534175363
-0.623544999695335
-0.548507429061174
-0.585194127977057
-0.585504121348781
-0.552611582886475
-0.58405558274455
-0.653388374901507
-0.364805698258104
-0.684837060207805
-0.52526207571014
-0.564183424277952
-0.662078202443027
-0.591082339875807
-0.550295153109668
-0.693010056900566
-0.656017778009442
-0.519488458812007
-0.560839106821244
-0.622206121920669
-0.529249564744368
-0.488317576107834
-0.568651286381061
-0.618523771023203
-0.578939401647147
-0.618425799369869
-0.556913994624208
-0.522879473551049
-0.583353375813765
-0.48929729243434
-0.404912928097948
-0.560431612846798
-0.590167609739073
-0.500387255051791
-0.363108308348965
-0.474870518660094
-0.516586552559616
-0.437852388386726
-0.584510295011623
-0.372498073679644
-0.514459874549306
-0.5741589143731
-0.555261368854637
-0.415423642821449
-0.467866060722772
-0.615236621669313
-0.521320683101214
-0.499827595975009
-0.40944399807729
-0.625333879247917
-0.559445619376642
-0.595278244957206
-0.544771609859119
-0.406410167905647
-0.497185773407903
-0.561788109469987
-0.469354468758123
-0.390614021429618
-0.417253961803571
-0.429099506476797
-0.336725846374939
-0.4162249191652
-0.404833164421674
-0.341609989759725
-0.37406290227856
-0.502169800013589
-0.38644067119953
-0.461406716053936
-0.406782314081935
-0.543376225085659
-0.383758886514565
-0.363412430969809
-0.369934022732217
-0.446549458013802
-0.339537168588279
-0.519498855417434
-0.38011121459171
-0.503406572450999
-0.440650437206188
-0.524128109975468
-0.444677144239672
-0.492676043522103
-0.348832872170152
-0.369300587638411
-0.377489554835059
-0.313240766813335
-0.310530309213796
-0.48277185329917
-0.468567862628491
-0.396628610909866
-0.585611051102223
-0.347575635254642
-0.423038763401975
-0.346329525025516
-0.384955606970193
-0.386043285883346
-0.597968776124461
-0.485172236949237
-0.419625248370773
-0.414310886446041
-0.400291967619718
-0.507795561968458
-0.465064799553785
-0.320248925633686
-0.396034703848219
-0.46905341582603
-0.403939491604349
-0.298088568477224
-0.233163228713268
-0.298415318767933
-0.354943671880078
-0.215951429090093
-0.34264508699833
-0.293692957136931
-0.376288704542496
-0.471013691537137
-0.262118894169661
-0.440741013457918
-0.354150044879954
-0.323108769799518
-0.386500825305845
-0.341047222740285
-0.45865255707248
-0.266927415660415
-0.167418831715209
-0.44189003529662
-0.418937201001554
-0.356659548464979
-0.361457602836103
-0.45959851011491
-0.111129644675552
-0.215074699932321
-0.310285854210633
-0.267269934702599
-0.422532814442599
-0.355341155181132
-0.649720376094923
-0.348171116671579
-0.381568847354328
-0.234320044054158
-0.40795264989963
-0.282051679421292
-0.363149998460695
-0.357590694593132
-0.417852615001459
-0.329119029451281
-0.283819623043495
-0.118315978998505
-0.423835975320933
-0.194288288306483
-0.326875828002653
-0.233241057331807
-0.232088234487217
-0.0830217863339331
-0.159080760249129
-0.269077426686694
-0.315768836929713
-0.175925475050596
-0.19312648712817
-0.167716484789347
-0.24943761014146
-0.27942739813474
-0.265251760267331
-0.336303209993417
-0.439596004877027
-0.139339417537779
-0.334390051002829
-0.204787775749038
-0.293395795719995
-0.330524394140137
-0.254742048428543
-0.294250825939764
-0.262929909188098
-0.302267121006704
-0.324098157473223
-0.296256180591795
-0.15811210442635
-0.205348265737394
-0.220132895528409
-0.307216236239991
-0.293716981472112
-0.196190971622096
-0.32468617872945
-0.071587337137001
-0.144001978718128
-0.207239635244519
-0.179182549790076
-0.133309438248406
-0.0535599895279748
-0.208561787644389
-0.172516828698403
-0.198666786665355
-0.202466773209705
-0.188149566037034
-0.09986075815095
-0.28784538318206
-0.087688400022467
-0.23726757028282
-0.0974810146227867
-0.0871807066331808
-0.251184864214481
-0.0590516880130266
-0.268410317290822
-0.320599536557558
-0.184166380400415
-0.325189492221799
-0.354147390243321
-0.0478209744936442
-0.103178312493182
-0.190852812587326
-0.172939576977054
-0.126095663412051
-0.13991668427862
-0.114054635439616
-0.180740508673982
-0.173764517866941
-0.0400403077517022
-0.281199111411727
-0.196731450113048
-0.0328383379719708
-0.190947718904547
-0.207219894943491
-0.114324754799923
-0.302484803449121
-0.203033884512398
-0.11766538804086
-0.181688309364
-0.195690841416724
-0.0604677960906727
-0.0649041717097714
-0.185843718849338
-0.178702260639835
-0.325245534168293
-0.138736947663619
-0.204093239607296
0.0293654662098615
-0.152879122034244
-0.0829518216065466
-0.0162952219818324
-0.222035656483046
-0.152983470839065
0.00736951831285953
-0.124106264414142
-0.272733660981334
-0.00657099702062898
-0.213968053954939
-0.179514821173894
-0.0675273050626215
-0.2382952527174
-0.0245312991331875
-0.180664737292508
-0.124442902537079
-0.0388318265317699
-0.0913386082883626
-0.081662913774307
-0.201457074495393
-0.175252267678386
-0.0315863827475449
-0.172528433058848
-0.113208648485447
-0.151803138914252
-0.101393939116761
-0.0200178725882716
-0.133621922278586
-0.18791880785086
-0.138031193443617
-0.198114774535277
-0.0489753508293384
0.0399766274917563
-0.0550048049985796
-0.0308298093264804
0.0489066908467306
-0.0548580343704551
-0.145449891214581
-0.0800566147363695
-0.172028137883466
-0.0836440624168625
-0.234411917142876
-0.168911923106562
-0.0195133490010496
0.0892380778114514
-0.0574438796730832
0.0702217065089741
0.112485651911199
0.0436714649933149
0.0534077900445104
0.15485200128373
-0.136930590795045
-0.0168878171869073
0.0551282768993448
-0.116138465455195
-0.041001375529145
-0.0246452659151132
-0.0481635479542776
-0.0860884557353858
-0.134378605234519
-0.127108037581044
0.0492892936145497
-0.00926695024681804
-0.00487095400099434
0.0721371970124602
0.0384767146458344
0.105483336755618
0.0399276699284265
0.027883184285387
0.112320057736708
0.0473005659273211
0.0835957199178112
0.0660505511777714
0.059405882364468
0.0586203854305985
0.0206061348505171
0.0148891142758376
0.045860173008515
0.0574029895137623
0.133792368814407
0.235255614790654
0.163509032904998
0.0531293142751125
0.151626888942696
0.110875018599206
0.19384716485817
0.0658388500942094
0.159381197322562
0.0774376602045442
0.0187927500406731
0.284202137582532
0.0523686249580841
0.163000449685568
0.000534450993801569
0.106936425074357
-0.0380175824566192
-0.039279796018868
0.0780550704362044
0.123243551299693
-0.0247357399287536
0.0708883396446706
0.0202947720876706
0.10917245555838
0.0774307637040088
0.0787520966932961
0.105816760895677
0.188883546208053
0.0647473201941354
0.151430277639443
0.073481688407814
0.0795337179585615
0.146261496301499
0.163011293924622
0.0378431917938355
0.261423485553373
0.147191418711925
0.177404927163816
0.0349505897823522
0.0167068839071416
0.156470964336638
0.0795764475988207
0.135436139758558
0.095518109827542
0.208762851986993
0.22219676807897
0.0491132987351174
-0.000763977425596522
0.130048231452873
0.0273756592086003
0.206033859696942
-0.0287002231143191
0.187825082155739
0.180324370617698
0.180481478432929
0.0548113496910401
0.342505650522489
0.166602658988489
0.204838339187429
0.158859317501007
0.105725521469164
0.230470549817189
0.0369261221617335
0.00870504964963541
-0.0543352684249164
0.167489218207361
0.0901670490300359
0.162403539516989
0.132525932170344
0.359631058467467
0.321020602723244
0.203751713284449
0.110291539764657
0.229826434321218
0.293810753653449
-0.0472859975590815
0.26913675344067
0.175122654979002
0.241083510555871
0.18705366829981
0.0423910779090363
0.142318015685003
0.200205725472981
0.209864268700106
0.236706091700755
0.248193281638698
0.178987707519071
0.253888142023077
0.193966766704289
0.278800658200364
0.218638908950183
0.270864427767824
0.286573933260821
0.0249610698093037
0.176455117220187
0.285035955756961
0.111931075905098
0.226267868541116
0.212490754604463
0.246873909614175
0.228734368790237
0.430045219155196
0.231676392911563
0.327641581224773
0.239521841772419
0.210247863426671
0.333185648955101
0.304718464875135
0.261022799294497
0.247664531137721
0.458115039893608
0.18346372791979
0.156987894509788
0.357407234052583
0.335937232707051
0.268766489864436
0.265673980981341
0.339798105837556
0.317918395298512
0.268181494939204
0.340485818901411
0.380275928956442
0.163170631051693
0.15449958201342
0.152388478391994
0.34401253182691
0.422416597139478
0.340482576549208
0.341555153025894
0.366209908456664
0.206374237812431
0.433937940142676
0.318758021826317
0.27239169570016
0.196430083538264
0.359566132110741
0.423764907776985
0.248536260163081
0.363288329756523
0.29881958191423
0.275809273166386
0.269132137159412
0.258990848131045
0.400631190975683
0.456351651183576
0.322159814623301
0.403631305462344
0.319300276866228
0.299352458366057
0.397639595088364
0.216115839842712
0.33794432110023
0.230874215053293
0.360882992216119
0.486150477512288
0.277299650215418
0.353384339293297
0.493533930026107
0.428357597510779
0.21928188163127
0.333034543405981
0.366099199871212
0.593078161719099
0.380364837873239
0.419534795987803
0.351907605681731
0.389215824451697
0.419377933495194
0.478563290858122
0.442179876084606
0.387273271512097
0.376087045739061
0.36644030234657
0.500108201804889
0.359972308746794
0.489773491043338
0.426876510629303
0.353334481319702
0.477733225046848
0.268442942022313
0.409351859087475
0.321480246322557
0.441409679920533
0.470938666465513
0.387596476840863
0.443594290868817
0.309115381981602
0.321478650856461
0.528179013852777
0.346874515618266
0.475558104524699
0.390901733579066
0.459031788857117
0.353927441732843
0.331902563994836
0.46017448452225
0.460478268335035
0.371392759465762
0.416989571592282
0.447060463499511
0.43133395610376
0.249895277578975
0.376342362692438
0.483483837072709
0.390662819560473
0.45410260960776
0.396835734727867
0.411833576234149
0.427526835239768
0.48732665638606
0.517959898651056
0.532625999933599
0.344116022452977
0.545774461850296
0.473971226255551
0.550504941521013
0.372000210562461
0.461481315597843
0.569119688552915
0.530419888624376
0.426116466593882
0.502612397157995
0.571765212954529
0.560156358267028
0.494214280878566
0.60501204208521
0.443492376038783
0.551664270107011
0.507891279930174
0.550757201618635
0.492374706067186
0.538813848407196
0.486583134103471
0.526044215582691
0.531159435339352
0.438436391489529
0.529821484001781
0.643081077294477
0.483106288632533
0.346433503236216
0.392541377964332
0.639702716645735
0.623986912014392
0.615930452414225
0.34574056215949
0.564244199305849
0.64640243062854
0.519255667484843
0.444941275246282
0.567070833183074
0.489542231091591
0.615583071026227
0.591793558017755
0.619789649318337
0.565019997782645
0.573436273605143
0.633848319264016
0.632060448339881
0.618726802367065
0.57021650986499
0.540985617328196
0.529072142927064
0.588025471974412
0.488488681038879
0.675486815709926
0.498710930597439
0.478823500455722
0.601082624065954
0.549332810367386
0.566449300603857
0.539794247687541
0.499932171986745
0.652381081136514
0.438947214915093
0.53758847421435
0.49682767487105
0.587294889409168
0.537539327983341
0.647981824131354
0.636641252497514
0.677696962820714
0.636981084028967
0.672523128118986
0.594765345278314
0.617154485654353
0.416993431872643
0.584362150901533
0.548279442396351
0.595112001423368
0.575186604081632
0.548840507224929
0.597022397622428
0.763196950963479
0.630365932505276
0.570591193214985
0.590191772332368
0.699379717071913
0.452438260185977
0.56788194141593
0.860986026750512
0.510982561923733
0.717376890693277
0.662042323061051
0.546944270323213
0.70112808494405
0.705974135831259
0.593263248079719
0.62211677068288
0.839169223393461
0.744618793520159
0.662300828674058
0.626240436223342
0.672729603633462
0.760100616222683
0.672858834911334
0.610254059075548
0.569065656544153
0.562186803950838
0.530893814477922
0.729630567167418
0.697749510150211
0.577879584887892
0.689507263906718
0.817464787792825
0.700521254835855
0.654577673282238
0.710579907326696
0.630710193086628
0.627863195685473
0.767760444375623
0.699710718544786
0.80419709917482
0.495890929310283
0.479002079110351
0.653580920250516
0.662357900604248
0.647117510202132
0.792139471443514
0.687495051557596
0.606165412604073
0.595276719521799
0.798399903186511
0.671562176136561
0.587056061629444
0.653241027706312
0.689351472375377
0.667987559889681
0.645607142359983
0.796453514746954
0.636205658291459
0.84888563665079
0.737013346125642
0.690633006627004
0.688685349623451
0.70993705613347
0.758073369037224
0.720064600198329
0.732153136545161
0.779988984493573
0.805232081142446
0.873935419299699
0.902784402546163
0.747744828164628
0.848942383355801
0.662861916715801
0.88393923948234
0.77471790205265
0.685561787426266
0.871963741475538
0.882477423976542
0.917838951333175
0.820155159894137
0.794214448590183
0.844613759636985
0.737438179415538
0.779655734552409
0.710428096058552
0.805031131722325
0.861153828759889
0.779004358740537
0.873634736319506
0.734037234367119
0.615673773334915
0.904810595399951
0.702596607901224
0.887584714828047
0.916368299547898
0.790092733855015
0.891116756535056
0.78826776692599
0.843990112591434
0.633646909700848
0.795670538996842
0.870766612587508
0.690986605085782
0.980030825011517
0.86048028621538
0.827293290375344
0.870142216611625
0.852957657534946
0.959868134601925
0.959034816137058
0.947434360329362
0.819717333148198
0.846099035229635
0.699790284554848
0.858745676256283
0.949823466158633
1.00331091880392
0.932120705317962
0.940103382055484
0.7877464768602
0.802610961801609
0.838441050556928
0.832686748068475
0.905311669504396
0.978604768615274
1.07127664771731
0.944312305098868
1.06453408858572
0.976668053792443
0.814964618729407
0.846408433325725
0.997575386862821
0.930409917575886
0.96401062185533
0.884263465489276
0.938731772817347
0.737512868825963
0.99491129513494
0.817978414766482
0.954786878746149
0.809955975710622
0.905780739414305
0.807632725621157
0.906578963448527
0.808826491673443
1.04588392154137
0.917147134387295
0.95868193684674
0.941821577263752
0.878033689122013
0.769445845150842
0.974544800700685
0.843324725444927
1.0939389391889
1.03488413438386
0.924462868392445
0.971753058719918
1.09854179545845
1.04719619112474
0.94779038472941
0.905647849972562
0.962671295155523
1.02549850685328
0.995042237973119
1.02189869607169
1.05102051406181
1.03711903956466
0.970095709571822
1.01559592316751
0.940099290118348
1.03102426770528
1.01590289384017
0.951272537319213
0.909937558217183
1.02738019810923
0.979267476430442
0.960862176423071
1.13779085246254
1.0694787393906
0.886390046937327
0.878412954059839
1.03246078576378
1.01837458842367
1.19390278755209
1.06702882357584
0.860527157955924
