0.00547267150696026
-1.0564329713053
-0.935423301564713
-0.961641632266776
-0.885570748177568
-1.08430312053864
-1.024822304403
-0.866325192329581
-0.924632680737907
-0.988212904527051
-0.87704545021034
-1.01612189267475
-1.0479706293481
-0.867339725567364
-0.967171835873345
-0.876455141592839
-0.944613110176413
-0.954046606166316
-0.967205787369495
-0.911422840823908
-0.86399371177283
-1.04375481877547
-1.10889853006625
-0.82613572814219
-0.988298486376745
-0.995979306056575
-0.94605097045059
-0.97982433301073
-1.0048577561614
-0.859938456599016
-0.936095078938253
-0.843687704994789
-0.940161065246574
-0.987953281979656
-0.789985121933579
-1.05123728246313
-0.930411343024351
-0.798453035150274
-0.918400817440783
-0.93291586653779
-0.933361989112423
-0.898969109004722
-0.919193093466497
-0.787068605840293
-0.904654469592743
-0.972079477410279
-0.780831746706677
-0.826415922615799
-0.930584125049338
-0.829957803516343
-0.866723844347008
-0.93747599856765
-0.836901683160449
-0.906848892340316
-0.877827275207535
-0.961808429130959
-0.879792917717698
-1.01660868074852
-0.857889883932008
-0.783376930337463
-0.868122426254404
-0.793891631433277
-0.793953128914365
-0.86125252321826
-0.656843399508378
-0.886477488451327
-1.04266980833539
-0.900240529190254
-0.839596559594852
-0.927673059323551
-0.901589696970043
-0.806967892744576
-0.933630907447429
-0.874917833116837
-0.840644952895649
-0.767022879671405
-0.830936295051657
-0.828427606713194
-0.845857966176213
-0.884120032768063
-0.713920916391077
-0.861112212211938
-0.809963135897458
-0.937427031858319
-0.967810590259757
-0.762748143511623
-0.847773729940535
-0.851746982691043
-0.814681655639766
-0.820643734321337
-0.676936533297652
-0.696965316227877
-0.806803084825606
-0.82067380225368
-0.865514950422306
-0.709757542560431
-0.758177842443823
-0.691488021443104
-0.890107702371939
-0.881280646839453
-0.863042097528787
-0.758254275319042
-0.824010507027101
-0.815222516393623
-1.00957333808723
-0.762766580585572
-0.908617437645102
-0.806986658906657
-0.6842308090253
-0.728598482226541
-0.87098428366917
-0.777298722922155
-0.753047316837179
-0.793920011740066
-0.721323213215167
-0.764614944953196
-0.874687797793889
-0.771974041990497
-0.807771408109304
-0.731666448690893
-0.574918904099935
-0.776261355524353
-0.77380894073758
-0.733546570716809
-0.656208158187823
-0.725623756951838
-0.686197624636199
-0.795287260749269
-0.748060505135482
-0.760254650636473
-0.896986219485957
-0.766413373593955
-0.713117745867328
-0.511553600142574
-0.779296237411291
-0.664494696510153
-0.925141612350642
-0.788121243849637
-0.549715873137072
-0.735376831616582
-0.694289951719574
-0.702672796440299
-0.699396569217653
-0.788834735946771
-0.724800269922108
-0.751446975497011
-0.674742492153426
-0.824595521539877
-0.585231992064154
-0.790332916438615
-0.756767543073381
-0.484129736116327
-0.582712765523205
-0.564823493433059
-0.654688724701396
-0.610506910689845
-0.609741134003273
-0.654665804691728
-0.680078577550247
-0.701838655619119
-0.572920617737827
-0.669629103315008
-0.772346992486685
-0.724471799249469
-0.806871059825488
-0.711142047133492
-0.599699656892412
-0.713975954150182
-0.618696265288811
-0.626017085625408
-0.683886443746919
-0.685176802608341
-0.762866378563678
-0.686302108452465
-0.74402196374674
-0.574348779902243
-0.600114383335627
-0.654881256967534
-0.492411680552225
-0.81174399110937
-0.745544118862547
-0.747529548475476
-0.611174256277194
-0.407662782990357
-0.575600019569858
-0.639142189246256
-0.625222627326205
-0.595459310648962
-0.64936349399429
-0.783150429415447
-0.667281321673835
-0.670580710968068
-0.557308561596801
-0.511589212382311
-0.455262048499122
-0.627937170165895
-0.603378449765919
-0.688421148867604
-0.591858006616887
-0.597119755200585
-0.498049714044643
-0.719771120933066
-0.59093785833686
-0.503381135810785
-0.638589873993744
-0.598444807657854
-0.64474599821652
-0.484394993160545
-0.410968052020146
-0.625014230206256
-0.334934232581843
-0.597882140503527
-0.601992728550514
-0.463753416816358
-0.575970509829152
-0.490755544276754
-0.526435644720291
-0.584003310596132
-0.603632220891478
-0.449380424488365
-0.709390001240031
-0.681846090085393
-0.601978646152822
-0.590826554646767
-0.699343678999534
-0.617478257369037
-0.527924263689741
-0.525599320677898
-0.606437925201091
-0.590369166711156
-0.58550862843814
-0.547814724423335
-0.526286397749728
-0.406665316831284
-0.576290362723523
-0.551887555997753
-0.317058871962203
-0.521948648337237
-0.505176425783421
-0.54293760622032
-0.438033463709117
-0.435484536486831
-0.663683043573071
-0.408702777951726
-0.538984830386584
-0.495893354960495
-0.520193594978686
-0.612485831058867
-0.576165616774759
-0.418157321777653
-0.606684084137285
-0.402154284428987
-0.649206625927185
-0.450610539681397
-0.479308771771107
-0.485213689083817
-0.400444553512793
-0.586538259887382
-0.557011828116993
-0.549154743921186
-0.559819482245565
-0.635694147628734
-0.438473417585948
-0.449464311548339
-0.365309928254129
-0.63558720362437
-0.402185811112296
-0.620107640724874
-0.472863629852471
-0.553031038903627
-0.331890601646643
-0.567003374287575
-0.593648207556185
-0.413170302507492
-0.342459562320354
-0.395335567823021
-0.372958746233078
-0.488023528796225
-0.323778013398984
-0.379640227908596
-0.481465257034112
-0.397430672009022
-0.552776744459967
-0.488971462537223
-0.481485981479969
-0.530460553782961
-0.373694576530456
-0.412900914935004
-0.389120259558468
-0.588313932033796
-0.478129363289046
-0.418927934921938
-0.311060582710381
-0.477693461343691
-0.293172849278967
-0.337186041674692
-0.345609890141543
-0.403152215955999
-0.277358781615578
-0.409277679492807
-0.447480853212316
-0.32860168073435
-0.23884184046072
-0.357113489117171
-0.317775957045304
-0.378146886342102
-0.17198832403844
-0.398940556518097
-0.348143430996601
-0.26516538029293
-0.424960174371273
-0.469089571737344
-0.432455502676599
-0.273913704439441
-0.380330044688926
-0.345598870733306
-0.375023638584252
-0.441322972756042
-0.173395423503482
-0.367012219051812
-0.455125256473305
-0.246790598704117
-0.368492857783819
-0.350490623028743
-0.379430804349787
-0.349904644383983
-0.381377007690645
-0.543356816399677
-0.360381064787489
-0.41476867977648
-0.421475743144166
-0.480356550844017
-0.334785611074945
-0.337321397318824
-0.21493867230323
-0.243742041505084
-0.30438209245976
-0.439696556960211
-0.372017328985928
-0.359061915017751
-0.317904205175995
-0.32256047623114
-0.364204599207193
-0.320930080575936
-0.235869298369606
-0.226491172937564
-0.316035949070324
-0.327031537203209
-0.420072426332259
-0.324198977983287
-0.435316554343082
-0.412783847834896
-0.220715272161204
-0.227576245397568
-0.425828684383349
-0.195568635907213
-0.230067746176982
-0.323241445560993
-0.334748312885246
-0.261174830092334
-0.467290076384037
-0.11084646285542
-0.372130766837981
-0.333255279914969
-0.229925601200391
-0.153737125525255
-0.216840298894486
-0.269477304775095
-0.25900378783283
-0.331454746313516
-0.272493687074188
-0.245317122283447
-0.155559395787074
-0.192122740290892
-0.26224083137328
-0.13683425206217
-0.166277599320821
-0.226444084895716
-0.377151957360366
-0.20627022155476
-0.049499232980627
-0.451541091320751
-0.38145876257586
-0.230766258646285
-0.411190657486741
-0.189181349564622
-0.27052381309204
-0.24960676310954
-0.31837808934899
-0.256370602215713
-0.167951501099551
-0.388362901089462
-0.196888280970893
-0.16582593983634
-0.241753558189582
-0.339088847651454
-0.247908506143957
-0.178955483704739
-0.225911509443573
-0.202325063269696
-0.15751288480299
-0.0623710510874972
-0.239172950309176
-0.254666687658513
-0.175554858593464
-0.177717247175911
-0.24164026979589
-0.134130286001601
-0.189038976989551
-0.119450006171799
-0.162339383998389
-0.183481527491547
-0.222515588716918
-0.0657086743256515
-0.127442290116035
-0.150073473129258
-0.104718310733151
-0.0431442341946631
-0.242805382102332
-0.081804512639601
-0.139642444979016
-0.0805370134637423
-0.142942986214632
-0.135610959424291
0.0050747830569511
-0.247918004666654
-0.143877976438597
-0.232709399594278
0.0054371480969874
-0.275814138941187
-0.0955606748448929
-0.218261369387597
-0.0642908697278962
-0.0101639131444682
-0.157821649692498
-0.14665021209615
-0.21074795833106
-0.233780958658198
-0.0388970128414618
-0.0343837378449878
-0.183637110648811
-0.169565301190571
-0.00169466682721743
-0.0500328964344661
-0.161603895090119
0.0142682367404959
-0.22936180139039
-0.0391814264546533
-0.148459887024902
-0.0541764063896632
-0.101765447490849
-0.104973009236996
-0.120970782523163
-0.010781068191487
-0.155385948446192
-0.139725790360433
-0.0474399210981474
-0.223837683278726
0.0253368810962351
-0.106412022786234
-0.0327937436830435
0.0436403851235989
-0.0297379520690423
-0.044064395168736
-0.062732544673864
0.00451479112578571
-0.0760697910947154
-0.0767538791013688
-0.0707430833747561
0.0308963793783625
0.00192987448859944
-0.191145516427401
-0.00335768186315728
-0.10072549467504
-0.0677698873864658
-0.0300578117096861
-0.0320824033242909
-0.258412598659147
0.0329652057678129
-0.0480438514312124
-0.0405847625536707
-0.190136470745387
0.011340859108102
-0.0231290490212185
-0.167978649879672
-0.0464136874073367
-0.0850402277794134
-0.0598046290545244
-0.0720171412617817
-0.0562352745447248
0.0623553873290823
-0.0901191156663728
0.00830817997823701
0.151704730555283
0.0891964644168221
0.0597311595303249
-0.0317561871387902
-0.010130067496293
-0.0696434168022417
-0.134054918867779
-0.104080902207743
-0.060688668464892
0.0638822078999426
-0.0735100603874712
-0.134453186688513
-0.0848194353438673
-0.06287203688906
-0.0270260717757997
0.147238620778971
0.249532023271788
0.247952159869116
0.0117291092366604
-0.102178220152864
0.114615267098076
0.103571628824249
0.0363855213353081
0.144627359203525
-0.061344215133962
-0.218659603601961
0.229815982702143
0.0351137129902043
-0.0263387897076488
0.010067394020742
0.00100834052953702
0.0378476260578662
-0.0732640647852052
0.0898416852978023
0.087441285034429
0.209966898463474
-0.0143669056404383
-0.0166644355454759
0.0985303475522474
0.178835937051659
0.0416404183695965
0.062834734581179
0.0471009768217582
0.00487936831339915
0.0480439945030871
-0.00986492873551272
0.131844673705277
0.220784742387161
0.0431244852476784
0.158683376162263
0.0334858789222042
0.00910693509347267
0.0220934201964755
0.116790217318641
0.0906763882595873
0.284205522479615
-0.00428435273109276
0.0671374965559332
0.237579482804676
0.0333553983409927
0.119065673177789
0.0296625281857678
-0.00406472618276946
0.054590139481368
0.205317868537226
0.0452381542089751
0.113684950795328
-0.0267084841031233
0.0509877192332148
-0.0131956266234096
0.254009238097898
-0.0351648330651521
0.138074278532518
0.259936238684968
0.230166100528902
0.200781345528663
0.0956449764163591
0.170156786658992
0.172036926936423
0.159330882422779
0.215371334723923
0.0590640599117236
0.214356133478714
0.219263126887855
0.072089088310621
-0.0392995505236907
0.244993199952479
0.12063177053063
0.130270803833738
0.27514612318519
0.0975998779671523
0.188940128283746
0.162094425172026
0.168583980709403
0.0928653128822234
0.180555611941956
0.0511393972970674
0.0279587963243111
0.0695238526751836
0.250777059937452
0.169130058052388
0.201320438150415
0.245974958415104
0.235085176029349
0.0892677552074487
0.193109577517812
0.329178570412657
0.19898939736251
0.114473369798135
0.235413768787901
0.263915958341871
0.121155881562745
0.0951780848179547
0.201785344490723
0.185696863356404
0.150826512011935
0.255255679904868
0.258149812355733
0.261167724407225
0.241276836155211
0.32562907648482
0.183977194705074
0.194834360884256
0.208326043403748
0.0557624285141252
0.308971370895017
0.0747660720618913
0.316731441338037
0.18567025352436
0.0933314342882432
0.0880430732039434
0.217519663210911
0.295519327477921
0.0888355217967936
0.20410181025021
0.267827386942997
0.309995131686301
0.400733308635967
0.352856850472277
0.22989565795242
0.289397509198177
0.301231131432167
0.15896349354142
0.352346152446177
0.243202179735452
0.206790250230861
0.295211632415813
0.252768209908369
0.340594928382457
0.113378288319138
0.378748185844084
0.43126615053888
0.26658012924144
0.350648033313335
0.179608438868559
0.364067971340181
0.411157057782454
0.311794752813825
0.186786591700819
0.23348504231331
0.389188509529572
0.284906778613325
0.374864359530716
0.253375803342041
0.465695880732519
0.130309096294029
0.328337225655673
0.339403897576015
0.240565234713323
0.312240147263868
0.257522324586075
0.347957845972264
0.19385315669702
0.357183621258083
0.377316577929757
0.372227048345031
0.342197903321688
0.3650492563686
0.364664758982447
0.466804352149081
0.572900904535483
0.357610944280527
0.36525282103715
0.309481587392962
0.524823367169778
0.327726940868864
0.491543979007546
0.361285567037461
0.281089382238655
0.39006151384622
0.33675323002689
0.444814574394192
0.338875299100426
0.441569350597718
0.34668715785972
0.391975104544996
0.396218387478186
0.276340635318573
0.35430768917822
0.319453072161272
0.108682883898903
0.300378200689532
0.375247046453591
0.469849899047748
0.393179802834573
0.375241392132361
0.394309907121543
0.352568113105817
0.428920886942947
0.256463505634269
0.33584384372169
0.485243742773953
0.442385424858846
0.353923262082908
0.356382630822877
0.479580177101448
0.436028884361006
0.553791843847338
0.438675858387948
0.558138573229337
0.352692388677654
0.257723176539561
0.512159946205033
0.492271389801508
0.309137729122597
0.422536612514225
0.244603349791776
0.396482389194484
0.479325177649246
0.679619827611967
0.415812364370855
0.552895830463722
0.488503673531556
0.496670635699275
0.343297834637577
0.41693003409251
0.478200683029317
0.460093448057292
0.46459658527628
0.299300204482356
0.447299379082605
0.520884385932267
0.380749475363089
0.581644195757017
0.466264539410951
0.433346271651324
0.503518692616751
0.556303888570782
0.532237814964734
0.62305766438732
0.376311833617613
0.462205184579633
0.409039598440583
0.379495566068467
0.478678773126127
0.493035169243326
0.406866276366485
0.591955336329875
0.62695760743585
0.410661265135728
0.576259921235159
0.48286858944803
0.447967137653586
0.548234335047741
0.59838387710392
0.384853150915719
0.442788865035311
0.48843805316601
0.579011396104353
0.604604395041422
0.519086028884921
0.546006937122689
0.601255100686782
0.41915649979714
0.660242670104246
0.407692963373168
0.394729720451818
0.40574617320225
0.692262701974232
0.572749180828694
0.549370684909633
0.37767406328628
0.454752989118466
0.408803876656904
0.593607491358221
0.529158016435943
0.640157017612547
0.608095630593973
0.568477088827109
0.690415738853652
0.561754802783395
0.602575163737977
0.696245464462082
0.53855499964116
0.598610749571276
0.662672700740741
0.517441322041976
0.620709374465302
0.454504793279875
0.664674516297194
0.413081168826881
0.481252100468919
0.61922864060025
0.528730686402073
0.677850048111235
0.576645126626118
0.67994203497701
0.62607839701089
0.677760402743449
0.57292601479566
0.670089446985352
0.496061558364894
0.540605239040168
0.56800862911039
0.638709824558171
0.603383601029745
0.628374952350504
0.654535816889739
0.527951278475915
0.599747329739975
0.797856411285551
0.674502087220097
0.617306284104808
0.697672987846682
0.80774066767417
0.62547702556274
0.657694915693797
0.644170254808849
0.608028920413986
0.586715092255473
0.555657120215926
0.639426101323981
0.495441224298718
0.600123835086684
0.721586371552647
0.614800075695017
0.730499019475114
0.711354685641909
0.746824597540609
0.780077207011859
0.673882162350909
0.589752667289883
0.682939100569578
0.614629935062408
0.742113670093932
0.734325435410337
0.77568941448874
0.512925622557428
0.693434785980401
0.704612983835382
0.710924737931952
0.661049345417748
0.60804441649792
0.730297717289624
0.76805565099525
0.754440773231233
0.541480254620592
0.811405177505027
0.692577509940044
0.740609336260409
0.725156572984461
0.422229431505016
0.627350777880122
0.604872181507541
0.803865986651963
0.752061050832219
0.620203868584221
0.761166705834532
0.7598660799445
0.692669617998727
0.784954423177675
0.789971157289084
0.734771137496742
0.753501970654136
0.884846597012657
0.698510686746769
0.684452429464061
0.762775032986103
0.585394951494442
0.718242526589958
0.708250533756995
0.787828259512366
0.694999469492605
0.843932440315939
0.676180272457357
0.836134161018445
0.592632465391395
0.7896518702942
0.846400963664436
0.642389584788457
0.717883716649174
0.755803404290287
0.868518486961284
0.833790709702472
0.804242314104343
0.770419984599555
0.784821992824459
0.767194798742526
0.660853243016233
0.735965804622348
0.71124895612771
0.757041717776176
0.781922937874914
0.907317937049065
0.777405476488659
0.728104152575476
0.819936435085617
0.793576292275562
0.692863193598194
0.663054202145002
0.727328860918482
0.73384398181968
0.817864707702291
0.844214847187853
0.933536426444731
0.721674581947456
0.869897640620769
0.666653570791938
0.816087560735209
0.725556202781714
0.843042859649819
0.771983396121248
0.878779044374791
0.738870766521005
0.840420069156234
0.82819893921419
0.934574648415968
0.847952790393639
0.848186055286577
0.832755258829746
0.804473104560674
0.902539024457415
0.810983997866844
0.677825665820211
0.755850850358083
0.942619574534137
1.03305085616292
0.721690901345956
0.783698315653501
0.781325420870741
0.880780785731445
0.961456353609384
0.775744612461309
0.850907456171326
0.746833562490656
1.01061985900934
0.918838609446158
0.81006356730395
0.899925582793438
0.947688192175936
1.01449833235946
0.955975029320953
0.76570933125367
0.951731819373447
0.945552200907247
0.78315226033881
0.863678970473357
0.852932555538463
0.866207257527392
1.00157002044412
0.908451091431807
0.948410901043815
0.940689684013758
0.824860486098406
0.963837956967287
1.01707141743718
0.809830323210804
0.858992872204178
0.791588196940559
0.857366450975371
0.904719811476217
0.849937277924988
0.915184065825889
1.00190914970029
1.00705778013296
0.786964453730438
0.940342598932372
0.807553195105647
0.995158622753329
0.759165474068855
0.838129920829006
0.986460228810766
0.943522099663211
0.872742414052561
0.935494443466322
0.942131688107529
1.0660150879846
0.97915087809416
0.921576621993048
1.02065872652349
1.06597882581044
0.925579348829639
1.01560817777004
0.891214967309856
0.949241904278494
0.985005571239607
1.14293643276994
1.00272053103382
0.934356246417408
1.06595774796011
0.925608143331106
0.844895593380812
1.0913489466303
0.919293259762064
1.02184151779294
1.12599551196132
1.03013425217718
0.953034184663836
