-0.0333083567649464
-1.0848921775501
-0.95860395325583
-1.04179972170201
-1.10882324040751
-0.961247858693986
-1.03981833489022
-0.964630592558292
-1.00288712624987
-0.975149732778614
-1.01217167375501
-0.947021158361241
-0.938931462723688
-1.09902483661661
-0.927670521680624
-1.03068039349667
-0.970285392034729
-1.00966737710908
-1.09528329259242
-0.85833806694044
-0.923808488039365
-0.920142229490745
-1.07565790523412
-0.926727385083101
-1.01896991873151
-0.997779806059814
-0.96937795316578
-1.01830915454401
-1.02815303452847
-1.00437936945262
-1.04930557021835
-0.928211819000762
-0.937467950905901
-1.04067254799499
-0.879080888040916
-0.800953046396026
-0.95565327670398
-0.955781109124273
-1.05404057068799
-0.810254517168798
-0.750422473344978
-0.811201938837722
-0.885156824602012
-0.874389522457576
-0.920457287479681
-1.10864889684315
-0.859531801851657
-1.04562069523901
-0.920762505706716
-0.773044436885124
-0.879901605839812
-0.823463799524399
-1.02270971471389
-0.861522906619306
-0.80759957165445
-0.868253696362097
-0.761393542364173
-1.00029139281737
-0.7500728012904
-0.77524256317984
-1.0363753061984
-0.860184698930298
-0.787353710096996
-0.753962326407419
-0.811827089201434
-0.899053743255229
-0.797373423278592
-0.921224276454674
-0.764335834529008
-0.785026842406079
-0.744891250655704
-1.06132163460111
-1.05594350625389
-0.865088392413319
-0.858172600695811
-0.920614301323348
-0.988135835709534
-0.606238818873076
-0.971008579154353
-0.749146375272583
-0.798171479948888
-0.750936480757078
-0.772957736767525
-0.827860580076612
-0.738311581887026
-0.733358654139076
-0.874223887932371
-0.824964166726002
-0.890458766800157
-0.66701767652031
-0.765975318108168
-0.939606763041632
-0.691328039976576
-0.736292927313561
-0.769191473677523
-0.885825474398512
-0.820774211540983
-0.870492003457278
-0.861686735388262
-0.865825874162645
-0.757403834471313
-0.972894632540528
-0.940495043189081
-0.829239603356059
-0.832161008143228
-0.792457931704442
-0.796745362259855
-0.781091618624726
-0.8653914094547
-0.825082332717926
-0.715792053705258
-0.763684702364346
-0.714501001138078
-0.771254669365976
-0.894337556632456
-0.786098614851498
-0.661381419705429
-0.628076201376765
-0.650542948155126
-0.885050239002278
-0.778922433362248
-0.944423262324924
-0.756988532211057
-0.779374993579637
-0.727188897637404
-0.687478570252935
-0.637738573305569
-0.834031687544718
-0.682125695499988
-0.64533050714949
-0.607906218974449
-0.828369049433742
-0.715051810803433
-0.592603824460821
-0.864309277003665
-0.812870836841573
-0.688892420989767
-0.697630531622459
-0.688446693413586
-0.78143094979112
-0.565159387768864
-0.682657663740478
-0.644560983355993
-0.69371366316828
-0.700081430197712
-0.79768713300366
-0.731960919526681
-0.66435912738475
-0.641635442518555
-0.656439594567468
-0.716610466880866
-0.890897536310392
-0.584548322643909
-0.611672111911565
-0.671310854567395
-0.736695263593096
-0.709618144441501
-0.657709073806328
-0.670085642459079
-0.633573710182534
-0.642265071263039
-0.691816766559402
-0.821837525553625
-0.841459228796177
-0.8534273011026
-0.661922910089174
-0.728703047570108
-0.739089592952025
-0.582305091458553
-0.601932451553945
-0.78270634354352
-0.624335170978439
-0.722851797656621
-0.577134681467968
-0.7095961586756
-0.821936735884887
-0.633135857365256
-0.794056920614362
-0.677257100160081
-0.625985667053725
-0.568465571674551
-0.598108266462998
-0.613323613090095
-0.696756857436384
-0.686047424280719
-0.635866308744549
-0.598158065786084
-0.687840368521247
-0.565889300781349
-0.779614558876768
-0.639397184846017
-0.57116996530113
-0.624696389201131
-0.790370396388765
-0.549075270496385
-0.610209838229864
-0.758397112261458
-0.626963143667778
-0.840930305544716
-0.619028588748641
-0.55753091482229
-0.675660897079798
-0.484139885161816
-0.669812399863685
-0.626690114690832
-0.581070352913278
-0.673852812115625
-0.512401443865186
-0.506208094823861
-0.586574024683225
-0.6308375784761
-0.643723612913432
-0.762753834243316
-0.529241538498262
-0.547658963652587
-0.494885618128269
-0.67854683217263
-0.567451933696396
-0.570923355248213
-0.572930164774886
-0.606894204064033
-0.553705604295347
-0.682262115853698
-0.387208049803896
-0.411659820427212
-0.491896550235807
-0.584100630683475
-0.611421797043321
-0.630777551332566
-0.508302348942867
-0.689370019867395
-0.561888037403719
-0.562996934020165
-0.494972064290275
-0.395033955667703
-0.52009783845583
-0.623121525189693
-0.355860871087824
-0.452065049599027
-0.466014979457029
-0.506886282660431
-0.589321070638081
-0.491188926710936
-0.494631200373192
-0.423743158127103
-0.46752443086652
-0.53743788130248
-0.517260139497842
-0.305363833379361
-0.479013549481729
-0.508744493624039
-0.422452208690349
-0.554946869153658
-0.457648606384521
-0.433933885589571
-0.435822942732788
-0.50177541987664
-0.616287756528995
-0.397547743940529
-0.57003169861312
-0.609909870483176
-0.427670794599648
-0.382822833642892
-0.462856829168643
-0.388906989561657
-0.525574617642896
-0.506479137352016
-0.36555693001638
-0.458171544131466
-0.31576157882982
-0.59884591099491
-0.446681021539684
-0.330941635352946
-0.588599279422968
-0.4778831726094
-0.562803034908807
-0.443840963924403
-0.527095791472373
-0.456639608590701
-0.555954435466823
-0.578072273663209
-0.458941684924178
-0.376145105818775
-0.351240524499788
-0.510343327739786
-0.367213448754962
-0.376807719323075
-0.463141808979849
-0.314956761533908
-0.467596008020295
-0.326872832238184
-0.366977324547275
-0.418708936308698
-0.523208081677592
-0.451558121341558
-0.395715479820741
-0.389188719701362
-0.443996112346262
-0.431889047722259
-0.456157817973813
-0.347640779288135
-0.364550371895065
-0.408054937987435
-0.440848549787236
-0.355315904251358
-0.379479407051621
-0.411288397687197
-0.411054274243535
-0.293629583915616
-0.299284889066992
-0.526565704552041
-0.458488259256661
-0.331393671098805
-0.239330978124775
-0.431062693114637
-0.409835253642057
-0.44389832578252
-0.389677164323728
-0.279383299197907
-0.39087500103215
-0.376676874767471
-0.299334219169438
-0.413507265090773
-0.322747859020336
-0.362440521162588
-0.382626048115224
-0.309157725178282
-0.398733917380032
-0.279294878863405
-0.301831592955932
-0.275605922002197
-0.480088783838695
-0.137593893688858
-0.282616904744853
-0.297220723117385
-0.253035743113045
-0.316942236020051
-0.3388411144206
-0.261951035661101
-0.403654303883157
-0.180270426853364
-0.316369577985873
-0.266628698273179
-0.407837342601404
-0.290321686762379
-0.342858929539676
-0.304772760087349
-0.349925890503664
-0.265023288590765
-0.366692422716233
-0.384196264020539
-0.259787080047688
-0.3881856092001
-0.325698934431884
-0.245613161711644
-0.331339702698521
-0.421221334770846
-0.248384321197465
-0.328254135994986
-0.289477745960749
-0.262947471746372
-0.286777603183194
-0.28636401181778
-0.194639380002392
-0.290330825542935
-0.288463278516541
-0.305124907724948
-0.188093516113413
-0.23151816599328
-0.291434596129748
-0.247333927955912
-0.285194042845864
-0.444074986969205
-0.248916776602277
-0.252667768701019
-0.188038590956679
-0.295367084258431
-0.253701562882039
-0.241074161144531
-0.21077022145902
-0.204261618177929
-0.206487564542171
-0.279530244726488
-0.226372389933456
-0.193145320542006
-0.157961684162934
-0.171174084702855
-0.264709246457259
-0.391668020684395
-0.396144828681516
-0.231711933469839
-0.1649944167981
-0.15098713498036
-0.286168778126082
-0.252320897527771
-0.165765295941698
-0.254169013966653
-0.195394059401096
-0.156698477616846
-0.0248991407585935
-0.114496149250524
-0.206605405414124
-0.123220078021068
-0.199004925885551
-0.147443224890953
-0.0810073783759524
-0.152161988087802
-0.280614414501107
-0.0121958563303423
-0.0858391412365372
-0.143275015687992
-0.217118058215398
-0.185758680197428
-0.266954366533084
-0.110511616604229
-0.239148499901814
-0.160484172655445
-0.125896969226049
-0.324050961350694
-0.103641968521856
-0.19655663017353
-0.0755225210862805
-0.239594500490492
-0.0658572541753473
-0.244832369200427
-0.204136275762717
-0.136973845793856
-0.172467252364936
-0.108402430629614
-0.138595121502403
-0.0670560866521688
0.054726379473155
-0.257907482587365
-0.185113714352064
-0.230889067793491
-0.027619427211911
-0.0120523676996943
-0.0659364336416197
-0.0997751367331678
-0.0342017698727555
-0.184460099751294
-0.270656598358031
-0.212691454959077
-0.210548886782299
-0.0375104351595456
-0.152526032477759
-0.223497649487426
-0.0791576304012741
-0.166698176985259
-0.128140187740147
-0.0489139254552527
-0.0131692332508828
-0.0982971271624477
0.0220738846049089
0.012350419278715
-0.0455846066393951
0.0344638533697224
0.0761968929199342
-0.259086306969921
-0.0441262092807228
-0.118543513035722
-0.0727840831095722
-0.13210868073356
-0.0371916382041753
-0.0827833714221229
-0.100721662518393
-0.143471643585199
-0.158414598176744
-0.0105707472042034
-0.148839669904673
-0.145128839388061
-0.0224770194956455
0.0178893620555321
-0.0879766429422496
-0.0682443750608135
0.0138835455696568
-0.0383207741779915
-0.0965707991961547
0.00742641690917849
0.0135362916784557
0.0887714522303204
-0.0351164174754679
-0.0710064359973609
-0.125885845996766
-0.112281421282992
0.1142696973311
-0.0354696186293113
-0.173304973827159
-0.157772336398967
-0.0142030100354834
-0.088394553277312
-0.0800764209604346
0.13337587588771
0.00937079194976777
-0.0106898012116596
-0.0798593895916061
-0.0467337966870457
0.0173587338487866
-0.0505066080039515
-0.124020344832551
0.0158239899486739
0.0707868746190567
-0.0658985551974846
-0.18732703816641
0.00665091995785929
0.0874245828514543
-0.0434833377673325
-0.0673621908254134
-0.003135203179912
0.113100045212203
-0.0566709607086764
0.14728199122788
-0.0602972363702713
-0.0697416160919192
0.0169533152597627
0.0723003374204871
0.0808705698506553
0.067954778787681
0.0333628410912756
0.0994940093184933
0.0859557393808477
0.175525121276324
-0.0176647363732152
-0.0110875915805476
-0.0243609595548798
0.0415467904458548
-0.0484955132875061
0.111737544694827
0.0254086730726268
0.0330396495231202
0.0461781020418601
0.0733530960165391
-0.0819860125719596
0.127919180458985
0.0420655605610887
0.160191456236399
0.144981198063119
0.111703786914642
0.100016453384161
-0.000271817323745201
-0.00573982337442155
0.216380743149768
0.00389968629326292
0.126926605252025
0.141389438500342
-0.023340357913552
-0.0940788986776183
0.146677969687643
0.145053337951036
0.196412258791639
0.231115405423244
0.0774715933453482
0.0236814412748553
0.0445658767335937
0.101666049953295
0.149216495320312
0.164029425165332
0.0976657273891883
0.100083832969988
0.16116723225883
0.19272202207428
0.236836988590532
0.186910060147258
0.0511155768003589
0.0823649340659626
0.0554537491194395
0.12751252848343
0.160666024590383
-0.0537154787702293
0.0886446185270299
0.0703933278261932
0.192317395381548
0.135030684582738
0.0940871343646348
0.161196591914683
0.115060644010908
0.267688453653567
0.167495799033482
0.160805390121917
0.0191156874116878
0.191333133380481
0.18173599684145
0.238500423947602
-0.0143633490773668
0.060514771081337
0.15712829372113
0.164233119437082
0.00671704185901052
0.196103645358479
-0.00477946869136921
0.218546833495152
0.234977453894634
0.110006616831891
0.399116992079114
0.245472009180409
0.181877950526177
0.101060850057981
0.146596335771629
0.252151066667726
0.309944292653283
0.198050158528298
0.310520465394916
0.0631073175422709
0.136274935160666
0.119439779037718
0.196103837079386
0.311765812200826
0.136301536208303
0.397604515664244
0.204499857445133
0.306766022793703
0.383433425184778
0.342569528082963
0.25117838936433
0.142582685742521
0.189416661324229
0.0903113883988264
0.338609868904068
0.199335581408678
0.155171555691772
0.343554360136584
0.261823701181165
0.277104594657635
0.302933293271913
0.18118698066231
0.272537084504504
0.303620419005707
0.344534106032595
0.276299789818209
0.283777389275958
0.0437678470537027
0.244827270179833
0.286637137954248
0.218451702020203
0.272452622384286
0.148010899935213
0.424409890631964
0.260726790159694
0.419621196552056
0.358442506730646
0.404156118776245
0.323181128576653
0.255600206869949
0.371637705478149
0.313987224717173
0.194162190529731
0.448000942192351
0.269371835498668
0.207970809771672
0.354057706398586
0.30904833777766
0.365664529603106
0.363150527627593
0.419996929837987
0.221683932766245
0.213565433542085
0.252603091786335
0.459183874455958
0.346071191308481
0.217313005758385
0.370606130465686
0.265005778723449
0.195379901189422
0.41983375464
0.261449204233629
0.31693781392622
0.451549585206122
0.348260633146182
0.276892401573968
0.349166543520202
0.346738297986777
0.272668390854973
0.404780471038943
0.260499767570378
0.193314849261013
0.372342389207933
0.525714562685687
0.241211008641096
0.406697037810404
0.259909974990737
0.282652377193937
0.341068337077701
0.263745428869795
0.438863426217367
0.294203524559756
0.374189204458671
0.311858742892706
0.418778715701
0.353638234778475
0.501402079387655
0.452576978639267
0.331914166391743
0.551621774200733
0.411659572125748
0.321921205134478
0.336974283164265
0.30924199358217
0.390455727480021
0.293903800748278
0.485683696931388
0.337361063887894
0.324043732653521
0.475326527645045
0.35263814565934
0.337198565232878
0.290904529271077
0.559158021643021
0.448946756101234
0.487766308383259
0.510150100014391
0.533203479241561
0.38333363173211
0.56945299441931
0.450100766971895
0.565045129605014
0.55486374884377
0.463087999310456
0.41492782298224
0.337821608716868
0.406943420472139
0.47143529671959
0.427930059610226
0.471404122339654
0.448228619586012
0.391771592466906
0.399242147378384
0.54894889989727
0.461095196235671
0.49355115401251
0.434347369715239
0.363831316816108
0.429150105080329
0.518486871319964
0.432096131596838
0.558333581188565
0.347743033989808
0.502140928964319
0.614174887538676
0.726487152069733
0.464866526274933
0.506019070516309
0.650592733519036
0.56239960553878
0.481291242088952
0.493988171962599
0.531166210740599
0.500098911329898
0.593214640698125
0.40650670298376
0.400207919380733
0.554946199448476
0.559367106223144
0.490690625696235
0.553314470118181
0.436899766290668
0.527708173751261
0.531767178105737
0.499680588714036
0.434250349104958
0.437873177940453
0.372848105718288
0.608767847931371
0.530440801089778
0.564638298095478
0.572029705306939
0.467944194602982
0.573341827024924
0.525001519152413
0.462203846758956
0.520422608882302
0.484843080446969
0.48075638742677
0.694090570584316
0.541295102842134
0.520313933039655
0.514925006747023
0.56066419655654
0.578803370155707
0.543491468902734
0.560945984198924
0.676535284117362
0.609391953037624
0.612571530611318
0.50455570767902
0.580074309965195
0.580924925236441
0.52974557687994
0.711654084736925
0.549902383966226
0.531449020363046
0.583792402630284
0.620980599237149
0.555858137461178
0.570756486709921
0.685147665191349
0.605594205077327
0.598980452988312
0.564511802751731
0.556894813775418
0.74874685359147
0.637430254566119
0.665551353711655
0.42804702350812
0.588419315880384
0.741984201217537
0.539921423327507
0.727435916185661
0.526763128447392
0.603796608145872
0.674198348863324
0.681617213535498
0.608367559811187
0.538031381771457
0.56677789283096
0.714511081489686
0.668431306390987
0.628757552794813
0.648205101410065
0.620257804721103
0.574941993427357
0.588462332652582
0.45547580332002
0.708922406760295
0.652048135809073
0.479038600704339
0.619836533544173
0.569422153145034
0.733505415576119
0.609973277975502
0.512395134902699
0.844227657355917
0.501125563882607
0.569807611265589
0.677906656982716
0.479196486145617
0.553177367241576
0.737920324174492
0.832714313325774
0.793140062191871
0.662829179566672
0.74275046680204
0.821963931673634
0.650946127049144
0.722112606197786
0.773493962971616
0.782054399861433
0.687386885322556
0.625376440509032
0.585765675166914
0.69147741135081
0.595649587116896
0.729024584048648
0.695287642914739
0.611657219216259
0.779703028167767
0.406518650344957
0.601298320520903
0.668258848328994
0.676468837234069
0.616562019813189
0.749005274116108
0.91354214552391
0.648967465035632
0.691844366825211
0.69714966921368
0.740068409980345
0.624161330194385
0.603012239533327
0.797975585516438
0.760892954610694
0.634214667973159
0.651059937457007
0.761292186250667
0.751150765845196
0.80829345431794
0.653878749151524
0.880406906281315
0.696588521644928
0.874434526023771
0.73589511089561
0.855411784485414
0.701050523898018
0.67769905571082
0.5651722276177
0.835251348436336
0.809470502930512
0.860090952678468
0.882165619206077
0.671993860442017
0.700246315499655
0.694344932976561
0.673422941845079
0.796148292432018
0.768270852847221
0.663193368443379
0.774561621714931
0.845735260445399
0.741608226975594
0.823017225801777
0.709541808381598
0.772211983383684
0.908913104619194
0.766440768036312
0.83841269299304
0.773109924861798
0.942149942257152
0.780962754952394
0.754167563453656
0.88624565091932
0.890454533484323
0.787090974398735
0.778192465625148
0.673455197407272
0.897957957000823
0.790884290231189
0.867979215785534
0.824651360973455
0.699666728788699
0.777639989451803
0.877298649618982
0.789978337108355
0.750113481484102
0.859373774956617
0.869763284023556
0.839082234478914
0.811307833012257
0.813333277130872
0.754725959399527
0.983826154443039
0.815375095704166
0.810114924540664
0.845732600572885
0.91096787788183
0.870544268438448
0.977477773797252
0.861902201914006
0.835724160313363
0.955395440031868
0.99208479865324
0.912539324236206
0.836103710817455
0.973115807996483
1.0208701567877
0.916873346661081
0.822774990428192
0.80176248589202
0.832038908779509
0.820192887503068
0.867007885005959
1.02724950042632
0.873340391165418
0.804194575942518
1.04422764416788
0.92180573793569
0.730224032950433
0.811791696201889
0.827195992499407
1.0016696062096
0.961284823511258
0.936698341096304
0.870882937674618
0.965785764986378
0.954490329984206
0.917693438585474
0.950494965257551
0.941240344311783
0.901001919698023
0.949585028898551
0.97575656784665
0.99337231005028
1.03704666574436
0.969705637083757
1.02423433045639
1.02121188200183
0.900853494950753
0.937180479707613
1.02123224349116
0.940917024968311
0.857829901993232
0.989253452218381
0.926350993147518
0.995743797329031
0.918183591408569
0.920324407049063
1.09978350057235
1.01003667986304
0.978050512684067
0.986009284943059
0.983806392095934
0.953540750293508
0.875199089994223
0.822011492694713
0.871043251562135
0.81739041688472
1.04814194588692
1.11144444372461
0.882474609438241
1.03224546934071
0.934881646003659
0.994105489882654
1.00453301840238
