-0.145303680291044
-1.02218075702023
-1.01810906015361
-1.07946929076905
-1.19043560040278
-1.10374186437676
-1.09488055600605
-1.10200928561322
-1.05971393785346
-0.860523983317905
-0.922154049696067
-0.980793925415542
-0.937640264204498
-0.951381136382085
-0.921807819199069
-0.926110625547605
-1.16785243194033
-0.826120299876824
-0.982525063944847
-0.974547027698001
-0.977771255398294
-0.843178478532599
-1.04228708252796
-1.14904413957567
-1.07710099290381
-0.981452387405757
-0.964764589777343
-0.924824094308132
-0.8755008704994
-0.944914158361191
-0.905051803156757
-0.941891035822399
-0.9685575825992
-0.948903915465443
-0.983361751959045
-0.91479701982726
-0.919053068217087
-0.987704976479785
-0.914023183897199
-0.898619221847529
-0.805329849932466
-0.866589078894412
-0.860027732054009
-0.868873076527613
-0.787866233955958
-0.936928148142786
-0.920998403730448
-0.913660826786243
-0.940671352644456
-0.889863542699223
-0.932740620614992
-0.840250697255985
-0.768444141903299
-0.986275754362992
-0.932736923171427
-0.944191626088499
-0.933914578862859
-0.718923916357743
-0.948451481064094
-0.853988834877302
-1.0567246097607
-0.865806551664817
-0.931281118146477
-0.941205080440812
-0.813482208210166
-0.857197354844785
-0.783312571444016
-0.784299998027217
-0.831203138146414
-0.887328686637575
-0.815792617744482
-0.887841953098032
-0.929937265778395
-0.839473522913533
-0.740505121232033
-0.790114318700621
-0.807759934259444
-0.763262624428144
-0.841925735983372
-0.890023406298556
-0.685689848979741
-0.822808987732687
-0.790190009399025
-0.778717182557601
-0.756392687939049
-0.926127391788822
-0.791325583830004
-0.778291067901528
-0.86170696341048
-0.804511775498605
-0.709433201845101
-0.872686014076196
-0.800990323479426
-0.695704010271375
-0.868893020112871
-0.829541851409957
-0.860481245521238
-0.976520191030022
-0.814142616082309
-0.672957920855633
-0.744648318916361
-0.900998369855811
-0.812179456417449
-0.705113166197118
-0.685194197654114
-0.778690011754901
-0.90417320963922
-0.865508572727507
-0.749943566488692
-0.843364889106749
-0.717400132777538
-0.696296280795697
-0.633339441588404
-0.619897836144145
-0.652585477918797
-0.843279857516344
-0.659136346440894
-0.913335430501186
-0.745101544000553
-0.793368612659398
-0.792982321833101
-0.886541165134172
-0.693994405935375
-0.674785892171609
-0.602262048771205
-0.732918827278232
-0.638345385332129
-0.726270085447013
-0.755549906562508
-0.793540235357105
-0.69233684344292
-0.750603627196771
-0.76392060053042
-0.663121258837221
-0.727724136231657
-0.776308524304916
-0.741203705718416
-0.788928175357916
-0.806275191558573
-0.754339579894272
-0.804151062889065
-0.508547434468641
-0.595375172454663
-0.714646022227293
-0.877121277777067
-0.692791080551729
-0.864287868883306
-0.71040998072836
-0.591559531282016
-0.772308153246534
-0.656323939415734
-0.83165275693811
-0.798935072477504
-0.766347823510676
-0.691308490740984
-0.632443780375218
-0.664755775212727
-0.712756791467692
-0.559521468841083
-0.723790853605272
-0.738976680776863
-0.819438405506191
-0.506363173566203
-0.762541126380943
-0.649097804871162
-0.529187494861092
-0.73065395094227
-0.573380153322934
-0.526575445558951
-0.508955306745212
-0.676861547268713
-0.501194767892408
-0.709858636362967
-0.67014872099336
-0.690296995723489
-0.811365245822969
-0.59590182886236
-0.640817377569741
-0.615864685536242
-0.495954921855185
-0.707376708103319
-0.575533338534986
-0.750342850579734
-0.538827246258697
-0.684066153632318
-0.627522953535064
-0.54127479105058
-0.651281439492314
-0.802777122050353
-0.474790715630532
-0.679733011094883
-0.543912551292592
-0.649493280447958
-0.549872184043963
-0.580010292011533
-0.537906325844889
-0.709280037814843
-0.648428132239244
-0.699785703491223
-0.577704184351906
-0.678862306476198
-0.641767324253116
-0.553296302117307
-0.729349855898201
-0.582853166378981
-0.478927599880415
-0.664299115006899
-0.692295143485107
-0.617798112016992
-0.556782782448069
-0.511711818575229
-0.612001304210197
-0.529905992216203
-0.561468665610881
-0.7079617007266
-0.607766980785776
-0.617489741780763
-0.654922508556716
-0.55660342783886
-0.664960817501969
-0.443605945744611
-0.482283884234786
-0.576986156289449
-0.527145464312016
-0.56571955371273
-0.353742832852532
-0.49302406110376
-0.603532696238812
-0.629080550087666
-0.527991514141796
-0.571608292448619
-0.584752261000391
-0.55099065474409
-0.534639694791472
-0.573121383162376
-0.55744709656433
-0.351605300843746
-0.465860644626454
-0.578484003203691
-0.573142958122993
-0.46029147113182
-0.454976774351101
-0.461160771353755
-0.655502311934702
-0.675990492032919
-0.634950081573744
-0.506756366635714
-0.589919905519304
-0.599065600381794
-0.396310525114639
-0.373162520960698
-0.46330758100898
-0.47471116484828
-0.524087649112406
-0.534774203380421
-0.580721232000115
-0.611524179882483
-0.399818534422028
-0.561252233233679
-0.366428139649363
-0.573983423553688
-0.556603909771688
-0.582908917252738
-0.600591545761152
-0.482656725430103
-0.534646459516645
-0.560245980266815
-0.56395699336409
-0.464818269324228
-0.458881506992324
-0.380374406968243
-0.375988158250698
-0.404936446817661
-0.411365577118892
-0.383621205199212
-0.356011013495363
-0.509551974101367
-0.53118385911129
-0.471413477084988
-0.41051792852381
-0.54272160202931
-0.537150567863686
-0.531489723477229
-0.454228723838548
-0.571535813278418
-0.372976005411511
-0.439658282336952
-0.296550817349312
-0.408565566836996
-0.395292100166598
-0.402943326598795
-0.581550596961874
-0.376820842507544
-0.383578426412771
-0.491954582613887
-0.415668169807662
-0.44819632825216
-0.487819078786954
-0.304781862427424
-0.375388628175843
-0.511423719065955
-0.329900574412614
-0.356653272485331
-0.567285574997331
-0.384830490021222
-0.447715486523274
-0.415591746119433
-0.417756046682474
-0.368495867800587
-0.435371444321722
-0.405451618433147
-0.419711358518947
-0.406377474113807
-0.364144003029172
-0.344119933776152
-0.304394315744925
-0.406785661511117
-0.440099602248659
-0.487959550227374
-0.306331744859977
-0.392005167688679
-0.412066646284919
-0.415008894681258
-0.264255216397918
-0.418813656293029
-0.372063881686977
-0.274518413357006
-0.411264212881093
-0.352140858763019
-0.336045939139338
-0.419022842484541
-0.3947958420097
-0.286319212674873
-0.329103646139717
-0.272478012200781
-0.31715989594585
-0.419236516177618
-0.517420076071174
-0.316296289531936
-0.41016405376331
-0.336278340478766
-0.244879243205873
-0.253090839526561
-0.525697059473042
-0.413555324347376
-0.305647432241321
-0.298145983921577
-0.514231304395246
-0.36574250031258
-0.397561965873518
-0.28508439821933
-0.267533015465901
-0.350207888906253
-0.312098947057107
-0.301421376640891
-0.479639800732208
-0.326694407548854
-0.2855696449473
-0.327888325551694
-0.243591128145405
-0.214222268197743
-0.207630963665599
-0.276171843476723
-0.327375300294791
-0.273415887036818
-0.090645406266702
-0.203983061597555
-0.18715173915213
-0.227018588121485
-0.329045745590308
-0.210278075093861
-0.248512383517391
-0.12047116507222
-0.370478395096459
-0.173076802736625
-0.27881303029472
-0.1879104407773
-0.194928215552811
-0.313144506822103
-0.230573826329662
-0.368439762022696
-0.345401708188589
-0.294557250658149
-0.358510813572211
-0.34334053615736
-0.200581476699962
-0.321035327449774
-0.235355666520413
-0.180361788053525
-0.316999543281838
-0.201309489884545
-0.24049212255152
-0.292071606752342
-0.0789089355892484
-0.271957267667442
-0.157459105155045
-0.0908747591843917
-0.233083351829484
-0.271855193795754
-0.238333153398826
-0.304492551813888
-0.200120751895516
-0.171002800785978
-0.103320294353641
-0.405710909816607
-0.350868260119608
-0.176987103910558
-0.111500624235006
-0.0739925511896052
-0.129745851027775
-0.179431874213695
-0.227927637788281
-0.123658353973614
-0.110285941351455
-0.117421381579095
-0.176057513816045
-0.0553254810410043
-0.0550105405215885
-0.400316049300885
-0.0301999300055551
-0.0816314043336383
-0.172614716727793
-0.13759813567149
-0.283524503267478
0.147605138911762
-0.287643558393553
-0.169833027545388
-0.100600083179333
-0.0398093319855445
-0.202161475036415
-0.119253869787255
-0.0877244873767727
-0.0333895472450585
-0.31005263604428
-0.312559707038805
-0.129746867323028
-0.274658870025832
-0.0147553972095978
-0.242274278502284
-0.201771460860655
-0.322898555019945
-0.0961230473371313
-0.167882303186497
-0.0803445904284622
-0.135154564046409
0.00423666746492176
-0.00409696472804142
0.0163464385820255
-0.08024817936568
-0.119842800167982
-0.183525853583811
0.0139844213732085
-0.0503021248518019
-0.12195308335412
-0.163170566089517
-0.0475847671586718
-0.196953766576293
-0.175346434457626
-0.13671309514894
0.0997334606156824
0.0154665944822346
-0.0956622285648259
-0.131077429835273
-0.203074256895807
-0.169835481371713
-0.194449416791324
0.0187610634091584
-0.0952540665835896
-0.136566146596811
-0.113983696203834
0.11167659575255
-0.111752485187301
-0.200488330295312
-0.0452185345358759
-0.159049655287427
0.0767786357882257
0.0209990519676089
-0.101313575293274
-0.0975658948466554
-0.0247388593571178
-0.120588323294043
0.0935792427450599
0.0266264644005061
-0.170694303275696
-0.169005494897717
-0.0822302635619618
0.0486575367124368
-0.0198879401833752
-0.0176899058260387
-0.047534934654737
0.00265640388756582
0.0501783356586781
-0.0719908699035157
-0.0332498536601553
-0.101944605658354
0.0351854974228864
-0.0867835286593878
-0.0603081463693563
0.0354592125634834
0.00602739649002511
0.0371490424263278
0.0302110723366377
0.111817083095042
-0.0312795271934609
0.0800366948975613
-0.0718476648382949
-0.00552137412469989
0.0342003256705142
-0.150817417885571
-0.0182040527566977
0.0203646787922504
0.0155343151015985
-0.0555442653066289
0.0880530583757707
0.14244114708283
-0.0172157055973269
-0.0450665265262142
-0.0783213640940127
0.125488870752769
0.128572075940915
-0.0735552368588026
-0.0301029307619354
0.14254818199027
-0.0861759294165611
0.00358461027823279
0.00452097521192691
0.0267278562699211
0.136891142404829
0.0394886866462959
0.0623014010042684
-0.0249313323366581
0.0996477316753116
0.123292280170303
0.121452984730144
0.228634195965049
-0.116263888915612
0.0825203922988384
0.0655265902251818
0.132460208302362
0.0300223841638994
-0.000186139418937845
0.0565648289569201
0.1579275268085
-0.0317159560435101
0.172806064360041
0.138606633302937
0.0781092761562102
0.199538626732119
-0.107243696091926
0.174589806835801
0.164163931333935
0.227831932769925
0.0996792162429255
0.147194182444263
0.0852178174123097
0.0411224991032163
0.108001813957755
0.0972816207668671
0.131085379941152
0.0416485787111496
0.0987625818408073
0.0729452837476697
0.11268264489236
-0.0494262938985577
0.130476334965283
0.166647808656014
0.107112485001566
0.13197804058638
0.0567155596935362
0.14865125969327
0.10715886303229
0.223532847777424
0.0871749787077336
0.0116788816338912
0.0447190024900639
0.278106792504103
0.149372449621744
0.364812942788194
0.0348913597521106
0.069064127579062
0.0603427514549398
0.233337927078763
0.0800257600315232
0.118325102797416
0.177148502457234
0.162446719015528
0.103850866001047
0.155467897030569
0.235650709735483
0.197685082638892
0.347807687166855
0.103931118082033
0.118023665632957
0.0615173799848167
0.127173021384628
0.0735212420223149
0.171780433788819
0.267216116459467
0.144138832855243
0.224472698864001
0.142366261790583
0.0695495209976787
0.216261676110536
0.120234354641405
0.280651184155397
0.0741663433439558
0.278554071809273
0.252517197814164
0.309513585387386
0.230336340230679
0.228378069397836
0.205872962551729
0.187386959241368
0.273725015630609
0.226450801024524
0.251282072505485
0.309201054566755
0.213715641035572
0.239210260044566
0.30235749411378
0.29064830807025
0.309906962207861
0.36359095573102
0.188325313730968
0.263179342598903
0.109805369000551
0.184242935531306
0.0958883279132823
0.213839156673784
0.309501796271688
0.507933488422892
0.253189683523381
0.274444676597038
0.094590245542326
0.24449403653709
0.240021801376714
0.301951994013361
0.237590302741836
0.381410358179831
0.330777701473762
0.372220128764413
0.354393522753171
0.191213561454636
0.141207342349284
0.338865440828062
0.267152304262077
0.211194316375549
0.350746576951736
0.250871570838084
0.429816836683149
0.460570210055533
0.237776422010024
0.349430713158216
0.298964971761755
0.37713217556147
0.319688768020567
0.263668527072092
0.444639684128137
0.207626474419009
0.306030320654583
0.419260305234948
0.364799212989454
0.505757944686173
0.264512964536776
0.416505756345441
0.341990592038355
0.45935996800588
0.410192839319198
0.311965586556041
0.449413023139628
0.30197193668332
0.381205667049508
0.494542568964947
0.474384262718315
0.304321986359095
0.376708870478908
0.378219451843523
0.429284658459113
0.39696452381782
0.332088369466248
0.369566939357401
0.351302804866711
0.416146028253095
0.386155530681586
0.168737034898308
0.401736237296428
0.350674471757758
0.32266954640871
0.42935733824995
0.459996642149323
0.250930573439178
0.349624850762582
0.401710255732531
0.243925251975192
0.283744559754783
0.327416768873591
0.335753843036546
0.304762489138117
0.453335751877607
0.458883361809242
0.395894001653656
0.346605329873684
0.381463600836053
0.552382207171907
0.281093676538723
0.439287281169241
0.463334642140973
0.536860616776178
0.449919239162754
0.35742750959378
0.31020702538088
0.385149799919617
0.415540128777052
0.544090005102939
0.578531106088247
0.48398354187996
0.437661426761902
0.487359024934949
0.500520518002561
0.422620020759679
0.451354034284921
0.43659629927791
0.38588235038435
0.528349854704459
0.401060284371592
0.343731920277829
0.407127138666128
0.429943929976925
0.373716384504702
0.375493411373676
0.666645303149824
0.584481034344855
0.530765887199011
0.440693998601029
0.527628873523843
0.418947106060501
0.449931963504489
0.409372575346846
0.444804191487212
0.492667654442255
0.398457106771377
0.584433883359485
0.442641558087763
0.441081391784575
0.525622529737426
0.533923527007801
0.649015452830905
0.660045144194548
0.320406052399039
0.503315494709314
0.530168293898476
0.643340522977968
0.563927711541285
0.561014245283089
0.452959046489103
0.340217382388941
0.618372512474384
0.6118634758792
0.455197973762765
0.564032354412821
0.481466984767273
0.532028939422725
0.553191793360714
0.592966271511766
0.638947036256419
0.613031645395276
0.545152443673997
0.490716058022721
0.605289306898453
0.50356511879914
0.577142197176906
0.658825847589781
0.590755149088788
0.544114256772267
0.55860390124481
0.479127808672237
0.514337587214258
0.582057637731647
0.606030687329709
0.669903911998124
0.527142145667696
0.528436057162248
0.515017765063806
0.515464991903261
0.57028241655161
0.676678396642932
0.605823880675299
0.503582751858939
0.622484457310508
0.491148230814597
0.677117651203652
0.634755149472542
0.550702075773594
0.489171815752581
0.669016849696655
0.62701000847147
0.560837102133796
0.600563297615673
0.659383729346561
0.586519138928273
0.512765246099096
0.73458409955696
0.560612608944415
0.621681430431423
0.59761613686816
0.433842831487099
0.57709866638799
0.509293932558004
0.610185774653064
0.618069384286388
0.573958434887215
0.584707481582805
0.515454009890119
0.568462141717798
0.568835981188373
0.666409925849261
0.700014547592741
0.591390407490937
0.819778787807406
0.783514780418317
0.686734309473091
0.442112321383621
0.666290830969261
0.625301147285871
0.518456605095837
0.780874564675839
0.72799650024431
0.776657763719889
0.606760505655365
0.706277969765645
0.636031246168879
0.498758166800482
0.591759959044878
0.644323268633378
0.763684483630414
0.686413759844414
0.709901085554975
0.721689343328686
0.521810185409795
0.789452524694942
0.75996642196132
0.565234182614106
0.702708997675967
0.606590020468778
0.612378947990391
0.738855791477719
0.675410975172721
0.775492763793432
0.599823812531476
0.46288066580748
0.476082373361206
0.784319346912786
0.72620320650196
0.74111764727107
0.698797434859946
0.76058368040182
0.860385444051822
0.827363341521308
0.596082026194316
0.605759222686284
0.696378264311173
0.646394721586691
0.593927728430912
0.681012183954374
0.852366161647898
0.95723584646434
0.793991483329682
0.760377729109562
0.705057924533464
0.757089205889306
0.665425816722921
0.645050434790896
0.710745660074878
0.831988415536771
0.722789229469321
0.854625261406449
0.730292494111896
0.812450298124719
0.768020860302098
0.834848284422242
0.602956866235465
0.77481506959777
0.740515764806253
0.877459717544976
0.778006257626876
0.808702771051205
0.650999751929143
0.652829074748886
0.814462824516566
0.916914760735213
0.86059217354642
0.599443280051311
0.871867082132066
0.771910862950543
0.806182557382099
0.875030960137207
0.731194379294693
0.859120493082113
0.880483080206235
0.752093607365523
0.742981479669092
0.964928072143521
0.825304116473967
0.721186577697307
0.630867540840332
0.824321664389478
0.931587065896708
0.742290699006184
0.842572046684165
0.676304284165623
0.781512767365973
0.735668129391849
0.838934210118472
0.843709602184085
0.798999193208263
0.905796614875919
0.750237924760149
0.672825184589642
0.802049788292673
1.0385198459118
0.87768666583497
0.895508775705131
0.807631059008402
0.952284361519239
0.78243416345005
0.778036861405779
0.739589253209635
0.756860651052386
0.850412294102693
0.838203038049722
0.90385897845442
0.858056668996391
0.94666303978132
0.908636539201317
1.00416137389731
0.848335028552845
0.866121158910314
0.973354363185508
0.771692229100764
0.985983438108837
0.925566402976659
1.05364889649677
0.983638625337227
0.896048113248866
0.809269963720207
0.851238219151857
0.908459661969247
0.944369114365245
0.876293618387187
0.847058648453067
0.814085334149656
0.922231872687812
0.907234198807636
0.980208815760649
1.05913954243075
0.907476565128174
0.884217188148828
0.923548549918341
0.953240069019239
0.902065213376823
0.968353984101154
0.896792841723946
1.05884456125158
0.850875017425758
0.90287514402004
0.847034453894592
1.03056268348183
0.975577856751314
0.947036111209705
0.84566056474468
0.873066798835134
0.976727711839608
1.06015352023878
0.907419220134663
0.829609568866984
0.842970926830401
0.916945342689457
0.687307215847264
0.909645979509957
0.955099726083734
0.908005192374676
0.997052996696948
0.985234436619796
1.06695657622284
0.887155148031426
0.996225216268009
1.06722287882156
0.992677103194043
1.03261430660744
0.97270200401705
0.924416245046447
1.08483356841228
1.11352504054936
1.09086389452526
0.942202695326148
0.825679650449782
1.02752547660947
1.04152633987295
1.03913449414016
0.978400526234465
1.00352536550268
