-0.164649496763457
-0.852610951694072
-1.06529147584634
-0.917923779009013
-0.971292200005509
-1.02792604727768
-1.0093697016372
-0.907888359046628
-0.975849162843579
-0.972626762087351
-0.938388197582118
-0.864233353618818
-1.07407781827017
-1.03953343801297
-1.01560179740336
-1.04499839987016
-0.998224192625468
-0.911216931419343
-1.00207711483806
-1.11158275229163
-0.850843308349403
-0.97153970458457
-0.889467558238267
-0.864613253911657
-0.973853593238759
-0.96314327813109
-0.974699935309105
-1.01173720205191
-0.903487782106973
-0.989055223856617
-0.804444356025529
-0.995260569473591
-1.00372419997086
-1.07942235615543
-0.931241807525118
-0.838474174277828
-0.972162483636036
-0.963618087015387
-0.897896298265769
-0.939952793086019
-0.803094729314429
-0.745747371394977
-0.87798192036754
-0.851733752287518
-0.818734501005965
-1.04564503195546
-1.13881623187954
-0.914410712763308
-0.937776134401903
-0.832197716810907
-0.937636389371697
-0.796117892314338
-0.823502562758373
-0.950028125954863
-0.843782556203312
-0.923131888509041
-0.931043688220502
-0.981847978443395
-0.841215327453249
-0.869961268424669
-0.86712156350565
-0.9857426309306
-1.00135034330256
-1.0107808086453
-0.964820439109093
-0.879184683110289
-0.774232369267
-0.656770231240258
-0.953884236454504
-0.975263293725756
-0.851784110040609
-0.655202388335013
-0.828254348650374
-0.884057974507008
-0.74886903724387
-0.921320667973414
-0.818461993329707
-1.01698584109802
-0.992456696468953
-0.841649763519318
-0.973963523569649
-0.841017976012936
-0.819978303134025
-0.799495600731848
-0.953481794878663
-0.956214210130426
-0.739631028717925
-0.838073518085714
-0.905380076444673
-0.852060834694169
-0.983643417794585
-0.79560356056761
-0.744125860316206
-0.834808101340344
-0.729017272424643
-0.701158277975146
-0.825828718113817
-0.885482791733502
-0.702919031508834
-0.82193118675509
-0.905870240677125
-0.933866684476733
-0.920916587197525
-0.758465946939671
-0.936607893010727
-0.766209946110175
-0.772829086144908
-0.830803460255277
-0.79927609728098
-0.621518099043922
-0.816038601297852
-0.809030295940324
-0.727249634488969
-0.838419019352875
-0.794903108864428
-0.701992643885806
-0.780361619446442
-0.822824613165632
-0.914998282179515
-0.69862844995472
-0.805658439378146
-0.810147156925752
-0.797140291572495
-0.699252113506286
-0.764339107505539
-0.788011221436948
-0.758106720892003
-0.619364155413299
-0.767603437696914
-0.600383801349386
-0.569554704687343
-0.607185870083477
-0.861087278413468
-0.733150381894753
-0.785806326135282
-0.817350467625934
-0.706537598617328
-0.704506355415959
-0.607246766838389
-0.716294017605904
-0.786420785569708
-0.679916861867867
-0.782221788753776
-0.644119817976742
-0.720575361626097
-0.791515171621394
-0.714780431904378
-0.87586128993773
-0.603866264384059
-0.617786035612392
-0.617016310911486
-0.700644048681755
-0.681861952205226
-0.702299693971892
-0.751695797893844
-0.656902010228452
-0.665211399433704
-0.55479506544449
-0.610868984261096
-0.71422569653156
-0.697973970026402
-0.63800441664334
-0.701698642376923
-0.67124859427619
-0.64041532738262
-0.70652438471713
-0.668555432865883
-0.733678629032688
-0.626678136345743
-0.790384417224758
-0.890933742406047
-0.621943605790868
-0.724765846922536
-0.636556269087172
-0.636807856822119
-0.73050466338082
-0.655996244283432
-0.777602111672465
-0.547499188646686
-0.735894785890058
-0.57148315827778
-0.535094855780432
-0.698720861923503
-0.62158384106388
-0.565536248563701
-0.494127555751687
-0.681283469620571
-0.751783594119533
-0.724593218634464
-0.612804468997118
-0.645509923299603
-0.59337528605057
-0.635283968779599
-0.660525925122308
-0.542321730995815
-0.5891208338826
-0.639360653916385
-0.611458647383217
-0.617281467272028
-0.411544820930611
-0.543433355152657
-0.623374104952689
-0.586711826490477
-0.522460391703602
-0.627645845582083
-0.604652256685755
-0.565676252021714
-0.648547575902514
-0.584423995638236
-0.742512722341212
-0.561035179459431
-0.715665965682774
-0.677799691191845
-0.439876642573231
-0.473529503147009
-0.527174532464421
-0.682548568798626
-0.624527617013919
-0.452488805443188
-0.499079949330478
-0.44254443124602
-0.676984229476297
-0.586387487524762
-0.43188235092468
-0.523431045958186
-0.578092735084047
-0.469203712528115
-0.447200744654228
-0.603903334690986
-0.515734207008463
-0.57661907960258
-0.590670363937923
-0.545533806573018
-0.522836586059408
-0.614141115170167
-0.504324439374173
-0.62475742464724
-0.485163501067226
-0.545590421864768
-0.615492557784485
-0.531156176392201
-0.529897266600857
-0.627004684224199
-0.448500078460988
-0.383723544976682
-0.557384736692101
-0.641301464884158
-0.49198760355448
-0.518400911560592
-0.524188887844026
-0.449645836019344
-0.352239409445832
-0.510518120871355
-0.411236614701352
-0.336068642281444
-0.488670924459255
-0.362099522914024
-0.43346270545581
-0.464672641661119
-0.416599532419439
-0.54424196746889
-0.477067340917966
-0.390728815333392
-0.353687263610175
-0.364995170410627
-0.365983262707523
-0.376086559646039
-0.459467804884105
-0.410977824777741
-0.525507859104723
-0.514506063059221
-0.39134440941556
-0.341717314013402
-0.459912681231357
-0.49472812237225
-0.561687422659516
-0.466651290914111
-0.457186011517233
-0.36549157101691
-0.443358724776452
-0.369658023020971
-0.524202229301559
-0.484402250956147
-0.497816073427449
-0.34479944288971
-0.431394513725983
-0.36146079054269
-0.274825565980896
-0.398787786464392
-0.582655858142293
-0.26337598921187
-0.493600811366949
-0.50137264971053
-0.5178843556829
-0.51982958625072
-0.424296687123422
-0.441900939368525
-0.289882134939683
-0.633631194538332
-0.323528915376894
-0.396757332580907
-0.269185172865673
-0.355325130038853
-0.373777917489661
-0.34779094213199
-0.458029663429413
-0.39665917667702
-0.333654171652228
-0.332253297820674
-0.312929904411618
-0.484887672822517
-0.437427306286622
-0.398274140689999
-0.309958547596017
-0.316899171233922
-0.258669257003933
-0.338592522754479
-0.46201485130416
-0.366936336004025
-0.303904488898948
-0.354398546164899
-0.372233490748044
-0.310127889762806
-0.387475846506345
-0.310317235215544
-0.490289361370972
-0.412718147053414
-0.543372817809349
-0.483112680407423
-0.275556918569516
-0.420751998969878
-0.501076431506408
-0.381819142664799
-0.340179380605073
-0.304718234396571
-0.243634087424104
-0.384635234023573
-0.370094501011009
-0.257612468459053
-0.456795852676631
-0.248668936639988
-0.358981148697772
-0.368209875709626
-0.192813061751701
-0.487594018415439
-0.085994477565498
-0.246180602721212
-0.117905569693829
-0.26638115777801
-0.494682852516386
-0.387070082100767
-0.251166269757168
-0.260908552204586
-0.245473569554865
-0.299033974765313
-0.211013485765223
-0.14279083852844
-0.354000734345175
-0.196423125946753
-0.341182014715834
-0.241906477830166
-0.352237939537972
-0.269192247202245
-0.301320578885663
-0.236826391904497
-0.255492625349848
-0.291494892817309
-0.254420195734975
-0.168317436662132
-0.269499486295722
-0.321769816216108
-0.209189576773186
-0.284464276436276
-0.233537489817619
-0.174480993218588
-0.346641009964728
-0.257548064692133
-0.217299399288286
-0.117718871004336
-0.511279007589391
-0.220922223218783
-0.372767355174455
-0.213452679432784
-0.313147428748987
-0.188057187239253
-0.294132859444149
-0.185172725627874
-0.241976510440117
-0.115945809128774
-0.21350103668066
-0.141073203454094
-0.13114201468183
-0.260119254125648
-0.31158137745269
-0.356335053633949
-0.350791494732618
-0.199080841016256
-0.215763652180657
-0.204586624055371
-0.199885686830708
-0.226947349094685
-0.159282126317045
-0.171972473559928
-0.187826963253241
-0.0742567609669511
-0.183599330739422
-0.239303716984506
-0.205070777814767
-0.12822487302558
-0.176219948711516
-0.0931568484724259
-0.0393489419144471
-0.295956289889645
-0.131075497550134
-0.218072931788014
-0.156408251142355
-0.158265142043979
-0.0693813950696668
-0.20662125106967
-0.0980587580029049
-0.0722572785146314
0.0107999121016142
-0.150676752060638
-0.0782270323066817
-0.213378925584206
-0.0427986796396967
-0.120307277134454
-0.107669939518725
-0.108362808303367
-0.149824963561586
-0.188489101510909
-0.223790752760093
-0.114158303426481
-0.172724716979384
0.00971804693170266
-0.125628852094211
-0.154373931429307
-0.073752866396907
-0.179310881409721
-0.15149478822366
-0.0595405263420157
-0.220084624638239
-0.203713718247336
-0.275877995371807
-0.0857989070948579
0.137108240705203
-0.239135669681351
-0.15170097063536
-0.113915227095401
-0.12350952890097
-0.100235394334083
-0.0594304149139753
-0.135628991197852
0.0704168670576224
-0.0821805562094185
0.00945366633342102
-0.090393092359182
-0.0507310382343173
-0.157202598213989
-0.152375246267448
0.0253936305287437
-0.0747388637121983
-0.151773808824239
-0.0725068577730445
-0.0588783450536103
-0.123878096735046
-0.0180288941411503
-0.162210813694966
0.02184134759568
-0.0354488675148111
0.115890721008717
-0.0416390079502389
-0.199317978805682
-0.0760758682368401
0.0604901505837165
-0.07342581145607
-0.0852157581757691
-0.14114408546307
-0.00543077197474535
-0.036394169225963
-0.0631464078357515
0.0189738498139932
-0.103711323630762
-0.149253534588473
-0.0360357028809568
-0.00909923212428034
0.0111623141170601
-0.014161137469701
0.0647963754506949
0.0985443702098467
0.0578994601489295
-0.00665974314104549
0.0437898070407157
-0.06773022711615
0.0414567342678135
0.0744809783063882
0.0453893754422054
-0.0445803285713561
-0.0186122944124754
-0.0799581638051382
-0.105314227762954
0.0825419293999128
0.0146917407611341
-0.0522474618350021
0.00459787707407609
-0.0710766602297298
0.0149647284810656
0.0614936228263082
0.0889935371925619
-0.0890050312412222
-0.043011761988826
-0.00254533021646728
0.0659101259683836
0.0423173310905007
0.175936735983593
-0.0336219426295012
-0.0720809073064521
-0.128833156199969
0.12221030953918
0.177549284155892
0.0408860491887151
-0.0396162748312697
0.0718375062595884
0.208512640676117
-0.00158698333746242
-0.102767374198932
0.0388047003098177
0.137190710314966
0.0213768562916668
-0.00340249812523528
0.123351675120599
0.108781168993532
-0.163651034241822
-0.0705752140965448
0.0517083225133165
0.0619233060685913
0.251903574373822
0.188444709193173
0.0621212377497454
-0.031474805768541
-0.0041967530703641
0.0778375274067993
0.0446218546428854
-0.0234431372455271
-0.0588009206584177
0.0223367335205934
0.138419558780613
0.250120626794982
0.0917066622114211
0.231259140274838
0.0456642276814108
0.120525528907934
0.0308801457890262
-0.0213472932062976
0.0382190079303472
0.0963670852458475
0.10064324464468
0.303095439847434
0.0642427426358625
0.0850538889791749
0.110798438593201
0.197263004174786
0.194555599722368
0.0131699349072331
0.127709826206858
0.108590517361267
0.183727562345014
0.146173090022734
0.08835158112814
0.129694513510915
0.228396764836771
0.324231026517304
0.207503984411559
0.238470011758239
0.110158965204015
0.125018324557621
0.0279044599293581
0.204445167828819
0.0813739482997183
0.0629740990446444
0.0839611819300937
0.156941545429063
0.149277013022292
0.0355541322650655
0.135419112247041
0.114184503501685
0.06765442263821
0.0634341500851095
0.20672896221911
0.124519347056106
0.264506792189735
0.0982915214006601
0.182949409181903
0.0901899768297733
0.312319952383495
0.410548494779632
0.185974845881155
0.0773121594578676
0.265250232718544
0.235027705462256
0.166743192841939
0.200286635317769
-0.010844987053973
0.252545732348046
0.0546549831629875
0.179643708830481
0.121598923929182
0.293620664777188
0.195193109158002
0.112065065886983
0.175696207264975
0.211460780731238
0.259365014009343
0.341896527133283
0.200323103220924
0.167165576904901
0.131173138519914
0.0731855549252445
0.195302541713326
0.177347939537754
0.175168622799473
0.158104333566939
0.295448745938107
0.363573247327072
0.367506243640762
0.346621185306778
0.319571812352822
0.237298403646152
0.11285227595495
0.313698131077198
0.195937529303499
0.294479448261953
0.301806555825288
0.281596297326078
0.282508815857325
0.3781408655987
0.164207621614805
0.257054777141551
0.349780792028932
0.353130430429035
0.229274383908621
0.357687255237039
0.304862685154571
0.282634896287056
0.239050600955913
0.369622612751437
0.170768155193294
0.340805634808409
0.414780781785381
0.402114696720655
0.342905519120319
0.37445292508246
0.269800909791217
0.208309587672227
0.227341932563989
0.294964389026938
0.191566001567387
0.516254915598373
0.305893329713726
0.411756676024835
0.354642138392281
0.266541666667705
0.133140943346802
0.218006446743437
0.419447141679795
0.474927605070251
0.364621795915117
0.360896947529014
0.389292630366316
0.466017197527036
0.35524597778978
0.61245032144461
0.166049411774452
0.273077546960971
0.290090735559094
0.282974561828001
0.234237481677818
0.344666898475638
0.304917422398528
0.468219987936005
0.250048187694042
0.431017207909276
0.225315319596591
0.462465805340149
0.364535268878148
0.374673145695308
0.452644573513564
0.424272226719521
0.364015694726702
0.568684854333033
0.312769178833629
0.356957849023029
0.401402055645973
0.245605186126899
0.302348568150252
0.332749182783795
0.48185801791934
0.36114009629663
0.282182916729022
0.253984744117161
0.236008748543878
0.412292719341546
0.554528197456066
0.44420727511223
0.359915589355115
0.433316094375471
0.374859251877432
0.383678072118893
0.452843958059638
0.373451419933117
0.468571154060372
0.398572061475488
0.413717856932864
0.353375269049547
0.373804855447826
0.393192242644239
0.452660059607762
0.247628104505154
0.555507870233463
0.393250036781593
0.462612843712314
0.401180341284946
0.520061572123049
0.569572810166226
0.595829349169424
0.424650766015285
0.476533973160408
0.372134231133386
0.426130329823804
0.366101620042292
0.619853538634465
0.497675554994259
0.351733335977932
0.562608873487586
0.27931802481099
0.559516584859439
0.473156965434635
0.408732651688448
0.615832370409896
0.504224560373371
0.509491817406968
0.607091327757849
0.524138088657563
0.406736739572663
0.473452592519387
0.472220096693573
0.298771763779306
0.504399647407328
0.511856829055638
0.384943677036668
0.732273006286573
0.497971364988883
0.481838354966421
0.596425328366243
0.525868032810091
0.410665995901266
0.494396013112425
0.504133622452326
0.596298009020037
0.551795867189707
0.681467038894836
0.576653616229482
0.462546928457537
0.474741065410962
0.510267040040735
0.54742001777204
0.565989138750184
0.395712838086078
0.455543369002665
0.646894670275945
0.443502143644369
0.580865252991848
0.616791198684373
0.42351440874619
0.389652507081768
0.593755070854435
0.613067098125591
0.441495804262619
0.531581426809759
0.390239690354503
0.536003848296159
0.550279650170103
0.644605243602401
0.634439965104363
0.667845325566543
0.584951205193921
0.501788011425557
0.540097344532993
0.478735031739884
0.424017900831471
0.62770248216834
0.748240412339901
0.607703529034544
0.406225263320609
0.609871546129543
0.726555970015697
0.627058807218832
0.644474166489517
0.631707364053885
0.589470019325189
0.568003592526413
0.550551161685017
0.602363138556335
0.616914001126181
0.617387952781821
0.552833263858563
0.574544256502311
0.602196577912741
0.511181601891737
0.506171632536676
0.575991578897943
0.696764335841875
0.621478025461663
0.614252330389805
0.483707606943702
0.606823663746867
0.605488322042226
0.69469893942341
0.562498417170152
0.492913622131212
0.685832080245132
0.624759793920576
0.743463586155065
0.638750309469999
0.758254629411485
0.53449932640285
0.63713930348485
0.736735647359159
0.724914784561261
0.66300567383067
0.803649891608433
0.57027185892199
0.530544296567441
0.607343566210042
0.653798487221347
0.64642616526033
0.685179644540594
0.538621818742133
0.657544957637915
0.85671121941025
0.667243635486374
0.556267263977238
0.667165556108661
0.774208572459876
0.76504221685422
0.798273320145912
0.880067754252369
0.738709277927396
0.653231272262466
0.720162593389811
0.698203685416031
0.723103983027647
0.661416910702551
0.878187909990689
0.767264500390446
0.655378175421388
0.640422125112454
0.78176562344335
0.917748081737325
0.734886406988625
0.788938091183152
0.611595822281862
0.775546810740232
0.570066711853178
0.702527404271105
0.729642595133174
0.62591417949446
0.873749357439217
0.80572669591148
0.79907396247469
0.716071335102778
0.636362311401996
0.727437056384408
0.75348119326482
0.685020425155383
0.836236450313634
0.804680386453764
0.771353889740688
0.678064646490816
0.667277503374396
0.752850919680741
0.73458969196043
0.689356110217354
0.891772646559922
0.790488485856044
0.736074964072831
0.722511089280349
0.593026775888311
0.789668339200679
0.617530378195547
0.78806242474169
0.943484376901745
0.778110250474616
0.762381992215993
0.788241454237511
0.907420208254918
0.726819669450475
0.809469399211203
0.905359695477168
0.785360108437682
0.933187671412042
0.751613210236345
0.693419235986649
0.738587142477605
0.788241446123248
0.762942922032504
0.842987962789616
0.87423349659374
0.790945966217954
0.90229594785544
0.754036467703745
0.881957603299646
0.774007274110049
0.7784989316615
0.746224489774286
0.960174315981902
0.795556172223483
0.845539632751368
0.757298347428051
0.949309052412586
0.824140297675823
0.95014875528215
0.826433682557474
0.746447980162762
0.855274933549064
0.92450300318769
0.809346178515495
0.791674265216092
0.795422278977438
0.925004612319079
0.820890431324491
1.09822394805145
1.06398578129639
0.779443022080317
0.940773425630139
0.977382158366914
0.863643096133456
0.932386484856628
0.850944506084495
0.961627855603939
0.941036553261981
0.779673864629644
0.953797749206448
0.827994070451271
0.895341586158413
0.751208109385119
0.917751336271292
1.00150886419167
0.872358799395289
0.752003271252597
0.937216907719716
1.06710290452874
0.799838239546716
0.802901055337287
0.956289615735989
0.951527269146444
0.967338044531759
0.779496320971103
1.03321310316805
0.810167283512418
0.928054243207473
0.964597765076587
0.718201470061044
1.02439008680539
0.844637449288044
0.921068998266246
0.921013357376717
0.885230567460097
1.07077393950956
0.924111069130441
1.05958092259629
1.02615215506978
1.00010665678853
1.01847791398714
0.959115093412386
1.03791009741561
1.02337648351652
1.04740354246697
1.02523216611111
0.94383131509633
1.08626357726014
1.08351487749699
0.873782793765839
0.960918826821033
0.959628734682135
1.01948591930471
0.866956639186853
0.958985062031226
1.0185327967259
0.971968985388614
1.08741239054402
0.889303201910307
0.776038034579922
0.912925109903401
0.96687148484557
0.977999494449588
1.02828955312606
1.11932682392352
1.03912622747028
1.04053399495646
1.12330931561857
