-0.151996168861203
-1.06409202209163
-1.05656454266657
-1.03373032881926
-1.00677664724281
-1.05709518279469
-1.1057420995997
-1.00340805776497
-1.05223486366055
-0.992554395692102
-1.12357183527639
-0.959248913101988
-0.95411454398951
-1.0701351738531
-0.928766470851964
-0.885536951063451
-0.807383591011744
-0.955387260629565
-0.997249555134432
-0.695173963692028
-1.06204584862958
-0.925605008964591
-0.955008251775228
-0.934974740706686
-0.869475827166997
-0.991474860795389
-0.962059222918009
-0.924539910116453
-0.998745731187847
-0.920359282304871
-0.95921030799148
-0.905816546264314
-0.947136430742024
-0.990519904497142
-0.935226795291456
-0.866190723515201
-0.880727630005581
-1.00370802240385
-1.13987616525502
-0.966519939358698
-1.00517490778612
-0.827241632546943
-0.941625279932233
-0.825320036764786
-1.01312524229968
-0.783564615915152
-0.849614309283166
-0.988280603410847
-0.921828553990771
-1.04333471013228
-0.861325532699617
-0.913320238156352
-0.953248643785744
-0.79952681242141
-0.726261649176841
-0.91224182203177
-0.662215400579815
-0.898078564869461
-1.01447331949302
-0.946045982824814
-0.704492938627207
-0.89301383971385
-0.82752119739035
-0.815441132709421
-1.07601590626796
-0.99816923570846
-0.906195650546131
-0.940879770498257
-0.67734781105309
-0.912627299245417
-0.86121667602464
-0.951190063813254
-0.927324670951997
-0.826007115998048
-1.0048766219021
-0.808425589965056
-0.64132314839998
-0.997921617022557
-0.825692839103423
-0.849848676182634
-0.850301991211421
-0.86181012306608
-0.823534407021939
-0.899918395716089
-0.771491626520481
-0.800033617704582
-0.887719866614164
-0.909066599091631
-0.68059056024423
-0.765359855638491
-0.948239916828786
-0.812851183000126
-0.73861118752948
-0.770445940947726
-1.01226427770669
-0.625081676586933
-0.793415422028961
-0.820809265185466
-0.87017840688733
-0.908122974694347
-0.827529728758311
-0.761344710572559
-0.835292226423512
-0.775881640421911
-0.762544538716102
-0.764234067192945
-0.734457361053259
-0.792893113974135
-0.820212066457671
-0.610340673804802
-0.88116233719291
-0.758248818845165
-0.70289110821945
-0.769609605551604
-0.788511916864635
-0.879778216589383
-0.560200189066413
-0.686706819571346
-0.799064321444224
-0.7236506981229
-0.825939722418657
-0.899407467821709
-0.905504516956915
-0.956537367117443
-0.782653631225595
-0.863177188277031
-0.750375188384936
-0.848087784987771
-0.803694908075121
-0.74162786024672
-0.690886344551272
-0.723134580688807
-0.767732141225117
-0.867954154049422
-0.718872936159984
-0.790632458256918
-0.725001810942746
-0.728699005942523
-0.690844096931511
-0.86115642224407
-0.668797274474671
-0.690394768783785
-0.720115442169463
-0.503993513052502
-0.689031023923513
-0.677488097914901
-0.568988204048942
-0.748149547640287
-0.839148109555781
-0.742776143532065
-0.618457590920342
-0.572050792079495
-0.733753041532876
-0.787578179110235
-0.561620644740126
-0.74338134139209
-0.566318214381083
-0.744982345267558
-0.481043342569337
-0.689360044992166
-0.581491542845208
-0.656362162036952
-0.589323942940151
-0.512482651785161
-0.666863151100445
-0.656761786645053
-0.572353320241978
-0.702267136864008
-0.63588997933111
-0.652925699943155
-0.579073869069813
-0.769170118555458
-0.719580565264989
-0.707097847439425
-0.699310024535419
-0.590320180106329
-0.84686959934322
-0.704185197717148
-0.653109039585809
-0.653780720069543
-0.669171558114494
-0.584139793596173
-0.598844121889996
-0.725381858247134
-0.464352077507489
-0.668510832113041
-0.703780357729692
-0.695385843313162
-0.643087479571346
-0.467607091108326
-0.644199222158933
-0.566401082660709
-0.587930980503984
-0.664496958213676
-0.737937869392654
-0.711435145829794
-0.763521135817628
-0.740832104962795
-0.638086636657807
-0.47120203560627
-0.606252045705794
-0.459804862952198
-0.690212279604893
-0.742675407957932
-0.602816347035362
-0.576362031333092
-0.572757289800452
-0.445138855695666
-0.465944998491867
-0.630988064328874
-0.628369520446297
-0.545208992969831
-0.574604327319945
-0.652878914584176
-0.613781328618423
-0.555933481167614
-0.393637988337239
-0.676060777218941
-0.500100926243658
-0.548711409450329
-0.430864122509678
-0.625087718501176
-0.521539504737185
-0.544565384042105
-0.535560384135813
-0.609259899601669
-0.529680629512298
-0.504123000053118
-0.666692639550741
-0.505850976696182
-0.559425562638916
-0.638439469183558
-0.482885445809642
-0.266845087088191
-0.607054350258771
-0.61949445369803
-0.414032202176463
-0.570655060354383
-0.544651535307223
-0.511076236851877
-0.457649308180062
-0.478413800148028
-0.500062206647913
-0.598539403505313
-0.637469687800577
-0.544363168462882
-0.470758212458097
-0.375988782017145
-0.524625334533084
-0.483435772721679
-0.484137740175974
-0.428520052610499
-0.610539199386701
-0.411185439558338
-0.402758836549565
-0.541205325176558
-0.495704017869372
-0.516277323856696
-0.277391632627086
-0.566093592308073
-0.450396088641117
-0.57286307395738
-0.508640688553101
-0.492186580710268
-0.428670882692791
-0.409029757661339
-0.380243054060876
-0.478302263807473
-0.523516986732947
-0.383655445361888
-0.412242556600168
-0.456809442145764
-0.490443385063471
-0.42359020449752
-0.339774598298832
-0.306190555775881
-0.525446582774774
-0.387597426999095
-0.427247193468331
-0.522702482319558
-0.443840839292165
-0.344560738724698
-0.406005252551771
-0.462526930256555
-0.4869968707391
-0.333976344775392
-0.35519902435399
-0.2284947401243
-0.309741212835132
-0.58657663855609
-0.488354796759408
-0.480105792880852
-0.429381042471853
-0.385275130854925
-0.446641449523832
-0.507449976763666
-0.574640449451279
-0.406394373293366
-0.584753125919369
-0.516944558368595
-0.293336107347142
-0.503860976837472
-0.316158391793917
-0.402248996311028
-0.475226510956187
-0.27067995525641
-0.446050706246163
-0.292021757336447
-0.289955518704245
-0.276638638588202
-0.440204767392923
-0.286735406549962
-0.334699451121796
-0.40132972509417
-0.489319265467692
-0.469107497668209
-0.343519518014418
-0.298848299874974
-0.339298719201169
-0.436281111210015
-0.27639668947986
-0.41750504845293
-0.31288416879857
-0.165736681755966
-0.454668488052723
-0.264872986894491
-0.273715434562808
-0.474026558618668
-0.309488942714395
-0.361465261096079
-0.471089034212378
-0.396718584016964
-0.311898230910741
-0.354839202798145
-0.190407862878447
-0.398922612104808
-0.336269027870049
-0.281753603040887
-0.235774206201101
-0.264146837055614
-0.123043126517375
-0.26670528750158
-0.214883819045796
-0.283199330846932
-0.329309418913521
-0.397457247938864
-0.176972724565459
-0.279460363543734
-0.284016675104407
-0.30512222020402
-0.320587275766865
-0.27859367233879
-0.383017799906797
-0.217612084541187
-0.319336624745379
-0.263892148117571
-0.281702282229107
-0.329034840954025
-0.297614831047479
-0.124252655762244
-0.41704938278155
-0.344214853093059
-0.181251810476597
-0.258931280581782
-0.295128805057253
-0.360431709980319
-0.323454604671313
-0.325694477356374
-0.281387795350261
-0.304096361363078
-0.325497117978624
-0.180813970846006
-0.231501005535655
-0.21338470038638
-0.102345190568793
-0.223132314423581
-0.252286518407885
-0.147321516439058
-0.23525794195696
-0.299329539641996
-0.258038911162147
-0.219500755649894
-0.203926458433566
-0.310727814499644
-0.216196329446537
-0.23968500433797
-0.23752076332829
-0.216737952964625
-0.112529088212876
-0.170937721273117
-0.317090423782265
-0.247766956269029
-0.255248079582377
-0.189733328356331
-0.187477123630226
-0.117481315942903
-0.153824322940746
-0.163334867363032
-0.216381325039728
-0.11471255542679
-0.169074593104117
-0.140655476436536
-0.194641927709238
-0.257211348696366
-0.229001203692897
-0.0928445410559781
-0.0530106040085732
-0.108054918795368
-0.254316212029499
-0.0178596127178684
-0.156802504047618
-0.268193994782731
-0.141846813663729
-0.205525232444531
-0.212677285874292
-0.177980913817223
-0.215270763068717
-0.137967175739213
0.0119151624314408
-0.399538939225094
-0.0899420122228851
-0.175358683609467
-0.132335289894336
-0.0574695814060898
-0.285581995434201
-0.185267835070643
-0.178889964493852
-0.0716201651375611
-0.236924169995124
-0.138595464393745
-0.208182193543526
-0.0494763618224562
-0.0725317177791076
-0.06028607851731
-0.201185072956917
-0.186372106687158
-0.092044692705504
-0.180756342786143
-0.0980170597132796
-0.121048715491485
-0.0471244661751063
-0.0687084293572809
-0.164773670199338
-0.118546998011151
-0.197433736322825
-0.0631122900057329
-0.180489030168316
-0.140220871296554
-0.179679874947194
-0.120459719390436
-0.0791490475974214
-0.0600868655933257
-0.118791024971839
-0.176624187310509
-0.0649496382369276
-0.157011555399749
0.0127169279120902
-0.164015025824974
-0.0626009682818194
-0.114448951172334
-0.117557864452802
-0.04704568107282
-0.140735612861538
-0.00871656622360786
-0.00342935191828604
-0.0795983677574556
0.0836585781241537
-0.0671565874707237
-0.118371204428297
-0.0548939087541289
-0.104260263970768
0.0519889027592352
0.079820873275033
-0.0919711596288378
0.0863816081857092
-0.140489374951621
-0.084760030716731
-0.0640696683515115
-0.0436153008677305
-0.0812976855935813
-0.00668596875008328
4.5809494953738e-05
0.00424660430537441
0.0132520116854825
-0.00736165581539994
-0.0577880909895406
-0.154371808581056
-0.104611061661468
-0.1258433985532
0.00120716751800377
-0.165597428604343
-0.0512826790888723
0.0320428225999908
0.0362313968059306
-0.0660503532507101
0.0292106138778848
-0.121349529322316
0.0741449877637301
-0.0143845741184718
0.00972774633979579
0.0648723404276847
-0.0556607968957658
-0.0503445412748984
-0.0297850280160018
-0.105030813768059
0.112309102611492
0.107299540025626
-0.0592767811436885
0.0270087484585821
0.15746463820988
0.0180960842638995
-0.143715064622759
-0.124237238977772
-0.0377904195769748
-0.0771028741771686
0.0336865550028888
0.00114736861719433
-0.0276037459208115
-0.0794309619124258
0.033501605871131
0.0340985343512988
-0.0497291308227285
0.030735196246033
0.117826359727508
0.124795554262789
0.0152512839631483
0.0750110992958424
-0.031657565652388
0.0577901508759854
0.30066728995239
0.0854168989479477
0.0469301988754634
0.0392482770681042
0.198687448629436
0.0366982423293258
0.120551149358901
-0.0428379709298767
-0.00385220986578736
0.0522021665486307
0.0592578124271753
0.065230103257521
0.12757904800985
0.1348282251743
0.00325253935279082
0.139282395185523
0.0525083804596487
0.300722479095696
0.0795987052698292
0.165284975995872
-0.0465484426338523
-0.0696182386298256
0.0603754853962116
0.0825091435030345
0.0496651227293597
0.0958426119520447
0.0716437599146292
0.0397395417730736
0.170626634427453
0.0476732975807276
0.148785863553052
0.0704916713381884
0.176885759046267
-0.000909206750740939
0.0971778021540353
0.0636238539380275
0.116290619570952
0.0812854431764421
0.30510132403751
0.0769079211956279
0.0493162954333026
0.186389920115965
0.283091145536519
0.141276630172037
0.142942430345257
0.14869297735331
0.181932111858619
0.244700589204579
0.247512008966014
0.0221910041349526
0.199444561196215
0.0710559665608565
0.0448302811786323
0.0974556904478645
0.159622251483826
-8.57749652388434e-05
0.144464654089217
0.271838921151629
0.22049469601095
0.102488752812513
0.188172718697774
0.218783350094102
0.201800690992749
0.28964237964332
0.380338060818419
0.20874349764918
0.22688966619688
0.151030521552656
0.23924590638852
0.109303546527367
0.168692844394744
0.103602423545064
0.0758060399211721
0.250560142978542
0.300263541777364
0.314420640767408
0.214054355848094
0.272791442509311
0.222494991380075
0.114248137054573
0.199151529702388
0.142786759304199
0.277680020328095
0.106150145853578
0.122623540566682
0.144454253769144
0.244031891234379
0.0642367892893747
0.254173971304196
0.318549131294569
0.205659244846912
0.333814746852442
0.301449547410207
0.209182321230099
0.307306175593188
0.312607165712711
0.185405463870422
0.310262126309103
0.190611962848891
0.229241937549617
0.343393667664663
0.21268656975284
0.129438712704516
0.294451864935177
0.285481529889638
0.279812556723832
0.147465411516918
0.341039163680619
0.324651287455184
0.110229705626638
0.36011407388239
0.384290055458144
0.32467892551722
0.281749342014669
0.142617014107954
0.104015492937065
0.205753430395718
0.243495589764726
0.31306178991172
0.261208353839582
0.220968182690661
0.167557650562776
0.445244352866265
0.143745306870978
0.25072423012626
0.321405641009651
0.325879257229298
0.341375775938463
0.312596628056743
0.373144756311341
0.334125675322115
0.460556704047408
0.124225752848694
0.397831376337365
0.215251595012911
0.283382383345828
0.349174279607716
0.164670839071212
0.39088630492109
0.219339552047306
0.248156598043209
0.378131064225418
0.249756007730801
0.277639220854859
0.544805073428227
0.300839664847577
0.328686322533823
0.439481423159861
0.208213989006363
0.350537503510933
0.535549684171492
0.332543858814567
0.325226591244748
0.304387432213706
0.357574039463827
0.511115619030109
0.27734344773415
0.357933273328535
0.219214216703361
0.352838542741836
0.446542667507003
0.268486137959885
0.398059581706946
0.425582011004602
0.303636886963347
0.459858726065691
0.487074707389181
0.361631172136253
0.366106897629847
0.474759789041987
0.453737323677048
0.0908909201697378
0.343047256333909
0.472710897173965
0.39222846166122
0.444385961199559
0.391406970306781
0.320447193161204
0.470432716553234
0.401987966211413
0.659850267444835
0.536293879331409
0.30286635729128
0.485897207290939
0.42504835962875
0.378536950494384
0.358834537466608
0.480877337264302
0.502050455597036
0.573604733717138
0.407849305792936
0.329376078199161
0.62492142940624
0.516860177559065
0.493238166692177
0.441781336717023
0.582126072855891
0.475605455201388
0.468534999662327
0.502692701508635
0.36432613969252
0.426325127101582
0.311119688527316
0.35558294275065
0.345100130007013
0.400009744181592
0.45346677553487
0.49648162351302
0.540091165127699
0.599406218584118
0.518020062080896
0.607332875303407
0.576240291589308
0.559268635264839
0.508663747432355
0.448905241910219
0.48189880165415
0.577486223786724
0.59442090112906
0.433284858678223
0.31148551785207
0.495097041486243
0.464889712183794
0.601522368575178
0.541351009823287
0.471986804890131
0.640016675317956
0.596331805684224
0.571226209592838
0.455003965978236
0.571214550881162
0.7423361078206
0.402857674992399
0.532039598667833
0.485968428876243
0.428881954710972
0.477720789297968
0.800901511053751
0.432022376126704
0.308621144452688
0.480548417903615
0.601688935699795
0.459506383009985
0.568635342287354
0.614495382275645
0.569792418970108
0.575353116990347
0.599862873418202
0.514980627323178
0.529689809611818
0.518004386932926
0.602546504391181
0.518541480340259
0.557438189227096
0.584294809521417
0.698163871373546
0.621305565583181
0.69267352507205
0.587703354441494
0.563321790060678
0.491824137268965
0.637811049812184
0.61426767330414
0.546567796203997
0.512306351429448
0.453864104864131
0.500669576146499
0.57714751033264
0.393043854423788
0.688892547451223
0.710145759668698
0.585075032253073
0.552601739930843
0.687296415359656
0.585234181401119
0.680540462828062
0.617235586233873
0.580801111341075
0.634319707071962
0.63296884868619
0.562355038290899
0.597699816767233
0.580270320669759
0.796559203427715
0.521592365495737
0.632010148451873
0.607193760652375
0.623895557453933
0.615339375031848
0.636337087938794
0.656584840107735
0.773680832302107
0.599516290460875
0.536068901865709
0.637641936263506
0.626362654060904
0.758172223376782
0.703884623034365
0.735853965362046
0.658989800076542
0.676221333428351
0.64064753977225
0.710085960829083
0.660521764709723
0.618905417273804
0.737812293730658
0.7224963439563
0.630075519391116
0.738759610207267
0.629368388947027
0.675426036506812
0.713205166346293
0.46889950950113
0.558529370095134
0.613978586107419
0.648581044016788
0.694973890439634
0.660426180773033
0.645977785738616
0.741296454885992
0.787044300023828
0.717638169127992
0.760116115366102
0.655581282341529
0.688572998132431
0.695613486310049
0.664029740625958
0.694447180759064
0.631994784571212
0.607721557392001
0.694465771980352
0.735678808312983
0.744448322940666
0.535273933422145
0.746001629428471
0.767012118002615
0.783178416771317
0.830906982893112
0.724734828404407
0.725246314513061
0.626823341008811
0.782636355618493
0.554490528186134
0.807982000869245
0.820523450926762
0.830506730302583
0.837977379685977
0.852058736685163
0.674700273102816
0.726248247792054
0.772261921210477
0.791342150871498
0.650922388830188
0.769687823114301
0.771045262604379
0.772811010930554
0.847636865673554
0.746570920060814
0.766198552816818
0.673918153364824
0.892222563112748
0.777817050409758
0.825462138393048
0.805089789690312
0.710326292180185
0.611851594416858
0.749006080413703
0.835642519188991
0.710977181654449
0.786708512876344
0.699271275300471
0.827057346146085
0.889871342716799
0.84650293965188
0.919611217710073
0.840895438185978
0.751101075711059
0.706456903140639
0.755844756498982
0.803916828582913
0.948913504470033
0.894994496649186
0.940886330223427
0.794844596631948
0.850986061870052
0.839944891358583
0.789778635478234
0.875708638238856
0.762114825066482
0.83145295313005
0.885449265946156
0.695128368174879
0.76600249811473
0.769277199648432
0.923255288379631
1.01053221502393
0.816296273610321
0.772238309911025
0.92185054689794
0.77091472916683
0.826667731546942
0.874696098124788
0.942825181128154
0.892882514543464
0.832693926294514
0.88298593587437
0.712064563691699
0.973722548952348
0.708439793267142
0.863460502472001
0.983669128428322
0.933357576643872
0.873729547944814
0.968448582600749
0.951746964569707
0.817145816419896
0.99785999138062
0.915973640745279
0.762596526125443
1.09306856701379
0.952935519494478
0.857718826903864
0.985146317037595
0.913498132573042
0.844265792698353
0.920596087301843
0.955848425944022
0.954424464942676
0.943668711570689
0.863250450726823
0.882985522874478
0.895535002948228
0.873071909252036
0.846846548482654
0.95040042202837
0.89595016650879
0.855681224990775
1.00979133195227
1.0275971714393
0.903328493946823
1.03612833299259
0.866412726919481
1.00944043967598
0.962444712313752
0.930910156340061
0.981403876793577
0.801443949823499
0.861971093157684
0.907444515450044
0.934470346096362
1.05391970119524
0.903529440944295
1.03783268881894
0.865870940634839
1.0158099512371
0.864887339362244
1.03004834642373
1.06281382138485
0.934774397036624
1.02182887274323
1.03331871028426
1.01880942754304
1.02883883292362
0.912509338244985
1.01982341594375
0.875518211333204
0.72841332833808
1.04084796555191
1.0472443952829
1.18783145858321
0.893020678569447
0.991117529245065
