0.0788086328218891
-1.01201882834465
-0.867752255455524
-0.904842322857419
-0.994713888407522
-1.06526942915839
-0.998906308576737
-1.00465962529931
-0.951790457025668
-0.901647259139252
-1.10410065401051
-0.912726519207554
-0.970610567698627
-0.916571431824948
-1.00547510858851
-0.897007573931842
-0.997657588633209
-0.906522247616576
-1.03555697632452
-0.999860085098812
-0.936294809995032
-0.916059384089332
-0.990032925854877
-0.964603817138646
-0.695671238244749
-0.923996540315431
-1.01161993892887
-0.960925215822999
-0.925627364721455
-0.953175956010488
-0.91777164587549
-0.786649310587549
-0.914996557475854
-0.895466583490416
-0.99790592424531
-1.18786185845039
-0.934700058678381
-1.00504115715955
-0.915286569291765
-0.811115647510172
-0.949511424052094
-0.897332481323123
-1.09902858949485
-1.01466563863185
-0.955847375108753
-0.902962040502934
-0.958979818814532
-0.805428249439105
-0.906302486968231
-0.962365481182782
-0.83747857064352
-1.06961684379172
-0.994401429353427
-0.840912358293261
-0.85247370448327
-0.754784033216925
-0.780064068424552
-0.864662512115027
-0.900338042618317
-0.987690802550425
-0.964318963679762
-0.959937510671552
-0.911445980763145
-0.835576094473405
-0.784480461195501
-0.909556048666051
-0.818481543241019
-0.907526316815895
-0.899272951318724
-0.875110396374022
-0.829762635138754
-0.815008042805442
-0.862737709987082
-0.774569287733617
-1.04058083991554
-0.813244666427179
-0.733174543439006
-0.758738759357142
-0.863224266910228
-0.906035686654376
-0.696200258270449
-0.870984811924691
-0.76393603146216
-0.788009781126373
-0.779938898983347
-0.86204021910955
-0.883102890462781
-0.802919496825646
-0.855320752160244
-0.823535805369972
-0.94920019389962
-0.763065371840861
-0.808595780867329
-0.889568281498873
-0.81938902686139
-0.814779959907954
-0.795798441833585
-0.807419702756592
-0.847535323077705
-0.620443459837179
-0.77598429101942
-0.767172112334991
-0.768957012028092
-0.830698404274586
-0.847419307418345
-0.702142228993597
-0.789562372443402
-0.850680672349299
-0.804225541765844
-0.72722819494382
-0.865891807018983
-0.793169155835196
-0.750847738930891
-0.86337605125986
-0.864644762028365
-0.714457812841784
-0.843721973421413
-0.762456696205132
-0.674567478020565
-0.780929232730034
-0.896526885625652
-0.646512359892211
-0.753275630231207
-0.746299443891018
-0.784620722832738
-0.831699287349687
-0.836420758779327
-0.730986388040374
-0.775174222109079
-0.751053433438761
-0.751001073808575
-0.685866161475854
-0.67251814478432
-0.744313133165926
-0.680382388596045
-0.684982467113859
-0.823478237942547
-0.79598875168649
-0.786446919748767
-0.766600384140316
-0.675493305277206
-0.647120866841706
-0.76385740427974
-0.696197304681351
-0.70584050447733
-0.69758162369765
-0.70821225575393
-0.637974476698374
-0.771870018448703
-0.920868428765447
-0.626225366485673
-0.70498866730344
-0.663916591973451
-0.639440223497041
-0.75068810551235
-0.772718169362487
-0.690843524054282
-0.70568934143215
-0.820015400850613
-0.6146137769299
-0.699670373236135
-0.547546461151401
-0.662251943317435
-0.773941921093877
-0.709452354487843
-0.594634476056218
-0.604596421492812
-0.707955252459522
-0.662113564566512
-0.630079330394976
-0.89636563422566
-0.718469747432671
-0.648261024703244
-0.686001716317084
-0.67788869129406
-0.728619670897733
-0.615596852560211
-0.570157925124225
-0.563446573886414
-0.590713534245612
-0.658259382267288
-0.655087003202976
-0.619906910822973
-0.664190196924219
-0.593097007139839
-0.639433820194987
-0.674669416698436
-0.5860685202793
-0.574181332010229
-0.653356817302518
-0.66473208360355
-0.495060550728648
-0.735039431000789
-0.434879530744782
-0.630055954803689
-0.638422567010383
-0.651832013518492
-0.607976476339612
-0.761614262498943
-0.585445716172939
-0.684836679930751
-0.489915312030915
-0.445482401434811
-0.620306095456789
-0.545533700488737
-0.552035209549953
-0.621290431772317
-0.533173389841174
-0.62933383716413
-0.608025823766668
-0.564332986910663
-0.602477166859446
-0.5255081720552
-0.713679393600233
-0.592216611575288
-0.549945915565338
-0.594450508615761
-0.573941752065345
-0.602307383562806
-0.516626861661212
-0.633298916838072
-0.633405291849027
-0.551148366822005
-0.514022478875479
-0.458701858845341
-0.647558322766033
-0.55475047799162
-0.527289309318932
-0.588215321483308
-0.362940682174952
-0.478582486143837
-0.39839833199347
-0.460727422679562
-0.443785168013509
-0.511882920310319
-0.660687476841177
-0.573530380767193
-0.458212311897287
-0.4838674163262
-0.461419442288519
-0.572818050256744
-0.582676447160575
-0.602504175232584
-0.556591543255121
-0.590350467467082
-0.532825757416717
-0.49788105534145
-0.478032430781545
-0.496577686210964
-0.525333645573969
-0.549975806978411
-0.391317198222851
-0.544610135256147
-0.56909593028715
-0.538304866923603
-0.533394302872172
-0.575494211405325
-0.353099081504865
-0.453189427858769
-0.528429905444148
-0.253889243631045
-0.589089105762066
-0.557379114944238
-0.400916839377474
-0.337458847197734
-0.508489158472189
-0.504526789537766
-0.441235151481926
-0.517408118509108
-0.369959665170234
-0.50621769422909
-0.389865078499778
-0.604355545187759
-0.520044472890835
-0.443670109036719
-0.479478820974339
-0.358034537926396
-0.504489760015641
-0.472054839741807
-0.335101499153767
-0.584423373478955
-0.477763246880229
-0.636243627760936
-0.583336780315417
-0.487091038396072
-0.437028314624125
-0.278529455431913
-0.46488447910362
-0.481962274401038
-0.395100847579737
-0.354006974925302
-0.448178119034417
-0.339268316592838
-0.231523744344823
-0.444872255423129
-0.402905223336205
-0.332948216469196
-0.537114037823701
-0.439092928348298
-0.373303341133182
-0.311125417453744
-0.241870038597184
-0.434951110600522
-0.439766478971755
-0.452129469761497
-0.481257236423367
-0.498434123568805
-0.453765929603366
-0.379613100139061
-0.442503182287228
-0.512708807391873
-0.354083135755129
-0.348327707956481
-0.316125168466275
-0.304128864367655
-0.387287206700578
-0.367088617968519
-0.405764265407372
-0.316357631266588
-0.624850467289796
-0.344790017945356
-0.169582694996705
-0.36695218543313
-0.35760405058108
-0.435914750562239
-0.429346236390873
-0.394223034993339
-0.270820586490133
-0.236030184611248
-0.230993042162911
-0.292650300299825
-0.320226896252873
-0.381404686795004
-0.367924918482312
-0.243897311400642
-0.254779192109868
-0.246397362842854
-0.237924122048665
-0.295011461241539
-0.206318480069115
-0.239060725215621
-0.282527973603459
-0.19708366393867
-0.134060930425195
-0.278202490818985
-0.357179377468037
-0.375538925116243
-0.235011486823032
-0.215749761065858
-0.287326641901213
-0.379844701346023
-0.320773953352157
-0.268305101554836
-0.311465850719032
-0.209197275287681
-0.228908474411053
-0.28853747251369
-0.306079383351989
-0.210158102169227
-0.184428288800695
-0.30702400342024
-0.193773556100759
-0.286619312591778
-0.317963720660263
-0.32598238989947
-0.1851931488204
-0.427857081918663
-0.240018936883999
-0.313690394386049
-0.108115066399859
-0.338565049369423
-0.234171302718962
-0.333676258806766
-0.17835318040889
-0.213075425134861
-0.241525308379169
-0.231126838825133
-0.366145765456651
-0.209378839543361
-0.355646059383497
-0.223422247885791
-0.356479623148845
-0.32416285784936
-0.142478112727448
-0.148559430371895
-0.297092989258064
-0.309124024605442
-0.271994389227206
-0.262113893320806
-0.159980951433804
-0.164884103641073
-0.245926749651866
-0.269648486182292
-0.180806148295181
-0.220670520443218
-0.162075518046578
-0.130990122990977
-0.186282978128906
-0.187563960345465
-0.402353208920319
-0.116337733105869
-0.226820888592467
-0.139772809299687
-0.144743658450808
-0.206008044116019
-0.26975862320894
-0.149606676271481
-0.28921490050999
-0.11312921506627
-0.209276273944233
-0.0934252162235685
-0.159455908886247
-0.200261001560447
-0.0434377224128768
-0.228917070553967
-0.279819431350891
-0.344992746197316
-0.177277098355253
-0.0635847083221108
-0.191436135833901
-0.200737213436129
-0.136945918290654
-0.038725316727485
-0.340528831055859
-0.168877196482736
-0.102758578091724
-0.0906511980405786
-0.173743574345416
-0.285048852969056
-0.0207525686350513
-0.230298763133625
-0.127453099960544
-0.193776329252752
-0.0583576719911588
-0.145761680466304
-0.119498160791298
-0.181821975735083
-0.118488248783135
-0.109564030969374
-0.104903624609946
-0.169057646534722
-0.175274169817046
-0.159551520293291
-0.222838159341686
-0.0754792775367408
-0.262271980672311
-0.121508550815444
-0.0887195592781988
-0.103946355966561
-0.00578212761328795
-0.10218191112129
0.0136852725234026
-0.117832965589275
-0.0887165937579929
-0.0317669141198757
-0.0370683236971422
-0.121256378650624
0.0698623902775199
-0.0425542466847545
-0.158984702140482
-0.140798620034325
-0.0724718319028093
-0.132332157305799
-0.116297393282095
-0.160732686567922
-0.0407555902033287
0.00693400623937177
-0.0241276428635717
-0.113692437966966
1.75021006760085e-05
0.0385526494793666
-0.0775721578842144
-0.121829987940117
-0.0286158444797416
-0.150485154121813
0.00508120909037416
0.00531124779773776
-0.062295365176373
0.0627888504641632
-0.0276576051089694
-0.0108268513548166
-0.0279144068090518
-0.00873922171604871
-7.54156579380192e-05
0.0654234369486558
-0.121096802439485
-0.0964436557879821
0.033797250210923
-0.0630341648883525
-0.0930497289266347
0.0863266007832367
-0.126162641611022
-0.0234686887099621
0.0395819898320467
0.0202856489121754
-0.0486002800009479
-0.0484496690257134
-0.000125739438790993
-0.0737314293042782
-0.0392315544057117
-0.0415570598530534
0.0244160507809722
-0.0778526390859851
-0.03439181659177
-0.12032686641798
0.0667260708446179
0.0565612144840403
-0.014765023094228
0.0549522472859934
0.0125476976182823
0.163821039658742
-0.142740541916539
0.0217011975555012
0.189528053015078
-0.019030876329627
0.177447529431628
0.106304196271465
0.141239732137963
0.0939089260330268
0.0503205652256676
0.042993872091841
-0.0244042088333911
-0.015114385585698
0.0118489796082409
-0.0544033085561552
-0.0332126125137118
-0.0570575435670678
0.201274132158011
-0.0827669630761908
0.136068164988547
0.0295289838110173
0.0420604052099758
0.0376184045491358
-0.0425668294165975
0.100193766902203
0.0378512057184873
0.190019013078271
0.045536891948458
-0.0697358772152115
0.178732219565869
0.0324901219587922
0.325132060079315
0.0474025359571402
0.234547717199376
0.173605402841136
0.144784301988485
0.161174653789003
0.189932840915385
0.0664371165797496
0.0476378631571585
0.1772658113565
0.186867999825201
0.103960755720268
0.172166964984744
0.170476602409791
0.0928720634138776
0.0610693539719386
0.185041048670153
0.0368044380114389
0.0544030241359002
0.232628589466873
0.12591304003949
0.191643063110535
0.118997226078864
0.180928230721681
0.140423791329457
0.133390595370162
0.117374557466271
0.234032425222368
0.0481670452789558
0.118541171595329
0.273840572717842
0.189825564901751
0.0898818189670253
0.047993507735363
0.14459213037347
0.185386295803756
0.212016127290773
0.186046501447065
0.201253007512289
0.0162488376183788
0.113978709695921
0.166012345672331
0.138990885137582
0.210602576573476
0.19149096205491
0.254699564391974
0.172196669205441
0.312214558399878
0.0534102024241801
0.221651689774995
0.24274390426418
0.186104372544894
0.0539020387147978
0.166717334769344
0.240474780317076
0.0737738680886894
0.149366549941998
0.210946387073081
0.116250503668199
0.162637862953343
0.349445914622336
0.26144768609993
0.164066636149408
-0.030892645811785
0.139175884147252
0.287859285611632
0.239108002043209
0.170607095525298
0.191442486607409
0.164837349364675
0.241052331449282
0.368571148169089
0.241815117555348
0.200091699365761
0.209770048740293
0.259148283054962
0.253594834793238
0.284823927016601
0.503734075652407
0.315199107576497
0.194426970572606
0.358236912552641
0.132548417598101
0.367716163032385
0.163698190272877
0.470621266308176
0.190091887128677
0.310345726161536
0.170826017682135
0.181832069430407
0.355269566647789
0.384905533256522
0.126967841706975
0.125619650519643
0.0972155762870564
0.249002751051061
0.1967544484862
0.232427716218802
0.174477229925081
0.268058343911347
0.367702245792731
0.177216560616111
0.359957439037426
0.305453949321496
0.075393335931154
0.372758250292625
0.288115741654141
0.399374175302281
0.312554853497948
0.27072396223425
0.154678409342648
0.305138818767297
0.276163189645039
0.305350399589088
0.311697911845518
0.292775028667245
0.321540643645026
0.314183714659081
0.211027694193705
0.417856735818238
0.308069728520539
0.313193681339732
0.364053419850273
0.399597801975571
0.356835160661223
0.237515172279887
0.410180636252404
0.292674130253449
0.334924733388954
0.405896667063387
0.504547359687841
0.415313214343176
0.278803780681776
0.410916452111553
0.373979598442383
0.281118531704721
0.357699779332067
0.173681403853581
0.335207918796718
0.315692627900705
0.368325647565792
0.459375915926567
0.253537359240575
0.304250961510791
0.440816297239941
0.381538989289813
0.317473421711061
0.428492447256898
0.324995982155669
0.290523923528825
0.519135251499116
0.432214418316746
0.273425206224397
0.470837100109268
0.285854715982618
0.346998493980481
0.412607556578731
0.314765456051583
0.232435603871243
0.357743927468632
0.473983179023449
0.428665049731694
0.530439443938142
0.356776315769806
0.26902287041201
0.290745351509017
0.431036343127984
0.453605988457375
0.463802459600768
0.431132050883916
0.554392731437267
0.391689546553554
0.432419687307661
0.591362083710246
0.427030857887849
0.548417366488133
0.452261864113371
0.255164210626723
0.53736986243759
0.289997132400303
0.553354386832165
0.429118480409314
0.349641914754919
0.435474462599163
0.463139401949363
0.580616815210917
0.45075689605955
0.514073827940542
0.524762420443576
0.484910954362449
0.514310348622982
0.517667405237783
0.476640289273254
0.347165680963377
0.466872250070353
0.521909544020437
0.464740748598112
0.352840863641618
0.524299128079028
0.578987257939634
0.366269600172871
0.62375730321838
0.539770026947243
0.33703197317845
0.605358491967839
0.532978831672012
0.457957065721755
0.546041887679992
0.442916005306489
0.522763803984462
0.467170435118142
0.531371625194908
0.38447794603882
0.435470323933477
0.588695731160346
0.614882599919889
0.575707398969729
0.45696991460795
0.554915692016107
0.750433994325062
0.596711685034405
0.658364136834287
0.429520787796473
0.353544963438969
0.378622501881546
0.565770075908942
0.408508459496744
0.581167440973955
0.603711351443979
0.548772984194559
0.688198582419959
0.429392354712153
0.496812342349299
0.631372263349221
0.472188404769231
0.570898711258426
0.525648770168697
0.51571497611394
0.584365244027163
0.592477481974853
0.492804554372486
0.593214451838342
0.500765860880395
0.670618074455562
0.524149835230248
0.697409309959579
0.473964866190766
0.519856168889938
0.413396667150815
0.552012081142924
0.54668364470911
0.560508233241124
0.46547253690608
0.582364443817777
0.598498472132815
0.549188365427114
0.557403196085348
0.664322720951512
0.727277668151822
0.67524651056732
0.596554297203843
0.702930770518925
0.560820100534947
0.52106482838842
0.704484330727801
0.627893039095977
0.739337022901104
0.588255296427
0.643316522451646
0.650707018034152
0.575424787190499
0.60214165960974
0.57351984375666
0.682157862764395
0.649060314528208
0.633633299061908
0.577071439557256
0.550132959377304
0.632064662260894
0.704818202635153
0.586286614183498
0.664078931487438
0.65302749705858
0.603258809310851
0.539260981255514
0.520594381156499
0.488174025060995
0.604917378598277
0.594516923941589
0.793601362962332
0.638925685568129
0.691164838594283
0.701551733622888
0.631703250864564
0.709525380349703
0.605603697221671
0.64514191133257
0.646420442316489
0.692147192674043
0.67099806888345
0.674556673306114
0.752035557557526
0.759773210553539
0.650804443704182
0.739100508992446
0.74522893378376
0.701637104595195
0.715128571146612
0.600553283683667
0.603981319465955
0.63656134952581
0.752357258792956
0.656108174213558
0.772925826407647
0.837761261123657
0.641498545454976
0.780272739726461
0.566326660115996
0.732451681627993
0.819144597794279
0.804412105658931
0.700231649441873
0.625572062269959
0.5381372145445
0.709490488486287
0.595938624312765
0.825914957821641
0.693264773505712
0.694729102051086
0.802774283708062
0.76821784980325
0.708417733621287
0.81731792845906
0.82254037521581
0.712379870211689
0.797186148737852
0.586741693900587
0.724776911075887
0.672005646236183
0.75421812627043
0.655132357669348
0.650339228331867
0.901957577406664
0.624904687945661
0.686349443984981
0.774177338685199
0.842561195231419
0.625398387927813
0.74499855376233
0.825046906434701
0.842891921698178
0.922562078217168
0.842121327532638
0.827067889118292
0.893521510478038
0.753098020512476
0.716350848567072
0.827494241855556
0.85886314691703
0.880312161923815
0.924231518617334
0.781809610253348
0.732633771803771
0.76472234246308
0.891014111201041
0.803736021913321
0.661535010471399
0.894701518505227
0.702164827307897
0.744881956344266
0.821476888815726
0.797395946776156
0.857605081585891
0.79517048502998
0.799704885481255
0.85585536666454
0.929553732729654
0.923885634980352
0.752237140587846
0.895163144710684
0.760000806667913
0.891051962454227
0.777017249553062
0.840892958840012
0.835413582546551
0.774933742725098
0.804108448087943
0.892618717085429
0.927341255877138
0.933966585264604
0.895306732118133
0.752603763699759
0.82744872654345
1.0744808946748
0.918769214651338
1.00801516052336
0.903017499172593
0.822512248312663
0.868832609198764
0.772772495251613
0.862155398357731
0.853081764994319
0.951499960710933
0.837303885153439
0.870655266274798
0.854329073702204
0.97871804241638
0.887691136683302
0.928044163106067
0.939970371023989
0.924502799079524
0.883204066558054
1.05153503864297
0.833211339022284
0.980275322045571
0.90026647726595
0.869390425703032
1.047124556858
0.868385795224954
0.965808656580248
0.845435096068826
0.912660126004705
0.777208406412208
0.953930647495297
0.850047756348599
0.953115228311634
0.948370650211268
1.01583449493459
0.706834461443805
0.830241212845899
0.907153356565736
0.989420652736848
0.791287563998844
0.935565444272448
1.01732941860945
0.980226509740223
1.0392521128481
0.938982015456305
0.919695124298612
0.996200312899056
0.902349958806643
0.983095577886749
0.924187145646946
0.93960470541237
0.999614409298938
0.956051268334874
0.894313817592643
1.02429889623391
1.10255745705722
1.04808727195429
0.847145466830713
0.924760094814983
1.00918242439184
1.09684305857218
1.04059721904776
1.17451063077484
0.825279338179015
0.908411832732228
1.09212477864233
1.16536963779213
