-0.0344380152335507
-0.949130699794216
-1.03322870271667
-1.00276568509735
-0.90277267521088
-1.12130030827686
-0.967058855291317
-0.920552474375835
-1.08768010772181
-0.957047068446909
-1.10561145516888
-1.017882090978
-1.07899963068682
-1.01446696720955
-1.0640562047177
-1.07508626490276
-0.989862474121505
-1.07196471427008
-1.02786645486328
-1.04063248545289
-0.981682406043428
-1.05159810878724
-0.911915545815968
-1.04532839346827
-1.02958090221477
-1.0603772635133
-1.00047359973089
-0.868657585806437
-0.918443515938099
-0.985936810731435
-0.916656257688757
-1.00493916346197
-0.841454415283897
-1.06157585503929
-0.943948085330298
-1.12440168618774
-1.05137166973156
-0.890995427451456
-0.935432634092948
-0.877560788722386
-0.824150575217218
-0.892995801486818
-0.86036411641749
-0.980824818440601
-0.913226460166631
-0.834522027740554
-0.946102785306708
-0.937535102082593
-0.895228929943413
-0.888519789939813
-0.847753191964601
-0.964523776057323
-0.810878373162753
-0.873092700198696
-0.979331737526089
-0.893840375788785
-0.813684731046499
-0.881921078337624
-0.826328301877446
-0.962853119141881
-0.954792167672702
-0.93947431303013
-0.849882731154268
-0.756983568613359
-0.908528622332031
-0.836516332144909
-0.937959133180228
-0.791197719620624
-0.849794099468987
-0.834779946446356
-0.933528088681325
-0.930382594534471
-0.887054345514607
-0.968074816890772
-0.851600119245474
-0.874747722972269
-0.971314573956159
-0.977075485927405
-0.874027810284714
-0.908273862203527
-0.762648705809813
-0.906253970049798
-0.996284809841811
-0.905785259348733
-0.929035962316173
-0.860863417177307
-0.797602942316225
-0.779169914849073
-1.01746308746545
-0.783879990391794
-0.798198363061506
-0.82269305310173
-0.700287949804297
-0.872605557654616
-0.762829317458501
-0.866253382946448
-0.771554857111127
-0.831361575945583
-0.746907377569487
-0.831080929752805
-0.757355069622483
-0.709389257699865
-0.849725091849705
-0.89172675150804
-0.733421784063867
-0.761840163796616
-0.749923008640647
-0.748766195853892
-0.73681170311002
-0.795903642240118
-0.854557978194544
-0.648127723405416
-0.935908198243553
-0.876356049269897
-0.800195338173653
-0.78214268457238
-0.740251421289903
-0.705187818452609
-0.880671888739745
-0.608587338451979
-0.696230380384515
-0.760937311152929
-0.725601803689653
-0.838566940594413
-0.971712098732436
-0.600923751649907
-0.793785867689606
-0.759536630759769
-0.611948372848847
-0.617968174960754
-0.722906407542329
-0.689147725163736
-0.760021338323962
-0.646524430882909
-0.743165835459557
-0.744217303939807
-0.677315013037975
-0.753368442272423
-0.679037858337041
-0.787446109607716
-0.661329850868941
-0.831088820666861
-0.772733195826009
-0.70842722613739
-0.667446990010062
-0.70134463359444
-0.629512884205052
-0.734048624328366
-0.697662832668011
-0.604037636308973
-0.705808597384358
-0.624087748575528
-0.678793642773814
-0.71445001939248
-0.744751219779487
-0.707465043673526
-0.664127533990429
-0.814310997793654
-0.673244334980318
-0.654095318898929
-0.607950162550657
-0.729926446933279
-0.819583482833619
-0.659255500595395
-0.620319106246941
-0.708397246483954
-0.592429231160216
-0.696888022762357
-0.604885140665323
-0.625973829054521
-0.714955744814147
-0.843241042184287
-0.679571229099805
-0.522707008408215
-0.58743566508822
-0.631025654675047
-0.612080814197056
-0.452059711851802
-0.592927452413864
-0.723397515921264
-0.727571051749517
-0.779894415587685
-0.63049788876388
-0.596560055921646
-0.484879315251046
-0.636597383960744
-0.708887397056571
-0.688306571232128
-0.670376875782519
-0.650455012199094
-0.513275493821666
-0.610511397039581
-0.460080852608422
-0.507832951185825
-0.699774795915952
-0.715952227191413
-0.529354604699231
-0.567103124660063
-0.569830083275507
-0.579898052305256
-0.679082703916845
-0.500843406514146
-0.567955203391515
-0.555580407878261
-0.697996723497456
-0.626950090099818
-0.6483501616217
-0.586741884711394
-0.638738864514974
-0.49400498417746
-0.646104303551104
-0.619862148021212
-0.41633586118939
-0.572508194278227
-0.50316752013077
-0.555447527771119
-0.502028049731963
-0.628952378871072
-0.562363510735782
-0.503877881713249
-0.550156675642446
-0.507762841915759
-0.580372657193046
-0.557088148147059
-0.486677290827612
-0.519539487277185
-0.477329284834086
-0.568078709427039
-0.531146585319806
-0.553798591259332
-0.695797032624802
-0.482211447267742
-0.452081781449117
-0.706118964315575
-0.416158938780739
-0.488744569875856
-0.664088635518949
-0.415707136539004
-0.500660167782738
-0.530715704518189
-0.620217091731502
-0.64971821932867
-0.601907168936051
-0.570228650190811
-0.544269818144283
-0.561269590752461
-0.493284272952191
-0.46488337586531
-0.524275726327128
-0.623105948510115
-0.384119581348048
-0.486970255566365
-0.44746662073764
-0.361038575726177
-0.612501217390104
-0.406378104606553
-0.402464286807183
-0.502620209157047
-0.479530802069177
-0.640498129127044
-0.402615009514204
-0.440642462505289
-0.397483792741359
-0.545343249950764
-0.558824784261334
-0.491117911705779
-0.488383786130793
-0.356011186272941
-0.411438599998909
-0.396184920598168
-0.404825596508983
-0.468985725336056
-0.45817168580995
-0.346297689118177
-0.413078606156991
-0.390480018037429
-0.475573547607496
-0.437778183130945
-0.399750853000228
-0.442705054271528
-0.510982392619116
-0.510381886727265
-0.56651594417248
-0.427458546263444
-0.437169994890134
-0.538439161012839
-0.531693802813962
-0.587883259860482
-0.282087920561225
-0.444862222046781
-0.309311173064279
-0.425634332490576
-0.348770662961463
-0.510414400425434
-0.443891702737373
-0.399455048096212
-0.2543129549977
-0.372997391592062
-0.404235338208061
-0.380659352862569
-0.29223887986779
-0.325999337972287
-0.428349142199133
-0.357375785970075
-0.385789225634974
-0.365878133108375
-0.367943898413398
-0.388874913858973
-0.420679869714613
-0.516270299600974
-0.422276815305528
-0.550669777074332
-0.45661030617957
-0.303896763355918
-0.382649355572092
-0.331526102599913
-0.412583851429515
-0.387031835048881
-0.351202046845325
-0.311921417727369
-0.369478630807059
-0.493042925114517
-0.293543188717631
-0.39614793684714
-0.268095807451135
-0.485619274011178
-0.248608112368584
-0.407141665090392
-0.167521480010658
-0.431437934833479
-0.433599717102002
-0.42471352657298
-0.300974678378218
-0.228245943308958
-0.414688076882999
-0.36393197330366
-0.3345572132347
-0.25682032699595
-0.251555307100348
-0.283469509134787
-0.198346340803598
-0.333747714479723
-0.376629023276188
-0.428835598244177
-0.142101519491941
-0.233109958589858
-0.368475247929285
-0.206384862009554
-0.30501808820383
-0.29808629079712
-0.194213249936985
-0.277996279786077
-0.329606787107334
-0.0414609259613553
-0.295205110707327
-0.195194116288887
-0.12426554549469
-0.239558303850991
-0.373991714556337
-0.387252091539857
-0.246489064800932
-0.382724950362271
-0.122435257686077
-0.239557156696538
-0.291575997778033
-0.169655436360854
-0.34881883452232
-0.223894274490208
-0.277784245626157
-0.377876038722132
-0.187961892240743
-0.435725481697302
-0.20533747745875
-0.0931830478315506
-0.0978902308402181
-0.195208863526143
-0.304125346415755
-0.349489160596975
-0.249180867175172
-0.126026245332018
-0.327190457144998
-0.321389327035759
-0.384304388087209
-0.184710507292454
-0.244157402100357
-0.232962486991676
-0.151478744604807
-0.217685252971897
-0.126416386131004
-0.26793197173111
-0.212092045694457
-0.274163023724763
-0.277723448095449
-0.317271594591055
-0.30062787404698
-0.172298133246511
-0.226789404646119
-0.297536238295223
-0.139078790890831
-0.266542521057414
-0.19380518032153
-0.0726312118178009
-0.341919932518527
-0.0886011775679635
-0.0956217715818414
-0.261982127125145
-0.365096600091485
-0.0961775604229017
-0.140364329289129
-0.0852989135079651
0.01745989133104
-0.197899289000621
-0.232033076161217
-0.166013467161786
-0.238583821409387
-0.21725344053086
-0.093701907164504
-0.203855726476918
-0.240742205964662
-0.18440440387896
-0.170584935027214
-0.18309081605025
-0.109576476360726
-0.264293706811037
-0.0415315581947319
-0.170138021235775
-0.270702462579249
-0.157999172536481
-0.148260808922877
-0.300483846212983
-0.248031392260324
-0.268966173259512
-0.150930590236846
-0.115213481426571
-0.01522286604062
-0.151870772271855
-0.291521912566644
-0.161447897848256
-0.195365677870929
-0.0971944978912074
-0.178999484533798
-0.228163330150243
-0.105412377376451
-0.0811584258362423
-0.180145911768498
-0.0942640279446833
-0.0148518281351773
-0.161049965424142
-0.0549576336003037
-0.107687778971699
0.0372832242440048
-0.0484803025808031
-0.0214583681637809
-0.0793086203741499
-0.170615274340821
-0.0669579032302428
-0.00893255650775731
-0.157314005927964
-0.113621474044268
-0.14369415476508
-0.0349631520858908
0.0556589193975431
-0.0669309679995123
-0.185283134555955
-0.247453774326681
-0.0416981679007413
0.0338790991838517
-0.0711247536135366
0.116863581871814
0.0186917543853647
0.0432373217173831
-0.133442895908607
-0.0344255382960314
-0.0167093006883862
0.00866856901498088
0.116068627059435
-0.190214212370668
-0.0105641523386983
-0.0953112311816957
0.0161579063457755
0.148428936912506
-0.106594547821704
-0.0718411915581808
-0.0293427763465368
-0.187293155501369
-0.00815598838660886
0.114428135317188
-0.188550614744229
0.00764994608951054
-0.0519738788225307
0.00847161669789704
-0.0930664345458127
-0.00221429597660888
-0.108496540798512
0.00458665759374114
0.0367333413886317
-0.046630811093947
0.0483134674505819
-0.0404962648221602
-0.185951325703379
0.0395371760022469
0.0906324127187979
-0.0773763777507306
-0.0603509154243652
0.121147933361653
0.19830066714142
-0.109619848349382
0.012694866884365
-0.0345974037989708
-0.0232240466753038
0.00179170661568974
0.0376126976456092
-0.0447494439804997
0.0720820849478816
-0.286683946742477
0.00776542517558788
0.0748159267785915
-0.0639535438538518
0.0353260076008838
0.239576295561437
0.0313329688975836
0.116001944567423
-0.0241971740373563
-0.096650573518418
0.0725630890126605
0.034078396657093
0.0549433426867978
0.0672164266720503
0.105158948380793
0.0795792414189371
-0.017465352006475
0.0241507882080742
0.162569642685233
0.0375316778763409
-0.00938667731471003
0.0582335704222796
0.233254131418322
0.0367170275449084
-0.00888562635532504
0.0114707674673949
0.203135059356899
0.146428389997228
0.168674145492487
0.161916371495469
-0.0356232770067313
0.0339871271021474
0.0392390433153941
0.095976164484154
0.0909265963847873
0.0933195368671615
0.0472473564532983
0.147205246479782
0.160382447494916
0.0403276350827672
-0.1424291525599
0.136191719507464
0.103190659277153
0.0403571082135147
0.164971030275621
0.0893224056994186
0.0431604549371461
0.210791811532218
-0.0186629862793866
0.0849151530012021
0.134099010443189
-0.0210688147581362
0.134511260097289
0.0533270952076174
0.100613199577636
-0.152056787832033
0.00931516846944859
0.0880427010940681
0.220144777789884
0.145235018404092
0.0600797748925775
0.105575054036984
0.0196941843070434
0.147778234281007
0.116538204650741
0.180620194376507
0.276569065607834
0.235894366887654
0.100527501960924
0.195677748586332
0.186408060188761
0.0849921559110265
0.28167258045441
0.201552992009368
0.272152746929124
0.0876618515368215
0.235960600235248
0.028599786195135
0.239073195698935
0.153043307962266
0.364229762919542
0.180221936935581
0.300721129104965
0.19639394922183
0.152087326493922
0.121756230488253
0.202112659997043
0.107839436797611
0.190924528780801
0.133267257755882
0.308521791890527
0.109715341121592
0.216876121633261
0.246466428921199
0.254076651869153
0.0710520300369561
0.155581384311838
0.301702659822381
0.256763762213591
0.231193885187003
0.250901346574833
0.18912793024981
0.331896821499275
0.106880393503711
0.277129545832333
0.283345565974375
0.120205575680692
0.267130030534423
0.304369085050952
0.200150565178956
0.322796127819221
0.210405004267125
0.167459415719116
0.188325121232628
0.288056717894554
0.190262061834642
0.261934468108615
0.26293371035573
0.200928711245918
0.231926167490137
0.227236846644771
0.326023017304891
0.276575302859677
0.186643809234887
0.362759085627932
0.188818023470672
0.223333253857454
0.168836972233006
0.291690564560141
0.235445082205933
0.181761554535565
0.254216496208277
0.328832339162957
0.245496880329387
0.302691414452175
0.289655220976406
0.251439014873331
0.412047221061359
0.323008277316846
0.387586693479143
0.142436712021133
0.466008064305521
0.231980716264428
0.320456181533717
0.391364780318114
0.286203414082847
0.405015315345336
0.377228674889138
0.318201606381519
0.237036520735254
0.325087616071405
0.363055668589797
0.31897631997336
0.262244559539994
0.321309288611455
0.273744503336417
0.427782899850043
0.344528149130045
0.177087923340976
0.339727573461373
0.392688243626467
0.370939006193885
0.360671201743695
0.290752603707281
0.346467278229797
0.346573227195478
0.528439857106755
0.371826149873108
0.38809016700488
0.379496847446773
0.406852178704378
0.255923284893672
0.468602808338342
0.267199109034937
0.21506136695173
0.532650379911399
0.293441025382045
0.362150786989154
0.393140260582793
0.470273517920374
0.575191071877376
0.463532054051892
0.317773546365052
0.490437416435677
0.480982638549845
0.407808219823348
0.41508429472937
0.536339242657686
0.225621250688809
0.473627365104042
0.398787831056688
0.469921359285207
0.355925984662836
0.377455018159351
0.562036295123291
0.422607065198844
0.30119959288717
0.557768808431124
0.486376446216134
0.451149111864788
0.296215503092295
0.400319799519526
0.366255274948272
0.322757972228892
0.304469620587147
0.448466398210049
0.335100992096411
0.525914999751834
0.483318898051341
0.304633634883
0.514229161306887
0.645464299345805
0.468296513877762
0.359657313023125
0.52104152017303
0.400309292585629
0.524676163095904
0.501851493258042
0.497761114150677
0.502748055250364
0.52008674914404
0.45844047459194
0.48950437743549
0.453575751077135
0.428443093905565
0.467849802901988
0.586854402126208
0.647422545728013
0.482941807291989
0.465525428398588
0.436690186657278
0.39268119917968
0.649737289590763
0.548873832767732
0.509272198198755
0.410801693102846
0.433610997056636
0.395158014797977
0.677135259609564
0.489733228236184
0.443741899786681
0.43250238472455
0.350056362467385
0.603442572763653
0.518819556306676
0.48196963154288
0.602188742239937
0.367632428865127
0.602953699896191
0.439484971631425
0.484044183098079
0.348385759349971
0.571936319345771
0.333421615425463
0.673758346433341
0.467189954696102
0.669516610259199
0.423980863009599
0.517260623655392
0.567585079971705
0.629762651733939
0.650817743089414
0.643923045763315
0.673310865268691
0.576191127454728
0.64833651034285
0.544140928882176
0.51787953180597
0.663474463919933
0.562902827801524
0.569516248676079
0.459802943377946
0.495531780320211
0.757640132676677
0.644469266514568
0.437758987822326
0.517682077710713
0.377495345416915
0.555249665720529
0.566455952662092
0.562193356603656
0.521816910696405
0.59283649908337
0.574574477600606
0.627714102457143
0.61333989314691
0.687329679768031
0.383019916553924
0.568493539416275
0.619928016285294
0.538359022634374
0.594348884791082
0.530625799944464
0.530945447439932
0.60106841341964
0.624059547875043
0.664065710485123
0.733128037375876
0.581186481939616
0.538244018281747
0.555957812645222
0.729152011572883
0.460085809046954
0.576444563217136
0.515799802270454
0.608688258324348
0.769292227963168
0.624061558389168
0.662862599305042
0.651577441850586
0.557116418893814
0.63069222800277
0.612939591131738
0.670336113389278
0.608812416500231
0.507037294173285
0.732269490892012
0.621308930988459
0.638268957759961
0.563920236556664
0.709346625084014
0.759182730849713
0.663794056930914
0.619034470621288
0.711996304488086
0.776642173819139
0.572291084727176
0.597253382237571
0.494246132861205
0.725624755990723
0.539328590082577
0.660993094484813
0.693370511746837
0.534719548464831
0.7327126906675
0.733336967615064
0.738654009869574
0.625555810213365
0.844499235870075
0.715034990703595
0.700574919828237
0.677661602242916
0.824927633083257
0.763736461393045
0.625205294842538
0.929164701637605
0.724122596280391
0.688128875212396
0.62440426976907
0.84293115306376
0.762685723329433
0.828780785474801
0.663155229153074
0.835357859874568
0.757677631636486
0.676577630777225
0.685398769580115
0.708191162959433
0.652946343788355
0.625902006391947
0.715095705435286
0.898084622186048
0.742987413423384
0.745326720123683
0.665193282602212
0.60763547308906
0.728807689361602
0.666241740743847
0.71641529085292
0.790057925824757
0.821975359069194
0.794295929768472
0.832360239135893
0.703502049371214
0.605004179076983
0.696946433372577
0.780107831562844
0.723092401241102
0.913155811598234
0.682456564196769
0.881576875272419
0.656070651197048
0.699201104009457
0.768690634800759
0.837923129663504
0.716500167957904
0.794556189228365
0.784957005812964
0.662480975816897
0.649864205973201
0.627857419035178
0.713915741179986
0.885331885645143
0.879753758890882
0.818097342148299
0.699169024738476
0.894084384245909
0.830887562501282
0.905745218741582
0.838005482801448
0.674649047804326
0.839491937205612
0.849367739159545
0.829119847341329
0.947803010538421
0.987140292983167
0.889960071102734
0.871880309855004
0.809005280742123
0.783652779656852
0.778096677602769
0.816944465714521
0.856164454158504
1.00921061244513
0.696543782079603
0.883970676329075
1.04473847317929
0.769284337789727
0.846738813087432
1.00105453200598
0.795254912714565
0.836509822069433
0.864661866701537
0.848550350537408
0.865287165938861
1.03920359657023
0.775056328693789
0.767606651671143
1.06008565918646
0.920571833243244
0.883780816076202
0.902872562611785
0.672574573186201
0.81145151662864
0.920788925856199
0.989365361158571
0.799228944694982
0.882294670052964
1.06716159595386
0.761192643541055
0.87894304989956
0.934519590809455
0.80276524739534
0.951567059116691
0.855466615832252
0.874763493582936
0.94803287011621
0.869525553220048
1.06695333249905
0.807723412314507
0.94478408429703
0.832503916982794
1.0102937642557
0.864219083513775
0.923136431647093
1.0537055208736
0.809451533054456
0.984817840616479
0.934424784958269
1.02437937516618
0.92676369045108
0.845993821926475
0.975495007579986
0.869283804164998
0.900497763802874
0.896277233872833
1.02991160423587
0.979161345079321
0.990824535919214
0.938817397653125
0.9723423148839
0.907511901170411
0.987814241184539
0.951258609964122
1.03841739608024
0.916955087853212
0.858194013052818
1.10379310881836
0.85994475048983
0.995994722252245
0.991961659619294
0.968098029470332
0.990206712043706
1.09291987821024
0.968738053387573
1.26513225065092
0.971274821844884
