0.0460747546798112
-1.04061907284253
-1.04346997574271
-0.962037622629201
-0.951784041239491
-0.998655158948807
-0.925158229306972
-0.93084006400484
-0.83784270618107
-0.933733163682766
-0.978801041428166
-0.990743192827856
-0.966728982400014
-0.943536018549528
-0.954219038296959
-0.939245911832496
-1.01070945397542
-1.01267554659101
-1.03178137016231
-0.991302470253474
-0.870066243893753
-0.85003560620208
-1.05134986257233
-0.929591442168676
-0.946170265708614
-1.22059066250312
-1.045342256148
-1.02986627371902
-0.969145111902023
-0.860373185439103
-1.1118114278903
-0.976196106604129
-0.90136983855798
-0.934524883025478
-0.902292698102423
-1.02270786708587
-0.937693184272402
-0.912534976491276
-0.949684942543739
-0.984336206392888
-0.890219505235855
-0.870437384661444
-0.818656803199831
-1.00025452473835
-1.07107052646452
-0.852354382741502
-0.754179678522595
-0.868890310035214
-0.969795118119145
-0.991236837689463
-0.597566045337369
-0.899444654656653
-1.01845651972001
-0.943761880459708
-0.888762578480298
-0.941505934000304
-0.863964527059795
-1.04408779644309
-0.952248299294021
-0.87142231512259
-0.847670400437312
-0.869604286421843
-0.87795103414135
-1.01019070344339
-0.728377835373232
-0.746276410654396
-0.750070331153634
-0.82467893244429
-0.907252834564226
-0.933683202068719
-0.738995937131253
-0.90315404349255
-0.850713130496216
-0.813798745078187
-0.867188111106301
-0.983985278894743
-0.874842280494265
-0.871702455440936
-0.812113902552042
-0.919818327857237
-0.803497294708031
-0.696179432777231
-0.855941812122491
-0.877090791221043
-0.811929972647197
-0.879227406179095
-0.728598227462239
-0.935572369906632
-0.863887890737748
-0.915742929757474
-0.755210995694711
-0.870652197248741
-0.866336224048559
-0.869329265607735
-0.850252965361233
-0.816991353389476
-0.866889956811362
-0.754044361343967
-0.867734621592137
-0.762361350557327
-0.692226358199683
-0.810176163774597
-0.660663867033601
-0.804544992207241
-0.908236721718862
-0.752466733340436
-0.555801068822375
-0.683497534332702
-0.685216563157421
-0.857079209020957
-0.657291213504738
-0.866585533702146
-0.893685949809301
-0.766424621780527
-0.935961568978594
-0.735630565891759
-0.742965120168026
-0.695639673536638
-0.804371735545165
-0.597286899059102
-0.719779913255301
-0.635078249576153
-0.806558752112623
-0.814345922765148
-0.737350275577608
-0.761020051433427
-0.761832443401062
-0.696780168028565
-0.742930471559631
-0.823280567215033
-0.790144940679212
-0.621204257411709
-0.639561689519115
-0.710767171600432
-0.850747210989418
-0.870253372748098
-0.76780413250835
-0.611783635821486
-0.653463713079691
-0.627837794254582
-0.876486311753702
-0.664373937742603
-0.746479382631274
-0.677486017787332
-0.736496667673558
-0.721459917575674
-0.650462207514103
-0.65712517472023
-0.669686694845842
-0.876106403319919
-0.621702298446466
-0.741807344960195
-0.722629913173733
-0.596644930516546
-0.620407863623514
-0.695404805300923
-0.532284694062806
-0.675823812623529
-0.73566944556193
-0.682376678611996
-0.757590684136558
-0.739113747320708
-0.690689743517677
-0.764530635412382
-0.550812363199681
-0.731771546945956
-0.717411359128663
-0.635926397731193
-0.669717444809578
-0.640266403825786
-0.734131578613028
-0.531019596351688
-0.704582475204806
-0.551203356049139
-0.709275785647526
-0.559262548316384
-0.671429130347883
-0.663261197719367
-0.662751024640522
-0.778187291140755
-0.563288588395297
-0.67344981753414
-0.481670099227344
-0.508916793775279
-0.602859156638869
-0.583973955758958
-0.588861305990962
-0.644441753665458
-0.618470646829507
-0.559938110565427
-0.657221309651261
-0.663791454041179
-0.744591684987317
-0.596853515002637
-0.563440580270735
-0.617195956647573
-0.592036896082022
-0.440843318349874
-0.700202598772356
-0.589617851846588
-0.522939487410505
-0.603021368206995
-0.585228090105429
-0.743154327778484
-0.435442659124206
-0.576854870718688
-0.535906039213405
-0.581059272540761
-0.680179462713795
-0.761596291542741
-0.657634853489692
-0.565989322347123
-0.604364532119685
-0.538972059338807
-0.603988078798288
-0.561171409494717
-0.563158743266825
-0.377416416340649
-0.482250406485483
-0.560079726813956
-0.472330649940632
-0.592680502816767
-0.630714827544487
-0.40780431118119
-0.530688052089221
-0.54156156055688
-0.564279282200738
-0.582708839553392
-0.64539222704214
-0.599081333881416
-0.510538390296001
-0.606228439851007
-0.535823676608082
-0.557709175473012
-0.563208072376791
-0.603221358355595
-0.479956971427918
-0.478472521893136
-0.514316572517956
-0.539598509404859
-0.463669331844693
-0.565299970896621
-0.647669589470086
-0.499344735625099
-0.450795056497063
-0.375442668679505
-0.40983124595893
-0.492100479130007
-0.503240501860625
-0.509095354922846
-0.397125589940718
-0.363225480199425
-0.65488267750838
-0.35277832771011
-0.436259524403616
-0.492197954671623
-0.530386852991454
-0.551111050247541
-0.472323956660042
-0.621046396771934
-0.485839788524477
-0.375893956075071
-0.548794222974058
-0.496483013883732
-0.469164979924076
-0.456188035578339
-0.5102299555425
-0.543910582133642
-0.354334637156491
-0.460072345430488
-0.399993776009612
-0.562785667217791
-0.60202954611809
-0.401613497532933
-0.482339323264383
-0.430797071051417
-0.364921025126837
-0.444254632556954
-0.485782967404419
-0.356714695146143
-0.489964787038086
-0.359758748010556
-0.45853832518396
-0.389663851361591
-0.47856527528601
-0.392712008225784
-0.456312407016819
-0.431816518776994
-0.328433651578275
-0.432127120625402
-0.19921863641071
-0.453255472437951
-0.499526459051268
-0.224265953455748
-0.431046776793283
-0.478760855408354
-0.426565420370324
-0.230874796005228
-0.39631201402927
-0.470294027865883
-0.359161479385667
-0.292415520894868
-0.291598815090219
-0.343283133026575
-0.370413899059966
-0.439872057343644
-0.500487845173881
-0.302438064235451
-0.280348824107334
-0.361482737304391
-0.298314227207491
-0.469762458786967
-0.278165036132877
-0.436942120819779
-0.469768170253672
-0.486002574575246
-0.452146537821749
-0.403929997255826
-0.407047037557428
-0.532451817150998
-0.470653650270612
-0.48240175866345
-0.418415969534075
-0.391810954829911
-0.269293719922725
-0.351334627842003
-0.197952750723437
-0.504673443981408
-0.357779540787849
-0.106867007409349
-0.532370515199135
-0.35697208375418
-0.201496408130601
-0.452036433362773
-0.317904801874502
-0.297772257118874
-0.454689020967874
-0.40063930172014
-0.353045274044244
-0.242414857389509
-0.354762361487733
-0.243672618424399
-0.278462233677102
-0.321175290374459
-0.262777312109963
-0.278300993127087
-0.252568314084283
-0.386284216272629
-0.252012105295722
-0.287802876700683
-0.225423953268166
-0.246640587025274
-0.281710333221413
-0.322586175248729
-0.439558064326532
-0.167723891206449
-0.325592343059421
-0.182131571033651
-0.254887288710117
-0.224526843504166
-0.33558371899958
-0.231846346671992
-0.241745827512543
-0.222071909034083
-0.399821233019496
-0.198359592771952
-0.200711618022269
-0.267103886473034
-0.180101128560714
-0.21348000116231
-0.266977140032427
-0.19482136687772
-0.299041718370238
-0.193771835433315
-0.164402204174782
-0.328474831422801
-0.262510820662073
-0.276499156226475
-0.321408293749848
-0.136082927625864
-0.233896041403531
-0.318170465930614
-0.11444312231419
-0.178780589701432
-0.152620458213395
-0.357051284996576
-0.145570964201537
-0.226821545066518
-0.230725600090002
-0.211191672621939
-0.167830943893249
-0.236631174393134
-0.168165417007106
-0.175928000293081
-0.236714046948758
-0.113649841417679
-0.202000055464421
-0.17492050186016
-0.211137767743584
-0.11462083713097
0.0633810949330517
-0.199077327887211
-0.179490616710658
-0.322167755270164
-0.146627949440007
-0.141653266206665
-0.122862761240364
-0.244083922889584
-0.326357108879541
-0.178333408252178
-0.234485046412809
-0.189502062163772
-0.196269033339492
-0.0649455927519279
-0.4769328463797
-0.277733984421723
-0.180513337313839
-0.341082225890221
-0.140065376636687
-0.301200113092453
-0.147756263851101
-0.205722933011347
-0.0906797000811154
-0.0641127229034497
-0.276945366543114
-0.159842067872576
-0.105201427841548
-0.0534211579932891
-0.0492531390963501
-0.124087613612199
-0.124400230690776
-0.297648467788564
0.0773755275438545
-0.0446606258452303
-0.0448165252635302
-0.221727729709721
-0.18112562575538
-0.103689959768004
-0.0862708693568489
-0.0965639986411014
-0.0298984017517152
0.00824453768926432
-0.0917475218027391
-0.0067014040205144
-0.0818092458649277
-0.199912478697545
-0.170564021592717
0.0237663126094578
-0.119707558824584
-0.177445038085983
-0.176886414938698
-0.0506680902015972
-0.16485877671642
-0.111657995654376
-0.202428025574141
-0.0160930825647905
-0.0399810183309908
-0.0262179896315482
-0.155221640901738
-0.00683538815236949
-0.126939350383625
-0.110622528614373
0.030343831226876
-0.208833134297979
0.0096123270710938
-0.169441872608566
-0.126758580857602
-0.0864324082611678
-0.110895255704981
-0.0190416635324372
-0.0207308278521753
-0.127373154831361
0.0367357416654802
0.0591902317202239
-0.0123168410002334
-0.0492115753145021
-0.0180639804617736
-0.0984237297756217
-0.248082344544114
-0.0292862076418626
0.0711431525420988
0.0944263502068852
-0.174648532738827
0.176434757912803
0.0930882394768518
0.0183704450609439
-0.0653284199291731
0.0349649691915398
0.0726080356148949
0.100695483717792
-0.00248795161586225
0.0980840738508417
-0.127840968749815
-0.0307364404380822
-0.159918664874672
-0.0122625675943767
-0.0870457743559507
0.0615356241720516
0.020166678935979
0.00139998030084299
-0.0298117644972022
0.0818022533269323
0.111541992102396
-0.164277079437493
-0.0428151405599917
-0.0120707799237398
0.0168340796022093
0.0640199564433916
-0.0198055922516422
0.0393603772221538
-0.109077809188722
-0.0577598555070069
0.0476321092357779
0.145035343273616
-0.00866808175001659
-0.263566086157881
0.101624764315897
-0.102694855946408
0.0161052429716514
-0.0290085429419012
0.152605295892891
0.00519625821369398
-0.0585676335012153
-0.080304117871131
0.061106993369245
0.107591344581442
0.0691474897505494
0.110708427036273
0.133411282946501
0.226821797448607
0.0330058114105182
0.031136118454949
-0.0303413158372554
0.00830269978559409
0.05536301232803
-0.0578734749479901
0.0886554864554907
0.132372770081433
-0.028248189183423
0.196142933719718
0.0798437561072844
0.122257406218358
0.013056990052926
0.0318247567982618
0.188947889802808
0.115081037374468
0.0110741330130292
0.141978936176032
0.10253322484475
0.115884617854369
0.177330578467371
0.0749848828794029
0.0356654261794938
0.29121673828539
0.0393914374937901
0.0436422213679185
0.0524789612005867
0.0129301820477703
0.11170905607328
0.2464841301588
0.0824761832402713
0.0781655543654937
0.116463855703685
-0.027116516992832
0.165057348518851
0.0987694850282109
0.195307903206822
0.00834605045725209
0.124335609677872
-0.0387214739725325
0.183995596576195
0.152981279029819
-0.0481921286966341
0.0684288358952063
0.130981037509997
-0.00489978977682667
0.138911326302842
0.073075060847271
0.146056455698631
0.109284314438531
0.148161959012928
0.0461496749672731
0.120610041253518
0.0221207704648
0.115504509631362
0.299219679946093
0.254356929575648
0.26288319152717
0.175526203023307
0.100524602379591
0.13324859930777
0.0600399440451505
0.1544145553926
0.284920451873893
0.39617010843263
0.257267849985744
0.175857041966479
0.143455331717186
0.185267514034051
0.258273385795509
0.143597178999207
0.114051667676803
0.299200955752623
0.0901412455774102
0.243582668947345
0.163697661481885
0.121792491564673
0.152248811371953
0.17535463225397
0.268903444317705
0.25631850062223
0.313245043926217
0.221160200230392
0.140053376844873
0.241635344770471
0.217519318522484
0.26559440386864
0.124725048701096
0.148824204762828
0.187268485506934
0.315874540291785
0.26783129255761
0.288285137433429
0.227459190135571
0.143983942756627
0.294627758604904
0.33413446239189
0.347588232155122
0.313166486463987
0.235050925506446
0.303854619234225
0.176863633818217
0.256342979011221
0.253534411517355
0.304386075598219
0.384140261655736
0.320874341232404
0.332159982671339
0.429639810354174
0.472395734175707
0.354694224776249
0.171681064799605
0.334710418822035
0.266409026822857
0.260784655452927
0.234330677687994
0.241045418974647
0.25465332433781
0.31888821730528
0.192013662113847
0.34099220803971
0.20249501575911
0.293909911102526
0.28275804134516
0.276773449615486
0.310771672984679
0.318599979226628
0.339858065804461
0.41336184132862
0.272546873698479
0.252756348115178
0.418295477765624
0.223344220243911
0.263897968813624
0.279846350665408
0.393838893336116
0.324289725763861
0.331259002055654
0.486004292509435
0.208111775590428
0.509917261258021
0.443242665188741
0.35793709614771
0.258831576306539
0.33680244543484
0.257582690977278
0.368424931265522
0.334375735274252
0.352255558695405
0.619665267422156
0.272993354962317
0.392996048442723
0.324017360150817
0.301384819354463
0.217151870586824
0.46129251443415
0.415837960895759
0.437789291576139
0.412938646137795
0.311642653894103
0.37819554640691
0.376893226134968
0.508432535562275
0.276082466667147
0.404060642734344
0.332580971614705
0.247737730765263
0.404530028770583
0.546428660616352
0.417336680830293
0.199281838902248
0.353255271143774
0.363483079454541
0.487260966972591
0.440018419504502
0.31694409109501
0.302790617784293
0.385189326283062
0.434886236403716
0.307224361502416
0.323570720707837
0.382178026671468
0.50955748138542
0.362319576686912
0.265449936358967
0.456704590152811
0.344202806244032
0.322208822321167
0.48020547626012
0.300910911923867
0.487938851373745
0.57934082096277
0.551157799331968
0.427200168602209
0.469647472120683
0.269506129022407
0.39546574694792
0.507058648227372
0.482953289883912
0.481467418097447
0.447234026280983
0.347602061566876
0.501242310182615
0.524642938793816
0.523067156315745
0.523735735472946
0.463659743839503
0.511384796375986
0.404684140696178
0.519927992801465
0.390699287866225
0.632275802984827
0.500958413525934
0.641471048509905
0.515171769477744
0.349552066875521
0.472263169837183
0.400680990152932
0.42644489427832
0.617811712739816
0.567067690394388
0.425034394217217
0.511371945927309
0.504953174519162
0.283880577569736
0.363096500479196
0.473506217306551
0.397610161499241
0.548992325366287
0.447404042625436
0.573337985520869
0.573823093821799
0.616232628758671
0.521018713357941
0.583916371443551
0.615213468496957
0.505434147436794
0.620152822678367
0.605526995668239
0.403497586874392
0.561439145783833
0.581709647937307
0.600645915320837
0.503758818381994
0.59036552234696
0.541145099057578
0.413615219497166
0.40720190152409
0.453850908559118
0.463723667540599
0.532201328040745
0.632805109375166
0.561967004134881
0.558837416069743
0.521444284871721
0.58938980828612
0.637535729114392
0.623224251485766
0.613821247306826
0.580653143498599
0.553811137690341
0.639014437680449
0.72387725837507
0.578987338074789
0.632516266858924
0.617053226892642
0.509181673228644
0.624456471832874
0.722394208858356
0.601824955370412
0.506487328630987
0.630912530609807
0.833277345185837
0.696407160021746
0.529606916363378
0.532863993946817
0.696041263345156
0.731084995168116
0.576761267852185
0.416972867222865
0.6909136283068
0.549045797514493
0.573847381987363
0.697717596628757
0.631619634869404
0.638100115353221
0.575318815520652
0.549959671021777
0.682829848617496
0.482440691785289
0.648063053474172
0.702124595278365
0.744230874028338
0.587455464332271
0.687527818961048
0.772811695875887
0.558489959822611
0.720391851034968
0.625687494521806
0.641897019374574
0.690208476795195
0.572876950215274
0.694608680596635
0.624208487018265
0.620110951357858
0.776199432298862
0.790897557240175
0.583829301386714
0.643111569676063
0.690601348032446
0.648582794438259
0.682981540081198
0.606553727511368
0.590698266556541
0.568449499702153
0.558806641584289
0.644758251535158
0.554902634156905
0.764826230208986
0.675343661918022
0.627301623795228
0.708465264379157
0.715503099525952
0.848839249654718
0.755968496183346
0.512500064951733
0.72958937137336
0.77920529150869
0.743558976571217
0.692905261821152
0.625722256875136
0.821212662189438
0.605159755666994
0.623545578799008
0.82395703380699
0.633660916361761
0.733363113551709
0.715323871564081
0.709640840056445
1.04440415601746
0.614811268491053
0.738815545080374
0.635137112913988
0.546963228474519
0.665881572201499
0.683336552487318
0.798649784260216
0.646936455272321
0.878371712154957
0.827293451922904
0.629955344874301
0.771416446466753
0.804878925120683
0.796744887086491
0.726807126401754
0.693234230756375
0.743833130694895
0.708576071194691
0.711199811724891
0.718718526920114
0.887369789858716
0.871508512612002
0.953745483962511
0.870984172518898
0.779477919736067
0.675574586814712
0.754480382271019
0.820780065642714
0.753651429245313
0.738282848102559
0.979682585377844
0.720812980558778
0.779524345710502
0.745106677773962
0.86914733689558
0.679247273752887
0.836810345169898
0.776888521929673
0.688823015954816
0.798865710663312
0.94243110316037
0.865238048854483
0.710689073649161
0.706928319796812
0.948951152989007
0.823587420376966
0.762901621833384
0.831165850625499
0.723241351458215
0.89569825218937
0.818789571129723
0.8210156117807
0.862565472007493
0.78534479577925
0.95606326484248
0.865212417908677
0.945278364969881
0.98113990482322
0.894683693899734
0.83558401206305
0.818174584167303
0.858026279046489
0.920029732102151
0.892429114092977
1.01037107278674
0.885308300502896
0.938151469467463
1.00936000404407
0.946660439865034
0.968182863063292
1.06769301395963
0.676432685365772
0.81554989963144
0.856880574437366
0.863207873403566
0.99856718200521
0.776701150087659
0.92299918867988
0.753716375406873
0.888000852302069
0.925333470666705
0.927419086138784
0.778029006456086
0.897959510405124
1.000572697257
0.879875318434928
0.959485957271337
0.796625735751258
0.962268751916361
0.749359809846916
0.948802756538933
1.00539645141326
0.87060569243605
0.890664452862471
0.877163608252707
0.91994735769672
0.951260636044781
1.01991216879237
0.816285493821727
1.08366284830327
0.891877485913273
0.880259071609711
0.911347169669041
0.865412394418149
0.906746142080599
0.910829172360558
0.937520763065796
0.985731713580703
0.797885592657057
1.00316496024049
0.897559384310861
0.967455411343755
0.978585667882858
0.820239188098767
1.0328975367289
0.951276605155555
1.01399857563066
1.150094340548
1.03922297885814
1.0002655797943
0.875205191803774
0.884512009445623
0.862226625001685
0.97753356805823
0.9417240999597
1.12438531857508
1.01990550589053
1.04605007707566
0.963364712790471
1.04309942406653
0.983398200326557
