-0.0212215668908539
-0.949491182421319
-1.14923793714825
-0.95098855473796
-0.878707852585594
-0.967406239848432
-0.986363542330535
-0.910282370154814
-1.03773843798611
-0.943409738193895
-0.857762375807436
-0.982887655250722
-0.90526202374281
-0.984096410856236
-0.934173232308225
-1.11634417461367
-1.02717628905684
-0.882600833035633
-0.971431142001979
-0.965275593705733
-1.04607829213316
-0.945520515350445
-0.972215460980621
-1.02870005467986
-0.939926955906031
-0.830642794937109
-0.968272614465374
-0.996595557826669
-0.830715711706593
-0.99819269191269
-0.878539752006779
-1.12518941672867
-1.09424332974488
-0.953978598266262
-0.895947045628648
-0.853693017511529
-0.886936946535615
-0.980163733515996
-0.875387483274634
-0.961200342176965
-0.812349973169451
-1.08259762767431
-0.851030019192368
-1.0729039238049
-1.00141586457797
-1.06526276704891
-1.05931210152405
-1.05896208729919
-0.918599323541279
-0.802504399627365
-0.993678253390398
-1.06760050073536
-0.8487705898628
-0.765404296872903
-0.852666795701602
-0.832846728218106
-0.966602756860314
-0.873414765537677
-0.870183678374892
-0.762955695711171
-0.991144434114681
-0.955442958459531
-0.849989205981751
-0.951366485152016
-0.966261900728439
-0.914956584471944
-0.923016852814272
-0.981033669537557
-0.936806556018061
-1.00798859165191
-0.891360292624245
-0.944673609263788
-0.826123957144218
-0.988175290012398
-0.786729383703999
-0.858895075125972
-0.873562153140625
-0.860412837044854
-0.768391975633835
-0.887125054675197
-0.834113859948689
-0.707798318386392
-0.854921973534904
-0.807982001553732
-0.835273641694312
-0.77487527356525
-0.856057189636398
-0.677093766259102
-0.84202806213184
-0.652352195587213
-0.903204378550319
-0.929937438694258
-0.860499298526433
-0.739640926274398
-0.641314039554233
-0.872169433535915
-0.778091053815986
-0.764432017862397
-0.751214216019983
-0.89182640568254
-0.607220678155048
-0.787040811154411
-0.775162087853265
-0.830435092816
-0.673687586414104
-0.938842367614428
-0.911514074083134
-0.669922397633073
-0.804059759121084
-0.849718191985497
-0.785609498503194
-0.887674963769048
-0.728629111789095
-0.832335134845436
-0.847599335065025
-0.740334609637996
-0.733426605822388
-0.928462915198353
-0.896785055947097
-0.88949000718954
-0.794050795874991
-0.771983342996832
-0.769764244142558
-0.776327600529501
-0.753008391346878
-0.660839687692938
-0.770534029207221
-0.626882702340411
-0.599176225293655
-0.732227946154946
-0.921384384721766
-0.566525810128796
-0.789474602067128
-0.70807434356218
-0.717435662467352
-0.72765301980145
-0.645809027184791
-0.776959791857194
-0.782515936703937
-0.688302351610788
-0.678607343434489
-0.824996511409272
-0.56910280992949
-0.800471833651755
-0.76425774909546
-0.62312882224604
-0.625940141504802
-0.610860195727201
-0.80351921185548
-0.754221008412228
-0.629919323347494
-0.891109196726151
-0.692856759167572
-0.738964664499135
-0.621091575179458
-0.778388558466919
-0.673104930608765
-0.616160767660258
-0.526617149434006
-0.673534050624123
-0.764143632191827
-0.628462359110596
-0.77648921532643
-0.625020083578757
-0.713431083893798
-0.787182021306816
-0.701757129735644
-0.572661225192343
-0.713677747738521
-0.751248931985796
-0.525846612324991
-0.590190389214647
-0.70015555217998
-0.699562739931297
-0.530557452945571
-0.757329511803809
-0.566776029707738
-0.740626794520134
-0.769974337690434
-0.528654070694416
-0.821559089424065
-0.781833759627027
-0.595242810871878
-0.50675752786497
-0.720736143358569
-0.647085087502327
-0.712838690824059
-0.688283304061653
-0.452427403281853
-0.561998759086681
-0.666546571291066
-0.574285486321899
-0.769297148602124
-0.59377653137797
-0.688130775550121
-0.649675648769044
-0.687506156567898
-0.624549747511403
-0.74630912741695
-0.643575396846836
-0.616152101808887
-0.632517849313266
-0.530155325083024
-0.548501285265402
-0.435861996162213
-0.539468955548941
-0.691409527264898
-0.615492867947612
-0.606952103522938
-0.650337562464284
-0.653388008865141
-0.613600810261736
-0.534114834567126
-0.619857007805345
-0.493036747413155
-0.54731236729914
-0.569930170489358
-0.584094365379057
-0.694866390291221
-0.686298880842964
-0.688477069579587
-0.515973797630386
-0.596808789798137
-0.613818635764351
-0.487127801113092
-0.492023235417091
-0.607426722251145
-0.615869002150036
-0.500890467626382
-0.508052409962427
-0.63743520258734
-0.492454332378552
-0.604406760761595
-0.474044700002819
-0.576361319331597
-0.533943379249209
-0.50442496722109
-0.5072130489406
-0.453355650785352
-0.542691921277836
-0.448432050964665
-0.416144646103541
-0.527744742892593
-0.425677463126274
-0.52697574166186
-0.52776537146831
-0.530413216949859
-0.440709856031502
-0.660225995709383
-0.493730217843665
-0.434676671698021
-0.57317464249199
-0.492552527303827
-0.418743328600328
-0.547643654725973
-0.61923203982244
-0.4413455583267
-0.417216064369834
-0.545107146528531
-0.526610239102781
-0.525790782864979
-0.419898402760714
-0.529407640964276
-0.487482726933218
-0.394657641207076
-0.542532034288927
-0.559487315523135
-0.44098802745818
-0.360035031164438
-0.499598253140329
-0.422132449413574
-0.213276736948371
-0.514897686702674
-0.566119216271795
-0.321359613414474
-0.511976883725247
-0.501800835188912
-0.429801134466257
-0.493443610949304
-0.284556443859562
-0.4555428674223
-0.517516490245838
-0.358712625268002
-0.53197905254977
-0.49390777598911
-0.453027046943783
-0.327589282278563
-0.367954618501835
-0.481352746580329
-0.415349702970764
-0.430389644425382
-0.367853101806774
-0.400042320786844
-0.303153534061352
-0.444870103024354
-0.470058620400285
-0.466461453350734
-0.360335787211435
-0.327041910110555
-0.339324102958569
-0.407156617483045
-0.36896303918774
-0.454729381893651
-0.36793935935733
-0.389425870365784
-0.401312913966587
-0.378409745285525
-0.326998415813788
-0.419141470288932
-0.480456906227463
-0.350201521695774
-0.329603146798774
-0.446551924230381
-0.445404814146199
-0.375000416372421
-0.476462879838694
-0.162951561239256
-0.581932952157867
-0.433572573120152
-0.414931821388983
-0.394926603884963
-0.178194076109988
-0.480697305240587
-0.366741213366591
-0.479011530778111
-0.409713838369659
-0.232724755026594
-0.439293408974856
-0.253757169558047
-0.457548670188657
-0.430539792599999
-0.432722203084134
-0.222559880698391
-0.314969384860995
-0.394873683216566
-0.305313443499872
-0.19867848063917
-0.468402818715094
-0.2176956294453
-0.152950417035502
-0.310801516992864
-0.427671294421818
-0.352262205490065
-0.449815816985293
-0.297946315198842
-0.404010499180416
-0.256510805093055
-0.24541536961146
-0.236557183990178
-0.353244608300443
-0.324180414216336
-0.242204355467377
-0.41687629619799
-0.457649724551656
-0.284174177971972
-0.336615525949596
-0.255066197079562
-0.29904128787297
-0.444694964965921
-0.331072374977275
-0.353169970250754
-0.483472108628475
-0.206185395753755
-0.312720725712415
-0.271811947734083
-0.393740810754636
-0.258588364238446
-0.264512255671355
-0.458102629369328
-0.234843779276615
-0.257270664936441
-0.203922406220321
-0.121088519450986
-0.356151025924293
-0.194560814773444
-0.433924313126808
-0.390138487818032
-0.0839255803253862
-0.0487639655697316
-0.248871168574524
-0.336148953855223
-0.221795292668314
-0.102209656112076
-0.167414412709122
-0.331697487687554
-0.376605946067991
-0.379080981157026
-0.310801030054665
-0.2512771724394
-0.173841028187796
-0.16979470374653
-0.18980458562647
-0.118732934182219
0.0240931194063271
-0.118314686524198
-0.357725453326899
-0.173698592847669
-0.128418209033966
-0.098694429714567
-0.219502499915104
-0.200267223095897
-0.141707089503102
-0.33851086099237
-0.216724933956221
-0.0815941051029947
-0.223189871200495
-0.0389131642455947
-0.181624799996186
-0.0978896471923228
-0.243405273123404
-0.169412720393354
-0.211050095976542
-0.0731470748500207
-0.0900183167197094
-0.142583671263993
-0.20326518275224
-0.0609502460794143
-0.133451793254595
-0.229896826230878
0.0169494001202711
-0.171876107689131
-0.0652442417740234
-0.0186984195937841
-0.0765135075654586
-0.221245551854052
-0.229004183426956
-0.16900644184395
-0.236676103444259
-0.133297684776699
-0.258750088590967
-0.0930639164736178
-0.0799776256511494
-0.320019618461153
-0.227593106774701
-0.0964532053676872
-0.049440797758138
-0.00573300717467284
-0.150889816848216
-0.107113209057957
-0.163756685749308
-0.132065203375119
-0.136578717290501
-0.0470768824079461
0.0234435152485662
-0.0534418515177316
-0.145290846108687
-0.0871305017175905
-0.203019019780612
-0.105576097525852
-0.144267497285804
-0.0331957617492744
-0.0750651077357688
-0.185253364909451
-0.0981879572855118
-0.0760663879181752
-0.14568812386486
-0.0290523293645738
-0.161918654777721
-0.0542463184344285
-0.262641540939198
-0.137193219600633
-0.0480652309480284
-0.111098695773187
-0.125200216582181
-0.0917854696075871
-0.0636391380726399
-0.189276241269918
-0.280446138834485
-0.047267778334979
-0.175258762471484
-0.109618757704388
0.0131917085290979
-0.0690524561385339
0.0174510792677748
-0.0778753737414538
-0.0642957195828286
0.105803707590265
-0.00772758661230937
0.00642562109776308
0.0534814052600496
-0.082052800765291
-0.114989549605133
-0.103316913439782
-0.0138926581651744
-0.0482979897145999
-0.0319129932773095
0.132469658394922
-0.0583362047616409
0.00416865305927993
0.000779332880841442
-0.0806756601064786
0.0361512782701016
-0.0121311389535257
-0.0873225515285067
-0.146685103931483
-0.0837983513555349
0.07137557819511
-0.0864327917437109
0.0563907538713886
0.0410355414732749
-0.026165883927391
-0.0171689656770306
-0.079903803266403
-0.000766636058630283
-0.0384966766027471
0.132538810429097
0.0942636494763443
0.0849788405575895
0.0776459529958579
0.131968145453747
0.172735283389327
0.0110468317551067
0.0192548983735073
-0.08062255326431
-0.013329894578252
-0.0244434361718592
0.12868856052703
0.0828742157522823
0.0229535184719618
0.0322791060237813
0.0471341758586983
-0.0215248044735913
-0.00575098177128238
0.0273176516293753
0.0319605132758205
-0.00689258665151003
0.00413932073210827
0.105807690628593
0.165175801013061
-0.0543525365694227
0.079459771849566
-0.0919942710426688
0.0486176175819564
0.0261341459741351
0.00286728758678862
0.10825231900321
0.0187071474480614
0.0231214776054493
0.0248906087471772
0.0864265389562691
0.0655535274958659
0.202918967748541
0.115831746911641
0.107975655164735
0.106331490540897
-0.0448046503738772
0.176451460753557
0.187051443340324
0.177819679463166
0.138654478051269
0.130538674093139
0.144188331043707
0.158106762436769
0.223527228254389
0.106928359536688
0.0670389925326866
-0.00828213046954415
0.166544999647453
0.298365465207663
0.162761226487343
0.164497253238347
0.175822462990526
0.243785206230688
0.230526363204199
0.133325002535673
0.270985346131415
0.235926156978013
0.162967820076423
0.114442806086824
0.177206679670786
0.165591680179686
-0.0143553226077952
0.282121770071544
0.206707663422161
0.266628644533332
0.254965317257648
-0.0797670697364152
0.263928696526342
0.169214069006489
0.0668390627393097
0.171604472128099
0.281367382580534
0.310918404344825
0.344894590298887
-0.0115619064938027
0.0807812732744858
0.171514109137212
0.10609592680906
0.218906331575297
0.257642696230891
0.153520496850335
0.109175070769177
0.154650761461587
0.093601072968274
0.153587034124204
0.255164274480783
0.295420297887756
0.308772931430671
0.229645860627378
0.241692194500954
0.112446382512815
0.083944967505982
0.229619754696497
0.19403247118264
0.0970739450186574
0.366138498458281
0.229824223867647
0.14529874126133
0.22326380671258
0.190351778597721
0.181772399394762
0.186595779639254
0.452006043001085
0.203580286957396
0.237718044308685
0.353380854625221
0.116192335466734
0.0829252516230256
0.310366960621502
0.289037441119701
0.237593231533606
0.316496137712666
0.235065744991172
0.177853369266189
0.358714344555973
0.308420050249656
0.198341189506031
0.199489504852071
0.466269099429591
0.178997262585514
0.281623997412906
0.284791821260353
0.427072045769091
0.225718876661082
0.181804584949295
0.289045960697795
0.375564495214265
0.272954744940133
0.323401364630712
0.25750694085939
0.383373879945693
0.245374538233896
0.175120197502309
0.330751175099107
0.410795167646923
0.446312323348894
0.368161529902376
0.291471171770817
0.317173931176184
0.305524104674599
0.38485391585248
0.2957066972216
0.44021232722011
0.242120694815731
0.428375927743573
0.289584409145285
0.390855554915674
0.330906593836585
0.300622083154973
0.288219232880859
0.378778827524303
0.441579495617538
0.275372502158457
0.153949190634663
0.503820839383056
0.43067977751075
0.285878870357191
0.0977726680540541
0.295931525881472
0.255164418185702
0.266844256465036
0.324963311000825
0.271869077836128
0.439901130477873
0.132652085164212
0.294648069313927
0.293528767704097
0.353673473664679
0.355076878525151
0.277433590080906
0.317622802656767
0.430055551979527
0.511324915565426
0.33264625044026
0.28631576457219
0.273159789444301
0.393007821736459
0.184808979248111
0.276033072093957
0.312163215135694
0.426821313387389
0.280999986113513
0.500046134930575
0.379054364631462
0.33594586487181
0.46527744865537
0.455259071285604
0.254137503260448
0.441130268835915
0.444662946155015
0.248772085087336
0.381238828172154
0.482794370472207
0.38274796243082
0.443440150219424
0.340073754107391
0.448785660360421
0.446056331872608
0.512521084254826
0.4375832793009
0.510472969598295
0.42072147176248
0.278859947997476
0.391617217919202
0.539960434785325
0.413650828367247
0.274923866082312
0.391091262589811
0.511630776536075
0.468290388675827
0.424745510753387
0.355467518589954
0.372734116209295
0.423516995273742
0.335235100676462
0.574479149072999
0.435949530242877
0.363029498186153
0.425290670680079
0.435685229434448
0.565397078596017
0.546936020424378
0.568764691076469
0.524183703159587
0.426583085523346
0.490149581774987
0.651485613609245
0.512217134036743
0.469519740567267
0.429945844476718
0.550975400806076
0.425544571763952
0.544755131211946
0.384849794360477
0.429492730200832
0.568571029995638
0.479092376135663
0.593743151232599
0.481849891845203
0.588034277621112
0.543986373851157
0.599410782974165
0.696817038620654
0.636367122082053
0.392450466109871
0.603608387140119
0.654454478592989
0.468592777993102
0.503361081979002
0.628882002287063
0.634110801527108
0.537983659149788
0.710154833992658
0.435542408207873
0.536635388830007
0.549917475709014
0.478354645006997
0.526306754651578
0.616464472208099
0.439253057440048
0.555975557063031
0.684577371093966
0.55396598136996
0.641032139458153
0.65758062291064
0.520523752883623
0.484934266963144
0.490402813262245
0.511927837499214
0.66912697236379
0.44470259358974
0.501976178167484
0.591470485208454
0.590411013299283
0.438646302443171
0.618219973262751
0.65096254286441
0.468800232719813
0.495834562771617
0.595757328297608
0.692316722156411
0.7138032476271
0.6346592767498
0.678747892088316
0.493794458411
0.443016708254881
0.858256447370329
0.680610018947104
0.548688316760328
0.664650509908905
0.683879725406826
0.609776630211281
0.466719670326641
0.499613196973525
0.558842616223132
0.517019165809583
0.605978736905112
0.648440849010326
0.690094817496044
0.517330842073894
0.597036155564644
0.532820307905277
0.537267777452689
0.474583531960626
0.624030785534775
0.588870683467265
0.655135249410682
0.700668988259168
0.692716270970473
0.68917102953307
0.626700036651922
0.689273978514323
0.748217978939083
0.633476432041403
0.643043179030988
0.653704705450975
0.77864611700485
0.523608876662649
0.747766713130635
0.738578237404493
0.579560807977725
0.670586858830424
0.763103321854087
0.755848051746945
0.697050187744639
0.623290618030295
0.51504265599297
0.539470210576409
0.703527136121127
0.767144967218204
0.789950188526902
0.725981456558472
0.766397032802305
0.669720750260279
0.686981381024181
0.69895107764264
0.727451914953169
0.747974551988639
0.682035213125357
0.675474143652271
0.605674788181637
0.718035210259372
0.538892481076467
0.640170292369528
0.680761485823218
0.608903665383063
0.813540993478442
0.820319048249136
0.836953424945599
0.713690973231465
0.797223869657779
0.799594272906039
0.676463895212985
0.615736881344218
0.810442281831987
0.779902128853276
0.681186790966436
0.616989248066802
0.757946124841092
0.983620662410267
0.741176699574775
0.775274767595551
0.713198109175024
0.729373826584965
0.804298388228773
0.791793252474238
0.884160589188348
0.796833251769497
0.831402826392237
0.653393995791874
0.90741562648246
0.767809224826609
0.637166576559137
0.878718660535918
0.77034279381
0.731250949973939
0.711846593007007
0.785709520285829
0.837037601201244
0.764116861446806
0.771301596721204
0.731174153108661
0.826918860025961
0.854327667550759
0.816427863501203
0.671246815477563
0.816798700407483
0.657874586893806
0.870140487977326
0.840162247334408
0.788881361131142
0.767814823682291
0.879907276501252
0.782566369279363
0.56298242743568
0.863267712033094
0.844380163846559
0.721855232365316
0.976549697365003
0.947313527297326
0.81803480828843
0.996030206883318
0.846132698362036
0.909155479305485
0.786841328879516
0.834314036642563
0.799545054351978
0.863759038108187
0.948828583964691
0.836818121605794
0.865878786505831
0.765087278162196
0.87590438912468
0.79927679886294
0.866171369448285
0.750673116817741
0.701204980674743
0.911425078911386
0.788640885539294
0.893526510157854
0.75759706760611
0.773589382781378
0.856828314255197
0.86848674714202
0.928322787041736
0.896733040986177
0.905976091974154
0.959652120419845
1.04116257430278
0.949929570885769
1.09473558806789
0.966820981760721
0.907027638469104
0.912900168138469
0.926073749486472
0.935771755090577
0.891268237743617
0.777400924702352
0.953514588766003
0.926479144233562
0.813147545569681
0.811753137511569
0.928379888501499
0.99715239469795
0.907011694737706
0.945023251417338
0.783942200058837
0.992261548573059
0.915432291075381
0.856861278515618
0.761314276144761
0.991549878670705
0.931230338188
0.855006154002145
0.818736169452724
0.866109054611752
0.981155179360282
0.97670058196892
0.837281525761507
0.949956288277757
0.82204738827345
1.0227529877375
1.0512909751125
0.918405953670951
1.02313375489912
0.979772728416323
0.981656508226484
0.937203370223374
0.950982354486733
0.877344921136531
0.972374185118978
1.0406932527636
0.863327780374396
0.925002818524676
0.852130024886309
0.984243561997536
0.948542495774544
0.997192376726247
1.01179454074887
1.03757210706013
1.126595141939
0.894172310975292
1.03143976039912
1.05562209951067
0.949332360729575
0.991454297279687
0.897870744873586
1.07885407798195
1.04141988923542
1.0170809930401
1.01445967571051
