0.0126822186616483
-1.03768784145048
-1.02873303969571
-0.919442803357406
-0.913747315567907
-1.01129996848259
-1.11555827334834
-0.904295743980787
-0.969942297187583
-1.03079753147096
-0.880833257400602
-0.983473450423548
-0.868404604238834
-0.882708668307115
-1.00668497913411
-0.893866977059958
-1.05439074195878
-1.02975281283812
-1.07338068226223
-0.947266039488663
-1.03651853046477
-1.01450509627974
-1.00832969919278
-0.748010612034145
-1.11194680355226
-0.902435641962799
-0.885260617517513
-0.750917196167408
-0.848243045520609
-1.04257918931398
-1.01916446770929
-0.958317055280806
-0.882259857330786
-1.01752571002587
-0.859552247424346
-0.802689586126472
-0.879771898504695
-0.880368865177459
-0.975869836310477
-0.935599985190625
-0.935343806873125
-0.92710928493346
-0.939371744237671
-0.85955775248057
-0.81274299140883
-0.97636058842731
-0.962244536749864
-0.885472806253074
-0.8769631397241
-0.823022053439787
-0.932309858349938
-1.00782281544286
-0.950022093553544
-0.978120335267615
-0.965422182594927
-0.823473350475807
-1.0423787613685
-0.89625518742395
-0.72173366492478
-0.739373454704966
-0.876316899478759
-0.840860007285295
-0.873073686444747
-0.782271696040082
-0.725952469695664
-0.811263165620624
-0.864526882324855
-0.831274215658354
-0.898578891828938
-0.899850148837358
-0.922137244670971
-0.885252550109511
-0.883007149109577
-0.776136730197578
-0.773025630842545
-0.837386317772482
-0.874945235528491
-0.96327019484234
-0.948518925619947
-0.902753944661675
-0.80929410875259
-0.933072704509847
-0.82030493462027
-0.916982802099903
-0.913645138886483
-0.733407522397274
-0.603404030184756
-0.977016336210992
-0.844496190583304
-0.575456315851153
-1.01895797233227
-0.947742350891196
-0.764570603962499
-0.714886066390268
-0.680333093465093
-0.873152619471848
-0.858427139657316
-0.764736066500708
-0.890931400450666
-0.834467124260789
-0.710884686205532
-0.807605181529569
-0.726058749262535
-0.84657576010207
-0.777785639242047
-0.867246267487606
-0.84300910845654
-0.8202296063006
-0.685876744032237
-0.674082135512939
-0.878755803343132
-0.840521469233102
-0.890553245210531
-0.819589349886445
-0.729228435266358
-0.665481688300833
-0.861377248773337
-0.732426983323459
-0.7916956588664
-0.701624054529457
-0.621820377277288
-0.77890447283724
-0.861559466387175
-0.678494196181546
-0.835640532305128
-0.604301283363803
-0.682366166373354
-0.842092773689947
-0.733384337787023
-0.803870449266531
-0.791123049485362
-0.801990563194818
-0.64006673479248
-0.797932695437401
-0.741324903150233
-0.631649813986492
-0.838330231196283
-0.760465296863514
-0.722787737464288
-0.632757036631331
-0.587964798835214
-0.738754981975127
-0.580713398166015
-0.665070673701803
-0.801621015714522
-0.53537003279623
-0.66115167167375
-0.618307009377002
-0.661791338551612
-0.706303690805242
-0.629804916855846
-0.619579814917682
-0.688164398001016
-0.725472374454273
-0.646630281525524
-0.769445657126118
-0.723257130077274
-0.594247973177366
-0.74444739069702
-0.682527586546162
-0.585853183308035
-0.700642219020422
-0.512471632609361
-0.796660528587539
-0.63195754073122
-0.610354203210826
-0.524830077594376
-0.68129032820948
-0.636821404508128
-0.571313852209028
-0.607124754076556
-0.636687774164232
-0.6375011344128
-0.614540561302656
-0.687302489549119
-0.63915986855927
-0.675795838808366
-0.554416025721724
-0.541848249890742
-0.681248573949991
-0.700562771091481
-0.757539671587419
-0.622017330019264
-0.520217248404244
-0.610422670677247
-0.686202308147752
-0.58964624563094
-0.565870907678587
-0.708356476755683
-0.594708357611102
-0.619272281240747
-0.800606651786102
-0.676939069306532
-0.608653738754406
-0.614854828596466
-0.499087104733158
-0.625200868295326
-0.642484496513686
-0.696856858157714
-0.79910214447455
-0.699193710028201
-0.448521764703565
-0.734586757934319
-0.675483264144662
-0.65631621450269
-0.523197332408184
-0.534003026318898
-0.694669274732067
-0.495716755992447
-0.566638042596937
-0.595234289461738
-0.705772171340946
-0.609439553131425
-0.563876337675887
-0.536394407624227
-0.70381207794258
-0.688163129160695
-0.469299817560462
-0.506190150794715
-0.462510711070906
-0.496928374029182
-0.636772122170964
-0.565547374278492
-0.598074895408256
-0.469424059972563
-0.465102924208524
-0.517982836572543
-0.535499647063107
-0.377043793100245
-0.352092277762805
-0.657707321903954
-0.336369626246176
-0.559348837646011
-0.461635959325441
-0.516979212408805
-0.547564432673375
-0.69861556531365
-0.643070499175489
-0.523345010823355
-0.384352865587651
-0.691670052462228
-0.462183368490487
-0.507279441225819
-0.539771002563845
-0.308577085468106
-0.440185738275754
-0.61507090663914
-0.500592978949066
-0.564376631365288
-0.481640488765772
-0.525588833481109
-0.348289445471758
-0.487009516595
-0.401809085049796
-0.372539633481443
-0.507195424132515
-0.45854697829834
-0.532675257560063
-0.394291437250376
-0.481850741304189
-0.570084053514809
-0.604438433318627
-0.431462458335364
-0.45000833977857
-0.467579223422665
-0.531206988298384
-0.628333758289835
-0.517707412162446
-0.415538874288805
-0.553375653833111
-0.596224800870337
-0.375610210953265
-0.488794415992591
-0.503456906267692
-0.52623669878039
-0.500430182116633
-0.450637290467201
-0.562859574016341
-0.462074560180814
-0.390441359071683
-0.495970544644116
-0.550240836590085
-0.451615998706089
-0.423621606093151
-0.459618431031233
-0.348469007743656
-0.286994332276701
-0.322661520973473
-0.360617694325111
-0.652713120006926
-0.484580227914509
-0.381063796410424
-0.404180949647907
-0.29132526491627
-0.296825471892616
-0.277242570777781
-0.304886554483241
-0.46816694736792
-0.346275049430193
-0.466192014402248
-0.427749201001416
-0.36413785804045
-0.411767102624218
-0.442141445715303
-0.378761720322395
-0.270873237996545
-0.368815389161184
-0.36705926360315
-0.311031935518309
-0.494737354545369
-0.393582953019301
-0.43281008745803
-0.286502380797244
-0.348204173411229
-0.312363393780339
-0.417225405429546
-0.413689240267991
-0.333966080897914
-0.435587604747151
-0.296067425120899
-0.382949221628923
-0.304823635629723
-0.485908776745734
-0.344400528492017
-0.203717015092506
-0.376060294395645
-0.38692180222431
-0.453848146361101
-0.340991515828563
-0.31612742193036
-0.537884569237768
-0.390145053192181
-0.342376898300756
-0.294701528082631
-0.22429651494546
-0.232050911465917
-0.496925453847208
-0.110637429543341
-0.376078124861058
-0.234399730549036
-0.390656239857954
-0.301858985371021
-0.329382829343563
-0.199060979808018
-0.397126662131822
-0.402956334501594
-0.405714910021294
-0.306615526952282
-0.332173062405706
-0.202883289987127
-0.327042926586133
-0.176397001689774
-0.378051609856941
-0.293912643093565
-0.367466547318441
-0.317602657524685
-0.307361166484411
-0.217692504383612
-0.268437446924505
-0.41720180460125
-0.324122651557079
-0.295303438952309
-0.345266466432327
-0.261287515488293
-0.310563913782315
-0.204862242646672
-0.345045313469547
-0.140566734823033
-0.291116757391693
-0.179729026315884
-0.379076273740076
-0.389347892472606
-0.291707354810139
-0.148784811267753
-0.208426630830073
-0.288241484674054
-0.259888081842575
-0.267612804594722
-0.342551360291711
-0.224334746147489
-0.203012657458064
-0.258519665378325
-0.205625108346142
-0.198605214579127
-0.234333864621993
-0.127981213219613
-0.169662159825908
-0.112507479092072
-0.114224410596654
-0.185175841261896
-0.200910752280457
-0.124352983074108
-0.274302565542685
-0.303003635200091
-0.121285452388067
-0.218491569615095
-0.176171238152397
-0.157180511206262
-0.286747239648379
-0.222368214706992
-0.235491797038815
-0.229565173457394
-0.304290730541067
-0.28764049066994
-0.330160669139459
-0.213103595450168
-0.197222277478622
-0.201020063947647
-0.234431326055161
-0.173220346660587
-0.151166438666483
-0.141601081828475
-0.271871133286199
-0.190109455735977
-0.243651368008849
-0.251566610430708
-0.121998890845434
-0.233881227656801
-0.173597152208093
-0.247303827773919
-0.0574095640803718
-0.226655515259515
-0.189576088352043
-0.167545698024389
-0.330859180705227
-0.254312347592296
-0.201815154404976
-0.171741582817659
-0.0721440828126858
-0.105035769666516
-0.104713211621994
-0.145611266960695
-0.305594566886056
-0.107830857862095
-0.0714771742470508
-0.155997096482783
-0.14386720582608
-0.113973687004795
-0.282768433952522
-0.112433778029554
-0.0832937735315788
-0.027827409830022
-0.206229540184158
-0.115135631729025
-0.00545383703945079
-0.0550294035065181
-0.00853544410478149
-0.182384385902156
-0.145506943965577
-0.0892817320076221
-0.2214788467496
-0.124317469123257
-0.106155924691571
-0.200551257715996
-0.155033777329361
-0.135709409940097
-0.128745954866984
0.05566299921163
-0.0847868506502896
-0.131994118324463
-0.12300677629111
-0.246622023954194
-0.16789695504235
0.0535714938929205
-0.0390943522511526
-0.258887995559099
-0.131254466054856
-0.174718877789552
-0.104308643484209
-0.0713484543496997
-0.236307653783674
-0.208979241247353
-0.151489939208482
-0.106555311503057
0.0543324444981362
0.133758722198984
-0.070832751184902
-0.0687547790586136
-0.0142725199067235
-0.0657639284247766
-0.0489809595184814
-0.0222013808863684
-0.0682179696683665
-0.0403135755550262
-0.0140753611288443
-0.0495197235469332
-0.101014317475763
-0.000120511699357505
0.0150790551752925
-0.0604875791726509
-0.0647202446070586
-0.125574339251514
0.0216443050548719
-0.0561595916390627
0.16151552107663
0.096444506978014
0.0513945862703161
-0.0196193027093006
-0.0853748777523667
0.0341679846561081
0.0460804723191918
0.0760849767362002
0.0934102268442623
-0.105949929168123
-0.0423202781780115
0.231925499834337
0.110991816693202
0.0927281773052806
0.101481922961604
-0.0308537146163685
-0.0296545873826503
0.0716548150215558
0.00666493345254674
0.15231950241887
-0.102598487965399
0.048581864651459
0.0136420363775099
0.146173799633425
0.164832403328981
0.0857603450042822
0.0228557734150662
-0.00989890176442546
0.214940893059452
0.122953067591088
-0.0448325556260384
0.119032610213214
0.0833652841910999
0.196450603757959
0.0421453304810929
0.030507966568635
-0.0147392647662836
-0.0104299960547424
0.202265463172811
0.106464086263491
0.0405903690935747
0.110996631789172
-0.0206587881938681
0.120561279372698
0.0746336648307089
0.106790836508063
-0.000474864433239228
0.0917736382459178
0.121663569047856
0.0858538623689494
0.147247092941395
0.172233968032721
0.105645220077115
0.108232008759817
0.0338758484979078
0.139103534713161
0.0220870507630153
0.103044834669359
0.0598093777430959
0.097709223884265
0.242430116634167
0.0981862813826981
0.0156505347241386
0.0760121828672486
0.125039643463489
0.00873575338024236
0.0919837034453351
0.14247372800024
0.278465038349269
0.0768175056287754
0.0315597415613136
0.175484188682733
-0.0844231098473981
0.13683084050941
0.140073708705958
0.117224046027857
0.184922451321926
0.145519761755792
0.0957844783904119
0.0944187662134168
0.0046201396931835
0.258139518781307
0.184739446911626
0.190375141371219
0.215288276423863
0.00802457299249168
0.120380621844095
0.138501572816902
0.0728850573061353
0.257840193317416
0.130034279537611
0.229063153197599
0.0845641748380423
0.101767513640106
0.459820532088079
0.130788034375555
0.223542404471809
0.288778713295665
0.0659086589056879
0.192813948743865
0.142255116755538
0.201913237621841
0.114833183769425
0.314614406339719
0.137720375764116
0.123798774495767
0.196495102667226
0.262683213002619
0.179164504464379
0.144757449566907
0.179122827481216
0.239634907489347
0.127566715566999
0.2296096121563
0.187236131853323
0.234351165228444
0.213714354701293
0.333969265078646
0.217138397415086
0.43037919910011
0.153870584885073
0.30054178229535
0.145904744682146
0.168293131804286
0.174572250163169
0.268403926389184
0.390039170879634
0.222080778573142
0.237656709961262
0.495950764320442
0.29168988443655
0.256225483812711
0.286115766085918
0.129774426166629
0.290139852112874
0.324689329107888
0.334077925135927
0.343806774765685
0.279029487506349
0.297081769910465
0.373887162236327
0.159363801414015
0.212257791238578
0.265854584226307
0.27594844623346
0.361162827095837
0.489125274757265
0.23747891639153
0.461397783681484
0.311268428449201
0.324275765710423
0.153528587876852
0.16063836934535
0.231800034889681
0.333035286089091
0.385847986784284
0.257147619790046
0.124258278059696
0.287122668648766
0.199561112766235
0.41326336953056
0.278525747995091
0.216431507679852
0.362259356218662
0.363935171190898
0.39993862269054
0.238221650549926
0.210217472080612
0.288748149843545
0.266677797700296
0.375285498617656
0.357788613212436
0.338997141891634
0.31853461022066
0.352562228396737
0.410444232349571
0.342578871526404
0.2670974167692
0.367107842012712
0.35469525136769
0.414162706272537
0.287288164543561
0.468333407316281
0.286326192418234
0.343132015148861
0.371077166242999
0.329753768465025
0.343255004986025
0.458312539098196
0.315851468609757
0.30772869744794
0.454536913219881
0.375721555562953
0.372266030976179
0.310752737214657
0.36458852555736
0.404012473947836
0.284586904092063
0.406747058314258
0.350302072624574
0.233271601325655
0.50544076781025
0.196173103372232
0.313227644721682
0.374281885824144
0.205099606943321
0.340116139599466
0.251286712849539
0.379317833647566
0.359419946246573
0.393652104058461
0.505478269549752
0.215973480583547
0.500516508612268
0.447603824137103
0.568956421792136
0.439353786656412
0.520399818375576
0.383603954258935
0.372423763335428
0.545834542474769
0.462620287087489
0.528087558925835
0.364476215896056
0.493008491818114
0.512520424535896
0.475424390399326
0.576696550013244
0.375730687983837
0.350695764362505
0.462278317224933
0.433061368772675
0.402373257159529
0.468900497473323
0.389908195349671
0.403021587450314
0.365952280537665
0.439948549055966
0.604446189742897
0.465531433847467
0.345063548391862
0.691859935107982
0.492482580714277
0.595497943524629
0.435705227795585
0.636270038200125
0.45010247285005
0.49171048599507
0.532579787311819
0.524277607765467
0.632188456682068
0.436759705645798
0.415372203565826
0.450377362787791
0.54641520480467
0.494335098465821
0.473532271524813
0.512768312752494
0.452731382121017
0.420187259806101
0.619678932282223
0.490872677324658
0.526735893783487
0.436693136421191
0.525714282076763
0.51174954990217
0.629901610190449
0.607012742717732
0.500228229843101
0.546869730557925
0.573118102595733
0.531035490463524
0.554101302286468
0.614717678626602
0.68095126248321
0.476330100639858
0.451446201028424
0.627647421197778
0.636419504954837
0.503110027696216
0.496217141138037
0.582976187780355
0.517473967948683
0.492793131422191
0.638560050107878
0.555156407963395
0.512535778434877
0.436214153010773
0.732798927774388
0.47153541929374
0.656852128302609
0.685276193431694
0.581814742918545
0.572191138419472
0.62012807407099
0.51519768969729
0.491557199223054
0.700967516770575
0.613417318368066
0.534834864293351
0.563852463298869
0.487711422606096
0.573681830290703
0.67296648593993
0.622849964027402
0.656977326788684
0.564415103532858
0.692357281011738
0.581151530333794
0.58118523042466
0.603053915430502
0.633868675120402
0.547527678278731
0.621567550956234
0.596030160846506
0.46847961648854
0.658550169077225
0.590690665340464
0.63014662779546
0.495049281989036
0.660032496797124
0.592471743976296
0.614928546658805
0.716339045143735
0.682543548861151
0.68241225854317
0.711612623410572
0.765715294834603
0.743184241363339
0.629637938626815
0.589107771265846
0.721576442453527
0.478170228994636
0.521532023387739
0.577423773325638
0.674030430778629
0.628695763913574
0.647082377647035
0.540310046811434
0.626332471486077
0.715170949886877
0.548585010431383
0.630416818254435
0.776650095746577
0.672915334828581
0.681038806589992
0.685514211007331
0.558600223314071
0.82281352222618
0.694996984688228
0.635751650309383
0.691803229846571
0.754274620072335
0.701662590882678
0.63507160479422
0.631523944546452
0.600245328908246
0.533717752151834
0.777205396568192
0.688813271034288
0.71938530665715
0.802952099837777
0.664380317909454
0.594100600854794
0.683592679361345
0.710259206676241
0.788948144865129
0.662713460982672
0.793425471700863
0.662191033106767
0.791979684593753
0.58663084049163
0.667942571285278
0.769227513822065
0.74130266433998
0.897509080130819
0.627059554179249
0.714773412884292
0.754775785776395
0.79120941770673
0.831203789533292
0.721255659601335
0.820915948802426
0.825259046359548
0.686284371765407
0.730407994937663
0.771666124019491
0.771026952922156
0.909232426174724
0.68311553983921
0.761437220315979
0.686480817440913
0.647648652591412
0.670890864732603
0.789161746964567
0.743404130242885
0.813932923486431
0.751009949369697
0.660081795290298
0.95538065004176
0.861947797714428
0.711456373725616
0.73760049942933
0.79144148390845
0.84114167743825
0.783993938239336
0.8364137242619
0.775291765103665
0.740624018099304
0.870938507854663
0.920873835043869
0.822226637787041
0.849000125611623
0.812627026030666
0.843891467964481
0.877413006844312
0.907701683681257
0.858474600122559
0.784658662025892
0.800455227761487
0.843512153058989
0.849231345537321
0.781204321331432
0.883524398333043
0.770076599670474
0.814560739952103
0.760700143055643
0.85533729746107
0.826116426311518
0.944672095220107
0.855923164258869
0.691199134294953
0.795169704710392
0.839679234787419
0.788822164677041
0.814558364203527
0.852955692173469
0.712349796749253
0.96415585374338
0.834701204829837
0.639946724847191
0.797484185818961
0.807889113149514
0.828692553958642
0.997943744910012
0.882127424396252
0.814072702851623
0.935823074068085
0.887045611267084
1.00953410834895
0.80208217069286
0.925659529840105
0.720779589117011
1.01884824622902
0.845603864724594
1.09930679833497
0.91392681344058
1.0087121334973
0.854771321819783
0.970847507908355
0.910039443561382
0.970501294735692
0.857816277886283
0.933811730116019
0.900701286748311
0.865813558600423
0.980934802928079
0.941535396744266
0.953048347441836
0.87834953302064
1.06805604518001
0.919289736601472
0.985137403946122
0.822274395007105
0.944877089890689
0.996555280082528
1.05977124035387
0.943712489529864
0.978156832908716
1.05629702948783
1.0452924147203
0.850100124476513
0.84166581972233
0.717075118279418
0.913960126949581
0.961321138916901
0.919337723875568
0.908040577844402
1.11225297429596
1.03649301949495
0.943293088272444
0.94492267798004
0.973667847355472
1.03389176180821
1.05450949742925
0.913343255650594
0.990871526965854
1.0257169099996
1.03701415799402
1.01795960763429
1.02194488311645
1.03696952033592
0.933275444476281
0.981756269339825
1.13454484518699
0.966900959116072
1.05137225953879
