-0.0501561178378997
-1.00046052796056
-1.05287528421158
-0.99407975034299
-0.887807790824665
-0.978617181766107
-1.03064940453912
-0.881229228299645
-0.927903130543351
-0.817669637444913
-1.07491261539038
-1.0034966353015
-1.05908058915716
-1.07993132330249
-0.983828764342233
-0.886350324538602
-0.86945628083024
-0.797320064252782
-0.958658096944893
-0.859128387409802
-0.976631213214243
-1.00866735428758
-0.986646071843905
-0.933690326895815
-0.897671207047636
-1.02648708506561
-1.05981155164191
-0.902317262333406
-1.04219757805824
-0.908672621252562
-0.90749968161946
-0.966444932112541
-0.919105258534015
-1.03550383656553
-0.993462540995948
-1.03758286919427
-1.05480165624906
-0.940298181411518
-0.904834080950341
-0.949785464171589
-0.850803097148594
-0.913674549177901
-0.863913424075488
-0.919428730919719
-0.920961543000782
-0.801288563390015
-0.985515486766625
-0.952161358064628
-1.06700662291626
-0.896480637936792
-0.977308779896871
-0.90318443824314
-1.02056158209429
-0.953134372198493
-0.972902831811522
-0.821175262649814
-0.92075920740971
-0.804029734396467
-0.843477626988643
-0.798790599712409
-0.916671586794133
-0.76894178060186
-0.887970699847605
-0.847568708615689
-0.884854989694653
-0.915613568995423
-0.827569985582088
-0.881216082534415
-0.921846138382013
-0.902916592957981
-1.07098614000926
-0.880955011081625
-1.00089818382095
-0.855091289708436
-0.904395743106281
-0.780772202697146
-0.792472648600515
-0.877574816063889
-0.866342143666051
-0.889711954383138
-0.678552363373839
-0.871283702034848
-0.708668433626044
-0.833653049435945
-0.793579101391626
-0.920962941094789
-1.0070899011498
-0.750682939985184
-0.771125244090834
-0.966266674537058
-0.743397663271399
-0.891314351389626
-0.933134762336634
-0.778413457506597
-1.02890610924597
-0.914007194857713
-0.851465149626376
-0.797451781647269
-0.784981985133381
-0.722509791116779
-0.705539587108339
-0.725020609032261
-0.646759062558755
-0.78886611239799
-0.849568745024485
-0.790283807172427
-0.800887318045216
-0.849195118702946
-0.887400958541441
-0.627786970409684
-0.681208468143509
-0.858214153967002
-0.864039604301753
-0.761118619632232
-0.719836893151174
-0.748614365262675
-0.647239906896869
-0.774626909960295
-0.819554033492456
-0.848965613975919
-0.820872937652467
-0.807450718014316
-0.842763625605942
-0.755489681337338
-0.747278179090606
-0.691354277476977
-0.603256406556188
-0.698837398561779
-0.880540889715163
-0.804901860208123
-0.708542525985736
-0.77580655406318
-0.715497160759484
-0.764747516807749
-0.825030091048936
-0.679164419820767
-0.615540015475753
-0.688063968130985
-0.73867545476427
-0.803228508785333
-0.640845585708108
-0.680966437676443
-0.739065959671457
-0.5907967668384
-0.682097878332311
-0.679758075495069
-0.720135909485196
-0.715944651479431
-0.740159752770845
-0.565707031656656
-0.806530735982961
-0.722943428214962
-0.733806150137673
-0.837970345530871
-0.690639739516327
-0.574603185089597
-0.694012387600562
-0.584801682118061
-0.710019241167573
-0.774308090926315
-0.669671571959168
-0.696972262681452
-0.637989237747379
-0.560014852480981
-0.689785787747272
-0.623018511296853
-0.753300080357059
-0.651291011106893
-0.609996310443086
-0.633242021835088
-0.539771117779877
-0.742611305480247
-0.636537623906926
-0.585408202707098
-0.667012306520396
-0.723694965623216
-0.657765444831065
-0.514416301356329
-0.605810396200142
-0.759270120342982
-0.529137010704869
-0.746394615493559
-0.680020512812943
-0.5122965614952
-0.797518329077687
-0.734626872079542
-0.584379509467052
-0.578032581333476
-0.627414323260657
-0.559321521017286
-0.644071763187468
-0.682808366989163
-0.423394967422919
-0.587881490333953
-0.660079592072462
-0.779870111659634
-0.590254959877163
-0.663439110263686
-0.655659154776727
-0.595196294437608
-0.486096322665812
-0.788472496009329
-0.588310414590016
-0.753229888519741
-0.612205858196766
-0.530707964269438
-0.634785516103971
-0.496769157769305
-0.795543230838841
-0.610236447528744
-0.424036262954688
-0.644485296008894
-0.483149826896976
-0.648441122200739
-0.530001616818018
-0.539949207245736
-0.603403436911773
-0.575689717388257
-0.638096937774287
-0.506370187499372
-0.647341497833921
-0.677977810582733
-0.691537096252377
-0.507788600038755
-0.562405599204695
-0.612971602924198
-0.686742968133885
-0.588546718711984
-0.633873388059719
-0.551931423846817
-0.528379820586156
-0.389798418285711
-0.55156049435874
-0.691712089523177
-0.603008743741723
-0.586567027060265
-0.578214876992416
-0.450833342984094
-0.407815698898992
-0.485534569022681
-0.640358478859498
-0.587667852654385
-0.530728848574728
-0.519898998046051
-0.719187904949217
-0.370928824328643
-0.492657591106903
-0.584285251025495
-0.731781194112253
-0.503868930657266
-0.453140639650681
-0.422302617120837
-0.514059964629666
-0.61165122505496
-0.47380897975245
-0.639455766804534
-0.403410810382139
-0.449891678833914
-0.556659312150606
-0.437123790708378
-0.458483710580565
-0.394222663305066
-0.52564862328708
-0.399434422944147
-0.564706114296486
-0.61320109403803
-0.408006126193241
-0.554856026686333
-0.366970726770454
-0.527540421636757
-0.545122812937378
-0.393988545977966
-0.459807064731184
-0.603352082286324
-0.388110699114803
-0.437185091928075
-0.516019247138198
-0.490944127203384
-0.545616633802809
-0.43458701888422
-0.464830465318201
-0.478369552777629
-0.252316015410353
-0.403841829484189
-0.430420660082737
-0.364091868564684
-0.231684532233507
-0.371621828599596
-0.431284478120918
-0.505553908214564
-0.340549021145406
-0.456304457870697
-0.442454025542241
-0.466462330509624
-0.416039488774058
-0.267220457345791
-0.392411272211685
-0.403885456086362
-0.570572584472849
-0.359589248635812
-0.446791411272993
-0.50811464611352
-0.376517568471515
-0.419270225003645
-0.505587346178153
-0.397038917570926
-0.430312467124714
-0.455742333915657
-0.415373269045212
-0.375846425058223
-0.395799063453396
-0.477423773767411
-0.378744146306007
-0.297765089167935
-0.376009629874275
-0.319928235405805
-0.395749960379622
-0.405112261870715
-0.44402191931791
-0.316750513864228
-0.3656041736331
-0.303940222912399
-0.485763158514881
-0.393827693771781
-0.248503438784748
-0.343973875253934
-0.427067248298727
-0.444616028247299
-0.356417369448716
-0.419639397026105
-0.374090382479412
-0.471324052576008
-0.23994734306215
-0.32929349861093
-0.295320341806331
-0.375799967278523
-0.363078091923019
-0.556387738547094
-0.380707124911404
-0.31947032890421
-0.470510570632299
-0.421105166353902
-0.385253163202358
-0.117551726594653
-0.269556336325187
-0.440903271195862
-0.349247177940307
-0.321889446569234
-0.265811094368483
-0.250727980905105
-0.288080982813803
-0.386125727392479
-0.37126623244205
-0.290182562948766
-0.335218993563609
-0.342269759628617
-0.107636000279671
-0.216129012082714
-0.194516664465183
-0.284025535033475
-0.230592748977409
-0.258352136367688
-0.175863794475512
-0.213636019070835
-0.34591688409146
-0.288316592920912
-0.231775430884041
-0.333815068879822
-0.286454766194834
-0.257844749786121
-0.258563933609615
-0.410942553741773
-0.406806060013642
-0.234994626416643
-0.468887507283356
-0.199033107432196
-0.148814860349424
-0.302036019254806
-0.329831053398765
-0.33484168585279
-0.181101768976729
-0.266211582004292
-0.159371756820435
-0.237310825154715
-0.408450007701094
-0.147125336373001
-0.13562053092973
-0.13829923265105
-0.261357403849066
-0.327666613740714
-0.344091757470143
-0.220798618238783
-0.108921453169869
-0.247725041843748
-0.11853861933133
-0.277787599202697
-0.28654106467238
-0.270353100502042
-0.0449435048806876
-0.284599445830637
-0.0895955426474806
-0.156432313844794
-0.0983084380854914
-0.239740642373376
-0.165270219635807
-0.276878730700379
-0.197037548544742
-0.103732038552975
-0.328925749592094
-0.161374195776814
-0.216322695409724
-0.253303917569027
-0.23903319248324
-0.243430630091029
-0.0975820180974256
-0.179768548684746
-0.236674167614387
-0.183949131294037
-0.314706651376998
0.0797627591856878
-0.201875830885982
-0.107209888015955
-0.147993564535126
-0.242083465870496
-0.173647004759246
-0.0796157308749033
-0.112171082518998
-0.159863970192608
-0.23660161285033
-0.115837221920955
-0.175519062520855
-0.26088298875329
-0.0889454503668825
-0.0820925772275637
-0.182049794625288
-0.0286617641546641
-0.0453526780679256
-0.193478648141312
-0.179366750254086
-0.070637822075647
-0.197436813035807
-0.204249378672678
-0.141302118135309
-0.0463841143291307
-0.143350097882
-0.153264773463255
-0.0622032374277023
-0.133014270355121
-0.0846118357015365
-0.0299197691870158
-0.020018510672173
-0.0631239364423757
0.0449859008353964
0.0852794584498658
-0.156799999312117
-0.0801360078700376
-0.0474750872760477
0.15690769482203
0.0845220239228955
-0.230624934301876
0.00243662676084656
-0.247444451662571
-0.150498585566108
0.0823780820059303
-0.00110400841441921
-0.0301333958844663
-0.182876789881546
-0.129408182086006
-0.0850795732527819
-0.0151694478803744
-0.0711613396959001
-0.032374359648875
-0.125417718579456
-0.0875038752169058
-0.123193012223548
0.0490691493634183
-0.0085652013543056
-0.0899789334573411
0.133643861597879
0.0112543595929985
-0.134699697610188
-0.041225557898611
0.0812267481369891
-0.0495466063068772
-0.0696530755262712
-0.000429377368389701
-0.138622778528753
-0.141580744869222
-0.102369276881339
-0.0745718386076435
-0.100978023313052
0.00911461525323547
0.0366813608500432
-0.0645592133127083
0.0488972622381925
-0.0181603343123227
-0.0565778447281069
-0.10235865325766
0.17075974018425
0.0166910555654557
-0.122894248639873
-0.0298620828507123
0.0232077508692723
-0.100261445896323
0.0543449060513407
0.0774896842609297
0.160090414145588
-0.0152976398895248
0.0658185895308495
-0.0449230702004356
0.0664118511766433
5.95506387969987e-05
0.0977141343379868
0.0151916358624871
0.0929633730183267
-0.0210419024502398
0.011182231935952
0.0641958284160954
0.000297690051081601
0.0191936129410233
0.0116733088714112
0.056945298623302
-0.1169300194419
-0.0788221948372382
-0.0252721206266246
0.0530176555737411
0.0842861690849223
0.000980913617226774
-0.011341283502666
0.0847136503314717
-0.0270295119727121
0.0695567049974694
0.0151956760234318
0.0533771700891835
0.195362272684038
0.10776662948809
0.202749228141612
-0.0154156795855002
-0.0108669008213677
-0.0622095896220909
0.148452159513886
-0.035967281874356
0.082293484888343
0.021360225685857
-0.0804215891064818
0.00363770794416113
0.139107043770517
0.0810261415956639
0.0654246715775336
0.214808070664167
0.240169721936225
0.174053251338781
0.14336009574651
0.0996082789373436
0.190547449737663
0.124491338939151
0.118740250000462
-0.0455076046349437
0.239212822792443
0.0841092542800998
0.104644483810587
0.170183535549894
0.23900531917412
0.0739453959973548
0.300050081370166
0.23114821748019
0.168892158153517
0.0655916742729408
0.164007210797409
0.0625811433600279
0.193034954617049
0.113600896724213
0.133169861268964
0.0460381873832711
0.0568601781725269
0.230706725228683
0.0572031417897276
0.144682751577346
0.194990673939576
0.207660865280847
0.143040784370611
0.0532250792304394
0.316779948487166
0.141285069493443
0.07787342511417
0.0962108809027691
0.0452014808694543
0.104282559187539
0.122359616759863
0.202940774737973
0.0690503862689852
0.135790622218903
0.218218698038409
0.156320137421443
0.0708418085304998
0.24808510369892
0.363864475870393
0.259633135846741
0.21159359173514
0.205365971128615
0.248957446799466
0.200305470560916
0.32590939253071
0.0983115911363205
0.208156409761737
0.058974098925258
0.268174770598258
0.188661242214921
0.122801979117771
0.144974690635657
0.246200216886617
0.253443991984554
0.173797916086374
0.23915548750338
0.239955959642698
0.120755914893174
0.146195256389956
0.399312025239689
0.154303643283273
0.185593458148273
0.34808720022552
0.339050463094266
0.256320345805623
0.28452668127367
0.154108640757445
0.194622247510638
0.433006566977712
0.300386858230962
0.186811481966732
0.425130466418172
0.16812326019611
0.404609876173498
0.220381801137517
0.250740828035366
0.355685097539597
0.251163965328415
0.349277666201738
0.320198165713598
0.215498388584864
0.252104911814243
0.194527602609172
0.343587352991433
0.42037390073806
0.264541720714728
0.143070933454595
0.162666429270882
0.354208193449011
0.280221980456351
0.237278382225444
0.312117233420208
0.15630209867535
0.394212566237116
0.29139899528459
0.5237368352245
0.182582412236406
0.287959190385438
0.365281858964959
0.387128741646311
0.538044413948179
0.382156393677296
0.304003002377618
0.285600399272761
0.161876710201795
0.309507316207681
0.264691245762825
0.344410651313236
0.323248202774876
0.420420691659281
0.386319276439279
0.360482673800642
0.447920285577881
0.266516009504915
0.27992570012822
0.152203017861555
0.265101625924698
0.380742038188163
0.35718191500489
0.365138631130026
0.361606957133783
0.372482977444712
0.287555474657165
0.433859278451877
0.338643401779035
0.461653237112903
0.468346768972187
0.399302766801548
0.280718272845987
0.325038124274553
0.277709941961398
0.386252966617
0.440934766523716
0.349543257187551
0.486991503678328
0.273648077016492
0.256063493319346
0.312825730166131
0.458998827488896
0.358240693874651
0.34596178298659
0.404304232257971
0.390960461345376
0.374499514227911
0.467656292106603
0.644329395159473
0.445579655534685
0.329601224098678
0.491234342596094
0.354811457335874
0.384632224403428
0.525386566272416
0.58676535544818
0.415697337997133
0.391903432043073
0.442014201472558
0.47637888281517
0.451785413936954
0.476696664635479
0.381016330668905
0.378698330027277
0.534247990287203
0.499286145004001
0.570640758292018
0.447037097418886
0.387014525790041
0.464447291801541
0.36419379620452
0.508087308621473
0.615358967259
0.315733814990354
0.425191486960399
0.36479069728582
0.455942929484287
0.526179054624912
0.402917683175652
0.420682685268869
0.436058164267226
0.436361550649687
0.580904609090891
0.391319681673007
0.388425323216573
0.574930574931712
0.46938050041486
0.538217228375217
0.526938937684665
0.484558200363442
0.544589597355649
0.431746958075549
0.436465550864594
0.556131031450764
0.316923391989456
0.48713090819207
0.588076549388911
0.616607628372781
0.580392865187873
0.385195447073389
0.482181931005118
0.461861357748562
0.521156760315289
0.633672519574738
0.52219853832953
0.431979858167635
0.558822990744078
0.666649794289418
0.372500058143802
0.507574450551472
0.550042002351321
0.386629216096382
0.441054497463745
0.633985233090292
0.517177394037141
0.585431115020472
0.540453215609959
0.61471007692531
0.531334540964848
0.622012877939344
0.632671221025128
0.283983082145511
0.584555912182872
0.68850097385608
0.636422408500782
0.616655278540486
0.468877747319016
0.457083417363704
0.437248199614384
0.573878192844873
0.722055866291391
0.564165895364789
0.446109092173006
0.380250478664703
0.507312989927939
0.591467748694546
0.437026092947272
0.658689429105892
0.587219269598803
0.585226456529389
0.643864991782705
0.633305592279926
0.666957511826934
0.466152606791903
0.620817986618296
0.688190478795699
0.668425731206935
0.589559236689815
0.639786336958988
0.692142045357681
0.710758662143493
0.508653931020282
0.658859491973833
0.579307773834433
0.56511264932704
0.514046525640204
0.611531452361194
0.655938384773385
0.772815577360128
0.663461329286876
0.587540961220868
0.618007837717486
0.730186274854754
0.483344566151445
0.706288157483964
0.612014845280404
0.658282398867768
0.663291184821869
0.676137961134289
0.713438073067921
0.719073130378863
0.639280898481351
0.714170199792778
0.681585578352486
0.600855422045405
0.743249046005034
0.657285161592074
0.681325104547009
0.777889600074785
0.625626906947922
0.614447732677575
0.770658743554181
0.62708176594274
0.625514682538606
0.880290833764944
0.612028090314329
0.714286799259371
0.804715972217831
0.659015261779775
0.714709562235369
0.69361671469317
0.666806714046046
0.54574334382964
0.725213547975423
0.671347754160987
0.633354528422601
0.781184763060425
0.7324255050446
0.752441739250392
0.717362191848897
0.717136335121182
0.72151377786417
0.753418435710772
0.788916956887353
0.707186119096177
0.741936565276976
0.783323583994443
0.573038569121681
0.654370810444075
0.742698353070405
0.759206816583091
0.787477984897945
0.7058790655985
0.645384095342854
0.902568892300524
0.89269426980888
0.739632346741964
0.746477287006218
0.806576438705025
0.755881837523633
0.784072298379598
0.807064231614886
0.738059358716294
0.705570352768546
0.865055522148501
0.702657626161303
0.717834279344326
1.00030878071315
0.737522928555523
0.95393579536097
0.699242958307327
0.706432163325442
0.635968196524113
0.715850741285685
0.826954196026542
0.787945310823275
0.812283994555203
0.768116784098188
0.763908858402977
0.797694029879372
0.839639657149534
0.535417391892933
0.841131300304484
0.81433511462251
0.767791386563094
0.807743401298036
0.623550642998675
0.809614634997531
0.942518926659785
0.848066489968394
0.701493200318847
0.715017590248179
0.77297252888002
0.760750738281753
0.711433272209454
0.798111821876296
0.883256529740468
0.764530227479176
0.876483191782148
0.696335547239795
0.93278191765543
0.614552018999761
0.814351734006044
0.684701754134593
0.803377404099019
0.95808483739326
0.875301086817014
0.800473764255478
0.858246376346025
0.954540159909059
0.841095368991372
0.879629281336481
0.955130824457059
0.70693669294628
0.934771816027136
0.913151287647468
0.810949358383352
0.856508237132219
0.870383796114939
0.888091170437422
0.828835641031634
0.889490438697984
0.722034712480352
0.855798149454598
0.846829286480914
1.02784299804354
0.916853509951103
0.954839741054538
0.834163896217857
0.857336700515353
1.01504013051676
0.953517117181705
0.953600495785066
0.836815410844708
0.797652309946717
0.881545514271841
0.883510890638125
0.875614279103387
0.933549241319612
0.91458908964106
0.871328141296481
0.810038002054208
0.905589755104068
0.819527254291866
0.940846795444951
0.930017620755037
0.908261354428604
0.987350578124758
0.982976057730664
0.817550917349392
1.03323850884157
0.830201379136627
0.879175439118096
0.988481414802534
1.06043168367777
0.986230594533088
1.00578736878763
0.877783905173513
0.869397123740816
0.890487518829122
0.966505022588813
0.801128454688031
0.911689246499331
0.977827396125274
0.903078681328086
1.00628749057602
1.08681982418625
0.990732500050277
0.907095900741483
1.01402853155009
1.02803479525862
1.03240604602299
1.00817838606586
0.932317279515109
1.01118976516747
0.996318295494179
0.930225605874075
1.02163933528899
1.00246843864593
1.0362021852875
1.08672197801575
1.10164699594504
1.00977407891773
1.15685208007416
0.906695128044718
0.963963547301791
