-0.109856235809764
-0.83813824519746
-0.993476327820435
-0.993424169722657
-0.954970689029029
-1.0348333373053
-1.17231901867612
-0.960964149540653
-1.02807871077723
-0.895670880074806
-1.01272328506816
-1.15058090198965
-1.07422275903139
-0.904727899848409
-1.0224993916683
-0.976184276462722
-1.03976330931057
-0.915330545319381
-1.07088819698012
-0.862661344458689
-0.802877117312529
-1.02205373087554
-1.00546790701435
-1.03932788481903
-0.972373975010217
-0.966352324144267
-0.893563439500139
-0.968452140511261
-0.730296110795556
-0.978518187165205
-0.89885178088869
-1.07095789535872
-0.857820478080686
-0.822473195205307
-0.819988779759682
-1.06439671142574
-1.07097136551376
-0.903275503762334
-0.916115580265416
-0.896890036333496
-0.872288023607485
-0.795305198327206
-0.782658674897793
-0.933546579565351
-0.832633027042123
-0.803554433923637
-0.968626304931962
-0.999983957681409
-0.955459016981507
-0.739647508698517
-0.977446527382615
-0.838250125211564
-0.955485843713011
-0.756282445595867
-0.789738509659028
-0.933267598877868
-0.864612474694472
-0.992193373940166
-1.00485415491637
-0.885655174165959
-1.00571541098608
-0.793570411120082
-0.863337131374675
-0.855211718620989
-0.910462236141327
-0.74479434790332
-0.860583643458349
-0.686762475015262
-1.00461206899654
-0.682023721331007
-0.701847285065133
-0.785305945179837
-0.8057581424168
-0.95083851693466
-0.923566954544572
-0.870465156867372
-0.85294187046648
-0.880591684358252
-0.830356526068367
-0.792301626406867
-0.779141673490854
-0.750795728987347
-0.727403263145204
-0.877772950161508
-0.845440758336341
-0.893074428404942
-0.827025915645698
-0.859805921764989
-0.888817062809774
-0.731819117153276
-0.964545400375517
-0.728636170328578
-0.855603739551578
-0.790387793333638
-0.773999490230683
-0.690843765371757
-0.730689012199723
-0.725358189310467
-0.823117013414024
-0.768782767175457
-0.77234090209711
-0.808744096272747
-0.740673341041031
-0.76176484312307
-0.732838371564066
-0.594059843770847
-0.745930533952575
-0.625087712324085
-0.730993564724493
-0.857175174456739
-0.821474215262093
-0.744634942218841
-0.750237067699566
-0.751885916961065
-0.739220174465844
-0.821220465337439
-0.738190187648333
-0.681336100762289
-0.672437802498204
-0.696089505997911
-0.878405789777845
-0.711379808346381
-0.835622862118944
-0.750646923515405
-0.742064323824841
-0.711343513885116
-0.802334041025287
-0.869532004772358
-0.804872111424224
-0.674652277663487
-0.73572179236043
-0.861600873569218
-0.661454861142973
-0.711441611463252
-0.707690734373063
-0.770301367967579
-0.709907566713534
-0.751052369854001
-0.653006192182971
-0.892121925573347
-0.652378889979441
-0.6662325678469
-0.719556752583327
-0.640448957839144
-0.746221103697248
-0.697258773241626
-0.746194358856134
-0.646204124813646
-0.649774594984589
-0.661482056726722
-0.706139114259658
-0.739063317714561
-0.67300816337488
-0.706684645646696
-0.714997859331797
-0.611254396024069
-0.696555810599077
-0.685051941837959
-0.80960010146302
-0.589051848105645
-0.771071789235843
-0.636547812872495
-0.516811933946813
-0.74219462562188
-0.510037712227038
-0.612438206494666
-0.537367427690351
-0.801372076408095
-0.761154347799427
-0.823787934211127
-0.693391514191614
-0.669189780449289
-0.574503456270936
-0.747975311576309
-0.721929536425114
-0.620459030630924
-0.470695185490854
-0.663910772875227
-0.769464688847597
-0.667152423612359
-0.540138578609977
-0.711494141685461
-0.722222665378766
-0.615734517532441
-0.592576031008947
-0.653403273571353
-0.650361697951605
-0.621521051904237
-0.524188407902954
-0.577583830070251
-0.731755368178753
-0.804072753972739
-0.558117346449997
-0.561393695276469
-0.718633021755611
-0.601557741548952
-0.706115897455492
-0.635489922719862
-0.461988728323821
-0.571085821338973
-0.725598678456545
-0.510179658380416
-0.421190452070659
-0.513503884002244
-0.710581991420365
-0.722346212798812
-0.546317067592397
-0.682823108130915
-0.56632414155026
-0.721014318009122
-0.530203883482963
-0.572899491536534
-0.694830134308656
-0.528900127979843
-0.564000876932563
-0.665744788973156
-0.63954237827331
-0.472081833121875
-0.673399709362133
-0.673107011436202
-0.621417214084278
-0.693900670111547
-0.707710501391425
-0.633947604588026
-0.654341060048465
-0.50199788160531
-0.692181735075769
-0.574338686788315
-0.538154342366042
-0.534303016720716
-0.471468393934811
-0.547358332805176
-0.503278541216052
-0.549907985291608
-0.476378754249968
-0.607365933898048
-0.461020138701796
-0.437337280872359
-0.547168917782474
-0.581302749209469
-0.481008943334871
-0.634929794131584
-0.564747721208011
-0.537224908195984
-0.592561454198144
-0.434946444998388
-0.509916524309719
-0.531930127568538
-0.541318268940073
-0.488282350666288
-0.349922313507178
-0.517063622158096
-0.51089423990027
-0.523333950285319
-0.573386729230694
-0.573271807070492
-0.435273619705404
-0.60432502962845
-0.498455888674021
-0.529650797597159
-0.496608495411245
-0.324756589151328
-0.526957440449607
-0.51682366539131
-0.340361610804309
-0.513801940805006
-0.526834099070598
-0.51550508139094
-0.603843173434312
-0.517860675517941
-0.343490181205921
-0.410510607254759
-0.469985457537376
-0.615637024103146
-0.332729204090065
-0.458906525875134
-0.394271594245967
-0.327676821656421
-0.444283533576064
-0.547260466124361
-0.381477060026324
-0.538173944199989
-0.414012999170069
-0.502118388372584
-0.397276226819595
-0.517431080525991
-0.388943449839993
-0.370435209087823
-0.324413981560203
-0.474805487532838
-0.283892398421223
-0.404984007453278
-0.358543254224976
-0.358582151998241
-0.425309406230933
-0.343019947462747
-0.257682608430288
-0.326588827414616
-0.388174717438781
-0.492094988460578
-0.408645556326302
-0.436160127012487
-0.320222115923478
-0.315347853577264
-0.390166967474117
-0.366959673391929
-0.384657868347496
-0.432872458577492
-0.432542916404529
-0.39204773742478
-0.451746678650918
-0.256896842266848
-0.330957778081955
-0.461446431945618
-0.443727548678401
-0.255096051972151
-0.462853878627873
-0.442129904836905
-0.254649312167988
-0.459513044041323
-0.459409338761829
-0.202445640810061
-0.429368098791201
-0.261378324593577
-0.479486468018169
-0.349610537545798
-0.261641569654248
-0.360093280309879
-0.433540295839609
-0.311159624216208
-0.252558922032068
-0.267884524761004
-0.426138745134669
-0.35215572996216
-0.358250034824522
-0.40689238287776
-0.379297519496332
-0.305995407621067
-0.235142974991527
-0.434091828507567
-0.284075957166859
-0.279024497111612
-0.233643290599721
-0.471443225906175
-0.332903297725913
-0.350473019530242
-0.45943172381075
-0.265208495723619
-0.25793107196182
-0.235940484694185
-0.210538022712129
-0.195003053839818
-0.261592894729731
-0.312763374556374
-0.248799338922905
-0.209596659446236
-0.360066759907401
-0.328634512548796
-0.328111057130945
-0.303048277947832
-0.292714880116835
-0.21860929569914
-0.199325271746874
-0.468036384831761
-0.459304505930479
-0.230312339595874
-0.617689361704361
-0.269449789142632
-0.195970263345052
-0.308423571230741
-0.203215559375781
-0.108790902672542
-0.305258264309972
-0.252794301014054
-0.104065207363153
-0.291734872945305
-0.153471810777341
-0.34077809164183
-0.30487889681008
-0.309150221814311
-0.238689417444976
-0.156146416376723
-0.075671619109094
-0.134237098246735
-0.133562721821754
-0.244915424808642
-0.272605920017823
-0.213990494770438
-0.241999887981968
-0.279547078472352
-0.122060139312664
-0.158167292954872
-0.226695913268662
-0.319701514259927
-0.407329183697442
-0.431683848007103
-0.212083322402674
-0.146711567973701
-0.191459942306468
-0.161454854240431
-0.110637579806682
-0.0301343946279275
-0.436324073821778
-0.123809516208626
-0.174090879832241
-0.136430966691004
-0.294304973156426
-0.0662502472388293
-0.139804475718697
-0.221365450391046
-0.10157949292234
-0.154325244474722
-0.147588670588115
-0.31559057104283
-0.203439495056875
-0.227869848124572
0.0186002195202183
-0.0998045013332945
-0.221416933563664
-0.211024352496974
-0.199394464242839
-0.0937315619394581
-0.205233515522617
-0.036350738722886
-0.189609484681541
-0.215884648953905
-0.238570407904046
-0.110899446846689
-0.0701206913485205
-0.0555953905844451
-0.22669357695224
-0.122738500657511
-0.140405995793599
-0.322329014308933
-0.236211694173201
-0.0511593090203192
-0.0857473915862204
-0.20490919917729
-0.130248237790908
-0.122938471913077
0.034370608217226
-0.116987654194702
-0.0969666219488062
-0.0691102793280297
-0.0898222243357883
0.0428715125460144
-0.0880640382159358
-0.065002225895203
-0.079365034950244
-0.0954353113365322
-0.147027864010464
-0.211477152972883
-0.16511916326932
-0.0495245246788477
-0.00668455174106819
0.0217820119497276
-0.0853062227122508
-0.0621573200643346
-0.0639510495310156
-0.097239063146396
-0.228237782598252
0.00958199094270216
-0.0739402250902441
-0.0711398055058662
-0.174080489256816
-0.0685386376687185
-0.127149325398354
0.022098277982412
-0.0975123893439606
-0.0508524106443587
-0.0262294694217122
0.0695171182706763
-0.0398109010545955
-0.0230510419012956
0.0331385376642329
0.0592217834154575
-0.0515795381479948
-0.123978690521197
-0.100420546301725
0.0795370480103473
0.0203619736679291
0.028475196702411
-0.0073582455157484
0.0206334714293909
0.05676944617559
0.0218440133553082
0.0249243945917151
0.189004008808116
-0.00813311469572796
-0.103382741548179
0.137714683368954
-0.058224502805919
0.02090673057261
-0.0253482056102507
-0.0293074212869393
0.0942233169695451
-0.0804615565975995
0.105516459636593
-0.00690655809986804
-0.0942713732514723
0.0846540724473796
-0.0543782802139887
0.0794607214871177
0.0153452679306743
-0.0456895310133259
-0.0365249332844444
-0.0141630285112568
-0.037400926069886
-0.118519556340148
-0.0945261639749365
0.126658871652305
0.078890065960823
0.172169020147484
0.102735518512873
0.0219851536473917
0.0899472024953008
0.010916746821442
-0.095843214995128
0.0978977338497157
0.0322943444154255
-0.0293572747091298
-0.0658508839662372
0.0853308247378371
0.028070494906014
-0.0224485366711584
0.163080298774974
-0.0440523333472548
-0.0324613917649
0.129529437780743
0.0705877730201994
0.0365777305284721
0.0201825431920691
-0.103786342432545
0.0508498758933547
0.157430308593191
0.163787559621921
0.0436253770888545
-0.00334065339636106
-0.0648584569131406
0.101463725299583
-0.0120871030633986
0.0392120104834304
-0.0523627997087475
0.12326749446072
0.0122145068456561
0.07410519730554
0.131978807146667
0.0408342317137898
0.0102271020384561
0.129974604508395
0.130620416905017
0.368376916815839
0.121137516895254
0.0550441952599075
0.149364819077254
0.0847688640649102
0.130090857959528
0.0436326137018021
0.192298471344711
0.113606108298427
0.0465818820577878
0.0921462473125267
0.171212540018643
0.214154452385957
0.0873162570659414
0.115316428687099
0.257430472961183
0.116008316097043
0.305919970814047
0.156450957759145
0.222574819613737
0.199554009790607
0.153852757760101
0.267538644974688
0.159962189421958
0.172029306477845
0.203404368025607
0.232047195398535
0.173919133911049
0.123130767253848
0.271041623656354
0.214703107783376
0.272113371158015
0.256943669086788
0.231461404789211
0.203666499144021
0.124808639711446
0.113552649365764
0.221854677247413
0.234492374804486
0.248012546217787
0.164332196140692
0.188164802860347
0.177722246860633
0.213818887195379
0.19692277539606
0.318037104310662
0.316402234060652
0.185422881868734
0.176776959640396
0.191173918741506
0.198875595671235
0.330179723524861
0.108960377609002
0.239907150543199
0.10300922345963
0.0509204447427886
0.290237152133757
0.164328617541077
0.146953554768741
0.395298123670122
0.179729338525507
0.139166866396167
0.324300977745818
0.115233063934233
0.145093295559027
0.189363047267603
0.073144421111829
0.0993687227824794
0.205986301552008
0.332536797158542
0.209666935051706
0.187204507916533
0.140656699667587
0.322161052068027
0.13270221812814
0.206192363021881
0.263320165167719
0.331202658810267
0.331241502013482
0.222229341695927
0.315758930517854
0.245381006160281
0.224041794959166
0.347074631150064
0.189435435766175
0.209819709216325
0.318961185702747
0.274697250090008
0.288368946170469
0.188603004943077
0.252041469438442
0.256143223002479
0.212500452904365
0.180454745774536
0.172942822113995
0.262659784348725
0.30704914629978
0.289898500734787
0.305542832410876
0.240907536362722
0.353012072434911
0.258760549113234
0.259066790462917
0.322456716821649
0.32380348357388
0.250971585582582
0.300055349872849
0.356116645203364
0.464452325917526
0.310118841675525
0.299908777169145
0.391545780505423
0.38693911808681
0.392489492307608
0.301369310984133
0.37239820216498
0.253958812219465
0.261526783607641
0.235521330401895
0.302866363337803
0.445701765004262
0.341074982113362
0.349446877415778
0.379226638998713
0.374264966882163
0.373932529151988
0.37417904645646
0.404660807103745
0.227138017984919
0.253548597493843
0.346049329797219
0.402883527673309
0.372052116694694
0.226396879729534
0.291554018865792
0.290371067397079
0.274454893501064
0.391101539805494
0.468479598120805
0.304541724603434
0.390510890709444
0.432687852851418
0.481878555594081
0.414549089701516
0.370409535891177
0.399690173750095
0.372092884600187
0.460874048403348
0.478191515659374
0.449525380517463
0.30521716562509
0.408807768261107
0.217277936942988
0.452665388083793
0.220403790325605
0.322502554467518
0.357957217223211
0.558235413727553
0.51140848639332
0.34358243880903
0.414685453417442
0.358725345196008
0.345951956290953
0.428031736758512
0.414488739335504
0.432459294064573
0.369630947073608
0.44361472000022
0.552519141234076
0.197342216601313
0.553330602409185
0.410626906070846
0.453818686876795
0.394059530427918
0.427518011447812
0.440826420240521
0.418888057128568
0.571092309348599
0.591690158364889
0.372291881406136
0.310223737369636
0.419991831866093
0.531980384986728
0.355432462265127
0.502653596184286
0.443588792342457
0.310992488507933
0.495192371427958
0.424137816540941
0.446328360642829
0.602425502364838
0.439268632618823
0.553776800529266
0.52623528740862
0.380512388257229
0.46483351436009
0.5119073433615
0.446552121201702
0.427775159991702
0.474861032098216
0.423371273852725
0.308972176760116
0.563108466476225
0.353448002232739
0.471657181534158
0.665538270442216
0.709412398812561
0.423492840701608
0.493143010208792
0.713047030045409
0.631279764095481
0.596933800652079
0.497076213143593
0.465812077598266
0.412445064088939
0.491648959635417
0.63858311737592
0.457620168536881
0.530382465251009
0.518666486350637
0.529097522709789
0.508316770891615
0.53330174833273
0.358201038510191
0.691242463755807
0.672419970962263
0.540377276607058
0.631470282265532
0.548716425962248
0.607403868873352
0.648048511270658
0.382587930070784
0.477313829468455
0.500217221805988
0.624101130337667
0.716813888953746
0.507363324487361
0.551459367237415
0.320511937573128
0.719051617063503
0.394326997068588
0.715746243773976
0.598613394146242
0.537646874691985
0.604325066033228
0.504002925878645
0.767480395710978
0.647306149103778
0.537483943804171
0.683683391714745
0.493953402230125
0.753548624196343
0.541906858800979
0.492824083743003
0.592519509315114
0.61792269937592
0.57046622217889
0.548155065945711
0.663508196647254
0.633553826929123
0.641199463688234
0.680322359803511
0.581034221029111
0.501370807401857
0.721716805282737
0.720500166559729
0.672149113715575
0.622940686572231
0.675436979975874
0.621459930554937
0.583130901896481
0.577057683017988
0.713696801476277
0.432863783811733
0.57250591160354
0.67020598200903
0.578058285209687
0.696153368894403
0.634419137291304
0.735833129266621
0.611883080909778
0.804356956950265
0.636730375120821
0.652366317797297
0.820201915138496
0.817749147541254
0.593945126819421
0.572938880661305
0.599586161965751
0.615783048290072
0.380372946665068
0.624343230535188
0.674001982040038
0.495439321850172
0.608498419012003
0.62606804232264
0.575456999717558
0.876539654424643
0.722157675721456
0.76658503965071
0.727978109830805
0.769666649069483
0.641742983710517
0.687375301273088
0.633766256750387
0.551336026805446
0.62863176959083
0.73038099578304
0.533165102914879
0.679564823410625
0.784593971975628
0.692488177976435
0.744465552534541
0.811345347087493
0.807414129404517
0.659263898113473
0.897418569645379
0.635332980070639
0.579125461256257
0.728359412678716
0.761570521300403
0.800845691455247
0.651930634466863
0.897629805619195
0.595500421487648
0.738964670526904
0.838973833477623
0.854398535879483
0.637427152970685
0.731488971074685
0.832372383252382
0.840905229042005
0.652206011470434
0.827259721950227
0.644518763690248
0.755149363327918
0.708923743779687
0.81989237051174
0.87604600175491
0.867404098596644
0.797053653224174
0.942082908405124
0.716511129295139
0.722455814410382
0.738566364951258
0.710645557357996
0.774360995756629
0.95346486985503
0.69386736854238
0.902721454744626
0.886279947199216
0.798899899454998
0.720974531532902
0.677617456097003
0.832455143229664
0.709753436689877
0.729053900252045
0.905750239589464
0.830215392109642
0.790767413917049
0.8145836708223
0.718015731618179
0.924928857123298
0.647242723527704
0.839376340349061
0.856466317405763
0.750762139862309
0.841478270836415
1.12100709515715
0.863450715358584
0.891891338561434
0.650119032014842
0.885909138417585
0.989184765405116
0.984628258545837
0.954748986166671
0.929961984878451
0.74507808200835
0.786911938216584
0.861402074354576
0.77321027047059
0.937012431961384
0.856781886567168
0.811467243807055
0.794515438631523
0.919146330872411
0.873300628975236
0.814546557419544
0.834493005654892
0.897103294040137
0.852366549120199
0.896681711177586
0.771221706128588
0.857222263698423
0.963986964057735
0.859570962014416
0.971912249672123
0.780100535903353
1.01915271487789
0.913192640039163
0.863431160015206
0.929740719528584
0.876552003594839
0.86809536273102
0.928399869656507
0.929504164027466
0.941814232848773
0.602525669193246
0.926609247167607
0.774066957392711
0.94801447752018
0.960542918113117
0.838301568480091
0.856480021063176
0.973989117897256
1.03781047025192
0.877462128506796
1.08171319790598
0.767360789599076
1.00588079772194
1.11822627361626
0.91767026160889
0.94721669421946
0.975697509271615
0.819824257393631
0.86336864216328
0.963761977515904
0.878293311256996
0.840637779026873
1.00759186876984
0.882393040266703
1.03477184454679
0.968650394825366
1.08858994680894
0.71417999522896
1.05836144098267
0.943555899443598
1.06883718746487
0.974122332932825
1.04295708733665
1.08787957868275
0.946270475787793
0.77061901561724
0.977026870618394
1.03167748079205
0.947711873971337
0.99539078572174
0.966542927808401
1.10427219569179
0.927691130043301
