0.00476817205036188
-0.995752492299802
-0.915421307780547
-0.954313241873087
-1.0873741090419
-0.957455687985445
-0.970057416246387
-1.03896866072078
-0.988371159347549
-0.946339416501473
-0.883330316297954
-0.959987295906587
-0.986521375591883
-0.962553401119857
-1.01391389017673
-1.00974137041962
-0.938510438828939
-1.09161534858437
-0.918916658224759
-0.929400362281631
-0.992357832225821
-0.844263063570601
-0.921932039948297
-1.08907731670546
-0.956296817153498
-0.906793529587325
-0.921812224105048
-0.917303969823469
-0.943454423659429
-1.10150055841159
-1.07387722890817
-0.870027150602583
-1.01927865509379
-0.789737204081464
-1.06771779806673
-0.967593967086264
-0.940864930965641
-0.841353632417995
-0.82419442442602
-0.945315878475306
-0.91874553399011
-0.941363656770299
-0.833291419676861
-0.972591782612635
-0.97738578420199
-0.973278997027978
-0.838157140503357
-1.01977592042406
-0.863126614011472
-0.824878427509814
-0.823540485483163
-0.795191660680289
-0.946605604799663
-0.84746328705497
-0.833743100506693
-0.992191658404277
-0.793353050812749
-0.902542457580223
-0.971531877549568
-1.05683234122698
-0.898676106206709
-0.872864630203442
-0.80586015593102
-0.964729138407176
-0.894603497476944
-0.880834019867954
-0.927005258222473
-0.693985784448274
-0.834068941668128
-0.930549770054245
-0.631101177826846
-0.841837450843911
-0.677543614423686
-0.685102517186173
-0.771609831819835
-0.865339115851284
-0.860083840334864
-0.765842061754682
-0.7170062203292
-0.835450005454193
-0.871961619942267
-0.698287085064222
-0.862672851194898
-0.871044241540454
-0.888363727375072
-0.876365869922488
-0.871478487800984
-0.911201462064197
-0.835749811724444
-0.894232029093791
-0.923694557794385
-1.05158862224973
-0.920173496215595
-0.861775049364414
-0.950434823875035
-0.690186401988648
-0.800399073903826
-0.735399408093377
-0.940188073913039
-0.894474997112148
-0.830699091842077
-0.720306417229106
-0.89551671064927
-0.87835096053962
-0.89324436226825
-0.924661247319721
-0.800719715487078
-0.723662415232277
-0.752716319920322
-0.944760267181186
-0.714132196020878
-0.730510518012227
-0.782219016516549
-0.841367550373752
-0.743525509305814
-0.778487275434587
-0.716718720540456
-0.883248230443324
-0.861648273306965
-0.881439479682714
-0.72861905516708
-0.778865521382978
-0.750149049398739
-0.821638310458222
-0.717272224015355
-0.754507230418185
-0.713494331438428
-0.743592345518891
-0.847517808612048
-0.707476655037525
-0.701621669800861
-0.671956233198076
-0.72602444146225
-0.780162689749623
-0.715673374663683
-0.666174424315782
-0.575621213967117
-0.685202346232308
-0.665871798806005
-0.71646714979622
-0.687486184452415
-0.713772282222151
-0.750747764820125
-0.709265167378843
-0.623506936340842
-0.616918916619426
-0.808433534618191
-0.574360459662121
-0.815032341319944
-0.807624573214053
-0.696622858789802
-0.599757632351223
-0.817002553698937
-0.639934614544938
-0.764852032443777
-0.641064972295829
-0.617684212835007
-0.717250639854182
-0.628671560727991
-0.735669775760081
-0.762594512973946
-0.641981588675057
-0.632646767030125
-0.832167868496711
-0.788991774119065
-0.680816095472581
-0.71887953897625
-0.606810144416289
-0.704896264247571
-0.504038077226301
-0.78079827856207
-0.704678793606541
-0.69872998377225
-0.624306243471047
-0.653308625306066
-0.762037104863739
-0.572362933176197
-0.562541428743243
-0.641843348517385
-0.667377235115407
-0.645318668807222
-0.509223245222112
-0.572971486470358
-0.681060767342044
-0.622574941960488
-0.590252972958238
-0.640596003868015
-0.588875769178139
-0.818198007468309
-0.460076027240422
-0.716416283742083
-0.551236603960489
-0.425781053340879
-0.570043195105718
-0.578122583333387
-0.596803998411674
-0.611541620308938
-0.572417290657921
-0.571594687691423
-0.673888198451205
-0.629449110435123
-0.499614149944568
-0.535430191042295
-0.485207026485404
-0.376959780910492
-0.64692534739473
-0.586026452628252
-0.675940906828649
-0.546866794323093
-0.587715011758697
-0.741554917862774
-0.613315356076642
-0.577664810986935
-0.61386901215993
-0.577951025796258
-0.624911665992328
-0.553222672774527
-0.577197004098802
-0.327738387211537
-0.541753127519412
-0.5967515403329
-0.469368621230793
-0.681153231206917
-0.477971240435509
-0.498918845640363
-0.481040584367699
-0.462251844211719
-0.603555370828282
-0.530382049214057
-0.593311953591293
-0.639382647158965
-0.550804105909168
-0.651811746548734
-0.484312880606311
-0.540462982409715
-0.396404350853017
-0.528356709896316
-0.580546849201496
-0.595242491164904
-0.624928110360265
-0.570846801433803
-0.493643588818789
-0.503231719356909
-0.537876561065583
-0.626632026430618
-0.477607443784101
-0.540519768844362
-0.514553853133767
-0.539726358781081
-0.481074502761055
-0.510675644479918
-0.427505623320331
-0.455456852107904
-0.558857879215244
-0.523650769890611
-0.592751598552257
-0.588119217858418
-0.475606029196326
-0.406885448246195
-0.507113561671847
-0.557241241950456
-0.447171470924519
-0.474284306378177
-0.468861514335879
-0.391608993234866
-0.607218947927708
-0.518137231483217
-0.476206855555611
-0.490483876372442
-0.254825801106839
-0.336362585834152
-0.583473230521789
-0.296344436893352
-0.393859352152537
-0.427929384377795
-0.455354688872318
-0.476185798736953
-0.472184961525893
-0.437105257042476
-0.548100792918952
-0.519310047340136
-0.568950849168465
-0.316394216588326
-0.462695181551666
-0.4555202230033
-0.45218281559081
-0.407268487489666
-0.468874078620332
-0.390304016377053
-0.363050022901088
-0.346100891382378
-0.375008352586192
-0.353041571464864
-0.321852163834426
-0.479341169423333
-0.358161165590381
-0.316133419614862
-0.468373595033693
-0.294775410977927
-0.423646699884209
-0.404457961617024
-0.40892067533989
-0.329792064537782
-0.32905247247357
-0.290361246184034
-0.319285922030434
-0.430411932805581
-0.358659153795828
-0.320844895691022
-0.387314419377974
-0.308420353172518
-0.33294238095994
-0.329890706465195
-0.44998141983034
-0.419527541546659
-0.470745788802814
-0.379631038342783
-0.335564332024353
-0.489645759767095
-0.446337839715483
-0.336383288349081
-0.302282614929722
-0.31825009026528
-0.360140384740997
-0.267138855637525
-0.397647292214211
-0.400892159692675
-0.23785532670272
-0.380032368046312
-0.449267969748112
-0.374642857351394
-0.189948892592364
-0.393479385943536
-0.21896008162076
-0.412689968671349
-0.28693395628464
-0.286074774582134
-0.281425695425643
-0.353414256797929
-0.430890887201982
-0.255314144049136
-0.367527730458913
-0.303361379777113
-0.327297502532051
-0.266520424992737
-0.386331036309609
-0.303098743509415
-0.0705008001217805
-0.423916642718168
-0.212701346712772
-0.227874181570603
-0.484442253026144
-0.354869508243162
-0.295877129799524
-0.222510075714915
-0.34511697321488
-0.0837352584561325
-0.22396626117786
-0.403968882957091
-0.32661058197056
-0.197468993764977
-0.395024058947099
-0.218264297213939
-0.408444361417934
-0.362791160535961
-0.174932478306854
-0.297308212570902
-0.306656945647113
-0.406742226660114
-0.315038434761572
-0.253689062492857
-0.198706288725902
-0.295833863438576
-0.269019414008154
-0.238280138286362
-0.278284208251768
-0.312705484827077
-0.301450100435859
-0.354158791944166
-0.401915098921415
-0.168951008719814
-0.132953274048052
-0.300540616938321
-0.131345436551188
-0.261815843658877
-0.315251396555302
-0.227740370367824
-0.245407230177403
-0.196269481304012
-0.141745829751052
-0.294941821521016
-0.206535933272985
-0.0115802360418707
-0.226751080508751
-0.145287483147372
-0.259177530904076
-0.258396127057125
-0.286478330763909
-0.189344512837723
-0.203371056727684
-0.178390629057342
-0.179467755669603
-0.291702612138984
-0.304979640793813
-0.122958437871014
-0.265266747732891
-0.174348795025313
-0.220709620047333
-0.15317112378591
-0.205534925712957
-0.23274022947792
-0.270759760841154
-0.106001941885983
-0.317382375168257
-0.180445562584141
-0.215572444054207
-0.184581461018969
-0.210821039391359
-0.0607333012130225
-0.125201871585762
-0.00538453637661448
-0.131661946838687
-0.25841111841414
-0.250200040247091
-0.175848865884045
-0.171070615732437
-0.0197560991235264
-0.0823049763255798
-0.133403083862759
-0.0813796729214223
-0.170018686539924
-0.186195457782578
-0.307268956099687
-0.0241296777545666
-0.177247178467072
-0.150838597988677
-0.198510575402226
-0.107090928953156
-0.142279689163036
-0.125457674066831
-0.285151093102754
-0.161327266516542
-0.0313134698521222
-0.081635303523226
-0.200799923785241
-0.093760906055311
-0.118212997497542
-0.0620704803766248
-0.046113349918368
-0.107614341542271
0.0133454292880454
-0.0995415980016848
-0.144368219653999
-0.106665812656547
0.0528667651145473
-0.133349826135253
-0.1193171391533
-0.164719455611738
-0.199329182551952
-0.0726400602643592
-0.169900723523968
-0.0389063391249729
0.0476553180808766
-0.0979082867406837
0.171953596128219
-0.130622954498802
-0.0375664253034312
-0.174276670635961
0.0137584924035934
-0.0552777026753439
-0.146016926197634
0.0177166697524095
-0.0814707951715011
-0.114401439000419
0.0328441141592315
-0.0578335587157504
-0.0897731644138045
-0.107931517146376
-0.104439007407383
-0.0191835387905003
-0.0457371365563172
-0.0996883702700379
-0.0948002934460506
-0.0537167039383298
-0.145120694211821
0.00750676072577842
-0.0483888671527213
0.180195226220214
-0.00908784475968681
0.0222508213013373
-0.0002485253839344
-0.034648928547504
-0.13586889135494
-0.0849803250853581
-0.0297287988319733
0.0193678337815123
0.0168007682181092
-0.179159403464127
0.0372208239760001
-0.00618786754520712
-0.135362357536776
0.0931214616568867
0.0823273824566148
-0.0659788830116617
0.0250446970867451
0.0901053896308777
0.0547311644905478
-0.0375120549984433
-0.150516940920178
0.0454670686253758
-0.0722253365669816
0.118366654836453
-0.0450022228092442
0.0431831882026385
-0.0763147733108888
0.127919688486017
0.0805738313985549
-0.0632667938717329
0.0192499846289335
0.123032884376686
0.150146914441223
-0.082638003980428
-0.0164521059144147
0.105025364480392
0.0918917044929138
0.0616681189107744
-0.0439288000124836
-0.0149380145714976
0.127311514071861
0.0196332633310931
0.0256369709121606
0.11457214395119
-0.0243613686514848
0.0388137031434819
0.0319975156319204
0.207627939995515
-0.018678178569001
0.112826450539667
0.12558948212285
0.0334595839269266
0.0530643022386908
0.0783733809992925
0.0983846987673735
0.0995007837560723
0.0197433248972071
0.156781480680913
0.158055982136496
0.0457684625146267
0.169443286243518
0.0949492166814818
0.0204701039405225
0.168848140247297
0.0104034884163299
0.109306389945024
0.0931765162193518
0.120807985691678
0.257091851823219
0.253897468177483
0.284508441461284
0.0680396315185852
0.226575813580863
0.13016897304747
0.118453391441765
0.00384576899044307
0.123142999244269
0.135505146958953
0.123125877175134
0.017707098498972
0.251145994136697
0.202328511949654
0.173267245013235
0.126220064015907
0.237522904270073
0.211862815049484
0.151047839706488
0.0839795803112461
0.184972593941837
0.184096588362345
0.184866112493922
0.340782112568575
0.168954792082786
0.0530867487600055
0.0601346154693932
0.116745800342568
0.129153126829259
-0.0221418770698845
0.0812664436312132
-0.0423641872971858
0.35924316752107
0.214030964278284
0.285730008483276
0.145387798706587
0.279011038777449
0.181941397422272
0.192816737686464
0.10655173790457
0.127348413992912
0.24897203059359
0.0835254880218492
0.122830330696342
0.313633663522942
0.197236753634194
0.245060570917615
0.140660898877512
0.118595156622676
0.310117862528421
0.164132035004552
0.22539321020682
0.112492406265951
0.130165238515359
0.181339934476372
0.237160780232167
0.213802942177419
0.206440291225807
0.15440687253479
0.260140439558039
0.274676764912173
0.407643347991891
0.239708644183773
0.194663643713666
0.167751201712749
0.281182290142086
0.116960455641218
0.268199523195079
0.357524371264517
0.260357901922064
0.241749664748619
0.287980812174372
0.333160960696653
0.248266946781672
0.272555039443661
0.19989096808139
0.301839640553037
0.207119265794093
0.15210409500653
0.196112891379039
0.266464983842746
0.289028191341017
0.294679138434445
0.168159279289132
0.228184318328234
0.223107088976654
0.263890036348932
0.251292496253831
0.169564102071093
0.268584514767995
0.351777194269916
0.290849305282684
0.372524358403267
0.362841773488944
0.345157536661038
0.266364854977856
0.292935287790422
0.342969927681643
0.350025967639814
0.223520482076833
0.233352834848265
0.303468371340633
0.523452372039874
0.430920399331135
0.290292467868881
0.183260462088854
0.323224513447308
0.379418704402902
0.465582290642564
0.224634234078227
0.256622812270907
0.273401119506476
0.294260669803964
0.231699809432199
0.367349271334027
0.265427078249073
0.355825242576946
0.297992249120953
0.331954434095086
0.334794409964533
0.402634415489754
0.331617190269598
0.34596343292161
0.344728863297874
0.423506521018809
0.298753594596601
0.32614272636231
0.338603579002706
0.282512145199293
0.444648053870592
0.367841741225477
0.417562778913801
0.305140692204532
0.454346842413889
0.290504086105115
0.416543990404947
0.463995318532744
0.437685033799515
0.317372372023267
0.251870594864454
0.206119469500985
0.368873437360128
0.363819799903491
0.430957431857703
0.267787167578126
0.429974965512192
0.553594674806064
0.364153860383088
0.558893685103714
0.333758731011612
0.353525288588156
0.469667108089613
0.532267957825151
0.497607881731761
0.410509801540599
0.430958068851745
0.40199537271093
0.452142357814508
0.491547781272755
0.398962821429431
0.463052245469143
0.421672131020948
0.54513580141326
0.469275704425232
0.529978149456978
0.427170597726098
0.575983169444114
0.500470419763657
0.444862469642468
0.285416236158018
0.381007677248041
0.446755400415851
0.345827339821368
0.382057871922094
0.461319195763134
0.575156483987389
0.460525634581229
0.370088912899583
0.585774718266449
0.46011421497216
0.381448805637876
0.403170270880134
0.539468629686414
0.491484261570182
0.551254688952145
0.485007186819203
0.508346737321285
0.587929229500573
0.474684708979109
0.590113476219855
0.662346954633478
0.485384208245648
0.530761722402545
0.552317824337205
0.433450195856056
0.40893435229946
0.512957626930989
0.332198115589234
0.407784752424161
0.408212646121488
0.462149427591383
0.615795793226314
0.486710787129713
0.557248719111511
0.433215292242217
0.642933074155494
0.425992718405232
0.57455388061693
0.541906816429328
0.491757094391431
0.56834012967824
0.602169627128084
0.612347907014338
0.565515848822183
0.56871546146427
0.648401891500643
0.600155595098772
0.478014665504182
0.510505884181573
0.501648546349153
0.599488505916882
0.648258463350266
0.586156851988473
0.585595272231343
0.658872355492086
0.5597453065274
0.602486875076253
0.46161702916567
0.587906612374022
0.605556898732405
0.617757759939249
0.577801393259022
0.522630510838705
0.658557920864792
0.52023003648355
0.577810493749952
0.626648819622921
0.593741561329513
0.539097665841974
0.476779863572569
0.475902309292399
0.531099073026586
0.700398514597216
0.571419275655335
0.620248639963008
0.500596166494935
0.620743625179259
0.496259224312814
0.633302350406361
0.580479392330847
0.566474762826209
0.661836304898163
0.662663961857219
0.441142467661714
0.631315096839965
0.551172025709583
0.529250401151448
0.435734697991415
0.567317811323409
0.671396690257803
0.693538054331916
0.595332269925366
0.645450149736365
0.498227949356912
0.613687320113847
0.679025646587567
0.646489468923361
0.636940473883083
0.582549951648209
0.471757540904637
0.587534501309785
0.590109523256257
0.540867877073917
0.728758188255745
0.722963279329719
0.677093118026746
0.688436951945665
0.707306586774381
0.585169983531844
0.717290131408716
0.759178344507357
0.527197638107258
0.623538782134773
0.529132940096381
0.621059493968356
0.700761014812821
0.680738631852259
0.661982681106326
0.726225035896334
0.73984738726777
0.877016866261889
0.698694821922276
0.59844123020769
0.684250824002423
0.64888757144715
0.691875195625568
0.657673324561048
0.630357179783947
0.623595464982389
0.619579344277743
0.610052160339865
0.826199726171468
0.648251959922162
0.630437105549359
0.814121145340902
0.641002681298591
0.759798894634234
0.609235629914885
0.614114819651779
0.890220325974344
0.825720743140137
0.612329474407904
0.858855030229627
0.690644264676452
0.604757880618127
0.78405950722583
0.672637192045132
0.727934091995274
0.824299121064008
0.708199443182392
0.82361559473827
0.793833029472809
0.740615888318728
0.748803676035385
0.673315563957761
0.771102264870567
0.806868663156988
0.905440444315441
0.766446149499384
0.749306652358305
0.807478394619045
0.811254719744701
0.887655153409611
0.757855455795489
0.765486822344758
0.723078508589463
0.775866404666181
0.761536691735262
0.783248968011471
0.774020619117191
0.630061520938036
0.899512787918658
0.791322704821315
0.685843552198254
0.916186183636546
0.973773479638257
0.790934396553978
0.703047238881946
0.699552666339112
0.755473114956454
0.809575138911057
0.891589640261407
0.892219140402626
0.764112334304517
0.731893895732875
0.774823697505947
0.764540877928836
1.01174952658829
0.727421872102875
0.593582712946411
0.692956045588079
0.826432866531164
0.818757834766597
0.884417665916397
0.795272077024391
0.98321109142638
0.841657995801004
0.903652168161965
0.930337752819105
0.836886914553439
0.820191217635562
0.833721945313693
0.906813150371569
0.815584149519467
0.807342665610323
0.798194615494413
0.791201810647097
0.760936166254745
0.932764437037077
0.885314139546588
0.865492981450221
0.93533419007401
0.969485527921693
0.885543893971172
0.799860061181513
0.987589394387146
0.916961709848186
0.933191440517617
0.882199755902952
0.894521204709488
0.820242670732549
0.883401931839287
0.984708598109801
0.899360268669444
0.816920376547845
1.00433228366124
0.940248725948931
0.776001579416885
0.936083758132595
0.850539809856477
0.77805981821029
0.910848728246501
0.916059970055731
0.9685913863228
0.876324708607403
0.865237222243612
0.926735613374772
1.05600669940283
1.10996857340231
0.992728569997976
0.916320987301949
0.994823327263522
1.07599019246916
0.766850489788405
0.883127141394704
0.870250241010607
0.962421461917736
0.864630347661472
0.82924948039019
0.939467594263595
0.801614679052671
0.968053271953953
0.921235228593238
0.947067672669503
1.03055315194997
0.925066541479951
1.03251246616005
0.876639223654345
0.911854728192081
1.00936665462462
1.02947983020667
1.02653440103844
0.979519030934694
1.06257797292609
0.939376575949146
0.888511350062077
0.986686657059438
1.03360524484821
0.99799163170097
0.970396706928835
0.938777872105683
0.952370799517982
1.11490894828934
0.877865599173695
0.938743038813688
