0.00357338715274328
-1.10731888113576
-1.00770528541345
-0.909246058444237
-0.979376167134977
-1.06092998777191
-0.859546557304678
-0.930337346442954
-0.944243674461352
-0.995559196748039
-0.995954974459894
-0.920189159032595
-0.921530519040431
-0.983690313322606
-0.988215373051771
-0.976535071551203
-0.914956897134881
-1.00167671909211
-0.972234106376924
-1.00116310635162
-0.977135623911634
-0.918474671950506
-0.979569555242581
-0.872070911168253
-0.995256265175553
-1.07560509807292
-0.774973547885604
-0.875197586657683
-0.915703809596843
-1.11347030926537
-1.01236246372358
-0.98755712210197
-0.919524927222652
-0.960154612793291
-0.905701732358805
-0.957157348130677
-0.991254737681582
-0.957805835451803
-1.0887326267906
-0.971520907111811
-1.09327262968764
-0.926220426296165
-0.778267459236715
-0.964773846499513
-0.963593252256388
-0.857376716786256
-0.960348658163123
-0.957456218834793
-1.0183753909898
-0.984196456586304
-0.700583380455325
-0.90673396928686
-0.978207189790729
-0.910246145720045
-0.871390442609883
-1.03851356385887
-0.921414941224635
-0.894009598839021
-0.780646878028419
-0.947144859522265
-0.844603767210649
-0.800805527113649
-0.880372196799079
-0.879795750238306
-0.857817762914289
-0.783581906566062
-0.913617498618264
-0.708335442590087
-0.891659393749143
-0.736231274845835
-0.927763441905636
-0.717985259617844
-0.767072892521221
-0.886365630554038
-0.743729357545169
-0.763547277576288
-0.835419154849605
-0.710106054032012
-0.729193708130076
-0.863471529251609
-0.853154117619493
-0.877634174788064
-0.797676755093631
-0.856898303516252
-0.785341329596324
-0.936181972788934
-0.801103611689255
-0.723615916627155
-0.996513242305903
-0.900768339816354
-0.700608287748184
-0.827932001894667
-0.910434601700006
-0.774678239138132
-0.84227274236135
-0.773613144779752
-0.829144041261804
-0.913043849471807
-0.900599861330434
-0.824708139751117
-0.85929202634137
-0.7596439432975
-0.76048810145975
-0.772040988863743
-0.623575615832782
-0.640798577695249
-0.844601545135022
-0.818935447807429
-0.816848746708474
-0.767419929236998
-0.883507199854348
-0.535487763501281
-0.724313135643525
-0.76583077016766
-0.686222866253515
-0.745513222057534
-0.796152594794251
-0.827218528792437
-0.661632723761489
-0.67074964781313
-0.761624361970035
-0.8612531772764
-0.774926185395092
-0.803895982669452
-0.684277403894582
-0.564648668377663
-0.691267429383885
-0.65887724408318
-0.905438272583564
-0.656262650443969
-0.662790389251034
-0.76038491198941
-0.800941109188885
-0.80863232780817
-0.90488664569141
-0.784492832538567
-0.675913949252668
-0.813702567582736
-0.769355215170412
-0.666416817993491
-0.685800788669512
-0.695924742818655
-0.660435853869893
-0.770196933910243
-0.6124903748416
-0.800919405954825
-0.57188914402678
-0.729013698268255
-0.945187247858831
-0.808956289826601
-0.777084264613971
-0.729783402977214
-0.699981510053021
-0.541849491408325
-0.719896002205962
-0.685596487264145
-0.772680869012814
-0.713751017887865
-0.641458077465095
-0.598762812199338
-0.685862744449362
-0.717146475817656
-0.57895174202839
-0.796840809911721
-0.651743167721983
-0.525118130808519
-0.662031916156727
-0.696737262648885
-0.717086758002337
-0.766685862906694
-0.731319714072649
-0.676988545305268
-0.60386945857357
-0.773623229120249
-0.700024743410745
-0.64656453903759
-0.63296558115407
-0.511062020564526
-0.732446225775018
-0.618866345245004
-0.701015373261634
-0.675962640409112
-0.64211348586147
-0.57268427862382
-0.445017832490234
-0.532857061921594
-0.68141155748512
-0.613030434580741
-0.717483072044541
-0.629753916067852
-0.594652145829526
-0.599600088213332
-0.66547313660771
-0.754561418841601
-0.658703679283308
-0.632972612080021
-0.647373224445625
-0.681886886681565
-0.58059256108408
-0.598105617872483
-0.687645593726805
-0.532143383165639
-0.590366023380439
-0.493240126087617
-0.630057755876047
-0.495915029037117
-0.579590207956742
-0.726280549427576
-0.51538960434338
-0.619742821454713
-0.575342381007815
-0.624729368841058
-0.669392952721952
-0.69358071781175
-0.646206254988561
-0.594043020332947
-0.556832872484659
-0.469162630482078
-0.53800405785239
-0.43128561133004
-0.509442507277948
-0.571588588714186
-0.629709364697833
-0.550418395893173
-0.503405945619155
-0.562435065310835
-0.527424350876457
-0.502022847240771
-0.485011156387755
-0.623865838262768
-0.634997510469639
-0.558352971343387
-0.654083946731253
-0.598852607037061
-0.513524793509781
-0.510849161923175
-0.495892763260926
-0.392223124572864
-0.531131590223433
-0.579780056629831
-0.489921487445015
-0.449762909176623
-0.548197262338045
-0.613656841731367
-0.43503871173207
-0.29146181604304
-0.420257698681416
-0.57819793151899
-0.463837796307888
-0.580054576814667
-0.418326057111733
-0.36346802814851
-0.443279830410148
-0.263994452406352
-0.448601516305013
-0.478054956299497
-0.381012630385149
-0.619814249137471
-0.435016854559082
-0.195811479393032
-0.548800971619909
-0.545021844980024
-0.41686626037888
-0.462724028573197
-0.417073806842452
-0.582386120018563
-0.388010105045146
-0.401148548431821
-0.470526784516718
-0.651333686823117
-0.538884865477917
-0.197261969160449
-0.309169616676873
-0.547115149790015
-0.576235058252555
-0.415409991465756
-0.352994626268458
-0.31751685374201
-0.42187130284631
-0.620564109240698
-0.296307902212831
-0.42345638395654
-0.457603759850445
-0.41129113200691
-0.499331089338493
-0.416463349235706
-0.448746390227404
-0.45445617332582
-0.426450594526332
-0.649081253124282
-0.520532155922449
-0.412572755279017
-0.351667206105036
-0.423024569466371
-0.463577855952406
-0.419812604310695
-0.487644039492841
-0.496900047064404
-0.542345450240698
-0.5005101449631
-0.490814415394981
-0.491766821166947
-0.519763155669122
-0.405217534932123
-0.484579829888168
-0.367694981037943
-0.298128371166745
-0.379980778852915
-0.395198076964681
-0.426431928721551
-0.474491588441375
-0.391824505021132
-0.463668773969773
-0.532548908969303
-0.337445921399402
-0.408841344019998
-0.311987188353107
-0.357056511100118
-0.34179598234903
-0.444960034196004
-0.407068106266664
-0.418497936419297
-0.276390009620747
-0.307326152919645
-0.236220173305312
-0.352235050942863
-0.37446338468139
-0.343132506831727
-0.417758321639618
-0.464624040971046
-0.371995726826914
-0.347777450966806
-0.375930361654773
-0.296861949219401
-0.325402283173667
-0.329923595485317
-0.443286442931887
-0.462253603976411
-0.299884897877977
-0.328540141961981
-0.404322843448314
-0.254207629168138
-0.33167978594064
-0.316217257103868
-0.273454194788735
-0.243221499527064
-0.217641188216784
-0.453534949486189
-0.155020400628371
-0.253679130322125
-0.333874849957726
-0.328962741062016
-0.365519456498099
-0.415728785211432
-0.420545720006208
-0.403708406201514
-0.164374920999158
-0.286717072087333
-0.161286122707848
-0.274808667765663
-0.309507521950139
-0.319017927340519
-0.0921189888949015
-0.248593720896864
-0.280714333659653
-0.166860371688603
-0.240723884926323
-0.13284114854808
-0.319823462407942
-0.180968508013423
-0.164909966821706
-0.246235765064435
-0.245494833830973
-0.222157105611312
-0.182031107769912
-0.368842898438148
-0.270954891028562
-0.242824446426608
-0.405411964490626
-0.145729858314465
-0.388585884181888
-0.275468085531281
-0.378119528314404
-0.274963876663899
-0.231082273966629
-0.248097960522343
-0.138024890423116
-0.119919650155571
-0.184413431237999
-0.218818288816998
-0.259793186115276
-0.35362069590011
-0.145996786165915
-0.195169326526244
-0.19082860187574
-0.19066512432819
-0.109485569797946
-0.197506512725912
-0.228885853340964
-0.217920385411631
-0.178508511829854
-0.165684309460208
-0.180595329017529
-0.244726919441688
-0.10238483760904
-0.226564758772385
-0.224497702044577
-0.0424705016697452
-0.226178830853536
-0.071930639184932
-0.261467259702239
-0.117476926898928
-0.231041384052298
-0.22263939442201
-0.376188835043466
-0.193652694721698
-0.14729370279038
-0.215246400193643
-0.0781012754764231
-0.0801525150139083
-0.141221430025531
-0.035284771118724
-0.0639285772090644
-0.227350252494033
-0.192747023943833
-0.0620521432029743
-0.12741762015401
-0.087850002411382
-0.103576809971129
-0.096811054446776
-0.16057047658527
-0.16795554773277
-0.153428794190275
-0.112930509389486
-0.113107736383102
-0.20097580787351
-0.0570432298299834
-0.0622082065832726
-0.0518620221324122
0.00367197034551592
-0.0412312290720711
-0.211780787686476
-0.308545033561637
-0.20632003035631
-0.207441292862359
-0.0828746582266502
-0.106108445336068
-0.174829484298042
-0.0758739032551556
-0.142247775951462
-0.110278338382944
-0.0623978362364013
-0.188524401534285
-0.120228778386847
-0.075542782278952
-0.0658349350316743
-0.0920331634415674
-0.210519201843262
-0.106334471366487
-0.0516692040955812
-0.140410833767095
-0.124920457976807
-0.255662489434727
0.00249568922312322
-0.0367908155021359
-0.137010720097381
-0.27579015932866
-0.0937710337662093
-0.0655979516504713
-0.115513425575627
-0.0650481150068017
-0.153213091311155
-0.0245326488114818
0.0708346256517348
0.0783414864904787
-0.141284149503299
-0.0384045134342228
0.12215860930093
-0.00108180106831263
0.111666109363939
0.0121164189567652
-0.0508338431298065
-0.00676108992115969
-0.138370806157676
0.0638263464189943
-0.0833160544916955
-0.0572125806951253
0.0971270864196919
-0.106118352962859
-0.0167601491191806
-0.0172105571707228
-0.181934111735413
-0.0463408641259237
-0.096106570037221
0.0581754678010422
-0.0996866300255913
0.156618342534157
0.155587415423336
0.0588699153355503
0.0224249111793104
-0.0148055218994874
0.0345662235348635
0.0177609920145165
0.0910476085194722
-0.0994618965188781
-0.0881555992493679
0.1249817241984
-0.0206280828858171
-0.0752211398523706
0.0355592396497278
-0.0643247349330143
0.0753520107210106
0.0573325632399928
0.0226956696058129
0.237960148180923
-0.0281839734214143
0.0955459897373667
0.232541981484006
0.0346597520172793
0.0692534670716664
0.0543998796729118
0.141579922180656
0.00862560094069611
-0.0763834678294368
0.0390324093757828
0.151964081315035
0.129193540532925
0.0124276684998159
-0.029253841096267
0.0549821044557685
0.0744802789218379
0.0637301768759237
0.0518122584274069
0.125762736417513
0.0811450898821667
0.133241929233829
0.0714402111769291
0.108716470008618
-0.0894640378436389
0.0865994014913027
-0.0289667066503046
0.179137386942236
0.147645969152874
0.0885323833820224
-0.051972277779984
-0.00117920267387396
0.0652645457585258
-0.0297269316212745
0.0949710002457093
0.101540749891729
0.143589468422073
0.0341395837485277
0.108620424445608
0.0165985924015669
0.125010543150917
0.0595553184034099
0.161969007484514
0.0747570766969138
0.0305831382485587
0.0644160558156884
-0.040573775610132
0.112381924267367
0.132702019410506
-0.00663416250535004
0.180603610198224
0.0935814473365964
0.14523090549435
0.189199897681972
0.193982020863086
-0.0374819609640863
0.219076322414653
0.185869617556345
0.166754448259054
0.148514044006526
0.201776540855485
-0.0198121347070337
0.17709399101327
0.179597520854357
0.141859632633933
0.201351177035369
0.123673884857838
0.107434668085259
0.149232346923237
0.101951840839874
0.105620435459729
0.145224586302944
0.0832254271112837
0.121808010956069
0.172153771508032
0.0806536863622804
0.22392415916474
0.155856655653461
0.277117907952351
0.332389351376567
0.102277003623688
0.0505106022497966
0.123780976885246
0.185715271189929
0.194259626644558
0.218825755988018
0.182351683610604
0.301974767147608
0.268131852540912
0.106490492843343
0.269992822675642
0.250222237940913
0.230765408901546
0.149127611340848
0.261597049070941
0.0644203641473041
0.295745316831104
0.281428808376332
0.0672440336950998
0.219168331937792
0.167395483688621
0.219710454645683
0.257532163354032
0.243937765584103
0.139321385570731
0.303211722083833
0.148301490794738
0.350342045031385
0.301149764394854
0.217498038335498
0.276878156563
0.182556725716802
0.298218110659312
0.213000102801174
0.304610211377881
0.300203125729067
0.202122456561785
0.320615608573414
0.273690053051031
0.320717302228506
0.319361066084186
0.302171032235382
0.446833130895342
0.261557103296433
0.213567050348559
0.232813037369069
0.22458145535175
0.350561124105732
0.172937672924603
0.27263478115024
0.212612010107373
0.293627461428651
0.291311213230665
0.290848890394725
0.24725609590179
0.232900452113317
0.329639957308023
0.203400181650181
0.264959832983596
0.15507943527949
0.23923475982082
0.171862886753256
0.32734798836775
0.358593734668813
0.299465391226656
0.200231311224645
0.344165799399585
0.306385903420496
0.587626395816953
0.432477967002476
0.28219818832352
0.360119760889287
0.285333949380481
0.422686751617672
0.346581650169766
0.320318487356282
0.300797609186087
0.487926896898302
0.350711742044555
0.371385213414704
0.368834155379473
0.408022727526029
0.300242248881939
0.351412462316518
0.354209458318204
0.235872724027766
0.390206832826732
0.370114795718749
0.391950209384483
0.333302590876302
0.344378082969886
0.454997301445172
0.487104159154114
0.352454555883158
0.466908116187516
0.34538399541446
0.3685404551635
0.296368466055833
0.443283368715889
0.409926003486935
0.320943022910727
0.498534571518236
0.425181617656944
0.36730386406231
0.441983158022283
0.450794713672
0.34122038491338
0.380694932624609
0.367701658924025
0.344027303015913
0.418459745277606
0.537000607243533
0.45908978905698
0.48032132809847
0.423971975676904
0.433769586800929
0.575336309530436
0.371959613140347
0.523843542513925
0.387569522697721
0.41099337163782
0.349984697551432
0.501771808553365
0.487709582557719
0.457078840663474
0.512091927265495
0.565327377524141
0.472896380485632
0.382888587746905
0.269108219384277
0.398873293364496
0.441575633626316
0.401875483397575
0.569068059265043
0.366447689110159
0.520306473993976
0.422455902406254
0.526649134117782
0.392930358326345
0.475545965807422
0.486716582587809
0.287828094320963
0.550251224987492
0.280944326287659
0.487428942646517
0.451839937489106
0.494482999276178
0.480811810866419
0.463829174326922
0.436330219171838
0.496791839081358
0.647414142154865
0.446804709813684
0.428948379766207
0.478008323117344
0.640973732605022
0.49884655736721
0.568446555504653
0.526206025495658
0.59400722786771
0.506863501381115
0.659997752119455
0.542373597654561
0.444352965300824
0.338146897246407
0.402569531833444
0.456072292980129
0.563949048382227
0.614354933414798
0.592119705022316
0.60330929526345
0.544207838338123
0.417614170222486
0.516006886315532
0.625795803418096
0.517879146462052
0.463093439230532
0.557593169083605
0.639930317151307
0.360656802357854
0.675306538349786
0.549005101559157
0.492133345401159
0.593686373729543
0.589637717585979
0.361817186915049
0.59294379695154
0.565595074329649
0.660318881728855
0.475301250306055
0.574927159556146
0.512961473152931
0.631275423656533
0.539173514618007
0.624059099892136
0.734801767138598
0.537555713265377
0.542733710283757
0.511377511156169
0.491843297690839
0.610838473400178
0.589203314982535
0.556873142722973
0.747784843429595
0.563154197401632
0.555945780710627
0.525095627223196
0.691150853293771
0.788834455578671
0.594869822634406
0.707955441017614
0.673047483620057
0.775168566128614
0.742172014618127
0.578720531771334
0.321889827312201
0.611870203664
0.568068887183478
0.62767174233731
0.626905289118483
0.668814580058829
0.666951318318657
0.584017554299081
0.656295829613277
0.65081165637031
0.792689501542462
0.839769573399527
0.541687492931323
0.606520667151321
0.73002805377366
0.6928459497431
0.730754152691606
0.735224796582187
0.67485674526948
0.712711202974607
0.678536755385862
0.72765263795533
0.617960545694176
0.700165352941918
0.652963068781139
0.584658312059245
0.571956577682408
0.622765214245523
0.746871801489953
0.779769870908889
0.737834600125187
0.654648066207073
0.704408036260201
0.691293546199732
0.675350974028047
0.687243469986512
0.589802482555215
0.706148735953311
0.927892048793869
0.674341191693773
0.700219683642671
0.692870943624963
0.829756592601191
0.728588752206225
0.746391322077379
0.56765325721652
0.849532212570685
0.797573471229839
0.712463691904429
0.738488403588518
0.677770537291018
0.732966695026033
0.721074741922771
0.586974118709493
0.775663300217625
0.669440146408302
0.689987327483715
0.626759108177766
0.699142280015022
0.697081986402803
0.806393584695801
0.851223052021242
0.600210091783097
0.716237891126444
0.80090733439277
0.756750621127
0.716125303065352
0.670733781569903
0.6828929944728
0.832438156489303
0.767047526351645
0.821276675256891
0.82657952383066
0.825795925544971
0.824581665394646
0.965778972937173
0.745191134823137
0.674541866984947
0.707509702802232
0.842104219004618
0.747235174466129
0.818479804829871
0.846081009126114
0.785897999915018
0.801556357375454
0.958666029352939
0.72942257563762
0.849831686069938
0.828039003974789
0.865858754580617
0.762198483205151
0.882992967504925
0.702004359928392
0.677879437151824
0.937817154279061
0.795621982576144
0.864711573313769
0.839721118594202
0.785930745208622
0.835883740824181
0.824095418340926
0.806996265480412
0.856043494045159
0.839288274326689
0.822648202323849
0.921170226371278
0.755652567089271
0.929794448579211
0.816690715917678
0.771816675712372
0.777407410565538
0.940872839100985
0.822783309372279
0.908630940369493
0.808107087045979
0.801750675737323
0.975381612125414
0.793907469668004
0.965826678781016
0.874735660072937
0.773516834311217
0.974010514305951
0.674573205529599
0.809660377455909
0.856360165053294
0.873638882006275
0.838813086832671
0.839583756189201
0.862926102505632
0.798930662515845
1.0726116898736
0.913477238924384
0.855149476815681
0.928643896199958
0.954446185458588
0.812482511669468
1.02509486692995
0.9440513982421
0.947552417149532
0.783394453536043
0.889726323633145
0.890088475566769
0.921932000033977
0.967426437534103
0.840487682686922
1.06796116056049
0.908411530991667
0.836520900580939
1.01173893909858
0.880774009930532
0.972699170441303
0.728076457486034
0.9596997423145
0.979254492498246
0.938665989127886
0.792603073128969
0.964308374242845
0.946639801416969
0.724593509510262
0.979652381482558
0.904252017635475
0.869266136611794
0.84079885873813
0.853110844160854
0.905325040810724
1.01259079406863
0.983062589392779
0.922759717142316
1.04447900779952
1.1492986048245
0.885589597729457
0.999888031328185
1.01630286294311
0.9713317739462
1.09656223003872
0.972225056841447
1.11847832812407
1.02465399380968
0.919201195654129
0.980092149639173
1.03415481013025
1.06976936064665
1.01778873895096
0.891296893797811
0.931684422437191
0.920000035000852
1.12436107497059
1.03492782003895
1.18495997224784
0.897500741337339
0.889424470279476
1.04956912926518
