0.0985844174186708
-1.13414656427681
-0.969405801144454
-0.933809345200913
-0.889980478960234
-0.900073563062599
-1.03290693916947
-1.02740287425877
-0.860443365400191
-1.06843293727309
-1.06629945675828
-0.922780964445489
-1.06388094391154
-0.856550797986537
-1.12374265521269
-0.837564704977802
-0.930944415422061
-1.00389256281671
-0.873651565602317
-0.925532807152833
-1.01216343021336
-0.881517372853105
-0.921691595906828
-0.883624835388561
-1.06317820499116
-0.930536095564813
-0.842368121557536
-0.983697719799712
-0.866924888969495
-0.99657495598104
-0.894882730593733
-0.912169802633037
-0.940273586680303
-0.992333454826394
-1.07054964357824
-0.84790547453198
-0.928303182311666
-0.938384747831283
-0.924459356281197
-0.898280439878085
-1.02767515676145
-0.824385900694336
-0.839039138314212
-0.838286198909375
-0.96296777656172
-0.79396515209638
-0.839377080727215
-0.933542055112076
-0.913672105066326
-0.951804927337583
-0.962119672590277
-0.867499359308509
-0.857843351058873
-0.870878233367907
-0.836785863677834
-0.882425736390975
-0.825281102549778
-0.979386020438054
-0.886776963205652
-0.980725715456947
-0.874446288504212
-0.757431354655066
-0.809606469931591
-0.956157342210312
-0.932524001364856
-0.971244381838166
-0.880994038528916
-0.731766620382984
-0.928535571568497
-0.894602909076309
-0.777317771144351
-0.811492475500156
-0.802540453490369
-0.789246435843748
-1.03777164649924
-0.856312975727023
-0.772989156506056
-0.704261619188005
-0.801544655524386
-0.920147867064935
-0.817838018980917
-0.947416952075654
-1.10242645157598
-0.915159448404597
-0.92948226464562
-0.853419126482031
-0.733417056977246
-0.919466944627196
-0.615895986968481
-0.841116645488955
-0.762149621394831
-0.885579988544812
-0.84710335463967
-0.799607330776468
-0.737397063920152
-0.919117601677971
-0.888069125357217
-0.645780417938659
-0.805935840830687
-0.804577617536015
-0.739428229723631
-0.937477395180483
-0.698108353431275
-0.693793449471731
-0.868989131890329
-0.798357612982021
-0.80275457688966
-0.768847578446381
-0.797068612882911
-0.84680841825695
-0.775922830541214
-0.896390880715123
-0.850072216670923
-0.754963176680095
-0.768639442266661
-0.732918908376825
-0.789463755682273
-0.752373135923972
-0.664313953667416
-0.630594449435249
-0.679224626756198
-0.681133211749868
-0.884161892578541
-0.819348441466198
-0.589060209703861
-0.840657181850281
-0.78824772887271
-0.55795986963308
-0.649689216790125
-0.727998994950659
-0.888185155783943
-0.504333187386835
-0.659273194429612
-0.491585196992926
-0.682235650370283
-0.639829531029038
-0.691128523371341
-0.760226557330332
-0.856923825920414
-0.723225372498749
-0.730097075127217
-0.802386609604759
-0.773383547018736
-0.693637401876901
-0.543621278855475
-0.771829362986005
-0.802564183311493
-0.615680947407349
-0.683044994161151
-0.68670493676173
-0.698334771450934
-0.861696551160892
-0.77229936635609
-0.753687717003838
-0.625094489882258
-0.688830046043531
-0.755367004871319
-0.831755565374661
-0.65888773096663
-0.763449545794159
-0.833618873762672
-0.607837854918041
-0.525622704534594
-0.583365096998874
-0.593924145289855
-0.778729761210065
-0.683519093986092
-0.598421869106476
-0.775124858468581
-0.780922412319179
-0.737689291550242
-0.755646773845425
-0.789685521166215
-0.609577228227274
-0.474393566042606
-0.554918608760385
-0.665085069132187
-0.610262233706093
-0.544953594066426
-0.617074992731948
-0.606518041230954
-0.516468906759035
-0.661565749622203
-0.560456871387667
-0.632343566859137
-0.689257298193842
-0.649748910386378
-0.780075090245241
-0.518485433144909
-0.568729698606998
-0.427872777409243
-0.643659964954568
-0.621866151406314
-0.606625677285486
-0.623674065699453
-0.61398948604878
-0.660269714399273
-0.727062390464122
-0.750817831656275
-0.618740522563877
-0.51383249771312
-0.513537980142721
-0.505770404688815
-0.547992142356805
-0.592407756851948
-0.577098854537385
-0.477878507808689
-0.628690153786727
-0.639475839718368
-0.521898067013292
-0.460220588734723
-0.631185643389001
-0.544221116603932
-0.571702820631442
-0.571282345620723
-0.488071940724302
-0.543307116357388
-0.451977200020519
-0.570365656968822
-0.687094027280244
-0.498503589209273
-0.767130962980595
-0.516947424684269
-0.472016380954607
-0.553458307179648
-0.575663262290481
-0.69687991298656
-0.506271119723152
-0.641854571819358
-0.584873588591149
-0.529680028137434
-0.498958962160225
-0.420774629449523
-0.496416821756851
-0.623363031959229
-0.518482098155746
-0.490475754978115
-0.478301345317787
-0.46295085356889
-0.446139573318784
-0.561990733800556
-0.59586455437501
-0.537015950796173
-0.543053284548786
-0.680934627049922
-0.574004845499184
-0.481792154761936
-0.524893002876256
-0.590735540842786
-0.47732812263259
-0.541231716873135
-0.475927509659058
-0.570196157021412
-0.441140336196568
-0.503883003255054
-0.366282620125467
-0.431863963362073
-0.517346437074001
-0.479023682009574
-0.406259812252524
-0.58270156096419
-0.470935564791711
-0.465707826807579
-0.350242963082817
-0.60722492365972
-0.509135331255075
-0.402773760026794
-0.51569272283386
-0.3966683539441
-0.474366553370054
-0.462185955475512
-0.346219588360719
-0.332483677170685
-0.448104244264011
-0.555387608859477
-0.402373440937239
-0.35124491168621
-0.400665920602285
-0.38240153049541
-0.463267514453569
-0.369400839531308
-0.387657253055489
-0.255006869119947
-0.42315212964967
-0.490276753609346
-0.3475142009413
-0.376757839293585
-0.293523236466773
-0.338233733743442
-0.53712967658036
-0.53473865657558
-0.453666935588566
-0.357945499709793
-0.448226879969797
-0.35860922822443
-0.305485454423285
-0.332663507758388
-0.351768510509723
-0.359378679924006
-0.372400183631201
-0.359033367385079
-0.355802765904912
-0.500962933173016
-0.411503515896413
-0.42129767021631
-0.321267907856556
-0.235372016567109
-0.247543189461453
-0.411019626306942
-0.415599909637443
-0.318993382722777
-0.224060074448981
-0.504406797182459
-0.301242764221054
-0.354548324837611
-0.243045400631147
-0.324125820781093
-0.308556427769419
-0.438083296372353
-0.450110893905457
-0.370846358003836
-0.369075664572762
-0.413506250363962
-0.308366031646686
-0.253208541557285
-0.310849867621947
-0.302408243300484
-0.36263639188585
-0.362161940399017
-0.320325777959242
-0.297335161271067
-0.402281583807446
-0.40365585242293
-0.305779321921095
-0.212315233730483
-0.427923077591792
-0.28447935393021
-0.267893334344501
-0.379767345183293
-0.29952859112624
-0.372548078816977
-0.263471775611738
-0.343851304719889
-0.166306826790311
-0.241048112051439
-0.462326962112774
-0.31881279136529
-0.341754752506914
-0.194643617042371
-0.519221868181904
-0.243906331503744
-0.328568428591802
-0.222249498418375
-0.271519827944364
-0.241704735818334
-0.272265844438161
-0.255907558021743
-0.263089499580779
-0.19025170249179
-0.2656232323936
-0.31219552467823
-0.299911944551446
-0.217393778233786
-0.291079074115014
-0.346278458375907
-0.115030884027082
-0.252104972933978
-0.276738403529575
-0.166765802619571
-0.179562416161989
-0.351010150949025
-0.270474000340117
-0.336466325736159
-0.224447274004661
-0.273858389702416
-0.373483647419525
-0.222089927078177
-0.369641631162742
-0.282967574028375
-0.170400580816108
-0.224672236994029
-0.269644415549263
-0.200540006370684
-0.293121229830054
-0.186066041749062
-0.256611557100465
-0.269484517715839
-0.31280825946597
-0.128200567933334
-0.222533297124418
-0.324101830904299
-0.250288522730821
-0.209012494075555
-0.17193295274844
-0.209699596400922
-0.311343501401377
-0.280890747728015
-0.292288850891732
-0.201932574171699
-0.19452456554698
-0.165883386746232
-0.228423288832465
-0.133530689915772
-0.137599097297467
-0.216224284095501
-0.212713449735005
-0.272062067670263
-0.0431166224676287
-0.096939843560706
-0.188146507971214
-0.238124043340448
-0.107737289352574
-0.179865961367637
-0.0303505878071967
-0.233678045362851
-0.126383382954833
-0.172317068865001
-0.244244567788289
-0.195744642686018
-0.156679808768581
-0.252780653211675
-0.0597599559562215
-0.187482546187003
-0.124167876242672
-0.114417694069634
-0.139527680704125
0.0200337423605702
-0.189176979857393
-0.24121737235858
-0.110688700366871
-0.182082044089403
-0.147945084229651
-0.14380718472334
-0.267364524875612
-0.00279370147822024
-0.130128060696911
-0.162589547891256
-0.0539492617897991
-0.0753876220793323
-0.122772743493046
-0.173033582035818
-0.110905172856021
-0.161639180325313
0.00269763142524537
-0.00523442271092236
-0.0863022489881192
-0.176756348563103
-0.0969694967705594
-0.280967116878518
-0.176887930603294
-0.237094563700776
-0.226003548464646
-0.202767883709211
-0.231328762670049
0.0239544529210194
-0.0229689814827373
-0.152849705952047
-0.0234833563485903
-0.0482477557959724
-0.0945193636328836
0.0289968828455375
-0.13752679493241
-0.182904280300393
-0.0887694340936764
-0.173493729484371
-0.17998499317602
-0.0123650039370423
-0.183136981342612
-0.148599277269368
0.0296988355041666
-0.0573316244436459
-0.0281299684857271
-0.0270264948291652
0.021428932228293
-0.0604534538728692
0.101941831178097
-0.183634010452604
-0.0805733720826792
-0.139855273553394
-0.118382816923787
-0.0137176104948683
-0.0940876325316769
0.0286527250486754
0.00031052238413953
-0.100723330535545
-0.11957835052218
-0.0807351103430035
-0.0957954954372642
-0.00360054688384566
-0.0633344843431122
-0.00363278776031348
0.0035751438993825
0.0574675802018945
-0.0171174174466672
-0.153155854494841
-0.06199023721696
-0.04828224307697
-0.0670011242248808
-0.036008421983191
-0.0878117871054283
-0.10763345345873
0.051844285400342
-0.154131073979102
-0.184600314594611
-0.0646974424601462
0.0534026799651518
-0.0664911736143479
0.181177057680173
0.0969766055846515
0.0466799317875936
-0.0741045087551023
0.127355425678796
0.0710259330576972
0.0188194362935323
0.0534456357425926
0.0561942611711389
0.0346601933851303
0.0209323125866454
0.0326511361249891
0.0807466491035735
0.0685999668525532
0.151623051298733
0.0883412193499648
0.00814723827307163
0.110711160345431
0.0856932218989436
0.0925363654023581
0.0334740668029431
0.0963277038168101
0.0303970823795877
0.165454858250386
0.127267822562435
0.0788116207936996
0.058071642556482
0.0438237609110099
0.189918896457776
0.0597254358108638
0.146451902279639
0.0209317574783238
-0.011593581477599
0.107774450310449
0.145462254356344
-0.0101074269082544
0.106757223323251
0.0800081920938756
0.11053355430627
0.104703221855456
-0.162451458135052
0.186098124226967
0.270322582048696
0.15575836415217
-0.0444622682570847
0.0242721572509812
0.10530785652704
0.0618684167945069
0.169401695308787
0.0128876968021715
0.1463970639564
0.0832833440317407
0.178295039366867
0.197123757799032
0.187853738504412
0.149858372273436
-0.0384768207468591
0.303386730137916
0.230610295549195
0.0467415145082045
0.117021802577206
0.0913898715285136
0.178337097000462
0.204141911483492
0.25004681699349
0.0692770045511399
0.16029074939065
0.259477059991917
-0.0145861910920554
0.141303113980197
0.166511645077432
0.143553450617611
0.199701338736271
0.167406994110056
0.239742759686492
0.181380500123146
0.189955739581257
0.127950869578326
0.0582287230679833
0.247065542904585
0.0185908243917646
0.307193328046581
0.163209710680159
0.28763757673998
0.268079688273921
0.200573611865493
0.238263451078562
0.261923567870311
0.191429534630148
0.152410683518839
0.228615079755226
0.268938749746106
0.0392037046207663
0.0845037879149047
0.254005786543647
0.305290500211593
0.281701379224703
0.214192849396786
0.0979877940860998
0.342316683154114
0.363412480903779
0.353131741747633
0.107441500229285
0.170992625300707
0.370971917736159
0.0838828597621006
0.199752190680123
0.32486921902355
0.27046205433981
0.170313471055804
0.239790952531833
0.0818392976572087
0.152005005774615
0.315353079198421
0.285041148080283
0.167030763194413
0.198923922462425
0.528509527470809
0.250417799276966
0.223772995250551
0.0876848197152054
0.058232271524613
0.28579696917029
0.202783957725765
0.190520088586268
0.212343423079678
0.395342298692006
0.288292491861594
0.330905578890214
0.306349068506903
0.232961378333322
0.206887304651332
0.388498667065326
0.300989487452366
0.185040793182069
0.214985837314139
0.374649260718273
0.286850370059622
0.266856358615223
0.406704605861854
0.315058645638884
0.298905534216382
0.347378964271979
0.347940260018965
0.316959292898178
0.322003542878121
0.167979736622054
0.290825191197262
0.332584607322843
0.384917017930964
0.282999880674445
0.420723473029749
0.273694892251622
0.300539070085844
0.288572139213189
0.332207418294758
0.263390425699562
0.167691296232741
0.343014789507913
0.254289876260559
0.274544927018785
0.304935035390679
0.352567149163584
0.299701580783917
0.216642629747466
0.316321537375078
0.298003022051126
0.223478741284857
0.391779044823385
0.391657269707165
0.354053097770349
0.621285778319342
0.397800986306695
0.493508595286587
0.241006358577214
0.443631058545156
0.304339838254053
0.382605537192568
0.41761903489462
0.285044445910185
0.285312678354117
0.313244236923153
0.28736478163833
0.427478101958407
0.392339159869954
0.486590192294732
0.434072048892306
0.299261492371019
0.375077048765428
0.385906335055245
0.439084675797783
0.355099675148757
0.291623434878713
0.373034820957166
0.413857267141794
0.417764483366566
0.290833489469462
0.486360579415731
0.404669499122834
0.387800330029775
0.424216386231902
0.297464274299535
0.527410971931406
0.299328282772163
0.351341267275124
0.358790284321044
0.489103961184352
0.342362271319029
0.376838837099302
0.213748180232229
0.447096387074163
0.487745953111957
0.416598315395641
0.466083959392193
0.49459938311442
0.529225000736735
0.341464749486075
0.343815906914038
0.469490465264481
0.501114652743111
0.307784696171912
0.467989032757212
0.394940069267428
0.28948696192024
0.645225485054577
0.391759769689997
0.467230325247704
0.580473608349936
0.350613961114657
0.497807662259066
0.424520397951679
0.481820065672075
0.462694429453911
0.460625944906704
0.590740054036504
0.456050142195444
0.420363538424381
0.416487622642861
0.545014497213058
0.527270384092612
0.594146370611495
0.488905664741476
0.571344953327658
0.55987348354625
0.40786084231697
0.531460997983142
0.578757436049688
0.59423338894533
0.504720367597983
0.56414770456725
0.573419101356901
0.712655285784752
0.656879563559356
0.606478833510328
0.539127811745501
0.470020182935162
0.577524081785112
0.558736571473667
0.58949270076683
0.455263445465937
0.415210632737289
0.555186372968613
0.499140687307459
0.487466501293651
0.471737374917854
0.482737907325524
0.395002693778805
0.665032751457124
0.639390276089977
0.47446635367076
0.493817180575952
0.507675142056478
0.626209739493786
0.484331845335721
0.370885931199234
0.700017865002861
0.544456411244508
0.561694546957455
0.672827858714631
0.621242749547353
0.692440560289717
0.538450103042077
0.698305277998317
0.701116632425797
0.581540769068936
0.648260506663114
0.555285266657987
0.75866339247699
0.485029122659063
0.609059131486957
0.587176100069311
0.720007393464004
0.621981783720739
0.499808235223507
0.617982917433504
0.64911150779641
0.607318066896059
0.471921420989837
0.626602417347554
0.551319205596048
0.539841286105903
0.642685322897194
0.63324861663428
0.616749089496934
0.702886255050939
0.559535157472032
0.497469662765819
0.651010970829742
0.546414540772449
0.690387014605592
0.562378121685769
0.504611520702103
0.621932566760964
0.497951947214188
0.670944121764385
0.602894202968419
0.68259781990309
0.68670154068026
0.696106224416861
0.669649818262392
0.619333627494097
0.657253252260582
0.607029111319317
0.51343682730059
0.639968269904783
0.599737456184479
0.714886243169569
0.574187668042707
0.718190743273894
0.655931977512465
0.743687044897616
0.71102416273465
0.730663561566592
0.768433114289448
0.584258776044044
0.682634000457456
0.626381625870716
0.633764197939842
0.708649735871154
0.586572508253362
0.7287823252511
0.713183759006676
0.598541591984993
0.740774503757094
0.740176003329027
0.76207846994877
0.774884787481629
0.81189115048658
0.875954017090166
0.770872608078817
0.700712653768899
0.903868522389546
0.581943244706748
0.78614034077126
0.791874180716558
0.87223429106332
0.672547014039363
0.728534813465138
0.665978677879381
0.624822370339325
0.812010042907677
0.685973116448487
0.615115950571247
0.749869121391448
0.661453674826013
0.703654138087214
0.746167501165348
0.858187294610566
0.573681988699559
0.781203994480425
0.838962777405386
0.744861708615066
0.727716613962987
0.814101770958708
0.728655606711102
0.790658518738422
0.744742602777581
0.793663793730894
0.833550482325295
0.816269132880528
0.741645658056054
0.792392680675242
0.604096334018002
0.797754956448594
0.67060672621339
0.79818886344495
0.792883362251495
0.835250494310289
0.817536440740902
0.798696199829187
0.705679054776239
0.74240888878359
0.724062397470436
0.861401696928025
0.80313539933323
0.835886098875872
0.751681170431436
0.906607246688795
0.81398492837321
0.646194167003283
0.821515246279182
0.750030137963087
0.875298785367241
0.80027656598504
0.764312873170802
0.818877484702172
0.875625603014912
1.02177711070926
0.740853148508093
0.719119292876817
0.696726450013105
0.873376801173878
0.980165150561284
0.775433104094847
0.955238179325491
0.844178163318819
0.784611395370764
0.99225802213578
0.837971067376509
0.898881726771913
0.834807409192926
0.866963940858853
0.701129105022651
0.950037651711114
0.737385611137232
0.746480989317875
0.899139943789841
0.919092708939699
0.880686678261647
0.884639052174234
0.951810387871179
0.670239600076529
0.748359063250333
0.959509628775135
0.996290945171229
0.983128654991572
1.01096289794903
0.730850459889501
0.668129885950218
0.890649250139901
1.00044452467371
0.926763974784602
0.819173295754633
0.786699793329949
0.911657213353552
0.984401572233894
0.852425181307427
0.895038942733167
0.967384434395383
0.888721019448204
0.87759719110453
0.942621404437497
0.881275359907107
0.92591654330587
1.19234523284128
0.957686909216775
0.880800740189926
1.0765586817557
1.01191287330978
0.934201157903439
0.907094151468062
0.966189495451853
0.945092282434703
0.901307134650996
0.941990252159825
0.849915311981039
0.88415609720041
0.995509634334648
0.879955522400186
0.816715142934919
0.982513271655016
0.801554611645983
0.969638206846177
0.985888990865011
0.933338051523225
0.905368607965727
1.04789495528556
0.821951659276262
0.915396380881936
0.913740304253612
0.939749335301832
1.10486661433403
0.892423848089273
1.00958486426325
1.08159057425142
0.956504110953921
0.917857420156005
1.08483020056724
1.11858074908586
0.978479680739911
1.01214069310533
0.997215912831802
0.920903743819063
0.907864177491425
