-0.0157987982450932
-1.031275992649
-1.08849978388609
-0.966386940536356
-1.1456223728139
-0.955651138151753
-1.08910282600942
-1.00435762558652
-0.97321298148241
-0.949382318720222
-0.853545159899287
-1.00374355706325
-1.07472552506072
-1.06415155276066
-0.93687156919389
-0.914199568545152
-1.09923499824585
-0.920944437161605
-0.968608638556586
-1.11329437472475
-0.909733805147368
-0.929059878539628
-0.90483060195027
-0.868571954323049
-0.944239189441152
-1.05320364646067
-1.04030533094057
-0.75180139075008
-0.896598905797917
-0.886204499587248
-0.933959920793813
-0.925127231558862
-0.982419141364584
-0.957926261195279
-0.978884345513104
-0.943134102445699
-0.960117077856269
-0.898046543891683
-0.934415420646712
-1.08391491174402
-0.933839765677046
-0.977707370894899
-0.947011911633265
-0.900614026724443
-0.936901918490567
-0.820496698492036
-0.936126460451298
-1.13268558703048
-1.01595251812854
-0.849856926603137
-0.930579909297674
-0.71588616455893
-0.927275986385753
-0.898212108975255
-0.97662661013309
-0.962983829671595
-0.891066749620637
-0.964927011364037
-0.907909315993362
-0.764147179713226
-0.696808637845364
-0.876447775477882
-0.789917608920868
-0.799243331435265
-0.870879123784769
-0.86623101864369
-0.852734337091819
-0.827627909857565
-0.970277724055332
-0.779477910082208
-0.910475465400434
-0.783402691330199
-0.896279315013869
-0.77835850545516
-0.8539225696165
-0.8842884371871
-0.786539134932778
-0.970087870225406
-0.832433907250559
-0.937027307145341
-0.847070615175504
-0.795066531912749
-0.911979774986642
-0.887066197311488
-0.858410119117145
-0.721284547720176
-0.819473685622571
-0.926387875739314
-0.756085210399962
-0.859513570301016
-0.785255025586128
-0.908652151503915
-0.949168328998436
-0.736748411629842
-0.832112294091545
-0.729527379777973
-0.861275738332556
-1.06864021645136
-0.817856174224993
-0.800320569284841
-0.624375260059036
-0.857658129713089
-0.598457870703349
-0.697196622292301
-0.738073502571784
-1.00513704291586
-0.785845188539064
-0.828086321177631
-0.82150908407938
-0.908740321442764
-0.877523851210214
-0.679366740612561
-0.815018815306549
-0.772186553058525
-0.704219364991419
-0.703007270122106
-0.73634347448308
-0.757600218220711
-0.854719740695523
-0.689305177202376
-0.702931771070863
-0.657485679583658
-0.811938281542388
-0.801962042092357
-0.760469213490469
-0.676920456214807
-0.681509834265769
-0.7055396017312
-0.701441207110122
-0.835425312837438
-0.707484904140071
-0.789571664407269
-0.736880470518176
-0.727107894899332
-0.729989956448535
-0.694643676440904
-0.87879712472191
-0.671567552045401
-0.800567775438581
-0.721036442426894
-0.7011369325108
-0.691975986089951
-0.717805221466245
-0.768784242759117
-0.75235106897119
-0.747348206910859
-0.774218410889349
-0.640995541272231
-0.543912505107772
-0.654584676494953
-0.617589210924656
-0.751521767639912
-0.574340661239006
-0.75369544743434
-0.781300233072043
-0.707022091881994
-0.67133745254347
-0.496492555585416
-0.779873743983832
-0.602965385506749
-0.872681827396399
-0.648851513760247
-0.519435517507253
-0.74403330303569
-0.673804312322201
-0.746461135216615
-0.739349376433631
-0.676834184847152
-0.692305828680132
-0.562538298746466
-0.671702032527751
-0.76703596890357
-0.632209514260355
-0.572113489742472
-0.604814049029673
-0.771332289116026
-0.751224119508233
-0.623556621363624
-0.5042939015722
-0.672197547717149
-0.584443750425575
-0.517160688166205
-0.681667478040223
-0.64060576261534
-0.605394422859689
-0.602072473230273
-0.675566636094934
-0.826558845121793
-0.725731297314388
-0.72633985502057
-0.54546614362748
-0.761591100831143
-0.587676758486692
-0.724166074409323
-0.537089186203951
-0.617261378054014
-0.611888589353801
-0.52432677404726
-0.708233986862275
-0.663895933168075
-0.669769518975057
-0.680735231216221
-0.612743179695335
-0.530753803522353
-0.656592469938583
-0.580382541247515
-0.544392497127144
-0.612556889517107
-0.658929720442655
-0.55134577605819
-0.656389551402446
-0.483676203414585
-0.560925468337078
-0.644330874246816
-0.620102581563995
-0.47096277956312
-0.498796227578525
-0.645689027072734
-0.663790807909567
-0.459668983410099
-0.505109272369094
-0.624555799017209
-0.57994578061126
-0.586564981235611
-0.526152835949519
-0.496535419683386
-0.53462967953434
-0.562308020902207
-0.656610033209839
-0.608530190213525
-0.621885668095739
-0.715041415391946
-0.643633227475309
-0.523418911699655
-0.456165619158673
-0.51320450526207
-0.422554370616446
-0.490657392747153
-0.647517515839446
-0.632885748153345
-0.472212449460755
-0.52674466906813
-0.504039193937661
-0.632885020112873
-0.63379836419275
-0.679167137429484
-0.515684582814742
-0.445554446233557
-0.607607742479198
-0.470175321672328
-0.535423217672325
-0.522909292028118
-0.601205629669106
-0.403166751244554
-0.483677399264664
-0.467652122972312
-0.545952978551254
-0.472918149922893
-0.497044919592699
-0.444353261348426
-0.407291387402758
-0.609123705150389
-0.443573143498026
-0.451989806308127
-0.529157800551699
-0.499085533868739
-0.472740773526055
-0.606447843083137
-0.429828229358076
-0.524357423589634
-0.497752471687209
-0.378731546606178
-0.359220491941689
-0.365193350992233
-0.494579464352968
-0.454387731447678
-0.329362677987678
-0.551308853492647
-0.433324525028466
-0.423602599727494
-0.491597046113295
-0.430243675335511
-0.447842263580396
-0.415047812953658
-0.473222004735803
-0.315388724638276
-0.418829246503264
-0.337165933473025
-0.564860792214706
-0.449192995470321
-0.372397069577402
-0.578759308041977
-0.546703261638651
-0.540496310883303
-0.397027010849694
-0.423091971152849
-0.380046043042417
-0.372278443285663
-0.388070695587331
-0.3547991965094
-0.463495744990407
-0.328926153999333
-0.408060976057846
-0.393546312200252
-0.50188900104003
-0.37396935843274
-0.403728370690923
-0.406578110411513
-0.41902921448545
-0.415536907054912
-0.449895634797864
-0.42341161842699
-0.344100664232225
-0.504747713195554
-0.309517981947002
-0.437586996814569
-0.266049694030007
-0.356020327680753
-0.320303369401639
-0.408553280984413
-0.332254170992592
-0.247670627224473
-0.233064935236146
-0.23335956362194
-0.368991633316636
-0.302834990580082
-0.219566746873451
-0.531439939926103
-0.308027250679233
-0.419438807016383
-0.420223740623991
-0.535927611931609
-0.447321490367248
-0.25685704679411
-0.253336919692101
-0.265094473149033
-0.299028218780557
-0.343420394047377
-0.420411568704954
-0.355926533047146
-0.37638165501867
-0.360399790349258
-0.322794280481189
-0.258756375618573
-0.398138606587625
-0.370515482642078
-0.207148654685342
-0.231105703286546
-0.460153332753197
-0.360080662136178
-0.301295414704227
-0.113458163664976
-0.404642329007044
-0.21923113304155
-0.374865661298437
-0.319811731060603
-0.27873947596068
-0.376714754462562
-0.375530311443246
-0.223150871123724
-0.310287189892695
-0.236039917472589
-0.288009333875538
-0.410538603153431
-0.293501255651848
-0.257448028203915
-0.355375444633524
-0.308772024402499
-0.193361320002951
-0.324834890468235
-0.277513566149758
-0.329528044526956
-0.159856535652723
-0.265606244297585
-0.21279687397191
-0.232202215508359
-0.269746093916573
-0.332978587930603
-0.23772026084666
-0.147595910885713
-0.271669078970742
-0.214090264580806
-0.131704288188493
-0.2571854524897
-0.321862381529903
-0.273830605761315
-0.188659799879786
-0.250115302238499
-0.181040047570516
-0.344762790284731
-0.290351889903683
-0.126721503479085
-0.227402377098133
-0.0360651410412267
-0.122701461168527
-0.228272839829336
-0.313388354874274
-0.115890230637242
-0.183462993715362
-0.264592499299431
-0.358836000967297
-0.214253534024322
-0.133219120639866
-0.202513528127026
-0.260890686071608
-0.124994801626555
-0.202924407080716
-0.190127510932718
-0.171947052569378
-0.153016039939274
-0.177644480395264
-0.253449331471929
-0.313263354072803
-0.25864477779844
-0.10708852588172
-0.0990984409522779
-0.257829687164859
-0.0798038994178791
-0.114404768947722
-0.157369931073634
-0.149549382500082
-0.195741017646255
-0.246481914581271
-0.0173742076716397
-0.0681149674860169
-0.141900978138642
-0.0950594234320139
-0.00851521615218339
-0.272436979909201
-0.183125777896903
-0.170173713183346
-0.265040125476987
-0.167205963199811
-0.178070772615522
0.0300596819350843
0.0870929613577952
-0.120220468107222
-0.14148004916885
-0.328889385910767
-0.0737201787336055
-0.0643440186773881
-0.234466531743066
-0.195654718534214
-0.0380000269640455
-0.197552024133624
-0.180524378010382
-0.154497532344155
-0.0522050240945384
-0.0361880817188495
-0.300097453459747
-0.113813844336909
-0.156276568280509
-0.120883218958715
-0.116847998075563
-0.255916422759365
-0.0320993970993595
-0.0487571565599016
0.0749717656222038
-0.0365109887159471
0.0265937301544481
-0.142329362923437
-0.180457981098908
-0.061219287605921
-0.100907318335118
-0.254810623276306
-0.0279303629510869
-0.0488924426003903
0.0514909476383621
-0.128147647420185
0.0118934900273793
0.0236816181555399
-0.0225875928035791
-0.0557203141494358
-0.0827152953413157
-0.0537961549532854
-0.126525135960603
0.00987767002709675
-0.0396777432639452
-0.0496521550641274
-0.0329158120801734
-0.145375492167478
-0.0361760843776898
-0.0670032674649828
0.0744093447561621
0.0165522731304224
-0.0772586802060358
-0.0805803739167414
-0.113201949872486
0.0271490024200558
0.0451286068558859
-0.0742304823824302
0.00173528683221783
0.0928599847931057
-0.192088041098698
0.00668907681474509
0.0774642022363176
0.00515357418340053
-0.0703654017606461
0.0531789339638403
0.0225176901485284
-0.0649400127070488
0.0160354188345782
-0.0253305741204951
0.105593031804982
-0.0294392005732918
0.0842885667929865
0.201967405940702
0.246647046364336
0.0442154931049927
-0.0331079932989868
-0.109064987795875
0.0971507667991953
0.0598557447884349
0.0494620919089341
0.0823246268470389
-0.0056581394869775
0.0126654811497601
-0.0832945200748049
-0.0182123744673716
0.0935052540629758
0.0347539994506154
-0.029469798004039
0.101221961986379
-0.00855827670165865
0.0153020308055596
0.157193785740827
0.0954762830962136
0.273128439865252
0.152691851857338
-0.0251401839948149
0.200942205683393
-0.0895974172727387
0.00980559321026769
0.101709325560244
0.046441794630106
0.157714349078392
0.0232600333231601
-0.0873389426127568
0.0538385624412219
-0.0628777609263535
0.07943450967025
0.0527491090365059
0.0153415188350812
0.081514882924299
0.0325760888865442
0.138305327019531
-0.0781624821706542
0.113751519872935
0.135446912423605
-0.0889341112146447
0.0223556118696985
0.0820367698220468
0.0677728498675147
0.144451481730718
0.0601891297850991
0.23673934449215
0.132253711525375
0.20315883686068
0.23623789250096
0.138857370877766
0.11403750812796
-0.0247972282780494
0.226806208969138
0.089932711569926
0.332304200259063
0.131808359649018
0.00562595970015571
0.142368857726378
0.175716138034859
0.16637630395619
0.167909218297549
0.10150327586801
0.211803889444177
0.0953556738841484
0.13668596566171
0.119740257759082
0.136755668845277
0.259988324031721
1.77338827742139e-05
0.157735427012152
0.142418658581005
0.0645530209646215
0.37227410065329
0.120833836554758
0.23647758935998
0.179107870940517
0.169216017278727
0.184376599490052
0.199305384343626
0.159159166206784
0.163804998316757
0.137386005587372
0.134843196514308
0.159627402358894
0.0948012972622093
0.154142548648653
0.131197805719319
0.171118709871473
0.186060267723783
0.29295194934084
0.290400481929832
0.155565410745126
0.171096053664501
0.161349667157252
0.526611207866275
0.233205160081343
0.296188458028328
0.167908785723696
0.237862251356044
0.300507781700156
0.210895591176125
0.238886685158162
0.257179342210209
0.183448473546696
0.213415460094376
0.323036806699375
0.138782529308205
0.139622582001563
0.124416946852484
0.355042584621673
0.260379480135087
0.256983983881217
0.186441193005536
0.209368994841963
0.264989368380673
0.259355361258327
0.102817821589179
0.229015563969286
0.308680521587345
0.299868441042169
0.343827394290813
0.307441600793245
0.292468475536236
0.255076624031657
0.22311692448501
0.27813198816874
0.41246361870457
0.22308599860045
0.274315635855028
0.300811855208099
0.375433919124154
0.279252213575153
0.310791081042392
0.237048961502819
0.234830525010718
0.0685502648257093
0.306690444519673
0.256401173565661
0.241854480032819
0.429546402714776
0.198767734998167
0.332791789124458
0.325854136440881
0.290330726135516
0.339049545074312
0.29114622804777
0.490211382435
0.376381244732713
0.366081404431807
0.43487370622614
0.194635799217213
0.452082766048278
0.186540272836048
0.303908665441686
0.359110231228011
0.253900843203678
0.252528525703874
0.476373883827957
0.381908610186741
0.376518813555801
0.273724842165776
0.333461405412595
0.255752909119514
0.306257344994636
0.348815106235021
0.389451267765109
0.350987369927559
0.433040750849624
0.422912217003142
0.239644087065862
0.354687186901849
0.382038901476895
0.415934463266653
0.429330657885463
0.411311984155367
0.291896334106379
0.331590657599046
0.532701423835771
0.421564085228394
0.378105083292659
0.44977068601203
0.44960638212268
0.277200291780459
0.374290394967794
0.285281989117433
0.448071390929254
0.294292432642956
0.424963175917802
0.460551380508629
0.478485738246018
0.175590533904664
0.45995632141642
0.430321186949776
0.236478821441733
0.383059051577481
0.342505343049259
0.404920534830904
0.359617746636457
0.357096980978906
0.457623596075169
0.461234253585433
0.438421912508714
0.412137037311109
0.405496462568696
0.336440570301827
0.41710790804073
0.415110106028165
0.184507561836662
0.456858879532073
0.482396033855269
0.502683849396606
0.478107049479351
0.571754840043384
0.468248766124254
0.359677766053146
0.48319465795593
0.363346970073683
0.350403005462239
0.549700148985451
0.406157510432743
0.417350514310318
0.598193853623873
0.530513376713472
0.361237611843169
0.682212990676855
0.555675468907372
0.572432046037976
0.428425922175204
0.429444273444174
0.488082954342691
0.444277664260041
0.365356838837533
0.281011569678153
0.37001609339652
0.521566699615483
0.636414618921073
0.400218786995127
0.415302961744998
0.44987503523719
0.511460290183679
0.599501734403768
0.394866341058758
0.572071261578672
0.609348763680401
0.484222970671419
0.428406623015301
0.562845924233872
0.389971895991904
0.423945812486887
0.564392690868978
0.53359363876424
0.556875098738301
0.547925816844297
0.533202002642587
0.529690995182213
0.482315821568814
0.539216849897252
0.537140309445618
0.536087711426862
0.487120933570194
0.613467309526761
0.402293476787
0.498560267143491
0.483079918938943
0.665722602080648
0.643762620962846
0.464130982941219
0.534133026266626
0.547621422971506
0.544156503186207
0.575426540347276
0.545036361468468
0.591541548604799
0.62645810243128
0.650232151734421
0.383603622279227
0.695034240454677
0.635454490226804
0.576006906127751
0.678238051193277
0.331357419220553
0.746599381408417
0.514821979311144
0.609096090693691
0.586537121626192
0.526198148696678
0.606046155143646
0.653154365804934
0.548280829335562
0.607141300969804
0.660097599120301
0.465071858302311
0.616698839113849
0.466849332869733
0.670560022438566
0.583821090375525
0.719795446949431
0.680551047550661
0.570262160849388
0.471606854697873
0.564025938242482
0.797592962462622
0.754806520635083
0.520980614849459
0.533814362142321
0.707291356702371
0.573972933831275
0.711457123122066
0.604644894215621
0.646986848792275
0.692700432507089
0.63045568509955
0.662243188476239
0.631509127586619
0.621773955439168
0.660918926674508
0.530080807248866
0.763718688962647
0.788122797788093
0.740499692477836
0.598652473512369
0.789041366362706
0.708054623993988
0.584590624167026
0.620640766840675
0.718026147609896
0.70008227435759
0.722399698712568
0.638748214890548
0.787211013341757
0.724673487039509
0.81885721780732
0.698507364935461
0.803427793900246
0.737670219376714
0.804738372426195
0.541203155088896
0.640731519076141
0.706274943750068
0.816028360873226
0.685839222403669
0.771670039488805
0.770818882823464
0.746287701027095
0.66099058346279
0.786072812219833
0.769823589820725
0.7400895480073
0.74716909132628
0.560492951255863
0.589695046485954
0.687608913688201
0.890171159089535
0.740911564871446
0.659087249644339
0.766194855815396
0.647961715152788
0.700070585717255
0.698588177158644
0.816671734782529
0.745947208289511
0.752398464218451
0.767381793287298
0.686406712543551
0.667319383566266
0.798430925560806
0.765320996037324
0.884607180924871
0.692758726903636
0.83254003514554
0.835165419533835
0.738500732458718
0.867990737666019
0.736607535902347
0.827588271951094
0.740018826442444
0.822103539322324
0.754437737501868
0.799254161388325
0.780686506155018
0.782736494717803
0.847755668861106
0.647022130227526
0.691035167873344
0.731357067528713
0.761401155211501
0.909529504700606
0.601318692611719
0.766695573273735
0.810663861140357
0.786939646841829
0.833790255998438
0.782530806136294
0.909703235032565
0.707296703524447
0.770085365356566
0.817786966871746
0.76598784556149
0.902059317422735
0.861056707006237
0.61992909521957
0.887858066655684
0.80283693069421
0.862908107210865
0.838965254073352
0.918211110603336
0.868080787438855
0.739538262625079
0.717617626209886
0.630301173187723
0.767333778461584
0.861922617422741
0.849453570677033
0.888012502107495
0.90210181556326
1.02224995377602
0.832542391366626
0.929444433348849
0.843698723519116
0.909350442220352
0.883012243540344
0.886659290677382
0.992789398389103
0.799436119469354
0.893245833181716
0.850415085921505
0.757953991751715
0.907370168832072
0.968283995997256
0.847842786796532
0.820838174343063
0.911873868214281
0.948436940494162
0.75851440630897
0.726627598257855
0.895716419203736
0.924617831882561
0.885853726322993
1.03827203780476
0.958350678994473
0.754421892112083
1.01423436026632
0.819518038344625
0.870658042109082
0.96129335675109
0.86927011072681
0.898468258983341
0.883864524563679
0.849701230165947
1.08815207619136
0.93025184299081
0.91802046485456
0.887634091536668
1.00950721653223
1.03529013767652
0.853815877411871
0.864955326396534
0.955069693902572
0.867348854171552
0.97841006589016
0.896011504099684
0.989524381711089
0.898018546597005
1.04503480446979
0.943107644116386
0.870454700529291
0.896223413537895
1.04074864685763
0.906819661119534
0.821545151873688
0.878362107168509
0.816377663261215
0.960017592215519
0.99794416384199
0.970370405985978
0.935379895305047
1.06604306234248
0.974157438318976
1.02976041877841
0.881860144198413
1.078151801409
0.855512936274974
1.06039634892459
0.935154436854025
1.06755784362744
1.16516304388743
1.11521055748645
1.06241329271658
1.03269252116838
0.958615902919615
0.951302616295137
