0.122271035844479
-0.896083931562978
-0.969860722763176
-1.07277441269628
-0.997092391838503
-1.03460681575008
-1.01440170724905
-0.835552376403884
-0.866593940771692
-1.00427630902335
-1.01642807526857
-0.917842249582629
-0.907133187929607
-1.08732537897918
-0.989174514477088
-0.91171182986943
-0.916909607038799
-0.957943760250305
-0.890814305796809
-0.939296724747358
-0.935382255778916
-1.01122130544638
-0.95324650260212
-0.918298537221908
-0.901286335868007
-1.06974303734545
-0.9200493523606
-1.09331769468785
-0.897596322037663
-1.02031739792767
-1.00272303882628
-0.859501897794733
-0.817729741889438
-0.944270464933198
-0.828876338887424
-0.86332661784548
-0.927404174431196
-0.895757482559948
-1.06676319424762
-0.953096722282544
-0.919623461218415
-0.907967258438765
-0.829210310914623
-0.901159881628167
-1.00385630882718
-0.962435220464766
-0.912581101199006
-0.970221707392865
-0.806157526172252
-0.916427627898445
-0.920245235238963
-0.953077461986729
-0.78609867488975
-0.904239956040651
-0.817358689785918
-0.833092975255758
-0.935590493273568
-1.17208577393174
-0.806070677150209
-0.897264938132663
-0.954524835070507
-1.07446766666388
-0.857417143964623
-0.79778554426066
-0.845248354095508
-0.954616521671546
-0.735152073714073
-1.0672463423566
-0.886409169767801
-0.81635243250343
-0.850435271762758
-0.811201317053516
-0.858310273113361
-0.76983957066616
-0.838589400114738
-0.917307814849846
-0.796786107193095
-0.692977462595972
-0.845923787693138
-0.850133576254502
-0.948294982514873
-0.861746099822421
-0.737177507577789
-0.833211817222887
-0.884784383903452
-1.00101429906815
-0.810033327695496
-0.754755677343913
-0.826233466018967
-0.722701597621946
-0.913300172728403
-0.70053851484279
-0.76142382610971
-0.724559956824256
-0.663251259186927
-0.932346970165026
-0.850095640517907
-0.886106624600719
-0.759998120106278
-0.707302109052754
-0.777177102766381
-0.696724037753751
-0.718483960525824
-0.795462723267915
-0.814289643223359
-0.800341153555384
-0.818261324938338
-0.622113041315529
-0.850153319240448
-0.849766393434172
-0.860748338511669
-0.817832593371179
-0.77339379793417
-0.803453224337477
-0.766184469074307
-0.721957471479193
-0.811779312476867
-0.757022427823139
-0.771930353229726
-0.703266112092918
-0.85238641416674
-0.858637633408487
-0.802208603025912
-0.771625949168726
-0.747737188933356
-0.740387922847645
-0.747287309313225
-0.840445134519601
-0.709430977175989
-0.770652265204795
-0.760446683386119
-0.753119938699342
-0.679249960109611
-0.762971837692167
-0.602789864181507
-0.758536603406739
-0.663238748479078
-0.770111161376985
-0.706399653193498
-0.746482939687238
-0.661449975468195
-0.785310547202193
-0.717175008367023
-0.681978372234389
-0.706755255866848
-0.735891364060818
-0.69217626998393
-0.726671692395576
-0.652731816603223
-0.746873096902843
-0.740788852112376
-0.456069110056016
-0.692654472397899
-0.846305721770609
-0.776994649544495
-0.682216547797558
-0.769203122587958
-0.612362319823734
-0.621408659326565
-0.685817014269146
-0.629764015437467
-0.694810248353779
-0.630111484551536
-0.523050617657541
-0.632385110146647
-0.677220119298558
-0.698462033791719
-0.597292729334029
-0.665969020606753
-0.624626461921768
-0.706920107074797
-0.68423300830326
-0.634486280775034
-0.721791325546157
-0.670372682372055
-0.660399748038037
-0.73544007924614
-0.581588637111152
-0.571352123024674
-0.621711018018958
-0.631663032161997
-0.592344813459379
-0.800994330482774
-0.740990136482808
-0.660015845073373
-0.609547259935956
-0.704144630233205
-0.55234341625625
-0.752930090554155
-0.50599748073675
-0.465560305240081
-0.500588620945631
-0.702309084322644
-0.626191821367759
-0.689404193876895
-0.712827810243417
-0.532699117910824
-0.722349480640626
-0.684382698891108
-0.622491699409956
-0.625207922281973
-0.528854660236569
-0.588934995818277
-0.581457293565249
-0.775610290163311
-0.382582474702668
-0.493888124882776
-0.507872494687347
-0.702105426670386
-0.587657751078097
-0.442481546238269
-0.549354835010423
-0.617219723914153
-0.668898177379957
-0.41923862850308
-0.609331974911139
-0.517517453303885
-0.613747075332735
-0.695253532743318
-0.475966310921626
-0.599335025951519
-0.540362864623546
-0.57796069917392
-0.531210153160786
-0.571411600374261
-0.444608668820379
-0.696437105850266
-0.602937257959072
-0.616827885829481
-0.486058110577422
-0.555031295193392
-0.601790915016754
-0.565966825440645
-0.525929265061734
-0.424475935660145
-0.522419305173011
-0.40309747147074
-0.445083433660386
-0.455712855757647
-0.434043839873704
-0.593927463367699
-0.602673273810807
-0.458634523447549
-0.708402889486887
-0.316898790490372
-0.605696591110876
-0.442305875878179
-0.484262432439171
-0.529251846265783
-0.434305506279438
-0.538628721255552
-0.503892808558539
-0.460773111292925
-0.5229482533186
-0.486540413294238
-0.41957039681249
-0.499535151573778
-0.454626264255392
-0.548154836180401
-0.491476367082637
-0.554061985282894
-0.522543269491186
-0.557464697494947
-0.571359645050631
-0.595257248027538
-0.37088715124883
-0.515462970051916
-0.514627781008513
-0.335793847779052
-0.410739496252395
-0.492045868204738
-0.448487823380793
-0.603066103685685
-0.564583577523945
-0.355245584927598
-0.463468253645115
-0.538808627999824
-0.447250146706361
-0.477316916805861
-0.50771095317418
-0.357398793339323
-0.237152822619067
-0.492807925096442
-0.450880829684875
-0.26750597750359
-0.495247025057638
-0.400980605716771
-0.497305867918617
-0.380519658277675
-0.462527605699652
-0.184008976352841
-0.288972519973728
-0.39712063181189
-0.360376142387975
-0.423841329647963
-0.480850048038391
-0.542906546630108
-0.442298129067317
-0.441104742316746
-0.431682098659564
-0.277132904254571
-0.275103857289965
-0.473477355147221
-0.514894647939979
-0.23000575207858
-0.510693103421315
-0.511979853650517
-0.169080639734039
-0.44140961058555
-0.331319781116138
-0.320840131941963
-0.38311885299758
-0.447950908403257
-0.418963355255263
-0.413453841109984
-0.244603137552242
-0.288241946699329
-0.223771722361366
-0.347639552867908
-0.44576769321439
-0.348989455125062
-0.469901974673852
-0.240701434150387
-0.266366577081683
-0.398141147868977
-0.355391090398988
-0.418071518204158
-0.326385535921536
-0.277534102574427
-0.195918907065925
-0.193886179129795
-0.28728358450641
-0.372047257052094
-0.295722804496472
-0.406106609576179
-0.307282681276127
-0.291476155278051
-0.399264712193671
-0.279903143896512
-0.347930530525774
-0.416242133072686
-0.177810252358282
-0.38038320405524
-0.27178252146611
-0.30585763238388
-0.265881787015609
-0.360892703737717
-0.272625330751468
-0.299776955457772
-0.223157276180115
-0.298421250530008
-0.148060864300053
-0.424809200645422
-0.150083542154515
-0.303599757536949
-0.263152566974002
-0.170966521747986
-0.250302694427195
-0.289028807118796
-0.240043404395161
-0.363911129627674
-0.221858073111032
-0.207096464917299
-0.218296989362753
-0.236492327587042
-0.202671401507217
-0.236007174084542
-0.279217943494143
-0.41211507933141
-0.241915913587309
-0.37981168927416
-0.265174622616985
-0.108880150037793
-0.222779669094619
-0.278715754679339
-0.129674486227151
-0.296340945037973
-0.272628365899784
-0.293001622729439
-0.260819770916381
-0.246253333331315
-0.318736550320965
-0.212439974496152
-0.22645353444135
-0.0805138480258295
-0.154177885499799
-0.274302241515058
-0.17366130794449
-0.307563459513084
-0.282115327692671
-0.186456361869497
-0.235325371920527
-0.212703869489
-0.158938797088586
-0.203497212359266
-0.345140766846081
-0.211397945983255
-0.200910940362129
-0.0627634333686106
-0.125053300114951
-0.31245562512923
-0.156115739644064
-0.0251788570714856
-0.176212452963786
-0.398488781103486
-0.185512250216778
-0.18142686671507
-0.198304531467823
-0.0787377320699433
-0.28485251551102
-0.126978396171874
-0.175598539437596
-0.181102914937417
-0.203037406736062
-0.0927057442345857
-0.238562309968136
-0.219248071921864
-0.192377742369008
-0.0345919710838873
-0.202481886120215
-0.14211609484344
-0.308601868207291
-0.102146857701678
-0.104921446266309
-0.118406011647176
-0.0970965658983957
-0.127098622336321
-0.119011906085706
-0.10592481463141
-0.0742879565745364
-0.272481708396638
-0.168144262255616
-0.0463765534595519
-0.160678525696909
-0.0858106144008806
-0.112657980202691
-0.126315006433763
-0.125516863489321
-0.100663647496278
-0.203418250966116
-0.168794962368634
-0.294427050733951
0.0594945444110622
-0.0703195607430064
0.0127091770618567
-0.193655121774815
-0.178471600512617
-0.0449149400312122
0.0236167215849093
-0.207183246928241
-0.146211908549236
-0.211501488013833
0.0385854020819474
-0.127531720792241
-0.191346715064158
-0.233816822254192
-0.155422898642642
-0.0736027557707856
-0.142446032875822
0.0446707788025854
-0.218354055420758
-0.171819959700634
-0.00938495305158391
-0.102352446026578
0.091117146439924
-0.0287736804801442
-0.0580054234381075
-0.0804880684235276
-0.14060196998277
-0.187700168266999
-0.164688909520618
0.01510673225838
-0.0711618768394293
0.0366167886491564
-0.158221279719031
0.0291127124375513
-0.175767109602004
-0.135659603151891
-0.107098789689983
0.0864758276516643
-0.261690749159372
0.138660464048888
0.00109383663468855
-0.131908063399848
-0.053737727528353
-0.0149806990336231
0.114476477590941
-0.0144897484549754
-0.00480964540563824
-0.242671072800728
-0.0853525461273689
0.0338271098527624
-0.0453106248750874
-0.139675151161668
0.015762931700926
-0.00490926275373533
-0.170336106165753
-0.141863805062385
0.109558437623809
-0.0734424169954529
-0.0195858096149626
-0.188395842919676
0.0903402219807095
-0.0455084124445224
-0.197216296355358
0.0113588208087074
-0.0413345575273001
0.0453330848586032
-0.0693388210532054
0.0346855451249361
-0.00387901060714955
0.0275447919839048
0.0545829238293503
0.150159858811922
-0.0788722390752742
-0.00443254891814855
0.0297673861050351
0.167013528662248
0.0200017844172886
0.0670996675032816
-0.0287819882308956
0.0264653699131728
-0.223098810743957
-0.173110727556747
0.0556277314423021
-0.0340765883483379
0.15297257402846
0.0285674480315273
0.116282183141532
0.0630501503891251
0.0897759252510819
0.0924683125309059
-0.00756674769887265
0.194046660246317
0.244856097795568
0.174949556775788
0.14044642808608
0.161739865890502
-0.00361178975223989
0.0281011314546342
0.131661613966709
0.0150508526789301
0.0245714323682761
0.19655648639339
-0.0335245787958498
0.0483894592570736
0.110483741901919
0.107900561426687
0.108939061650786
0.0924903972107485
0.129700819245617
0.0455963087825626
0.23219838859109
0.252758234388024
0.179203550011171
0.124710564092959
0.244183620135983
0.0959059413395429
0.203266299684286
0.0103268156119623
-0.0393550075093174
0.2559279190667
0.137387127903426
0.189103266053601
0.129361912340194
0.0989623549191383
0.10040839587312
0.0797644017614588
0.0716805601922636
0.16851544038034
0.278060847787988
0.181262569084908
0.220128795058018
0.0809140817184908
0.0107381978493162
0.137602478026227
0.198914223810901
0.11871469951756
0.165660721647761
0.20778282255953
0.151553035972151
0.0661223205668367
0.163490213363886
0.136878144147561
0.13237045856381
0.14081355767921
0.0595824192035046
0.134539706721218
0.206627563756804
0.0776395675894845
0.219952818424039
0.14651769161497
0.309242674139607
0.189091736813834
0.304858162732208
0.00329653192025781
0.291965536731991
0.208428823759211
0.216277309773462
0.104739958760752
0.171265305728127
0.268068588513096
0.193227455300995
0.24623084644345
0.022592630287871
0.28426962888183
0.202632183749179
0.351150100472582
0.392128088132021
0.0629531829550416
0.25031122102538
0.154179891027693
0.227457425720381
0.401103217240949
0.305085041382148
0.15406896497141
0.097812352263868
0.183265602800384
0.177072692000766
0.254019527411071
0.222208954329444
0.194537582287899
0.157215578789186
0.384372229919672
0.266077271576905
0.193739204728344
0.24971826571489
0.371827154006508
0.335337054673802
0.241925996809243
0.134365998208006
0.135723112665432
0.329746254036589
0.0601177506713237
0.349030182004015
0.311719052660773
0.123557643913378
0.279416146248458
0.34805552747901
0.370975824845118
0.248508712527538
0.393968972850287
0.242260938134586
0.374892719473571
0.25471819021363
0.32753038783428
0.463630189208661
0.391251790901489
0.29430499138126
0.170413794263177
0.255698906117437
0.325772861878686
0.462518814941752
0.163843140669528
0.398345191605286
0.277532412013966
0.151016687954197
0.38479384032421
0.290570108329071
0.372725004661469
0.273540298266649
0.181670285446314
0.39152082790922
0.375719985878591
0.341301833660911
0.298931431448977
0.289960776736503
0.275142490352142
0.288934116128508
0.299006011826813
0.393755985156603
0.414237583641171
0.419419591391079
0.318005713015307
0.261700462980537
0.555755315655128
0.454544923415975
0.54693195300875
0.330886772227344
0.3395520710931
0.370531754233111
0.515645192667679
0.470456694998484
0.267546132743664
0.349753371215546
0.299327904305135
0.453003587478407
0.497327146540448
0.505076880303178
0.466131760762661
0.464124150026052
0.209838468696971
0.459412244559625
0.283560069948928
0.364590781555874
0.427934631026482
0.449959901646026
0.442332360597651
0.294540124009633
0.46489725392971
0.393746461126418
0.324323261599407
0.559216741187451
0.362708492414431
0.381078546559704
0.414740941677493
0.519017024558603
0.336041712311094
0.401773296440357
0.437377754094381
0.600769389247576
0.340393925391515
0.30816431609069
0.454133024102548
0.45933072467928
0.428901693633795
0.309549355591996
0.466338665666589
0.623758612386269
0.418535718854791
0.431176779482253
0.496238219921133
0.485789421784984
0.447115529827758
0.331378043409159
0.413675438445278
0.492460228341026
0.337502596902092
0.43203322611137
0.454632537249088
0.56930253909447
0.49205267633346
0.394100107772801
0.537804640903373
0.551574115003085
0.376394719032461
0.401921940014906
0.528387120898645
0.527270404229061
0.456071635976098
0.404133763795142
0.353857640236058
0.56256115752223
0.429775225994915
0.4951615905048
0.51831412190533
0.488626355542486
0.512897390454146
0.553833326367284
0.412840428810319
0.426416769030047
0.410098668857114
0.516843038073769
0.609720557003196
0.402237442853879
0.486368481143975
0.653170514485147
0.599344839497149
0.402068145033585
0.604612113639351
0.66925731178107
0.438781427523201
0.432302212101078
0.562392408555653
0.518833322720837
0.347967553312988
0.607974794404069
0.533753278731294
0.532366561968444
0.618310127808079
0.60324753852928
0.420947602620102
0.627153667302547
0.605796534781961
0.624545110754299
0.60273469683226
0.5056708537939
0.514026359071909
0.551995932054795
0.479382759529036
0.610545607387028
0.602308327992718
0.697440078146275
0.622885503132527
0.450596602537943
0.65162370600312
0.563646307716221
0.660797720642119
0.469780872131895
0.552532475646497
0.595712994500577
0.510738053648692
0.552156271700291
0.524971786018785
0.568610027380912
0.508070851716937
0.640081076050832
0.622514271196502
0.651799582127576
0.519810724576726
0.580815901788895
0.694132839188109
0.608337179545537
0.587678617499174
0.547876937375981
0.663542397307565
0.830427413095651
0.724189059352901
0.596463570390916
0.683336360613066
0.613005071541745
0.447566227923302
0.636840330091938
0.478367647291401
0.552213631983092
0.58585115661982
0.704518524703408
0.578850850017374
0.596355788521583
0.47135870279186
0.652457400507642
0.543760946943778
0.674585924109677
0.652114696779986
0.664069253011862
0.793453326656679
0.511868810510949
0.648345410058104
0.667695427405933
0.731266886194818
0.716626115759984
0.656719539738538
0.646489391154897
0.740808572401872
0.632834629190561
0.709958814227961
0.510255236280633
0.688577614674685
0.755291256132114
0.649455837718075
0.66614534171621
0.55820088361191
0.681511643976784
0.519670771391094
0.770921402464486
0.587954001729153
0.764862114768498
0.834076042593668
0.853405657786851
0.594866913402694
0.643900944047376
0.757994424279735
0.709911527243158
0.63246085453911
0.717538263948385
0.986952525560812
0.718794042971446
0.698552222666237
0.705630386149541
0.696232623727956
0.840667995606297
0.764641196572487
0.825271788437153
0.748230965054778
0.913650698570934
0.648079809583907
0.68980765430904
0.77588485139936
0.669595140579397
0.613016423040196
0.815750547958711
0.651340743440068
0.600789142865587
0.754267551635056
0.763802516672275
0.745317782844389
0.782386549956837
0.642392806546206
0.869061947967628
0.884124963879855
0.812578716480643
0.664882110199069
0.708723342586627
0.729464438754987
0.835437784038398
0.649364429698765
0.760844028971912
0.700495009064213
0.720449746147443
0.70929876364087
0.765562419310798
0.669409146887772
0.756296883100676
0.684840364348556
0.73637127561077
0.736895691856216
0.81323053535122
0.665981417889476
0.783491059874974
0.853946387138631
0.852411041281025
0.771685159586615
0.655071384208972
0.979643127752022
0.819897966967836
0.759411338656052
0.861773517390688
0.74815045029853
0.803330058971065
0.762578389320812
0.851047788120528
0.693879435872224
0.70511802807422
0.763478304611203
0.737796530897667
0.80516103487265
0.829178975422664
0.970743008666266
0.832542906885285
0.987722667019969
0.916113831454073
0.809280874615619
0.809943894730726
1.03188516760492
0.730201881474607
0.943572698593633
0.89459577961022
0.756612293447032
0.87331842003807
0.872579325477528
0.771454085913225
0.888188760870192
0.792910923128478
0.871821594726261
0.83213300789751
0.775412383159855
0.947808084441872
0.732711349382609
0.888696747994755
0.894617838605921
1.00252418100396
0.931641744588965
0.852594864081311
0.841574174728982
0.942867756701798
0.8387832092369
1.00468073671245
0.925196128016536
0.713486683321054
0.950218213037874
0.728964318560807
0.776756723874944
0.996896838087249
0.950603531444428
0.943487021255093
0.987739608470974
0.946534573966633
0.862316603883744
0.855393062509533
0.984621251096539
0.768513933659475
0.851576536136865
0.951668248276164
0.841423572650668
0.782811341534728
0.989073192834071
0.870671417326357
0.9768928773326
0.81973685912417
0.900276061631477
0.977378883270593
1.02595441542311
0.863527353611785
0.942028134368409
0.903389890321797
1.02356960845283
0.910602271947413
1.07849531840187
1.04601719353524
1.06937319795386
1.0165437154609
1.13690961918208
1.10927256043335
1.05029587592124
0.945051534374115
0.944195960412048
0.841558160572812
1.00654323947588
0.977288118759366
0.945962141599301
0.886984900690931
1.02376675890238
0.821123190419685
0.979900250367044
0.96772850459478
1.1547967514288
1.02096352080567
0.912814429572142
0.904544142972361
1.08584481605812
0.82262199262305
