-0.0401927657518225
-0.923988795214712
-0.94042188248363
-1.00885869283926
-1.08894195659198
-0.892181359555846
-1.0041432589443
-1.17634718051328
-0.861331676425003
-1.07434779897961
-1.08695952611504
-0.912616346769013
-1.08520428334642
-1.03552204538058
-0.903932392021753
-0.978005117970884
-0.931425914179856
-0.962497316676761
-1.00317669254983
-1.08911681055049
-1.15670821662956
-1.01068114199692
-0.883048114821122
-0.941919709399055
-1.07778780774298
-0.945475725557678
-1.05366771391698
-0.974010498475967
-0.85989780694678
-0.995307702004446
-0.962837885164368
-0.849026995798926
-0.844215050781517
-1.05470188604188
-0.868314232641056
-0.945413801723423
-0.803770941565314
-0.745355051269031
-0.926892210521219
-0.973092918592047
-0.82271563139208
-0.943968361236896
-0.899777244382659
-0.871832707146111
-0.838465096507165
-0.843566967300693
-0.917801424879114
-0.944593181076214
-0.863764638936453
-0.780393880653523
-0.78869211671742
-1.04655436374653
-0.735648810951761
-1.0653894373042
-0.91283110397997
-0.824709092411955
-0.945128948806504
-0.901045150028577
-0.830536585165117
-0.893494788881638
-0.789094147278552
-1.11738133701018
-0.983087544116896
-1.0391574148691
-0.789160140079232
-0.888550928137311
-0.986211312977026
-0.948221226158483
-0.972443157601569
-0.794508663240976
-0.725804815883882
-0.924883563497311
-0.81344836154787
-0.943795884279081
-0.807621907210874
-0.825635780963885
-0.795689945537947
-0.794789762628569
-0.810994247064578
-0.871713530155765
-0.883641445407295
-0.775706757243011
-0.785739202823208
-0.902121244315001
-0.85787027378359
-0.935223688206651
-0.836538357537699
-0.782971927799272
-0.768798986821048
-0.938012429687155
-0.960386146512127
-0.775844934744598
-0.818933750292739
-0.742706983190032
-0.764793454348358
-0.864678592630391
-0.80593901129023
-0.893096088189363
-0.788281200734527
-0.678190451222434
-0.786222903665823
-0.818211649222478
-1.03132728111145
-0.683579159195973
-0.88123779981923
-0.654785033035189
-0.948151239125644
-0.639373544775384
-0.816092962850475
-0.803863813907365
-0.724103636589413
-0.740874775067164
-0.770947926527957
-0.794158879254028
-0.761154891247735
-0.965677360637268
-0.786928315713809
-0.85201757906511
-0.808558106623665
-0.758164274893832
-0.599317017341278
-0.785282445678198
-0.615251978072742
-0.708388345804151
-0.632146345307696
-0.668890531643506
-0.733423185170858
-0.787765540002959
-0.819452252178967
-0.681935650872551
-0.81804044634751
-0.836760262729702
-0.753226344404775
-0.866362063486323
-0.739969533263992
-0.707636524651765
-0.834678172285667
-0.848437599323192
-0.826890703351773
-0.7166522307522
-0.609692990242707
-0.715848985926957
-0.753429579737969
-0.761068215235377
-0.663950224398271
-0.751352797624035
-0.696857580701189
-0.622761655160585
-0.689536046030326
-0.591107662488576
-0.702010045457758
-0.731660985634373
-0.777789205291933
-0.693794908692309
-0.698519784437165
-0.572520154183014
-0.665094042642171
-0.766860234835316
-0.519871169780907
-0.69578086164921
-0.731240151200188
-0.708163631334295
-0.657204700507471
-0.523407474332407
-0.544849270399209
-0.687471957092229
-0.617461901442966
-0.563597440137584
-0.824830118522021
-0.609526247500085
-0.644986302791527
-0.569433606500037
-0.641670508640251
-0.504037883645236
-0.707739782312033
-0.708786878039305
-0.66491119840578
-0.722782159262186
-0.702606922486494
-0.761545508801838
-0.65085176743228
-0.558165233142602
-0.625362161796261
-0.727505727913246
-0.763201899366639
-0.59750345688225
-0.642206586373128
-0.66511827841253
-0.532118950364217
-0.766015170278459
-0.76010304119075
-0.549336675284336
-0.695104228894756
-0.717493926437283
-0.706126649319557
-0.462635934211534
-0.562603758789277
-0.545157722142348
-0.612607290243291
-0.520682305954751
-0.406470449426562
-0.671272848369691
-0.55592664428753
-0.35971906884017
-0.433112741442158
-0.670006621197372
-0.675781715273304
-0.663378350942519
-0.494818117435083
-0.568637219744842
-0.663153379042493
-0.660205464080019
-0.559572125254864
-0.664195326247609
-0.59272887492807
-0.643699294848035
-0.602526818658104
-0.558197841371731
-0.585398142303144
-0.602562209084055
-0.705526202878638
-0.581787751546543
-0.533868423493362
-0.593133801023728
-0.563356463612358
-0.532149057209784
-0.572186455302791
-0.549597636754013
-0.393497547154826
-0.677102911137744
-0.679657610492786
-0.610330672217219
-0.503420932365568
-0.517542819954549
-0.590939168548891
-0.574167087496459
-0.547406411892232
-0.459294095738994
-0.535265707069562
-0.600770673639847
-0.579517904166083
-0.582224459738738
-0.344865338894491
-0.40437723054218
-0.563358052377512
-0.533747824724129
-0.394369104483956
-0.509282383743205
-0.498246043951376
-0.526569211428912
-0.431814787161263
-0.514022610104935
-0.591707024798285
-0.378151332634288
-0.475088919027541
-0.57241148813587
-0.475337891542416
-0.551910541701821
-0.454818967480837
-0.353107739027869
-0.431503871855344
-0.515255757767487
-0.695827405874174
-0.361791127537348
-0.473014852900178
-0.630552573944421
-0.257772059532705
-0.37274036506179
-0.354671145428788
-0.425010202562293
-0.400223772582254
-0.687836398819755
-0.446050568831523
-0.5237182068146
-0.442179699190713
-0.542186582945461
-0.257502889471347
-0.388354687701224
-0.387522653448761
-0.458688034436193
-0.23322775108296
-0.346285444798809
-0.391327183879046
-0.483467734014889
-0.455876504843706
-0.345600268897432
-0.367868762736574
-0.577712262343216
-0.512730503913985
-0.635070702604465
-0.229658069327807
-0.335203577574591
-0.495709434263246
-0.521500868489138
-0.415463210737594
-0.421943616459868
-0.496910041917182
-0.428591261324756
-0.301701382400834
-0.366518090183759
-0.405430146736098
-0.445547887582949
-0.327482226468986
-0.460981754653279
-0.292856752957513
-0.294152335709522
-0.352784930136903
-0.233983372952998
-0.328161249435325
-0.419311946626881
-0.461369302070461
-0.223458693144572
-0.429254549925928
-0.246446575490748
-0.508883842222267
-0.45737287092726
-0.469588702160856
-0.464980037538306
-0.335150400353175
-0.438951769525401
-0.438935650751706
-0.445561589216791
-0.417570457295626
-0.441025095395766
-0.279035942321545
-0.326428627543495
-0.473046397559395
-0.421791572081006
-0.259471325508537
-0.496086574976063
-0.430957616462659
-0.348158556567883
-0.488574851468775
-0.330371221602363
-0.327629464152325
-0.234352279626805
-0.400736836065901
-0.345287833293044
-0.253848521848265
-0.303485939855079
-0.241126365194916
-0.458575686274175
-0.500949698280118
-0.513309593782692
-0.327646720232342
-0.271050117725703
-0.223166849139499
-0.284385947617859
-0.282318683931775
-0.238762461041432
-0.308630309518953
-0.328605679187009
-0.299694173467235
-0.273847968624455
-0.42401557297328
-0.220565099094379
-0.178713273519939
-0.200925928360034
-0.136683273441804
-0.147123222331134
-0.380618116601495
-0.295235855209375
-0.162483830084773
-0.327698458041569
-0.164301912889557
-0.294648060019315
-0.266029413820691
-0.350439502227378
-0.153443700236188
-0.396543861961564
-0.191086130886249
-0.175937472545198
-0.251408752878505
-0.251202423620026
-0.176282791615602
-0.281330268306996
-0.167102845140908
-0.356503529761334
-0.335545570070516
-0.260426818805011
-0.259981105953538
-0.399440097520919
-0.232367288758637
-0.183063266202059
-0.190995430482802
-0.0862344478096985
-0.240243644346414
-0.352973958377298
-0.191764158539436
-0.182912142443931
-0.327034533150199
-0.305947292143841
-0.211656596961691
-0.227582313929535
-0.152532435519269
-0.155324701881834
-0.242283368830834
-0.326955888594998
-0.228284900903046
-0.233133817923247
-0.389097493828172
-0.30620034391665
-0.237385983351275
-0.188761155259615
-0.103199932108816
-0.276965989628146
-0.0806983507954731
-0.26241622027249
-0.254688698374057
-0.197501091959141
-0.215199172289621
-0.184423588681739
-0.126672378676262
-0.226449845498714
-0.114637558075979
-0.154834422729335
-0.107562559383963
-0.214452719868314
-0.284758076530392
-0.112376517196151
-0.0524466918802157
-0.0754212766147856
-0.186875541097047
-0.0690304919464094
-0.0306913877295774
-0.0959903386684777
-0.237635122656065
-0.0476375228465441
-0.0834873152647645
-0.0923161287164813
-0.121895677638401
-0.0727013360552425
-0.0707224166926195
-0.280776411351491
-0.118301222789417
-0.0809796646428333
-0.211670202848684
-0.111890102826983
0.0145370032885132
-0.0514347328156197
-0.100148059217957
-0.242725065011127
-0.0285473217474389
-0.0643722327568688
-0.142270905348909
-0.158073850600091
-0.0779964382723268
-0.102736860786803
-0.0839908780026176
-0.0332439676501938
-0.202283808076421
-0.000928041355206223
0.0757489574946276
-0.110044186753528
0.0345103080813799
-0.0905172569352903
-0.0589243601229037
-0.00805870771428671
-0.123383021124319
0.0853131101869627
-0.0527472961845638
-0.0246566322029023
0.0339313194640742
-0.152500335134489
0.026020799916555
-0.0530243955670233
-0.000741110094190053
-0.0633076524715468
0.00920412020357762
-0.101250078469594
-0.0193937280918796
-0.0749391505953417
0.0626534359614311
-0.0680615458430354
0.0367792009812246
0.050652144282217
-0.15036188741904
0.0163049526146903
0.0896028627574689
-0.00490253848154798
0.0881678404701712
0.0169818069550026
-0.0706946659893048
-0.018291591463205
-0.0135863803378501
-0.0624812776852585
0.0510493478173465
-0.02601315287735
-0.108011810750143
0.0343478685180792
-0.0403571569671167
-0.129345990499066
0.123104084808896
0.0015814400972588
0.0308790972381177
-0.0193524945102039
-0.0748171068113157
-0.0581053341585174
0.0786563368886789
-0.1361871009782
-0.0272308337273854
0.015912967557284
0.0528603811346904
0.0457142066337332
-0.0897470811740246
0.0640761827898792
0.104017800167917
-0.0428541596699359
0.0568345450265737
-0.0877962935834505
-0.159357468014635
-0.066050028557327
0.0076645670453747
-0.0603235529482766
0.0513308785360748
0.0430946031975518
0.0780672211322498
-0.00854654475894905
0.0512130347218701
0.0464102819718198
-0.0768881325157185
0.125615772173498
-0.0133990080070457
0.119013081043534
-0.0472729754185834
0.0274066606424466
0.0504730237303889
0.167829254109458
0.235116348793345
0.176667518414997
0.114372306061852
-0.000889613829523303
0.11031410888865
0.0288508959959293
0.236346789547013
0.0768100608929508
0.0932800551008916
0.0325650192002547
0.040235280659086
0.0911698202025677
0.0211856096929111
0.0894023455402761
0.157921835460868
0.121082840470038
0.0423539711319964
0.0915521000609947
0.0238586369028329
0.0620014625791348
0.0804631207150444
0.0683118528554995
0.125331029429342
0.0532066385247524
0.0566665315881881
0.180354108263085
0.157320526307401
-0.00301889999042009
0.112076700074352
0.0726923652482984
0.165318556718612
0.112494246118806
0.199671225945021
0.241774650099366
0.191743343563831
0.0425282811836901
0.126876906715322
0.30630580697992
0.15210915466518
0.304487714769216
0.0163697295438009
0.107758537791662
0.257103340549545
0.272233943477666
0.0994815668670515
0.00389326789557401
-0.113707166565359
0.0378226122055637
0.0300103712962389
0.11326877172581
0.119996040206578
0.109982353384361
0.111707198668173
0.235304669919721
0.145259426480045
0.137708685628264
0.0987865989244191
0.105433335238182
0.102190508218343
0.166512760416737
0.122966957464817
0.247358226813455
0.0696849286523082
0.156839364861554
0.221690352714645
0.107163425734447
0.174427462383906
0.338591650056232
0.217551195794292
0.197919964720959
0.231915893414389
0.339373322296314
0.171102547878026
0.211651583014791
0.127220475633642
0.175931601413969
0.128710351541137
0.226840667808299
0.143312548943112
0.190894756434029
0.332313957039968
0.103661068595823
0.260861469735858
0.17395960940407
0.339081478646424
0.099918064029707
0.20572150139966
0.205720420961853
0.186381294675555
0.112542301618323
0.209083021977994
0.270880301806951
0.0296764239043217
0.293361399893775
0.330457952817709
0.187195140807599
0.28184178366265
0.0952666031878589
0.311093289327229
0.289524192906945
0.195804509545939
0.242123085266008
0.227588137278523
0.336938114442809
0.3851659593278
0.276754774216904
0.268105332348187
0.219480408262369
0.23462555474401
0.30711893094229
0.218840538997539
0.314795803939942
0.176147284765423
0.35375616750747
0.429590514495795
0.393505723665385
0.206295452482946
0.268779702097731
0.187545411832886
0.293646638746618
0.306774903479488
0.33765774348802
0.240093371352365
0.23556857807806
0.429807690845961
0.195257642172385
0.227349445325488
0.295730145247987
0.348993512151743
0.496504907805863
0.471558115601124
0.348950637899601
0.423726090257714
0.419725641742013
0.314431820176794
0.409024183030683
0.363305058918714
0.308264587410939
0.351177772068492
0.327652502776421
0.300100176630347
0.491971074418752
0.311703783549595
0.558812010991583
0.350734677479727
0.344539698241657
0.36690961756959
0.314111846081819
0.307592875557236
0.271864935115973
0.387074469842521
0.382599270024609
0.395844780770078
0.353804483073425
0.354970805071949
0.443359503578785
0.336625504655222
0.432737970515255
0.345696666069618
0.367847090006447
0.409923856796092
0.415145008056822
0.345869767014911
0.382341012834962
0.400925871042562
0.415452112224974
0.298575296942002
0.367833297117927
0.471681104411692
0.391395065858644
0.349964970140033
0.533603634681612
0.440051502757892
0.498034187062765
0.352946921468508
0.580691621436013
0.295956404884223
0.423299773028783
0.377775396025471
0.52901970290027
0.42484397712534
0.268539703086595
0.387712973386293
0.367611586269552
0.408024844446904
0.425523513878312
0.569144414568579
0.365539158005021
0.486400293851559
0.500331283854165
0.523078226651268
0.426067203368148
0.44587353103357
0.384821659440604
0.382792811501483
0.486555411886286
0.51740390719976
0.545829680443446
0.269879906171
0.424665181995183
0.596460340325507
0.463770160312789
0.498914304702245
0.373196582558681
0.434355308256179
0.365632701249201
0.430432874821447
0.47936444495232
0.329722386196508
0.63191614026486
0.539013743084013
0.443471563316028
0.603503371729685
0.595426327450678
0.491073854712245
0.587242557262291
0.468217594439429
0.5178096925187
0.566619068493949
0.509745473871244
0.423149502951985
0.526202585809593
0.552166107694339
0.497918667681338
0.482974530705143
0.512565605749709
0.517371616988866
0.557807157109655
0.482051141482683
0.477124079114391
0.456466667730273
0.597786273415928
0.592889018885968
0.578055102801146
0.442057949901017
0.557591901995664
0.53623259892327
0.483679042560744
0.450330609105111
0.453222082429714
0.657072881902452
0.586171288184135
0.61316302049696
0.472505264793214
0.525937009158601
0.488628683054437
0.507642261117199
0.519183964468131
0.4139573099004
0.712008584474231
0.574769562450854
0.62053887259642
0.499578455326139
0.419753603841343
0.575460011935774
0.439283849513782
0.676678970778732
0.573950567848028
0.589986463190533
0.578969990004744
0.64990464443923
0.597152313341839
0.625814511302548
0.735301104600061
0.521169639614137
0.666818218155959
0.616670436710783
0.49907086791821
0.513023932118663
0.610587736271999
0.484014446197316
0.611601559796488
0.541506941614203
0.509743692492626
0.596778209616317
0.599938857097647
0.624591301319518
0.637070816633525
0.58584741497849
0.673780463805417
0.549574993732426
0.732034672301608
0.753694540134251
0.465555462564694
0.540763810713676
0.576140439205377
0.470162761247144
0.462148849556199
0.696349957632226
0.634208017706132
0.725730972683659
0.704777032738202
0.769565877969395
0.478800231001791
0.561990250623524
0.847382938727614
0.647868613082642
0.639412044154681
0.625717471660915
0.652632290102936
0.64604380780356
0.696081383273374
0.665466322887706
0.804231410942529
0.68430585143775
0.600409694538066
0.595432093669732
0.737134757004246
0.741358974674724
0.676422730956845
0.716483042167557
0.680822754171866
0.827787812996998
0.707913403836378
0.674374729350408
0.673741855518203
0.675708386073216
0.577338281496139
0.669657355285263
0.783678344778173
0.634900299382603
0.587729835592574
0.770842477946271
0.757562752911225
0.619169212564872
0.574875777359659
0.70384676914853
0.810626950778925
0.559922468708419
0.676052417702628
0.612153665279813
0.620539012464583
0.737369880516725
0.696451363801939
0.637398922775088
0.614793928160224
0.70440706658524
0.689998433333311
0.840216106157591
0.629885688831409
0.860416983082157
0.661799995579635
0.715270253263899
0.620005595419473
0.731660776641906
0.730452579493298
0.878479887635979
0.685093316757308
0.721361736984411
0.836648393425626
0.822113607613817
0.726380384956627
0.733895338108129
0.918212762132877
0.979114753863606
0.65728962489634
0.790101222402124
0.762723941256195
0.880468998428088
0.80411828441958
0.76298377273447
0.902731838541426
0.953354897376106
0.777415952507689
0.777791626007318
0.781485451530874
0.661948057669391
0.822809391760811
0.861631651427081
0.68166246107132
0.944125323068711
0.843090820619553
0.853121936257993
0.866350770453522
0.796681613695362
0.89089306578544
0.798845697007031
0.696027117789122
0.856751374720454
0.848181832756665
0.916049567269518
0.784941826852508
0.825392615181989
0.693763332233983
0.759403682511411
0.800376167065226
0.819916447235206
0.918024997259042
0.676260037395514
0.72608956532314
0.897460552003223
0.851341050490445
0.832708065317989
0.713908693389777
0.823632570520155
0.67856282608719
0.858437392025379
0.906240015232797
0.822523270187554
0.848450594023987
0.805420588159584
0.729577465520804
0.798425962078961
1.00286979664442
0.974235260602183
0.871086345698158
0.842537881592946
0.941734784883462
0.806997510350893
0.896727222545969
0.87869462001836
0.932439493861385
0.794333396552585
0.923135069661502
0.939806792605265
0.687086379463375
0.972528846085854
0.873555854457407
0.80276479838387
0.929511656438912
1.04732973240564
0.92590789466028
0.912217815452905
0.951537612809015
0.952064339745431
1.00276544633317
0.909929868542684
1.01006631340799
0.810520667578152
0.901041742039215
1.08895426378034
0.812765137402682
1.07589171579808
1.04888400469821
0.915684620876188
0.98081497623946
0.789651523900009
1.08187763678786
0.88753474618103
0.935344342870747
0.95057211395429
0.911126239072761
0.95515380777384
0.84691326732619
1.00010071782055
1.00253540195508
0.851478453138436
0.885688512543978
0.936336849635738
0.991398590396839
0.894414163265829
0.92259451551277
1.08702520966425
0.883338008984585
0.978790948917912
0.996079611448083
0.946109746175918
1.02614856364872
0.899950725119408
0.990975134314177
1.02494502462269
1.03576802849788
1.12489889288117
1.04238581767726
0.967230427801917
1.03094492455749
1.00628474339937
0.813193124476433
0.980664321521578
0.838482259250947
1.03038362859573
1.00177771775409
1.19586047557317
