-0.0171662531410088
-1.01015111497786
-0.907184187856866
-0.944352760548164
-1.13478941484045
-1.06033307860856
-0.937008423187739
-1.08407839835812
-1.13762682998315
-1.01516005342569
-0.96280392488224
-0.98695512572212
-0.956985868027935
-0.996925830604892
-1.01950736236927
-1.02280828665802
-0.869079849193074
-0.926757424837082
-0.920697614477365
-0.865340877259368
-1.00048763851077
-0.947522193143464
-0.903152846463407
-0.94506408021915
-0.907077134269766
-0.967615393928564
-0.976863673112645
-1.10917369212151
-0.968214469056247
-0.955083698382325
-0.922307374929313
-0.918174598444999
-0.938263658112529
-1.05763569111978
-0.927416597486075
-1.01543723447239
-0.882997909358339
-0.811158357105801
-0.825043475315049
-0.815990271177366
-0.969448097620161
-0.872877557324171
-0.753151762423144
-0.930019608040225
-0.928239216610687
-0.954002115297631
-0.904503180247329
-0.950727919978975
-0.858468428993946
-1.0559290072337
-0.950592205147706
-0.832269535276207
-0.823328847478029
-0.864090895642691
-0.816899034718489
-0.769112322018259
-0.92302320086907
-0.841249917982937
-0.894278460146242
-0.924652407494498
-0.879088898907453
-1.06800034625602
-0.849551003330326
-0.83133177131135
-0.882461123844379
-0.760511745943408
-0.931278293226755
-0.88182250185789
-0.844700097353277
-1.06469586340774
-0.823381507211509
-0.802811233141008
-0.773238065180742
-0.847368196537327
-0.89188360616277
-0.835575159660223
-0.904277739491355
-0.985854489735188
-0.753347461834244
-0.855084188208228
-0.680979443253855
-0.812955638413073
-0.793423213382517
-0.798259368369841
-0.858605696160402
-0.94235562942331
-0.825013294912802
-0.809984844960931
-0.861298760584492
-0.769013232362323
-0.882582998186213
-0.849882682551294
-0.846115225542316
-0.683719128038233
-0.622412139511213
-0.801816470694203
-0.74229952964013
-0.902599016881773
-0.9183498374173
-0.978387406486417
-0.604847744187862
-0.716177187955381
-0.930881308352384
-0.847404168504073
-0.721018353733677
-0.730409907395811
-0.799758718603991
-0.811413621291755
-0.817756350429288
-0.782806232123318
-0.894637197309189
-0.821850242407141
-0.617966995677411
-0.699127410950201
-0.868422581504548
-0.648172339272335
-0.786906937326779
-0.815067677041963
-0.720982969788896
-0.810115002123158
-0.723500935076399
-0.790893404167971
-0.817066532510604
-0.622064414151365
-0.709955187996774
-0.87187530136298
-0.85712919855997
-0.66607051665761
-0.652833591431747
-0.821256157351622
-0.717795000990141
-0.883472609358816
-0.630300531396783
-0.711651154243029
-0.726342644422901
-0.664576021606158
-0.656790277225103
-0.772352859467039
-0.629793069051233
-0.750095870763728
-0.674928797582333
-0.72806993786669
-0.687066002345393
-0.805656734908655
-0.73935054972114
-0.608130632269227
-0.578788152769156
-0.672247015988681
-0.642176059041394
-0.722450677900146
-0.683026564620016
-0.677915944378911
-0.694652594403291
-0.754663072253872
-0.756452487921033
-0.619037512789691
-0.758979699286966
-0.81469509481942
-0.64176406212676
-0.630469379419958
-0.832940374598363
-0.649175765369995
-0.688547736943109
-0.766990701054307
-0.786280951973733
-0.471644469073485
-0.711633473195388
-0.805281021401492
-0.681588881620401
-0.617546515412921
-0.711033015680901
-0.7596560502614
-0.592303860663952
-0.650550043919181
-0.719828387758644
-0.644014106726451
-0.495089914681136
-0.617891928554164
-0.579018941839942
-0.699330805471253
-0.672417688352984
-0.64249528688406
-0.708719325313049
-0.62597034827943
-0.682295146601907
-0.692242364524008
-0.656956981518017
-0.556210665269126
-0.693269376030744
-0.665034404944814
-0.590520521518681
-0.667239224059879
-0.72036818294206
-0.611341357715236
-0.627124173387213
-0.678155498530608
-0.684345836182561
-0.533542568213745
-0.504333072721214
-0.678211545067326
-0.570607148554193
-0.780369690682627
-0.584455197242136
-0.389743644846082
-0.640321782013001
-0.656465429135033
-0.561054318446574
-0.730871852390118
-0.578106321016006
-0.733725585645152
-0.480195263619547
-0.548796271033115
-0.461397615198455
-0.51697746889911
-0.600020606638525
-0.447640896462295
-0.574602757156951
-0.588478651070163
-0.726029929054983
-0.505372573604849
-0.460688165154327
-0.717614556575231
-0.63555808281474
-0.36473131019989
-0.588944162968042
-0.568910518887349
-0.492596810453348
-0.537781786716103
-0.683658486259356
-0.446517063273371
-0.461033217508705
-0.631045599731421
-0.642917582854635
-0.518567315744052
-0.391101464070737
-0.564622572659548
-0.499184740845546
-0.411722253581116
-0.548997371568637
-0.607498572511033
-0.588141193458721
-0.480113569768736
-0.635629181224492
-0.526597350765249
-0.548897683025593
-0.512605165303165
-0.436939775904469
-0.441824698207587
-0.529824439003089
-0.540782179520783
-0.477947103859012
-0.581459635902288
-0.436853292083926
-0.294163464938117
-0.558476224775163
-0.597262622102282
-0.581483697489461
-0.489878051173961
-0.515269335285605
-0.470122865085243
-0.432667322597021
-0.465058468029517
-0.602577692612731
-0.518315290929362
-0.52970169296649
-0.383809493896022
-0.392022401646024
-0.431512385055227
-0.519454914511679
-0.454543767380426
-0.269117488579515
-0.393104909064219
-0.506572814567656
-0.357133299314165
-0.399093067621938
-0.424160236824901
-0.506148773906006
-0.383124320429734
-0.401216137631902
-0.512820756981279
-0.599300907444152
-0.43996162986064
-0.428565953803756
-0.418913358227386
-0.409159450848161
-0.503506987597919
-0.392677405461523
-0.466526168389722
-0.391105501705124
-0.373040532237479
-0.279312749472728
-0.416153700845473
-0.580173602192634
-0.420327346157666
-0.371718448408627
-0.434724956772635
-0.336648623226489
-0.52575462173398
-0.368695640007698
-0.508219446683153
-0.4845121601207
-0.452950912614977
-0.292087464843351
-0.319574536244392
-0.306653040476414
-0.362839377333447
-0.492053002712002
-0.528864801981064
-0.360119701743193
-0.380419058782529
-0.339656543968243
-0.372171166167514
-0.357751354697003
-0.430940794729046
-0.298389639176012
-0.561579811153029
-0.189430108966998
-0.320821870160705
-0.406430215486409
-0.355052589258945
-0.370930597240078
-0.336071172413268
-0.109075388304141
-0.305552440181886
-0.369634677336103
-0.367443211247674
-0.238808477190634
-0.266908687553934
-0.443301881532753
-0.334905842521576
-0.442593735154203
-0.338759008503726
-0.253649371752763
-0.332014071013088
-0.398981311565883
-0.321202070306924
-0.347231628308069
-0.11594835307631
-0.324725751237089
-0.328642391030723
-0.414967791905486
-0.330639041486057
-0.306263372547571
-0.419195279404546
-0.44112682817012
-0.471391485503518
-0.368274688781264
-0.375330082405487
-0.259804527086777
-0.387399434221777
-0.263671027226624
-0.245321538807753
-0.3800061557771
-0.182261328501955
-0.339893109031955
-0.415962299757398
-0.232845258370884
-0.442603989413006
-0.213397755017536
-0.206377498004846
-0.270202440621647
-0.151731601206881
-0.35649641106636
-0.230280646718325
-0.194472585217506
-0.313496487665785
-0.319793225645334
-0.24850663257025
-0.332452630021029
-0.340245775421791
-0.208223809988076
-0.182301329119381
-0.191158256702314
-0.327205331479708
-0.309071803664541
-0.16578559309622
-0.2132442164657
-0.237229240268889
-0.146017743960633
-0.243364418979511
-0.203659458669289
-0.257103378398957
-0.241330152733352
-0.162482733491903
-0.273792383967545
-0.206107236469886
-0.267895303989157
-0.166594508960035
-0.104503950046642
-0.270315592071645
-0.065959177966992
-0.218116848273879
-0.286339246083776
-0.106181798550074
-0.161393868275664
-0.314609701123948
-0.170567296212102
-0.12915805361776
-0.18001987999937
-0.174906045931134
-0.152520406165997
-0.134413894660268
-0.300637890739362
-0.123846916892898
-0.0625070634654455
-0.161209743064031
-0.182742982655471
-0.182785508049776
-0.215796850837414
-0.246429600039075
-0.286237587166096
-0.0365972311950368
-0.0554836512449249
-0.348543950479265
-0.182377851733212
-0.335405065544991
-0.16687941356159
-0.17397798251166
-0.176965021930997
-0.112724919945429
-0.0673707024348435
-0.279633327729148
-0.270442305070968
-0.18531910093282
-0.23375143060696
-0.137267029358788
-0.139517087803033
-0.0985634172455884
-0.248155967184929
-0.100836804423666
-0.133459968100946
-0.116073108874709
-0.0161783867522082
-0.256638021989216
-0.100371934288338
-0.0756591933162712
-0.208454193992445
-0.118265410978905
-0.0172306110880917
-0.267109713536416
-0.125062348590423
-0.163937865409084
-0.169401958597017
-0.148524923306929
-0.0800685516614052
-0.0929344928748292
-0.153623085816554
-0.0968949357392008
-0.0939403924102822
-0.0862765216897956
-0.106822830197404
0.00967088788418608
-0.187490883983575
-0.0791976776316527
-0.0808625516618073
-0.0296695161435292
0.0210612554864384
-0.228387265119233
-0.128435581453878
-0.0693975039917283
-0.196603394753091
-0.0498555600493127
-0.128890081407662
-0.179085260032294
-0.105591782404705
-0.0592884240912171
-0.135725487153578
-0.00404535856619347
-0.0789261998548434
-0.0653211815976123
-0.0739309325147513
-0.0239229380052426
-0.064790463680116
0.153043167323217
-0.0943649294407025
-0.0504479296846787
-0.0811958832504478
-0.105001638594946
0.125701713251685
-0.140206201086053
-0.0649547876730987
0.0207996225212853
0.178113694607244
-0.114611087030425
-0.102084469266374
-0.140124920359182
-0.0683257909337933
-0.125631027684476
0.0516569164073979
-0.124294735284865
-0.0224761230558601
-0.0791259281840693
0.107171717402843
-0.144948810832381
-0.0564652117429579
-0.07258578570262
-0.0210209501594143
0.146601166674147
-0.147136080089852
-0.0389243084976532
-0.0808546818524108
0.164337884088831
0.0561340634928842
-0.0450951522101965
0.0713371761778986
0.12813218856614
-0.0222361224637712
0.0486627037730051
-0.0716887858614173
-0.0013049251444979
0.129845929672538
0.0618690111950894
0.0253347657459195
-0.0332041672830414
-0.0548111143826499
-0.0668274478361357
0.0294497523541785
-0.0318544967818552
0.0118473082140926
0.0367792983245064
-0.107454861530033
-0.0305976068301975
0.171515176665127
0.023296816420566
-0.0204387971363181
0.175438918974406
0.14371018793858
0.0213115819650807
0.141454289209145
0.155708240458159
-0.0528222701394252
-0.0265959961645123
0.179433865020341
0.0561701274376445
0.0164448632097898
0.155979562621434
-0.0307965925034487
0.0965100605947225
0.1215538333221
0.0876831141090209
0.015516783485354
0.0959764597717217
0.218111056892715
0.134146553610395
-0.0373166912564349
0.160378133011103
0.102577373114116
0.0712284891218771
0.0297497523799983
0.0467723437961162
0.0680595546311144
0.108095879726792
0.19542274137381
0.0763886624776384
0.194568180262063
0.194241581621918
-0.0381799016958784
0.14247056823154
0.00271808964753925
0.0622802947202882
-0.0398828807301547
0.0845806956397417
0.135635932073565
0.209481232303241
0.118213705249333
0.154273188181777
0.138114929425595
0.307202698732344
0.190855259725676
0.261105737785497
0.330939098815038
0.167822547272908
0.11323479673942
0.122952536252615
0.293894332621844
0.155934330184839
0.0796497912904085
0.0998971868957963
0.205245596688726
0.187152216739351
0.204349859958476
0.0419356069726071
0.130473407159312
0.222380973165113
0.0062541758171028
0.320816106866835
0.0936206166488824
0.127273765762328
0.190076346942859
0.0359367389102137
0.120024170168754
0.187058515067046
0.229309388915884
0.229729884191138
0.199394660058701
0.0892505679909879
0.293811733418805
0.167490776979652
0.189153345338101
0.224177406834483
0.0473689479423746
0.239789250555672
0.243053425342273
0.104375172898802
0.0904994376470664
0.223998937450619
0.208958200209055
0.242518899522262
0.177728450401894
0.114987742557392
0.207284955283144
0.20482725455236
0.305824728162281
0.337803424806466
0.161302872160157
0.171337847271832
0.141393593109786
0.157564282845181
0.340754047451854
0.0528915626820222
0.215990954227798
0.162063777091796
0.314587121761039
0.307081823052078
0.359254011519396
0.315336934575231
0.312873247521009
0.298676310871482
0.315120349390936
0.485305414296668
0.265601035661147
0.133447761810868
0.201514486813484
0.184926392127201
0.146547303999183
0.168513425313993
0.191539153315581
0.280924871037792
0.217282840796919
0.219611351048299
0.209590551676514
0.340448562906676
0.20638238467788
0.361740067666255
0.22770536667834
0.414579118363012
0.342227785782029
0.159286918656635
0.296748190935118
0.218062396593201
0.172253016985057
0.393192558076473
0.252792482146823
0.220066682675205
0.242165465294412
0.286302467617344
0.409524895137165
0.256495128207025
0.406422488460205
0.320835367037805
0.281335413379004
0.133803928541835
0.299424072138097
0.331280240820328
0.229088594775068
0.384172921040118
0.510050354269229
0.422853138047088
0.372323654537678
0.194381532524748
0.21454725086358
0.244845017340105
0.29887525782143
0.374032403177481
0.338136293877476
0.32299213223634
0.439931497650533
0.373712904128349
0.441742220281286
0.437972249290468
0.260888898582047
0.330588323347875
0.250660190167137
0.431682318091179
0.375133597446426
0.442126789168775
0.459073912852472
0.419362394580668
0.332205656863336
0.387063060291529
0.387177815864146
0.419220134458747
0.469741177693126
0.272065203237812
0.469727116077818
0.388036257081687
0.437669504711483
0.47099337641674
0.433324633308361
0.358469087529327
0.340003322713086
0.377089765575015
0.290193008542481
0.31167439226201
0.398510347059036
0.353081237760505
0.315253680900398
0.378878407905793
0.532867274166901
0.420873715359458
0.491742067224947
0.409438283522977
0.286212097287944
0.440924788436752
0.370822189115632
0.50053162781676
0.582187716582097
0.32112706522407
0.554544261443456
0.405989170733151
0.355018354276323
0.504170192774544
0.57211387147686
0.382112069692802
0.532629534593318
0.422108290218592
0.535002357856386
0.588841342720084
0.409090917555034
0.471520314634952
0.456053018978497
0.620806950769479
0.448120097771384
0.322314307744545
0.365994917826625
0.448258794724247
0.437071360749738
0.413752411403501
0.528597018853436
0.364258489787356
0.4345404769363
0.543055503612052
0.469479580910547
0.457001351565989
0.537914947579656
0.434194797238329
0.516836667630068
0.556003624211469
0.424187574087368
0.40203832245334
0.513126347106875
0.561169746273318
0.474611832884876
0.46495887182045
0.536722409405121
0.621266613806973
0.466070051975524
0.581258407028525
0.523816216687728
0.525456324530247
0.605386600093405
0.602948274031413
0.598564663850039
0.622940572803263
0.598058835420624
0.576430124320601
0.528376573012845
0.654576347358762
0.518625878585784
0.386782505763432
0.539929800922897
0.573738161578312
0.466045454973871
0.505599856532955
0.571809432621256
0.474473264420484
0.598411648416286
0.619369193924451
0.568361105468838
0.536513985396247
0.591490696444161
0.587602502468856
0.548168041237358
0.608145044501552
0.655437851790385
0.6740249625557
0.516780038253333
0.56664633755339
0.486865947537893
0.56424846878187
0.475126904470698
0.566611806634612
0.633367044079388
0.619724161234245
0.478815572801665
0.489721135212486
0.643389027243303
0.593513548303806
0.48034797586486
0.769930547577077
0.681398720874358
0.558025287632821
0.535502311816833
0.5830707219376
0.579987437904218
0.630764336208337
0.707597651510131
0.499892873353236
0.595069718082657
0.59560015555295
0.637340696928416
0.679504275374329
0.555028160031412
0.72629252060534
0.821171830502011
0.561960693336253
0.510419645181038
0.720287109471962
0.428309335503584
0.711367532348327
0.796996220638034
0.710833497714933
0.658869998025317
0.545446048134545
0.658179599989685
0.587632176992157
0.677042962928854
0.612399488521978
0.647963751155562
0.582041467965795
0.618788083485437
0.633637664797184
0.763397678943006
0.717361993724364
0.628856300017153
0.776445362212023
0.737010774116218
0.707303666292066
0.760670768083115
0.711012761867668
0.703178404777051
0.717091433263316
0.68847500585471
0.596234224184447
0.594724966429743
0.517619643408766
0.507091777676873
0.724382500121628
0.715358076706951
0.622238931441523
0.69277671254381
0.68502981419253
0.643090410752635
0.847117636198918
0.841189836458024
0.792850340547239
0.7621511951048
0.74602332272568
0.733727309685752
0.795492374521711
0.86449039557884
0.714988426935807
0.774703232389195
0.608042569560565
0.681273267185703
0.700624106583381
0.631606409466737
0.651284521869619
0.689066554613334
0.665096877565342
0.637475905275149
0.710886639050313
0.843027973962587
0.633722659081441
0.71096499423568
0.813350266073141
0.919902811440701
0.615005815904563
0.793314675354292
0.682846209124435
0.778277921226528
0.836212012739302
0.793007590192423
0.776488441312865
0.80117687556887
0.871065699433295
0.896687937933551
0.743647724902451
0.62682529667572
0.766152082056694
0.842594992657314
0.669841604079956
0.942163351907496
0.938219225315508
0.740230746175121
0.724724452222598
0.863182399799579
0.652515845520631
0.725502109614002
0.807823670072153
0.760224938981533
0.886205485323965
0.788407693073378
0.800184315492684
0.801174485962255
0.730647098506811
0.756174421087055
0.964273969088258
0.842058652407312
0.773608771235535
0.892594961843338
0.899708570688116
0.749420202676774
0.845910793373974
0.9523616752007
0.696538952502605
0.858242578873364
0.682779251563547
0.832321628846464
0.996727570544815
0.954792882518587
0.789904890706441
0.764578057442255
0.813537348754224
0.792257166324288
0.822713921203191
0.996852411868873
0.739797490318215
0.790981686890027
0.888484970000319
0.883353860749161
0.760994979020919
0.959684143229166
0.667955828117455
0.817789410665894
0.893338730013971
0.902727078495466
0.836352681264624
0.888842738072541
0.840068438016202
0.796673840510216
0.818301403212094
1.07088322515139
0.944729587823004
1.10417138920173
0.819516157249284
0.946511672940804
0.997021998854585
0.906466170451478
0.942621786374172
0.919169758658337
0.947393248761398
0.874970183909632
0.944277906002779
0.885135375671269
1.04406902680053
0.884638282378561
0.803560349140649
0.994512555429922
1.03846399508455
0.976959041593772
0.863424430874421
0.857435864772199
0.888565672168813
0.998480424453758
1.05667236781099
0.93032818527127
0.879834465418148
0.800004781683543
0.928177390816854
0.930986249363021
0.843076900731161
0.927888769064052
0.959928885445784
0.869995874841523
1.07320902410437
0.962619933334344
1.09568890902202
1.06296485360106
1.02265300729476
0.967597221607425
0.932396483498982
1.003984357786
0.991420376823377
0.959939854097548
0.982884833557902
0.979488192851684
0.976106915174216
0.876766938939033
0.911116682268584
0.91010305347601
0.902692854318631
0.972517252866974
0.90483442336697
0.948468435687879
0.964897189890756
0.876448069320543
1.1068528024162
1.01481640197255
0.826185982956594
1.01296419313141
