0.0716271197839512
-0.943832502151054
-0.957153416337429
-0.993519001621091
-1.0240513865447
-0.931347552898524
-0.988301329526218
-0.873801636318486
-0.991923034552651
-0.85153245534537
-1.03352463493225
-0.894277345111833
-0.948234968013445
-1.00387918572024
-0.949305025822625
-1.01086681427451
-0.8877201634169
-0.956629656920223
-0.829041850475033
-0.961234141429598
-0.982061668513031
-0.944387359589744
-0.979531000098456
-1.00495213735175
-0.945105127560864
-1.12665527492521
-0.885897786128712
-0.887156019481745
-0.875571663526435
-0.985040862221414
-0.880884531330868
-0.887611207535921
-0.94144189447778
-0.972019419869711
-1.02327555576659
-0.769101048628688
-1.00223359310667
-0.818293092731756
-0.917078251658049
-0.864446031331609
-0.908036373297827
-1.04544156265684
-0.970662764947303
-0.954882119501205
-0.94509050480738
-0.927187067284992
-0.753836730103049
-0.824422433924954
-0.929791464775795
-0.940452299081664
-1.0348043482986
-0.881988787012162
-1.0085204538021
-0.84780828800325
-0.86283550954581
-0.841871574755712
-0.905339880419775
-1.00663008561281
-0.878567401353345
-0.897940514475991
-0.850685751245838
-0.869929259242324
-0.99995792028353
-0.924169879990462
-0.921863896832472
-0.791314283879339
-0.800523315829055
-0.869483958949209
-0.775462965509739
-0.948337989925273
-0.886513617738433
-0.920699922680577
-0.783381909366168
-0.893893200925449
-1.00706982657357
-0.818436836678424
-0.703076363531241
-0.971292136185249
-0.794187790644002
-0.885486517793154
-0.829564674728639
-0.945506137083422
-0.742153941267502
-0.786959582967423
-0.869060447952326
-0.823181031328881
-0.725827353853094
-0.828331612421034
-0.925145421305497
-0.840569613300695
-0.830668566270244
-0.97626765192405
-0.802930351999885
-0.86751326291705
-0.744636014874374
-0.843731302276606
-0.850688057929931
-0.86774345129473
-0.770276756402206
-0.886473178730887
-0.798091040455166
-0.826016407419977
-0.765068974365316
-0.724500189067451
-0.794787914422478
-0.863946380575573
-0.685634398751209
-0.82534836054788
-0.832142785500583
-0.842480562736808
-0.792359126704185
-0.694170325026265
-0.696606448554079
-0.653814248083609
-0.692564211563909
-0.68930371361952
-0.796060614757563
-0.847248789715336
-0.719957073591899
-0.807682538522754
-0.765895507425914
-0.79653335146134
-0.842678996045122
-0.878741242866164
-0.813406855594759
-0.701816587168913
-0.811884082472118
-0.810148025617067
-0.696674774432206
-0.558340662854056
-0.666427273419216
-0.801743139051712
-0.748722264030581
-0.810325611050953
-0.95165690410503
-0.716720401743246
-0.729606754790908
-0.790863399327688
-0.686579974522577
-0.789936988377647
-0.773262272250118
-0.778808731877598
-0.768371830874322
-0.532144361330503
-0.672241855472473
-0.554242086094397
-0.601555214331357
-0.592412693262352
-0.623580640561375
-0.766071498391857
-0.628897705821252
-0.74886094715713
-0.661751021730389
-0.785311538613218
-0.589019019272255
-0.607977069256704
-0.622205340030833
-0.797962846779629
-0.604281604069591
-0.740637716867484
-0.675343590732241
-0.799824385016612
-0.667246237356937
-0.689663809566332
-0.539193382357028
-0.677896916522244
-0.622211804917246
-0.725718374852138
-0.740676748608523
-0.57054522605311
-0.598651419612928
-0.660699601315622
-0.665687288831555
-0.634062745129928
-0.54372090362015
-0.623959275561615
-0.596017147683741
-0.70528918162077
-0.655558840549038
-0.724014505244059
-0.744878567975836
-0.763841962181569
-0.670940932043236
-0.667477294634821
-0.642985336749372
-0.626184121647202
-0.694599208537783
-0.616046289162723
-0.799673864767863
-0.621891244947021
-0.745936530127865
-0.660266308394121
-0.544017643041684
-0.636918262364066
-0.618104325084719
-0.623620449440244
-0.774569806369896
-0.602396350767621
-0.603526486206697
-0.541659982015112
-0.588172131699339
-0.435566223190483
-0.574794038753171
-0.506581867050608
-0.607595391353239
-0.536468944986904
-0.573649755484291
-0.708244569502469
-0.642215712800367
-0.397800054013004
-0.577680938404591
-0.663173250589453
-0.662961760601142
-0.491307184468428
-0.531529351421565
-0.529544226628223
-0.464917043042435
-0.66091743584365
-0.577285734222883
-0.66074419342553
-0.523404486208482
-0.538581118424338
-0.646663254272275
-0.566597270831774
-0.483099308760076
-0.579398481348193
-0.407103663505946
-0.533321685605506
-0.390118398726258
-0.497254540428685
-0.52534329154355
-0.560663921078438
-0.574688603733457
-0.496954588515709
-0.595756245676209
-0.493933346680299
-0.557743496770838
-0.448193473399627
-0.660282649474995
-0.553704656144696
-0.554983179701384
-0.661896564707814
-0.561205915517009
-0.349229872573561
-0.518329952395839
-0.491701658885509
-0.464689327223927
-0.554043159777672
-0.523502786776739
-0.546587340269254
-0.547738404633373
-0.557054800910905
-0.511055909309812
-0.553716078709851
-0.514432883224112
-0.395262386894489
-0.372518654016115
-0.515757253260329
-0.509833714539081
-0.383579333533488
-0.512797891054781
-0.324999978118726
-0.473995507550659
-0.443087904536382
-0.338123509618824
-0.365404810304458
-0.352437151261925
-0.507816989254092
-0.386025459287034
-0.43077256780643
-0.489887596583035
-0.43139221034822
-0.359908590714649
-0.455445747227941
-0.51070940422746
-0.499855108134614
-0.465553548594383
-0.526443607704676
-0.426289521744204
-0.555345898998004
-0.372183891004493
-0.49288039947429
-0.44714904562125
-0.376145183261641
-0.577528188285076
-0.478664304605317
-0.446562978821477
-0.49491009385335
-0.301119528849144
-0.475510097009167
-0.499190464970559
-0.44865440853696
-0.449930957906711
-0.512190855085536
-0.480988778816529
-0.333731775014139
-0.393600226235993
-0.384588521867414
-0.359542230510064
-0.369727392509154
-0.354807503179271
-0.494285955161401
-0.338964529037996
-0.196123478416283
-0.309013295393456
-0.287025260451636
-0.476965867290134
-0.346931838809791
-0.407873906368134
-0.370097656635225
-0.443071077689243
-0.332955877432563
-0.416378472138949
-0.3663452972152
-0.312668837384713
-0.14106179951199
-0.469142058136093
-0.433162938234514
-0.280366486122635
-0.389547379994166
-0.496704132515364
-0.291109616547807
-0.467736969335271
-0.402984480525221
-0.287839333275644
-0.371419107477113
-0.32612454860441
-0.463111199566669
-0.345416030385901
-0.501355768055689
-0.44155678238973
-0.208292290744131
-0.331772428287707
-0.256466678510943
-0.418212401814937
-0.216287670226282
-0.43719013221573
-0.439643277107442
-0.316843408922786
-0.468910795781209
-0.323842471446851
-0.212428621686407
-0.249384365898931
-0.323710763146183
-0.302681794511541
-0.233461859272727
-0.31595555084951
-0.231064903305607
-0.321930739579106
-0.354634788946409
-0.261813911172265
-0.171653442108705
-0.291208108451641
-0.143938921754477
-0.218457699155022
-0.32097071413611
-0.34234765356042
-0.188796607744895
-0.23595828597927
-0.270276957883644
-0.246276851036174
-0.31344431793779
-0.425386319159003
-0.385336012672717
-0.30644224135189
-0.175996300173324
-0.265047232069467
-0.280873007656865
-0.272619402055494
-0.212687212394385
-0.129625639666423
-0.250346491806916
-0.242085102117217
-0.25583129574355
-0.323653795817019
-0.284371975942661
-0.329347313761271
-0.303394895588623
-0.239733593560932
-0.221336008273312
-0.229153664178823
-0.316494362607429
-0.25497928836008
-0.153586170598408
-0.255335527763609
-0.203375050361443
-0.221755116515129
-0.126480556740416
-0.248190890379884
-0.256868313406999
-0.110720815422521
-0.301912368173192
-0.195197283519211
-0.188498108970754
-0.311374760930565
-0.113767329996147
-0.154401017811352
-0.394126881362408
-0.202627977506936
-0.267813311224366
-0.197825428571732
-0.10689145150513
-0.130555407655619
-0.174173710186475
-0.267807175265522
-0.195157575287425
-0.195954846165037
-0.105487439783058
-0.151741159993188
-0.18481102268811
-0.109167134441003
-0.208505583754143
-0.156015655952916
-0.089365720119922
-0.198979217903296
-0.182349431850996
-0.259475158318854
-0.0774908040202627
-0.000662331175941567
-0.249329383980381
-0.0811674455229782
-0.277261620819362
-0.260912916128023
-0.199684621181053
-0.172281976730609
0.00485516651925156
-0.113040428597279
-0.0582090824897185
-0.0821273006530188
-0.197716248836204
-0.233367164997081
-0.207804192169009
-0.20796002215199
-0.13796896680092
-0.131692495498719
0.00705097686532508
0.0136288081214144
-0.117697166613109
-0.0242643922876134
-0.100672864932373
-0.123679129311157
-0.146764528335189
-0.0316584543984397
-0.0915626441348451
0.00660267937637021
-0.181537783133379
-0.114809816344799
-0.10416221569254
-0.188583573712922
-0.267259360687033
-0.118816254926225
-0.0469718008922747
-0.0275385329272941
-0.174693120803738
-0.137876189248126
-0.0627145362519609
-0.219619894854653
-0.1010902531877
-0.19374145135505
-0.11375752613518
-0.0969360385760658
0.0255208950887304
0.126825260907558
-0.292354682946621
-0.141259532322964
0.0144303641700108
-0.0469946839749146
-0.0189040848618149
0.0368875345175245
0.0131621405328335
-0.105679359974628
-0.118192555183864
-0.130700008782958
-0.0775038202311977
0.072194267543292
-0.161384854675218
-0.132835854387635
-0.133397256117475
-0.0371785080391478
0.0759184502592761
-0.0315577509094376
0.0522304744783307
-0.0088906752260824
0.00245842402524304
-0.214241796714465
-0.0116409301250887
0.0150465172618519
0.0893959239404371
-0.123913450963895
-0.143332871298688
0.0583961073035754
-0.0316688664935112
0.00254852439095495
-0.119130688899246
-0.156615548837902
-0.132117521272782
-0.0388728674308937
-0.14017597884778
0.192697830456661
0.0965754587052398
0.11716295563628
0.0758416544093262
0.0322202798065989
0.00625032024447186
0.104104640429623
0.0581536211224895
0.0612639901147242
-0.0606626297968806
-0.0380294475497942
-0.010410057874191
0.0137498201601124
0.046864936997956
0.0555082775768937
-0.0476170120848991
-0.0788481486715368
-0.0690932733511667
0.116506511690094
0.039443115661373
-0.0132651086957575
0.0475632707604572
0.0323926037618963
-0.0897407402174297
0.0253222795501674
-0.0352506520440791
-0.0129067743838026
-0.0162619624721062
-0.0766929715912043
0.108091907988049
-0.0622941827412325
-0.00345041369002628
-0.0322292405834537
0.089353759891074
0.0769938982088328
0.0499948939481962
0.131509641933564
0.0341686300811001
0.0191270542017867
0.0827591238747293
-0.10565008346005
0.0570086068566163
0.22813877363597
0.00246063117072653
0.121803474324234
0.0581831846744564
0.103904096248262
0.00896079307560302
0.0987782692390927
0.0092482685676252
0.0244391489191639
0.203926269980946
0.0615849174144371
0.0493303852273323
0.0248506833397864
0.0819938204315666
-0.0156988584794409
0.114263556552161
0.193716973052472
0.0703851664944224
-0.00256837318499483
0.288466253595197
0.200994324754523
-0.0111536196160068
0.22177629195971
0.156108491650496
0.105306557156744
0.0865648733554023
-0.0548627190470302
0.22968140222769
0.289697001562153
0.0901022743525349
0.173351155924821
0.100163493383142
0.121265854261571
0.225053189185069
0.124118095925835
0.166325697481626
0.157636985015094
0.187995863264039
0.213320648055465
0.0777370668233149
0.190513035176328
-0.0134258918558838
0.017900642734357
0.16068248063803
0.172486793678746
0.194024273263488
0.182470281412161
0.0164729838677719
0.410333118570647
0.242966076071881
0.201836941451639
0.277752647977552
0.177686955272639
0.151355543202481
0.223898677306792
0.220752597500873
0.249147170930947
0.157943585349727
0.202656933238275
0.0707596810202241
0.267758901652649
0.295827481354179
0.226471128931895
0.16861449445147
0.145478412740328
0.2717276812315
0.262074573890801
0.188519267220414
0.24391652518029
0.226104754391512
0.178709584157601
0.192299905927233
0.262521605615061
0.241257254175944
0.114785343189804
0.0760391409524061
0.143859498813792
0.123647471746446
0.291252928298855
0.296384785416884
0.322532770746726
0.151207425905513
0.135519198122765
0.181178967459371
0.235204301551831
0.161298174645587
0.121193106469742
0.338775454094838
0.290082820041066
0.181139053853794
0.145583707168333
0.206144198774073
0.302844028810085
0.433872803350536
0.200134893727691
0.473412403523023
0.196911425806063
0.128500298830539
0.269403690548132
0.188437916825931
0.254977301180728
0.174323962381708
0.35867324857421
0.0712650902761234
0.30719603665437
0.350181838123075
0.277783913983378
0.256683271193882
0.260700598825949
0.479107516643813
0.277313823784335
0.249372998946672
0.310309413507613
0.305827661466361
0.40633895385269
0.123448409503027
0.280949174296797
0.36583689081183
0.306253993122069
0.29291681211212
0.329769819536189
0.350413488911032
0.258878158181115
0.314305164455416
0.290886020606594
0.349358608306518
0.365005329827899
0.218298860916047
0.289327284299678
0.223162922853808
0.310747162053465
0.333441854642801
0.368495420775013
0.33303189020555
0.316420080252031
0.50032692149671
0.296574760527277
0.411270101490719
0.317324094357564
0.285700764759987
0.190136134422129
0.362233274481454
0.380652067296527
0.354094310806308
0.265456814589508
0.274237952854371
0.436341199592254
0.311493728033863
0.339052404518294
0.529233891229276
0.384105135783333
0.378922104702665
0.313808770350916
0.174201491754507
0.323230613676414
0.439075381718539
0.404139186579977
0.280147088728243
0.358420189446799
0.407760629770676
0.4992007614511
0.404817257348729
0.435169193519517
0.343237341809498
0.445592021773801
0.342233960568976
0.315132498308079
0.469530830494022
0.338552349981912
0.395053979290679
0.454659369165236
0.563775789992305
0.36618920516242
0.402488622712861
0.391023158365852
0.477042316380677
0.428530680753717
0.362450727500939
0.462480730453683
0.493482906198584
0.506284361809564
0.491361729930454
0.287723126318795
0.544724044604228
0.441024512459387
0.415610911958591
0.425858260871643
0.424331856191618
0.321428831107763
0.466513284248628
0.439772622045672
0.406328680146765
0.585885633563689
0.388230522341445
0.55832672730526
0.348890220264503
0.42521085977445
0.466637990075861
0.535368510138804
0.428030215279754
0.508709373597331
0.568505206706691
0.555941418548318
0.539427511939945
0.419331568341681
0.517373420202761
0.495239662035505
0.580650851521581
0.635830386424491
0.298149386169175
0.421909815551246
0.451390934746019
0.530560586973837
0.613476550554976
0.506862604305644
0.51615469308971
0.509777003139553
0.307009787018097
0.604364875758762
0.480581190475319
0.548699920290616
0.441200960698535
0.364958902348127
0.510612414649792
0.384353850830554
0.448821533528843
0.547637380773599
0.391754175166427
0.633331308842736
0.577188560379354
0.49943749150275
0.465716761288537
0.598845703126789
0.543104129364396
0.537979068534071
0.458272550770777
0.540186616807093
0.346934358510743
0.575435142650797
0.474032578566375
0.596398351912099
0.427355586065053
0.536604785024285
0.680954500240349
0.594590840503068
0.718782052192374
0.583647684482905
0.652958243927226
0.512815436574417
0.591560799959342
0.53573517174852
0.468713576111397
0.609869082643144
0.555476725836983
0.569422060767552
0.614935975633456
0.531088007259225
0.612269732959548
0.549116250730325
0.612486338262668
0.539052906987229
0.674616485387243
0.652519454525937
0.594052812675544
0.622132783070514
0.470115675611519
0.554158464536687
0.742440403578113
0.663382242449632
0.497276821041415
0.590897194140152
0.629214697043181
0.6374809383376
0.664926243291853
0.524678125856921
0.697534599763728
0.637758407206881
0.614772225213528
0.691634210925455
0.620382069572774
0.644656714786214
0.509341650156447
0.531304263717034
0.559119320763865
0.494759888756551
0.709721741894327
0.652178719137459
0.723039864932803
0.618015084376164
0.704335229534838
0.560347204860302
0.691370720991466
0.629103867837256
0.743924626336452
0.62832020093634
0.633798700591958
0.934827120955616
0.692891264574425
0.702470116728549
0.524455566824949
0.690678058110552
0.633335241565783
0.6534559569644
0.663693360198391
0.599806698509872
0.678575074992246
0.657116469688167
0.690752414947974
0.762885970305079
0.782102017663002
0.702430095715439
0.637751225118763
0.732072740794619
0.8011543965419
0.729425582066384
0.816774388090997
0.562611821096613
0.782531903353385
0.691943045844846
0.756271562619987
0.56847440245932
0.859897410782875
0.663615596035589
0.711752736152949
0.596229485340205
0.598429498581789
0.756172303673828
0.771650824934719
0.741541038175965
0.763132689374733
0.864028311372532
0.799752149934534
0.558880867991777
0.591410954909794
0.675734713795433
0.710208720200978
0.744363368657889
0.654486472463622
0.834696185255704
0.722497687177587
0.689193241165253
0.695913024945599
0.793992244137736
0.920510414916331
0.676056928272396
0.87759334034515
0.830809567277827
0.74467033147098
0.799628012984718
0.900451469592033
0.80132251033536
0.622715241297375
0.750126783962143
0.915188397396106
0.90981233496027
0.783890397553341
0.769435301736188
0.979381131006953
0.732975839023523
0.930891452873252
0.909647471913633
0.727517346109786
0.726444047499574
0.710953449798962
0.89182867739165
0.932864158818305
0.832231223203598
0.73531891505958
0.896316475576674
0.779681531582302
0.74920503307565
0.855206640507084
0.73253115341724
0.667151201281957
0.74437788921658
0.769995407480584
0.910401065665389
0.900640085764386
0.748390295817212
0.927376258828732
0.677550566402092
0.708545112301836
0.818262069961013
0.864359214819464
0.933447321898963
0.763565644515045
0.763958757742829
0.937241375435679
0.863163771068686
0.880353840020416
0.928614572265931
0.906239702948279
0.823580326329591
0.805640705531436
0.952917095127166
0.855937838951826
0.894536591679797
1.00414251450032
0.78471105819189
0.997391887552375
0.780620132911067
0.820125332308344
0.931290587566039
0.772880516676762
0.874983477542797
0.839536310593813
0.788003071631048
0.989547233887196
0.98268635594705
0.957983363677428
0.857661112236604
0.883022468533063
0.888276224898833
0.879492903112094
1.05123162760752
0.904062182689307
0.953795659916673
0.804523438318088
0.792876056776533
0.940653636523473
0.977031381213176
0.979651575990306
1.02043455496283
1.08851926114425
0.863860204447532
0.995235923808456
0.905080810623165
0.936363271953801
0.911086329805893
0.81322679200689
0.860679100592862
0.980736145436282
0.882641703260472
1.12515046057286
0.804187871637511
0.976902945599937
0.949213320301318
0.978552081208141
0.863746643519135
0.972546228275299
1.01435071988132
1.0782075685541
0.94596948321374
0.922917136675703
0.945938417351353
1.04069749235202
0.931997249814537
1.0451187782234
0.970465936340637
0.924327660413631
0.975032516811656
1.11620663878614
0.916243033688049
1.13259072922949
1.00627974115344
0.966573034414791
1.08366108720375
0.99244189258955
0.922313856935952
0.993329173164207
1.0066778717024
