0.000853258777123609
-1.0650415285563
-1.00328301194312
-1.10222227770214
-0.943709821878186
-1.12585794582081
-1.04947509220153
-1.00836265856136
-1.01656454387125
-1.06742916848821
-0.970679183142267
-0.930362826689891
-0.953651154232313
-0.934239171018996
-0.854261900454271
-0.964696465764834
-1.11644516040042
-0.946739015608202
-1.05815880121312
-0.954527563013331
-0.967119886742913
-0.922313896945694
-1.01657171001341
-0.851707696409875
-0.987499067931311
-1.08781340206668
-0.988000994674203
-1.13437581748462
-0.882521126631278
-0.920743932077285
-0.896012043971284
-0.914431846135932
-0.9335222538685
-0.897403434172137
-0.892729702319491
-0.939096312917935
-0.859303853692475
-0.849223368329425
-0.902116551417969
-0.900401892382925
-0.955936389984337
-0.899280768230237
-0.809070970148348
-1.12633617742748
-0.972328550026986
-1.05328415061864
-0.961889447115506
-0.7755692076583
-0.83937964694695
-0.933252165918664
-0.852793488510805
-1.01446096606504
-0.904736819945774
-0.824245911608678
-0.791221310745205
-0.920440968366908
-1.0903675214773
-1.04574416470775
-0.840189273995814
-0.898702772642341
-0.91875820154712
-0.882765569200799
-1.0375388781931
-0.891373223168737
-0.941611357151435
-0.979699372157222
-0.911727712491293
-0.872746530181695
-1.02911687513266
-0.764792888498152
-0.752917274883076
-0.843369271347608
-0.787684083673634
-0.819183034148922
-0.847942405359734
-0.971930195313043
-0.721681181135343
-0.665599781691344
-0.800451539268746
-0.79099229481929
-0.921213618114441
-0.89325091554917
-0.797697621770605
-0.878599538274214
-0.879113440987991
-0.703245444854833
-0.848079444096229
-0.861586420100228
-0.800286369642274
-0.755034823404324
-0.868493632320934
-0.891840104042407
-0.954835469913671
-0.810323828911132
-0.711096273456156
-0.682646990324663
-0.842872790320805
-0.734611088870421
-0.641230845995552
-0.760263927505068
-0.716462082413112
-0.838641765116153
-0.744555377135323
-0.768422508333218
-0.793834533803408
-0.635403727559151
-0.917832652335549
-0.730929697150658
-0.728850939859443
-0.768158512156742
-0.856562236062089
-0.902235690209323
-0.969333170714435
-0.932387504219163
-0.840676259274414
-0.603260321737609
-0.757886353646554
-0.827941731177401
-0.785145283578161
-0.874306862308981
-0.751958435737475
-0.886493302346336
-0.728527228459354
-0.803931801306941
-0.712609874631592
-0.76316846613681
-0.936299848502302
-0.706187890882788
-0.773122356518164
-0.675123383672871
-0.685163707086303
-0.775073408635944
-0.831611845195003
-0.586102393254248
-0.635075913658215
-0.837819707059608
-0.558606281059421
-0.784783365642986
-0.666053985965719
-0.709128034256999
-0.856687073976436
-0.737939988612042
-0.771477691142995
-0.817397474947597
-0.80697522467941
-0.857452097463393
-0.726529117397866
-0.538877340655896
-0.704493806161688
-0.630946785300365
-0.742462836416655
-0.763913349047059
-0.727511213005803
-0.821225097412647
-0.673775767811818
-0.71287392796755
-0.690472559004221
-0.650416529644046
-0.707121222887907
-0.668055190425487
-0.620201602617263
-0.570921540578714
-0.640533454165954
-0.691133696904239
-0.834335832412979
-0.678560850281963
-0.701137968549978
-0.613127850808948
-0.683889235854223
-0.618100518850553
-0.757244399655238
-0.602166775149987
-0.681535004032829
-0.557791960804915
-0.697430096965685
-0.651301271803877
-0.788540712926235
-0.699668413572755
-0.689157247294558
-0.672228409365346
-0.581329355172431
-0.564293736475124
-0.608273966906178
-0.662665447021899
-0.553361213961362
-0.605396770946074
-0.542080003946829
-0.547385138056363
-0.557642374226011
-0.778029043138813
-0.664466086085992
-0.555210666903447
-0.446430602522271
-0.651576487525938
-0.619373135369226
-0.503424369363705
-0.68618817063449
-0.619162360817016
-0.651520297787151
-0.579125860113864
-0.608970602240484
-0.598382554057567
-0.608959590686723
-0.481156675697313
-0.714944967833377
-0.655647355603084
-0.777217568460398
-0.468462573103336
-0.545003075099203
-0.537910770410076
-0.642900764540321
-0.573141786366125
-0.689379923927541
-0.570476732949171
-0.809515937541377
-0.686761633400802
-0.707990219274324
-0.543757071278479
-0.502313344865384
-0.477229418211504
-0.555912458640861
-0.534035038772675
-0.52904689523187
-0.499234498425002
-0.577040927077676
-0.598950444224276
-0.499140610709276
-0.427845633002979
-0.386703872911524
-0.66970323052426
-0.68016931585021
-0.52135730111041
-0.547215985646965
-0.393282228527239
-0.487593842135685
-0.428122199419926
-0.55476288506646
-0.326144977380918
-0.584544095600769
-0.681429871527581
-0.627824205146875
-0.554958948704728
-0.519129170973301
-0.441438979128214
-0.542114626436174
-0.368555071093187
-0.506716334554928
-0.488566791110513
-0.633040888632332
-0.658828925049577
-0.504865629239476
-0.538044262873277
-0.395490738426554
-0.502216933234152
-0.583840171785079
-0.550206499815001
-0.512027457717869
-0.487847511781845
-0.359116219836682
-0.472375533804908
-0.56274730493861
-0.4692768467532
-0.513152963681682
-0.387697961322618
-0.330250712320519
-0.50562049755038
-0.49463585043573
-0.557633715111527
-0.480590409123942
-0.327635078555144
-0.621318268882115
-0.46587860026286
-0.521851165473323
-0.389231417227866
-0.380575619743665
-0.482781406521897
-0.529886307968586
-0.390878834208443
-0.434574115826721
-0.458123817908072
-0.352274351803161
-0.492807482626606
-0.532570102408291
-0.472418351734927
-0.46320055669392
-0.635908196908718
-0.307700999350101
-0.425580256318731
-0.345709631776948
-0.477029269143692
-0.573869087846762
-0.437011713309388
-0.468044950756483
-0.479440433776674
-0.286913902014883
-0.387657664120943
-0.440591745548023
-0.430592461154546
-0.44901095744932
-0.361306197134972
-0.359072529729889
-0.306756936894228
-0.51786851054188
-0.480128162893311
-0.371757673868281
-0.393110173734349
-0.485919612529422
-0.392414755419157
-0.410233197827421
-0.423791978158805
-0.43454970899641
-0.491703585646441
-0.401758989940542
-0.484130236458501
-0.453394910722073
-0.270201241966422
-0.270652488243091
-0.415781241689105
-0.502124502469175
-0.341506750364947
-0.435109673435166
-0.498408092572441
-0.431505657211124
-0.344369411070971
-0.332455371294017
-0.389579482459535
-0.347790519104501
-0.302305924677909
-0.421989649452745
-0.341476712385823
-0.350379599289594
-0.359704355529256
-0.294068115197084
-0.23285707994015
-0.384779809392315
-0.360793772647913
-0.361908125931609
-0.477965206246723
-0.301823121096232
-0.256285276913587
-0.34470368230971
-0.408847799444911
-0.220430958880317
-0.382284992623274
-0.343085153586699
-0.219559765075812
-0.327274495303103
-0.36593056034416
-0.36680688372247
-0.190081294450039
-0.338433647797516
-0.437287359621438
-0.415548161908906
-0.246162805069447
-0.328618218828617
-0.27533680362872
-0.166364829113477
-0.234051384400514
-0.282624283701791
-0.249988931090025
-0.294631571400564
-0.432474149471271
-0.203403553378206
-0.27859056460993
-0.344316531641896
-0.304670042206272
-0.332464419688081
-0.160486594059818
-0.34669033996285
-0.281377114360054
-0.397082991309021
-0.322077324568845
-0.217189702454944
-0.316019429916766
-0.116978088217181
-0.291563999150864
-0.205098385729152
-0.31483899640662
-0.151061168751527
-0.188787011751281
-0.258769051202624
-0.202102654671594
-0.193215088113067
-0.0945355136977814
-0.282118662266715
-0.246471119322998
-0.122826301645641
-0.179486637993132
-0.277441057853692
-0.211900129457551
-0.154795311205666
-0.178217789989417
-0.17243281375459
-0.19622791367562
-0.198133766869117
-0.303496117254105
-0.335281704786906
-0.131233289668739
-0.197980369716927
-0.188705606379664
-0.211227306433918
-0.111953850705942
-0.161524999743484
-0.310306933576874
-0.234848774151348
-0.112760476809916
-0.131456137455828
-0.0760443709378913
-0.204255474502835
-0.0232240439380852
-0.112914954965722
-0.305057264922344
-0.152669993334173
-0.0266269854302129
-0.239890383646186
-0.126668774383457
-0.279132626496536
-0.20818112320884
-0.175820617028723
-0.175355015187772
-0.18602904101814
-0.189739427081983
-0.140039325889962
-0.325305160005743
-0.152896482092557
-0.251645143101659
-0.156693857606868
-0.0596649197655063
-0.105921365011267
-0.0979593354226292
-0.0114466492378728
-0.20396194223877
-0.138208341445936
-0.0429752212689548
-0.117388287622477
-0.125699938798317
-0.196519603682666
0.013391441289333
-0.162957151244254
-0.019531502086231
-0.171988381970281
-0.241516749341511
-0.142143900319397
-0.174043838143078
-0.0555137261932112
-0.134972810332632
-0.126758603095249
-0.00279410630851022
-0.243103433450092
-0.0103985263979975
-0.170065260405748
-0.191918815814888
-0.0981078762457895
-0.195200850217071
-0.042097531926589
-0.12425016590853
-0.0419031261086992
-0.00246880447220153
-0.0435484635193775
-0.01775843605602
-0.0924847796758301
0.118801342275317
-0.0327433290445364
-0.0538081951990674
-0.144230415248193
-0.0898780870930942
-0.220196714350113
-0.158398811559767
-0.0808698882808543
-0.166640157979755
-0.00957638066721242
-0.0335842168369259
-0.0649106549285144
0.0864800320977699
0.0394324327429112
-0.044693538143032
-0.0456700790834733
-0.0571945920514451
0.0289680595584478
-0.14859008305423
-0.0514388396147549
-0.0977991604984155
-0.101044419364895
0.0496750895482478
-0.0944643104354837
0.024308665443128
-0.0506548718420361
0.000201531107774007
0.0419444694966498
-0.106443733219866
0.0458400150929476
-0.0945160788260485
-0.0797008230465935
0.0303838726118351
-0.0683400477542729
0.0186169055173105
0.105618661469316
-0.0779694307778732
0.0207151150778676
-0.310292504353679
-0.192543498563948
-0.00336784846694875
-0.0108876939639913
-0.0247515870071107
-0.0642689541011911
0.106736022207853
0.0145295269960504
0.158786991198429
-0.0320383424689522
-0.0219148876329589
0.0764639890979313
0.126934111516339
0.00635118945166854
0.00245779668111084
0.0873699263064981
-0.0521787891766373
0.194114008815201
0.0993550444030257
0.192495728136709
0.129494107481227
0.0662278110668044
0.048560271225457
0.0563521132804964
0.115760597512353
0.0168731633948455
0.033506754525752
0.085172544542708
0.0724816522838155
0.143319486069142
0.225406509058124
-0.0348102855182048
0.101098980205753
0.00932156022791772
0.189734489405079
0.160518491936471
0.0255312858892235
0.133612786802047
0.00436093036445422
0.0348898418989234
-0.0217864514576119
-0.0463946440889712
-0.00493180608385141
0.00874772520686639
0.137168204532148
0.00975411872750588
0.0263598172666483
0.166595767360957
0.073917983948241
0.207772935729493
-0.121036510793437
0.205025347289465
0.0678774886202999
0.088464065851694
0.0944430985476518
0.128556803539847
0.117799595164726
0.252949169288426
0.114362347938046
0.164445727209818
0.108237891235928
0.146430867889055
0.0311536532245253
0.145472344943583
0.119993920197681
0.0563482289251556
0.113909859853153
0.0823748776267178
0.24051951951877
-0.0302492851574842
0.117930665774814
0.148098398017983
0.172418654286321
0.293426832017467
0.157242600929296
0.215940009259639
-0.0310884311627907
0.111239233309591
0.155410434459929
0.134603524474294
0.102285100453586
0.205413391111298
0.0395203334240228
0.302580105776647
0.144618937219638
0.0851091606997763
0.0760055136747513
0.113806001803915
0.25592673964091
0.147268679538834
0.230832852030134
0.105527767905668
0.240408648772866
0.0405888637801038
0.0628689405446215
0.209764123946942
0.0847506544612249
0.113473486015094
0.191910862271955
0.262506249918066
0.0949532471213645
0.052016774049599
0.277200906472826
0.15206127290603
0.185861625648424
0.197996692601479
0.188073548060652
0.194208148647368
0.268528935221483
0.260514122905283
0.385507140471301
0.162750314990851
0.268852246231758
0.167301809380828
0.256148454243143
0.195490933487252
0.18542033775362
0.188545807569794
0.192115816448031
0.229467313725038
0.239317970400026
0.25648350376797
0.229280582339868
0.161664909424335
0.355823420947231
0.135603518215168
0.136411376956951
0.213280571877074
0.227669650060175
0.19510032179839
0.0339844998958907
0.293433343355711
0.323969570327674
0.109594196573768
0.43928967190304
0.255347380214033
0.366127279341956
0.235129819447411
0.302072103755503
0.291692589168251
0.4081992211182
0.224151247041173
0.193984490533714
0.224391938677389
0.408593975841267
0.38645799299978
0.240403410262271
0.373407410640911
0.372719580422762
0.145327933186143
0.416135384888775
0.232274495590319
0.350224379770688
0.410211807267098
0.295664591253101
0.348856274388087
0.286253347483105
0.254623819498388
0.205998553092091
0.348588607524548
0.344617369048171
0.216179171866708
0.267214575137958
0.462279155138583
0.372730107089942
0.305673719193611
0.387300691093213
0.364799458847332
0.327084909621902
0.187798323171521
0.0929349192230026
0.406105199573797
0.42427202949909
0.434567342217309
0.36972241236218
0.275434258863417
0.365770552452137
0.346250786106206
0.241760152958661
0.188285037848655
0.306157580249384
0.30832493592083
0.405418402014422
0.366616412999627
0.45300680596604
0.267880144229081
0.411643108135504
0.129340670320776
0.312650808963909
0.385454631785888
0.465383725264607
0.233263672944851
0.230840862723492
0.364111153524507
0.311891039340661
0.382648114891881
0.553536010830623
0.4639936156348
0.389552698900279
0.408552511456589
0.382505517875195
0.494736391515757
0.323216033348117
0.373791388363963
0.349591521831599
0.469580795905406
0.392052567593484
0.263984684435297
0.392580633680795
0.405927653139641
0.415419943753719
0.406037736393781
0.392499111865135
0.393302466332279
0.413678817970304
0.439935029147155
0.386875602004827
0.529930446564981
0.336946336571411
0.430476608587561
0.410032277397867
0.509065112649156
0.469960236401391
0.453467417325512
0.403175721595348
0.503115611485595
0.304065870703487
0.545235441341125
0.414895028346692
0.596379232226007
0.46065602667381
0.379818936951842
0.576080571096007
0.340823919237093
0.614133890765185
0.451676942452627
0.521998245236513
0.494385959074259
0.284092443295584
0.610273750995033
0.46293526602973
0.590326926501696
0.457631445391062
0.393965033776921
0.503509719371178
0.449055193484075
0.40140727816832
0.575784688928055
0.397595140755467
0.245265011505507
0.524356250105802
0.505078091980206
0.368405036712908
0.603754595847759
0.405054602913759
0.55614611265924
0.446184110914719
0.58192855481193
0.500230389611748
0.639586837739928
0.505918656885835
0.493893193889071
0.488706462692706
0.556970564108931
0.53741774850093
0.584674396349666
0.624675148794132
0.550834880842723
0.471745658628918
0.608948479749612
0.469263092860123
0.562173742707785
0.648880738254866
0.521885797924605
0.476361899959908
0.658726105317438
0.580493311525992
0.636552998903886
0.50701156893722
0.633512961118652
0.565056789406101
0.507953691384407
0.689307292289923
0.620000934369008
0.679667590636814
0.607697412940542
0.544176208791156
0.642707654625436
0.480766180076213
0.487096316749115
0.633499499129897
0.672370849128409
0.768051855986039
0.678812160534005
0.696134879848171
0.765322248178983
0.750293099756483
0.577962258087802
0.697745875913888
0.695085885199482
0.589079170535048
0.530061498100956
0.646009312958172
0.741438283254586
0.487938153493652
0.579955602358861
0.530021379900565
0.487928427395384
0.653188714937383
0.581605903730032
0.409584916118282
0.74291581844562
0.592419857416544
0.667717123170628
0.635410593461468
0.710702507978447
0.819010759325725
0.641168783163712
0.448670367936482
0.599268351325942
0.696878680564367
0.670268374928322
0.601641808360275
0.548060791645739
0.770031201974758
0.603517679520206
0.667213714194794
0.54900179159255
0.637016347601157
0.576259878883212
0.57974428320645
0.674575721041043
0.56226687668549
0.66171956863087
0.604443867516472
0.6685858371348
0.605314607126351
0.596147617624537
0.655264949213564
0.555632231360689
0.691140791837719
0.744921745004504
0.81322747228106
0.656074233291915
0.723973710431227
0.71283121014996
0.700318921872226
0.679816565298989
0.55605034187373
0.785649263405002
0.733712790791322
0.678783897672284
0.811828403596596
0.752380594760967
0.899241046629341
0.694716310663555
0.670914136161973
0.536404675324514
0.57967810217084
0.711225099188718
0.671099451649689
0.764001114726167
0.794239865065265
0.695291342853912
0.704230206728985
0.669655792543243
0.850378016300819
0.653739176787357
0.556484142586433
0.507587211609708
0.720781741342481
0.566152704654555
0.602377512579785
0.776381806945081
0.82997435156324
0.911611550041893
0.829212093528937
0.840974551715719
0.61998154276516
0.763355471221442
0.551471938462354
0.742905769584864
0.599319452954863
0.844054610393936
0.758512670195833
0.774186168031051
0.757494229008812
0.626637813082597
0.861972972058877
0.824054198905273
0.828236791371054
0.635561188558845
0.702575242725666
0.840811332699525
0.874303715084425
0.859577122981856
0.757812102194906
0.750163844151833
0.825471421080219
0.847483613981
0.840091452703253
0.887760249232667
0.920788115545143
0.816302547742523
0.859192304745917
0.707379303774385
0.819854789801014
0.751456792137773
0.822169481993577
0.741766066139693
0.733840307607488
0.937086738081729
0.83141610391965
0.839448309351423
0.672599839596478
0.905658133367948
0.737142959393525
0.803389817562897
0.811239380085649
0.801745545964076
0.766421290619862
0.828059912500668
0.975382331482935
0.720422808039628
0.947151771850577
0.817349770246928
0.787035180961776
0.810239470722922
0.858738428818267
0.930383179528303
0.83822113251898
0.696552601389609
0.787753239718718
0.840929583412397
0.836684700164167
0.796877392584645
0.959722287581885
0.898451602459235
0.925215155697334
0.939116695902299
0.824008730290284
0.831341054984135
0.7809532595642
0.900119377629928
1.05513121893187
0.82636674019699
0.869171388790817
1.07623664402626
0.954906710195022
0.882890944373003
0.894466077670417
0.952038318662887
0.959765548629124
1.01984376212854
0.926340427631376
0.88714755078415
0.869047374074259
0.814852018306244
0.919668775167322
0.831618026695471
0.849915852641744
0.875095897653693
1.10248715239022
0.911382783451757
0.998522804889149
0.931118477807331
0.890264322204595
0.941064626442587
0.986153090456689
0.935818449010047
1.09362524638101
1.00195313259183
0.951453401225621
1.01011871980523
1.10945916798111
0.94325356945555
1.07870684359957
0.972798695624654
1.10358701111927
0.782306455913422
0.97487038836601
1.04418380655526
1.13366389495392
0.927048258847234
1.08294076039298
0.978980300158266
1.06189004169434
0.822763948844135
0.891098331575424
0.915285868128679
0.979294602721907
0.966730466492341
0.86346067322452
0.898587311824812
1.00974607610889
0.926667946676666
1.03953787158472
1.03188072559642
0.908607162464587
1.00458432955181
0.982795500758758
1.00874521262623
