-0.0521750170624529
-1.07517065629389
-1.13658049304095
-0.88045599364317
-0.983859374037981
-0.958709708197947
-0.966989627581932
-0.972836329195841
-1.16018386136408
-1.03957122340475
-0.906499503154432
-0.904173577805363
-0.957282325885644
-1.02247622954375
-1.06689488327227
-0.959141525282757
-0.913183266235036
-0.973893663513798
-0.968360531734499
-0.875571027477709
-0.973454426150695
-0.989564796623632
-0.908260586371939
-1.03348791733384
-0.985452243817673
-0.982972885732927
-0.862673024242378
-1.00629537125078
-0.781928904501168
-0.85336408368672
-0.886504030715567
-0.939950124911537
-0.909556916299269
-1.0816052655287
-0.928406956161639
-0.943350503843422
-0.896393834173665
-0.782684333815066
-0.965721715026458
-0.979700497439015
-0.901209929186574
-0.884477888946941
-0.881832000945871
-0.924921127446902
-1.0082455330164
-0.816889893326425
-0.819558510974757
-0.863771955182383
-0.817155363773417
-0.965977771354864
-0.858608473538642
-0.978928983724748
-0.786842369336183
-0.865229450927927
-0.873211602062156
-0.803314706556038
-0.92250566865853
-0.822772975240053
-1.05174200378613
-0.793988142341902
-0.88607209592623
-0.991234741040119
-0.977235346819842
-0.949557582692633
-0.914157202732253
-0.860077019165031
-0.977536283074628
-0.866711493479963
-0.932405403461612
-0.757194882631482
-0.991464671543104
-0.995887503552064
-0.885371290797309
-0.753948509088431
-0.855646396558847
-0.719577505315499
-0.858929642142628
-0.905750106325335
-0.770123603484617
-0.816315594613267
-0.84379175164486
-1.03021176020939
-0.844666602083534
-0.891329870149785
-0.834460999551516
-0.825382138299588
-0.838392520387191
-0.813984523611962
-0.822337924327375
-0.855898580021656
-0.69983918252214
-0.814604719726288
-0.764081110988288
-0.78145352905913
-0.767672275297411
-0.800121071874107
-0.814154325824016
-1.07489451175414
-0.766038457642956
-0.882198036077942
-0.75670643453213
-0.738574666407518
-0.829386661739338
-0.743825545476194
-0.769387929968954
-0.663275128458884
-0.797797325752025
-0.854211312944289
-0.799011799481868
-0.689552703505776
-0.858054183481713
-0.781871637605806
-0.838590528669155
-0.643457262725505
-0.778461390038455
-0.682897924733475
-0.865303915592321
-0.704208921855425
-0.691468262995035
-0.765729098154913
-0.761213785453415
-0.567856119609015
-0.759279151356007
-0.729981397669174
-0.672213512655203
-0.757331448273685
-0.75899125588713
-0.856181026151364
-0.690628966768402
-0.706976299953671
-0.690199512595298
-0.576724323818813
-0.663150674855131
-0.733038374501924
-0.724482936660249
-0.716806245727859
-0.722305253493
-0.623480110236736
-0.754322934698656
-0.571966811768953
-0.738104131714858
-0.615290473753501
-0.622207422377699
-0.653837236961477
-0.674093319960945
-0.705410752450953
-0.676116922876886
-0.697564465697429
-0.780823883152933
-0.813806561824771
-0.926862243034204
-0.755238513932243
-0.632637489415532
-0.639917621203387
-0.749863965379673
-0.58748593755361
-0.566541476176308
-0.533911667902988
-0.659718642747191
-0.679823729125739
-0.708428121677476
-0.755677919983189
-0.754948193851822
-0.751660899831167
-0.764336156825319
-0.725570002757885
-0.618753158277304
-0.701901521279598
-0.707134821746794
-0.638067998631946
-0.767304145184342
-0.73999487293857
-0.739198879708406
-0.69173879389491
-0.659769739886709
-0.666098773136505
-0.702087497205714
-0.537962367055324
-0.752180149225057
-0.744197486852879
-0.708146991603687
-0.634931281787919
-0.592073400094791
-0.56438912578541
-0.552992552098353
-0.560023813107391
-0.665347492320576
-0.70408539950289
-0.416693180780113
-0.660687368395772
-0.778917414794054
-0.466581940927528
-0.524229919361598
-0.668791187039822
-0.485589764479496
-0.615428303615464
-0.626590750507339
-0.644543369805356
-0.728142466652214
-0.70620979080378
-0.517969152496981
-0.723156016277201
-0.673746603853874
-0.596872044966672
-0.657037499130003
-0.776031218157034
-0.597373098036801
-0.666640869337487
-0.673412455169797
-0.669157891110934
-0.679817416135749
-0.440829813942644
-0.637812261956729
-0.487871964593096
-0.518099204805096
-0.472486595107541
-0.653632029216422
-0.601887271717595
-0.625556627938713
-0.643715719948412
-0.643249700854981
-0.650905569157553
-0.62296628021018
-0.649173203680412
-0.608611771215304
-0.719321319029662
-0.563951272292916
-0.610239587527573
-0.538858322734771
-0.416720221998684
-0.401518733854141
-0.526498483311636
-0.460614955104471
-0.536081017904988
-0.59884669003485
-0.451013728039281
-0.676137715007461
-0.512376580404811
-0.373260387883081
-0.625899452428903
-0.422854777057661
-0.449410566081486
-0.553504100077156
-0.474298181837829
-0.551207743150527
-0.503951191882494
-0.455322857687944
-0.472548365239113
-0.526517455559462
-0.623717267390095
-0.719448551213807
-0.487476424017212
-0.385436947239019
-0.533311779239276
-0.618678288555249
-0.5775034158903
-0.573864166820713
-0.399023202479935
-0.407087903837302
-0.390476982140853
-0.397152294153228
-0.549701794077175
-0.614067777566044
-0.469921999182713
-0.392588954676491
-0.403274415056
-0.402894007462941
-0.659714360382513
-0.476367468590239
-0.292302645259498
-0.545315338921819
-0.510301942264909
-0.554025853071547
-0.433544440268468
-0.31844687802216
-0.422680285279222
-0.525712005749548
-0.521578210157395
-0.417253026622955
-0.526393758102398
-0.444206342720544
-0.42119370636764
-0.450266054913057
-0.452553795594123
-0.263402837930396
-0.312716420044932
-0.417091790600783
-0.458275727657901
-0.538018094026948
-0.491275349979126
-0.473745179973974
-0.404014505183117
-0.368557649187306
-0.48290044696903
-0.511899114128715
-0.43250772652019
-0.492157025742855
-0.448268450808255
-0.400414756453433
-0.307429033756545
-0.316685108506775
-0.452054217637839
-0.445238812877685
-0.442291459048784
-0.422894994830705
-0.420182772322445
-0.415748141366088
-0.367530396159776
-0.330470174765731
-0.362827005093918
-0.383290224502511
-0.540678081987475
-0.298477895021167
-0.286981579761612
-0.444826857621375
-0.338993996323443
-0.267460677399858
-0.534218600936373
-0.289215493036331
-0.326835094638084
-0.255484595598965
-0.372380862807956
-0.19511428799028
-0.320214677639113
-0.42070108284575
-0.297413985028179
-0.453375410539903
-0.285226745859492
-0.375176525080467
-0.296385281040026
-0.368144684762503
-0.340051539157351
-0.252543982715069
-0.498875333897006
-0.387667275330698
-0.341705288852076
-0.434052646962758
-0.290252158427497
-0.274294239803714
-0.431357963209286
-0.294330196452692
-0.384104220585226
-0.249523963438695
-0.222695360279572
-0.230423779910374
-0.298322823464362
-0.320451592984019
-0.212362167860287
-0.497255541542426
-0.129439693632794
-0.30914563292537
-0.192464045640396
-0.298783524482484
-0.346690910302533
-0.227885985368849
-0.397686834122609
-0.294277414693242
-0.19442883514323
-0.342806996946641
-0.288495074507168
-0.181789659630144
-0.309586712039995
-0.301178400915812
-0.249402379179389
-0.429301180485339
-0.236718010442059
-0.0880830436803629
-0.117942270455426
-0.34190262870221
-0.320275239999577
-0.331023568369677
-0.290221248803147
-0.295982530172094
-0.321754274120086
-0.199419752524388
-0.36599496156167
-0.35656361864727
-0.376131964106245
-0.274753476454101
-0.28639526539784
-0.193263377259778
-0.33780095885866
-0.420855359542941
-0.214912755929106
-0.200562318753433
-0.25844220824526
-0.020859179033273
-0.207592762676165
-0.121748259569714
-0.24443584183346
-0.101164591232646
-0.194661019507048
-0.219136909042134
-0.331791349542302
-0.33252437390568
-0.30612349386692
-0.207009439219001
-0.213108716953573
-0.343836060343716
-0.0639331808280558
-0.240799520266694
-0.174215634135109
-0.251096017638651
-0.377975407501576
-0.167905797137019
-0.117714583753939
-0.131020726227306
-0.240710958357574
-0.178935343428009
-0.150397500795623
-0.113489213892489
-0.0515990996782994
-0.111477652310047
-0.1096939906362
-0.186837291752217
-0.339502519644405
-0.178743072638366
-0.172686249819655
-0.121886958648403
-0.137359315440401
-0.231898435834315
-0.132901265992828
-0.269539761849288
-0.118236229578649
-0.221467339667383
0.00501870051225295
-0.297439048027399
-0.168471135953863
-0.162253759421992
-0.23259892595585
-0.0870062890449525
-0.0581982998536926
-0.0928792715686609
-0.173685686521911
0.01142992404505
-0.25820775108336
-0.261024445710639
-0.184846533721383
-0.161824425552863
0.00844906934738953
-0.153747288895328
-0.325712386122549
-0.152528116071619
-0.231737301771405
-0.0860871297125844
-0.0879279365006248
-0.203707754127217
-0.149253670047013
-0.107853959745077
-0.072518091187983
-0.0654523653156611
-0.0575864167555565
-0.062713640434015
-0.0746725328903627
0.00102669597149497
-0.0120206601747945
-0.129598527857567
-0.0190436141414239
-0.0254218846755168
-0.00748918791652498
-0.157247413940313
-0.0813369997020532
-0.0925755217509976
-0.0473403916408587
-0.00690914400502627
-0.0943959238869383
-0.0797410599020088
0.0562422278969249
-0.141928823725923
-0.0316084249646862
-0.0881144046417683
0.0270948115889005
-0.112056748106002
0.059315200489118
-0.116605033719667
-0.163434400758018
-0.0139260383214205
-0.0163488770576562
-0.00398298375918139
-0.0069505959131849
-0.11540635537629
-0.0869069183834868
-0.0653676035790077
-0.0025384648267561
0.014934519545759
-0.0975071449784217
-0.00205440248221609
-0.129335558313581
-0.0024914192501472
-0.024368959526029
-0.109546032881375
0.00967824424572462
0.0196601926970255
0.0819413349028159
0.109398640276206
-0.102563671244964
-0.0155052964499793
-0.0352259457971887
0.0649211435065919
0.00384314304410678
-0.0700331466178757
-0.0783912497426527
-0.00464170792740003
0.00333347507332915
0.00601433102000395
-0.0174872257959491
0.0516063641741564
-0.0140540587588928
-0.0599051744775249
0.050399947888735
-0.00626320777660018
0.0826234165646038
0.045692316830464
0.10041446167826
-0.00127332003018458
-0.0886683962547947
0.220929804643432
-0.0835334677385604
0.0328104455720693
0.169243281499476
0.0532164516747961
0.0572225191413454
0.15786963630857
-0.0654202602564845
0.0297145848062692
-0.152608891943495
0.0242816747878318
0.220130882344907
-0.0625437974435101
0.0961684264684561
0.126287153106451
0.127435161771318
0.0532214678709759
0.051330136810718
0.0450012914041219
0.104586568958904
-0.0021122139834459
0.0309698318856176
0.172357641583771
0.140855511944927
0.0499789561773869
0.159873427290667
0.0174265531062068
0.0865988318586343
0.002847624875384
-0.0076135711235166
0.152153848084192
0.0962632295744158
0.0911829493344228
0.0855768700918185
0.125000417601686
0.133448666056716
0.101237202887685
0.0507481141894298
-0.0629258160175015
0.0896768371471709
0.0512773655069327
0.180212487065058
0.191377527070287
0.154308744201304
-0.00575480030342169
0.17114515066216
0.102536099278991
0.293974991140556
0.107081538908917
0.123628724008634
0.122171135134364
0.198489242507916
0.170061059148551
0.0775296140221143
0.18877271333329
0.142163938221333
0.187981178386325
0.117753948487064
0.00859824557480085
0.137479647085446
0.244619380130145
0.256146269690801
0.266707983375011
0.21826688178204
0.216731731870403
0.257496392240244
0.23247965579103
0.217893106524859
0.130530957879289
0.183378590103154
0.160960803386909
0.101513218223759
0.17086304890643
0.221179544515626
0.0548879758107672
0.221651526422114
0.0729638339121287
0.169981517632799
0.373181747804491
0.111768556533978
0.277965622635176
0.186100007974173
0.162200896047157
0.0769268289987691
0.359106993269217
0.179919164488564
0.134467275960961
0.162239130939555
0.342211940876877
0.340585225426039
0.338214992555341
0.262410251454525
0.213642892321292
0.137470452139374
0.245292784296227
0.207891245430632
0.198826181496256
0.177949202166783
0.262390371805081
0.0654031865400979
0.259420923942085
0.207323282378292
0.337499770327981
0.151432694038741
0.189090649073446
0.0738548070804391
0.0798006022884427
0.226458414641708
0.285805465229492
0.226232079444165
0.337500013158639
0.3391302735995
0.272814371232789
0.2499638527845
0.139392074592167
0.400478105626465
0.237826994821705
0.283825114063401
0.155552146593383
0.241798591555454
0.170886726174811
0.400979926086515
0.254400785948786
0.141167031674822
0.313813555388467
0.290169495269177
0.308559819653214
0.221637904433381
0.159944365204048
0.256062472878068
0.362012512825973
0.169667986292909
0.353483184152902
0.295902442869095
0.174470446145619
0.248227654444365
0.285810389944733
0.485654745073363
0.364293002907534
0.249412108925222
0.265660150439559
0.208393133179133
0.309086424738012
0.488577819543092
0.223395748743027
0.306639026054933
0.255547356613637
0.236486000812453
0.288812266715217
0.24764045070832
0.386259002296001
0.345544793095392
0.361162120494819
0.237451512024232
0.27002134148012
0.231617021780159
0.31342879591083
0.369711321243302
0.379435385358279
0.433122161453404
0.350959552944872
0.339223521340076
0.326708935082289
0.310070918584575
0.28873289413542
0.434182582918171
0.199628645654548
0.367493628513265
0.348017294005254
0.375372307334175
0.312433451546999
0.459422239280136
0.4000919423484
0.475440053195175
0.387488387037071
0.226992510265703
0.37201133138594
0.436391464055326
0.316917420442989
0.350806333852598
0.363628415646648
0.26584831688089
0.37980140713999
0.417831498122395
0.519318864817367
0.377110119861112
0.395754484767891
0.354192159185844
0.427418014044723
0.329320471258967
0.498114932550656
0.522924658306681
0.39745821662119
0.635958830126342
0.408563582998975
0.430491283215088
0.345845991923409
0.426936804036315
0.373186107788261
0.405221330918338
0.384819474070402
0.452150014414199
0.389155255979254
0.526450006090191
0.608880029268975
0.436711367650466
0.596820348565857
0.53080853378188
0.522123285764238
0.535695996156547
0.426349437606096
0.388944737665611
0.382690981647548
0.423576179329426
0.596825212329233
0.299791250826371
0.393202051024719
0.468438209663799
0.382395876067808
0.294307948092225
0.532590834469882
0.442341425663869
0.603155212535921
0.449266303345056
0.449154480770903
0.490850149240933
0.544441421264694
0.460947853966359
0.494395169444918
0.481066941056868
0.644828554420156
0.635878644394684
0.452313925432825
0.499482048445419
0.492652029393466
0.571920944397161
0.642819934962107
0.42417574435346
0.678693965479358
0.431786332522199
0.505730679585373
0.592229356018839
0.536825266416837
0.611742808659619
0.472399752660747
0.60079873164967
0.33295074778284
0.57574162965086
0.535714743408576
0.394222345169262
0.503493994011064
0.511083084973987
0.62815743783824
0.54678072496126
0.702622807738491
0.460650601202391
0.705810064695684
0.564895518876547
0.527254833730985
0.566221406026214
0.574314143936324
0.541733085277261
0.472281049515565
0.473922065837991
0.578726607170839
0.585727243644165
0.598458286877894
0.561336138649227
0.56433018756107
0.606866645763551
0.622106532495698
0.603371219380774
0.546950569468465
0.532586714891753
0.608782635343483
0.640737860454972
0.67281650894124
0.615799835323153
0.710406186608312
0.544424005474345
0.542632265560849
0.539218653604656
0.53249986197432
0.522930713429975
0.442259763794664
0.593507268254552
0.656692003546005
0.557380536827857
0.627118485792503
0.525949464650816
0.778191971663514
0.545982055988375
0.591516498947773
0.474168809748395
0.600910984036226
0.776670447285831
0.622605572947216
0.547257799499513
0.741728761033244
0.516749233559172
0.534572008993208
0.638028771594559
0.692375312061682
0.579590739409051
0.759180009128963
0.764738986489198
0.472894980973633
0.704895764384093
0.63566728212152
0.723487595493773
0.597941139339551
0.760655437375169
0.648837992780125
0.681728630104876
0.735077976435335
0.598249465769838
0.646275057057867
0.684913387650603
0.51311889747031
0.811093983778707
0.554648312689156
0.609088226642034
0.657618508323834
0.827659695406784
0.585599103764817
0.750685803035607
0.5920442191181
0.567718302246874
0.658659240130233
0.682197197929573
0.777324075339987
0.642974958065545
0.741142993030898
0.623777977082072
0.687062862761419
0.72193002970728
0.596978991163044
0.748152306725518
0.732578917306051
0.558931944434322
0.854390137026733
0.843453074547126
0.574964025533066
0.572276690315278
0.752536112345608
0.692660551784623
0.793111509477527
0.630958412454843
0.612232303369423
0.91963973009935
0.765033346315814
0.697973445682796
0.642998323398543
0.650430828159427
0.672142223931346
0.673619138745005
0.724436368632134
0.682000002093573
0.792946901490352
0.848363856963383
0.836577684820321
0.745576283256502
0.823493950559145
0.771107594419582
0.814361692311061
0.832317805438287
0.79037697127552
0.791271220858578
0.761848201398198
0.736883949966753
0.763299154739281
0.822863348301404
0.733436210119794
0.797219883472886
0.840874117363495
0.867030384169907
0.923138422343598
0.797217970944119
0.828944255919397
0.897925589140361
0.929685353242486
0.614739854398237
0.952174582073141
0.871865681756933
0.877451870171725
0.925771663394255
0.760340546824982
0.818708095003473
0.775012150692574
0.67693259724434
0.786374486369813
1.04246723649255
0.898750633816201
0.799179613825942
0.795911079927513
0.72226999825993
0.865535251009167
0.767842966789789
0.820286851098581
0.87337436322472
0.776951523891038
0.765029014716387
0.811001198998468
0.989991128186535
0.884087717987976
0.736754735267408
0.824033461765612
0.809074828310975
0.906514835974984
0.818531302824363
0.809548282821442
0.883795861441798
0.942279431716824
0.894143651276442
0.830804040890238
0.756171558673715
0.956772268136262
0.848304620974746
0.799206475090423
1.07195791157191
0.80271201586711
0.920396345409424
0.801854094648153
0.90359240808546
0.748606754399032
0.927856214347119
0.952399174999178
0.789176872883766
0.635543446971053
0.89205461338794
0.892677703540791
0.9910203187227
0.749225338762615
0.977700125533858
0.910999354571665
0.708636704974083
0.852286061151964
0.932012780802236
0.987096476205379
0.917677568382884
0.907415404959726
0.97747951301025
0.97877978438579
0.901096882707625
0.864674378463644
0.991324143358368
0.827260119513585
0.975187460922744
0.827370492452155
0.968711340664056
0.895062604821291
0.871167204859499
0.897534158460087
0.933909162059561
0.951223542869513
0.866143292267819
0.971558053788105
0.976570693817211
0.962734780304261
0.912475434606338
0.89116973909672
1.0519244521851
0.976598396285451
0.997681078660921
1.05768734799434
0.97890474607397
0.935918962126858
0.877617974806055
0.906416438628331
0.880422492317877
0.935462501212569
0.9732048892561
0.913115730528052
0.86833342385625
1.06037623652184
0.948589525615121
1.0682473283374
1.03879406706742
1.02141067578785
0.900802362953859
1.07483279663512
1.02169229641663
0.957153177670741
1.04416030757813
1.07594291512153
