0.00330231963850769
-0.994956889351101
-1.1489240687722
-1.0861132290956
-0.890797554615608
-1.0285873411744
-0.930401081634138
-1.10480224599327
-0.957041414579165
-0.867511076168809
-1.07302555436213
-0.91860085553442
-0.989642509128012
-0.807889763204818
-0.982065201513962
-0.952334174617007
-1.02364109111695
-1.01512899984127
-0.992122467119334
-1.04658743017306
-1.02555839150233
-0.927518991474594
-0.942493002837109
-0.893074117028083
-1.01299359969713
-0.856197681796523
-0.942258362887559
-1.00825505033848
-0.902196293041889
-0.901903027199069
-0.925047218078559
-0.991541000766912
-1.01645090667006
-1.00541203496218
-0.87332023017062
-1.0251890566742
-0.938920427648712
-0.935826034559193
-0.908978827676091
-1.03540567118301
-0.897189538510439
-0.917171491476256
-0.904270057790963
-0.896281202367737
-0.84447885813598
-0.940765140788572
-0.709626743341035
-0.908779131334535
-0.842131622974002
-0.913264953090669
-0.895428265949135
-1.02050970854305
-0.814439544143566
-0.953237501774557
-0.763964176676853
-1.01600454953458
-0.958199732656955
-0.942296681218222
-1.01716395912678
-0.849357624438497
-0.907370783400716
-0.814398249135791
-0.782432380108966
-0.942006737767376
-0.972106619747026
-1.00662144322018
-0.864589155939677
-0.965682562182722
-1.01292353681135
-0.826185219536736
-0.791749468713067
-0.658064305466044
-0.83527993749835
-0.865249710087187
-0.920058137005903
-0.865432044727126
-0.770030128374122
-0.844064699542048
-0.833459432459308
-0.797555748769836
-0.935020705724608
-0.871151321861367
-0.972475285368398
-0.867730565250589
-0.913888824342627
-0.894357864286614
-0.772117578836829
-0.885058669385173
-0.913479714186611
-0.796455018200897
-0.81362058333615
-0.857989643602738
-0.780369749821416
-0.84853877009072
-0.817727012618577
-0.782228081284055
-0.78794380849852
-0.801070525060024
-0.828490383939242
-0.670407185651139
-0.654223930217396
-0.810816377545162
-0.684546467961861
-0.824697705399207
-0.829225016242371
-0.722199282968829
-0.849290383298582
-0.782816599854721
-0.782826402179103
-0.811230033042221
-0.676302189274411
-0.755148103341048
-0.716337955036654
-0.755790702922701
-0.77936879462197
-0.778149986441828
-0.806526218964039
-0.76429184383283
-0.654393261702615
-0.702458359300331
-0.786730917182455
-0.782637033086186
-0.687626306819444
-0.704733471577743
-0.785596731743796
-0.627097787084974
-0.85304986515071
-0.74156130257251
-0.768629877024094
-0.877186650185212
-0.871938485282946
-0.759748823390611
-0.921987991602865
-0.646165612863325
-0.701339951744121
-0.651381525683245
-0.759980956136671
-0.605429352035382
-0.571473782457198
-0.682865722578212
-0.771691236512798
-0.744529694894517
-0.767452635150196
-0.812266046103521
-0.71894455720091
-0.643529325948887
-0.741099897969673
-0.854075265898565
-0.871305823256162
-0.667971266112658
-0.729924541343911
-0.765101106661741
-0.521334215612893
-0.713455806939316
-0.953211353403877
-0.787299150557838
-0.565612434042906
-0.552144769159232
-0.607804860647973
-0.671395658309496
-0.806281120604997
-0.675969653605692
-0.516600586361915
-0.597601653734833
-0.678944052712006
-0.599166515295225
-0.748704896454218
-0.691530988726407
-0.559483664223189
-0.705832068922776
-0.633938050114156
-0.689136325426751
-0.672248921460942
-0.655168554512358
-0.74695874967371
-0.633863328280418
-0.802423293929711
-0.718157578865362
-0.501519589933451
-0.636535777030123
-0.41114595901112
-0.724635272350721
-0.659980035507496
-0.775514490103491
-0.697468067361944
-0.563758996140984
-0.728075220549599
-0.665089516148983
-0.580257701514229
-0.670176831622407
-0.887993867633108
-0.579723818320354
-0.676068351251294
-0.742764516102471
-0.681235954292908
-0.684977429991057
-0.525114612088686
-0.710872034035757
-0.717038034339165
-0.741205094012036
-0.593203349979495
-0.732246243821418
-0.53685489917109
-0.664060793578948
-0.843953306006545
-0.702668052603899
-0.634825781668344
-0.726411723747016
-0.577551536810121
-0.636993376354918
-0.52964388446314
-0.526827994390113
-0.610404428170469
-0.502940598918036
-0.540413697841506
-0.612476530480919
-0.67274092596362
-0.431541929960995
-0.595938387095419
-0.564072455536516
-0.564356529988718
-0.537643113107639
-0.463780307667508
-0.509613938286045
-0.502673729498274
-0.585982695982136
-0.48319737241466
-0.613458358482784
-0.614244820009466
-0.491478295177792
-0.584865406845932
-0.624638647731976
-0.623500755960489
-0.479933901933532
-0.559926228636988
-0.521255059583557
-0.494132749802801
-0.367931817726797
-0.503066130591484
-0.597797707943631
-0.660071139195964
-0.563642513084032
-0.599357106454017
-0.382765814649569
-0.626597130028521
-0.54688350843871
-0.674120675183689
-0.706284514797043
-0.464439350861142
-0.558494817328681
-0.576468836438314
-0.530132786044641
-0.524008322416056
-0.483356760751376
-0.618032523280484
-0.532419562080042
-0.369738411469624
-0.388308630256101
-0.448022292091235
-0.40465083061679
-0.464905462186365
-0.468978712349717
-0.504968195660746
-0.366976440659295
-0.488322293589639
-0.518018272236608
-0.534745153106852
-0.467516200175271
-0.48842868141071
-0.447954475117799
-0.419659714958549
-0.418675125613686
-0.421905248107252
-0.457743471668517
-0.372350793264984
-0.439408613795063
-0.428062747220236
-0.479689698928583
-0.528475873080073
-0.367691407227827
-0.431410275242306
-0.398014295957161
-0.364575662288052
-0.426453032311958
-0.527489734819483
-0.485528314014877
-0.326058792995792
-0.453630106469895
-0.509536707398645
-0.309435903946117
-0.475808289596711
-0.455328492368659
-0.482095665008772
-0.304889355591698
-0.403459922296321
-0.501531826460207
-0.472841435105029
-0.52783087903462
-0.360489926650629
-0.403797755460858
-0.300297703743766
-0.24334267818754
-0.359314634117157
-0.402917698441585
-0.411243656576206
-0.253775097703614
-0.246365399668659
-0.340222457390691
-0.307468788558223
-0.471940185784241
-0.409974261219268
-0.429468283733993
-0.334350594333097
-0.37397355458082
-0.314831604433785
-0.311187162187052
-0.471639783958495
-0.378278210493696
-0.393893169880089
-0.276707721270772
-0.362539220894047
-0.291133146028574
-0.325624905656487
-0.305166666161601
-0.404304323916244
-0.425195340971705
-0.378491709268489
-0.195393537787575
-0.342387806683253
-0.290110167089681
-0.231053781771674
-0.44916148620592
-0.374826565999488
-0.337989745597329
-0.394357691587854
-0.44190021891379
-0.314869346229346
-0.350885300652838
-0.381800612329283
-0.285758035887476
-0.317470690859532
-0.253249686143569
-0.321289529797584
-0.331227404760332
-0.504517860067678
-0.294845792685721
-0.454684125357291
-0.353659786225732
-0.173770781796089
-0.343132591140531
-0.342988466759036
-0.378127731638711
-0.335722996346123
-0.355245402676543
-0.271421388854083
-0.199758961030944
-0.269532805548658
-0.391584872049007
-0.323861658982689
-0.269353380968948
-0.31896520577962
-0.284321096209066
-0.234265723644866
-0.239127675190684
-0.287790802669274
-0.300263855743807
-0.168032955549436
-0.176891154795361
-0.272404210408363
-0.256016842978624
-0.26993567701016
-0.171162595080654
-0.383935653640007
-0.378256737522279
-0.283034478727023
-0.293915848525158
-0.227963728851474
-0.319277474569628
-0.247919832914909
-0.25283862431693
-0.232162025161718
-0.312675100189276
-0.357584483635292
-0.14747589577268
-0.308785211229397
0.00441138179379894
-0.405890757298076
-0.234153030293958
-0.20918965646216
-0.179728225237025
-0.20892453794392
-0.279607522752956
-0.15884213923762
-0.247095960424799
-0.275043162845992
-0.0024303541500399
-0.301211661389715
-0.297835581991963
-0.184109508209259
-0.260194384642769
-0.214032206221238
-0.362268255094328
-0.359217833583069
-0.149993541830075
-0.0523455947143659
-0.192569265927432
-0.208384347854541
-0.189002287456229
-0.151487472524182
-0.238909061122164
-0.278543793627604
-0.18660993096975
-0.137774743082291
-0.194205131312369
-0.198753410173875
-0.162597147021597
-0.134644498386683
-0.167799402229684
-0.195933590741232
-0.189861143032276
-0.15573792556427
-0.112510106771274
-0.155635051042397
-0.121522512055011
-0.0980317776654024
-0.284081649151653
-0.347677323110193
-0.0578590131458349
-0.0315512175668322
-0.154172917128636
-0.120736528251526
-0.173888459904015
-0.069810827229913
-0.0190514638165373
-0.0710864868130763
-0.219836423663706
-0.178279376517694
-0.0387521989978415
-0.00214151439855513
-0.252594594363198
-0.297269655828967
-0.131698604387996
-0.172126528237889
-0.0380684464594526
-0.233229988224588
0.0267718382815885
-0.192780724146734
-0.00939937811870142
-0.063411514529211
-0.0715047457032342
-0.0804104055103257
-0.247236687050084
-0.0529031701000288
-0.181315136025092
-0.07090866917297
-0.187835106030071
-0.0706875028710452
-0.167012652584419
-0.0474024908705423
-0.2767188825687
-0.183157972715047
-0.016776506996478
0.0871569287979293
0.0493019122263423
-0.104443687716931
0.00968525384387099
-0.196286043259937
0.026075406285489
-0.115315666043742
-0.0479960076909161
-0.0160036904176296
0.0762297430790058
-0.129266593201436
-0.054623225819839
-0.100925914468166
-0.0862640974652818
0.0703053346801629
-0.125941866801715
-0.0373245550455508
-0.0208392965132552
-0.00535534163946743
-0.0533939791876743
0.0756425541080662
-0.0761541682642525
-0.062030902817079
-0.178607784727953
-0.0690845925245451
-0.083167375895588
0.0877056124016142
-0.148883107484836
0.0386318049724928
-0.124306172753472
0.139869528832771
0.0882170538547
0.141929795871515
0.00166416681952231
0.102540698227532
0.0506653579956943
0.0209453649447684
-0.332891141726018
-0.0561320015217713
0.102219556468508
0.0814311079053265
0.0297901069972041
0.0176814954677638
0.0170460869839949
0.0629226488340712
0.110807008881112
-0.0239981090620394
0.12602704598455
0.0497607766677789
0.0220688608240164
0.0726116797859152
0.047657778452465
0.0755615071325074
0.0367744999972029
-0.0327931510383652
-0.121755072598287
0.0394193219654268
0.0798178389069382
0.0374433197665213
0.0411142792140833
0.21866107581183
-0.0160890395447064
0.0668223715405072
0.144311857649134
-0.00605811272196561
0.028307669438666
0.13336172525706
0.036062307550618
0.0655622060105823
0.216943081038093
0.0339096957102377
0.131236448147797
0.0663855225148951
0.0667558281128795
0.0304629292331928
0.0666138465696948
0.219410998018181
0.130740414127854
0.149426042066698
-0.00157521828423929
0.099258964213368
-0.0477467939965108
0.0383488775558474
-0.00442872317204218
0.183074001405024
0.1894909033731
0.148104661821079
0.0549132087156781
-0.0427362951413652
0.0754820162007022
0.065718585309686
0.121752167725975
0.149374650753036
0.0757144437554702
0.101851573191586
0.275275286007812
0.0252528429487489
0.0891373970813802
0.12035462536296
0.0261516559659747
0.0696431762637365
0.0187752146501429
0.0933964918816913
0.188936172907694
0.0899429673935028
0.192689665592746
0.144072485735027
0.0593312626512956
0.0953271100036704
0.188513257925712
0.161159231575994
0.167778322047029
0.298615147539253
0.0342402825479865
0.0858416789938913
0.117006529924101
0.171479591011291
0.228182198333052
0.0892817684784067
0.136273169456029
0.0414527439277672
0.187772850976639
0.186112516723895
0.136978585197321
0.204060700968815
0.165476380595798
0.198181332758715
0.0864170335743001
0.227942638528038
0.0947936815159416
0.190384992212427
0.257271025890098
0.215206641428145
-0.0039712269152949
0.337004277240441
0.217544830948617
0.158923638447242
0.25915489628796
0.298576518673445
0.211970702007131
0.175299314107278
0.159325507916511
0.165791534809022
0.21568767658888
0.125110277122794
0.280353248758565
0.262237732898039
0.187004930089996
0.268561417142154
0.290208647507455
0.224822307213883
0.18875071851212
0.177314016430076
0.0634033646358121
0.307094687156799
0.101602504321763
0.231857343399286
0.367241396977916
0.29242594800649
0.252523751251921
0.274239697819539
0.249851336028882
0.373558118536707
0.298092750661222
0.166091503248316
0.221275251074799
0.339359077306235
0.272751889437714
0.29243486572524
0.299871856153392
0.256612658313808
0.00165471882779639
0.33936555339629
0.352605801627864
0.329341225425238
0.130746165061577
0.154186663603259
0.409581037870088
0.195363957640894
0.248225936187575
0.480471822600565
0.391746245534176
0.40531176825298
0.178920272912117
0.220185676509195
0.252411261980972
0.228563861478195
0.253365009273839
0.352062114465396
0.374630893852183
0.12119719084362
0.28373860252371
0.333055667695411
0.493704108426187
0.44361223388844
0.299310004345938
0.404322797505832
0.300338580056478
0.258436166605868
0.25817963659298
0.332556302763902
0.368072194313466
0.491867373018596
0.290268676296081
0.256157512323176
0.396910154670305
0.200033191794071
0.276213317399831
0.508872164844756
0.469143521131956
0.295466284279942
0.263284329355316
0.236388912803192
0.414745019680245
0.32286664248146
0.352051215979519
0.493678219620439
0.376325487144295
0.433124047687717
0.387156190373071
0.361126817886566
0.314925175331914
0.222369716687193
0.458556574421138
0.328968370867054
0.376979998184839
0.334618436130665
0.253224182156015
0.457402801253799
0.223749769334986
0.302983191070828
0.418499925102323
0.341130351978222
0.37915656401659
0.381378503075484
0.284140627715036
0.529703441373149
0.331502919343733
0.219965860446826
0.380832616014992
0.289825803446104
0.412631789198229
0.384966922288333
0.366000524769009
0.284762056218601
0.382789758935156
0.524224289288779
0.302055300383603
0.443422374430208
0.473996290575765
0.433977669962368
0.536750790091915
0.372322405177192
0.35651138956581
0.456059681611655
0.329579733925354
0.42193286509915
0.430885196609445
0.469433212807166
0.275065886460245
0.417527299522082
0.43126260840059
0.461624364739156
0.500082835420054
0.495250373552223
0.412736771029912
0.336795791828169
0.523493011910325
0.387700040993963
0.4883611572296
0.514605124713642
0.513896365564519
0.516156466697737
0.372390817040426
0.465147000356873
0.360778768787429
0.540043511374057
0.454598207890555
0.489596997274202
0.373143068730803
0.683423280761832
0.518530205898328
0.42920768259227
0.477042742275562
0.384880251480256
0.420627343673591
0.594590254982715
0.502881265698495
0.426775630249014
0.373088921469272
0.618558689985727
0.616698699097868
0.518162614762591
0.573246155764801
0.448858251904778
0.471270700522003
0.477977400285468
0.367358741104769
0.467405103883934
0.511539250081045
0.646300623001431
0.492949439644704
0.669263448077043
0.726014074300038
0.554840505554586
0.389626667413192
0.418478233141307
0.458360780903015
0.492007204678609
0.431237499096755
0.629822356061117
0.427043906000919
0.55639377424762
0.643072122249303
0.548469846310397
0.625005746921815
0.617854177335396
0.50179965566738
0.574612727757062
0.525426232937692
0.588692705858631
0.620101509304943
0.733000732817402
0.728151379171485
0.580584994431916
0.655578301177305
0.621265091478582
0.710708707992517
0.575358128868302
0.81690841288066
0.594117246402211
0.646870112450591
0.636366602015599
0.593442620001669
0.564605964904855
0.536631439610086
0.583539771560988
0.433064933495225
0.497102256468868
0.647395840828118
0.428442581768107
0.453198564712452
0.612852948394449
0.629774548047979
0.492925149523197
0.592959443409638
0.738893074677498
0.616989834593642
0.733255738137137
0.611634384177946
0.498380398725289
0.603163650954205
0.60450457371994
0.562862464513984
0.63547034312928
0.707730452183564
0.658113596138816
0.677592618223205
0.551605592436386
0.630511692423733
0.696328492529921
0.683446842572273
0.841067335456556
0.513088732002553
0.790426900462165
0.732211867161147
0.712614777054624
0.596013796205712
0.727931494003834
0.670762714814777
0.747345659912396
0.540176679886796
0.733714889436754
0.795105492493365
0.641443610279006
0.717537891137374
0.540000890248743
0.654984078067339
0.673914079435882
0.633257285585334
0.622150053451087
0.686383937707853
0.774877003105077
0.590450111550305
0.68196537487087
0.754873657965398
0.678868596942749
0.786905747205541
0.730760904209185
0.529514750608494
0.704668322516167
0.704711762438601
0.712751312349984
0.650321256819178
0.655640515135675
0.612836251892878
0.931814295953757
0.47705198595832
0.644689317612214
0.772462986615107
0.72136229921229
0.611826363330214
0.689608207980128
0.690059486375214
0.721590582326032
0.715314566187117
0.65332521828132
0.607188294678203
0.674437328430603
0.748866297207259
0.638241166988094
0.674115610949009
0.795535883023615
0.746234062903073
0.798035415265131
0.600487482304543
0.701004777595849
0.687435314460112
0.804929038546922
0.771713885702513
0.718399332558813
0.777531214002725
0.770057860222445
0.739296736475488
0.924817623697285
0.65883672212509
0.855564389116754
0.726040657994917
0.738140170268871
0.707807085621036
0.883162913879174
0.772532989333802
0.755168036005001
0.693391856643576
0.7043477257881
0.754593970580283
0.74844816361726
0.829185271645028
0.836420444255738
0.729246256421417
0.835533385313054
0.791558968403016
0.894859829938583
0.939107257564234
0.68847308002658
0.881193968105072
0.828948981736742
0.778582366006771
0.968547657508755
0.770769612543366
0.701738923026488
0.941006558046386
0.834570869796869
0.839494067609163
0.769972957357714
0.71682423970318
0.878991636448542
0.968830725198921
0.791282657330247
0.707106477160459
0.829939952521894
0.87496793687307
0.871939148603275
0.639718464702131
0.862237040238708
0.834189364420936
0.937103914768418
0.787352667927017
1.05203354523347
0.817142737561221
0.789469633526883
0.923879765770707
0.801749377916917
0.765403199340912
0.732089179612294
0.788962171508837
0.944562425739146
0.882660412139303
0.967550286206532
0.912000383887843
0.921342879716543
0.853573440452392
0.817585258303344
0.863300252840686
0.878050562149182
0.921478643203274
0.726835298611248
1.01019958280267
0.887013144438861
0.902314220895268
0.895446340827925
0.933357712117912
0.899336174156234
0.902138307135456
0.907794616528987
0.970712109942107
0.803736190465686
0.887785898081417
0.902781558959049
0.878359071796269
1.0723655881955
0.878736185158232
0.908445742872161
0.826252170827612
1.02199474013973
0.982838755140278
0.973601265720872
1.11562816755799
1.0008509182231
0.894745288612033
1.10603752607888
0.958741839629736
0.957563070491513
0.92950049688114
1.08713547396889
1.06134102238988
0.760466143155754
0.964456817287017
0.944701920918441
0.898289550149489
0.786958369888371
1.02858856494988
0.812575785672854
0.914788014655638
0.890208920989802
0.883332050860611
1.03144034371669
0.849794302991558
0.976975996981466
0.930223186334397
0.890767329256325
0.999225055695855
0.942645148806182
0.880558511599734
0.787674948995525
1.08142336731541
0.87100769889394
1.02021517486297
1.0256689347034
