0.11342559688308
-1.09048667185922
-1.08572884773222
-1.01242251245864
-1.00104716915805
-0.993639576292111
-0.951848518487703
-1.03377202226306
-1.04084944499673
-1.13774707687915
-0.945843035360089
-0.882008078768208
-0.93701510438758
-0.978120713180452
-1.01162460909438
-0.858364969645928
-0.973978686357206
-1.02978308472948
-0.797718887349677
-1.055308514252
-0.951412605775998
-0.744114280671211
-1.04055800423697
-0.871136966291897
-1.00159848459345
-1.00215171457058
-1.03253108079978
-0.978279115478185
-0.876085867657757
-1.09908073541431
-1.03060865880629
-1.05193801070025
-0.995683973165862
-1.03715951128906
-0.966439215527356
-0.961518163999362
-1.01215324752631
-0.862580700634641
-0.796735435664241
-0.885653149712074
-0.871657101282805
-0.83946167723561
-0.982815503496318
-0.967033247722996
-0.921072991419713
-0.84170049422131
-0.940566781778384
-0.844304129509096
-0.959256893123781
-0.953151159439897
-0.947821602883009
-0.958423173601938
-0.889901167459995
-1.05118573349172
-0.732560113109368
-0.980245504212645
-0.811285281760411
-0.793184994235526
-0.976827126737198
-0.723142169964465
-0.874724125834122
-0.898078155622749
-0.931503606728216
-0.698471068784582
-0.854832721215364
-0.923742290019076
-0.915186529209887
-0.920146433990079
-0.924714808579138
-0.800047066496071
-0.762083477810104
-0.943233380573346
-0.797242442829867
-0.997652425546065
-0.875205110537095
-0.898096833334312
-0.715620619906732
-0.853642865762364
-0.932106069863898
-0.916673640896209
-0.748552720150449
-1.04252682137192
-0.997963544483227
-0.940020075364899
-0.92783033142327
-0.93812332061877
-0.862913511337401
-0.802243815742672
-0.874489529991611
-0.92988578223314
-0.94774644338732
-0.952018715113905
-0.776833093976457
-0.886741655444462
-0.757465216595793
-0.784498402349623
-0.852867921162744
-0.854297027426186
-0.762596703914591
-0.740497644486629
-0.726265282270723
-0.86698250173238
-0.749320404346787
-0.807887681735568
-0.664709788437163
-0.709902985520628
-0.749971787252742
-0.774498175181614
-0.622608838690066
-0.902504997864225
-0.776193493667531
-0.806279850540659
-0.809074626087565
-0.89253172585216
-0.754190123294965
-0.795406891316836
-0.660184118172566
-0.854229452268185
-0.870164211081633
-0.740836058566487
-0.924006824195295
-0.927832197011918
-0.893854044438221
-0.725225581849766
-0.827878720321855
-0.569735037780921
-0.714024185143163
-0.732768610153355
-0.738429108072046
-0.70256718576727
-0.825011238990234
-0.687083938328145
-0.615815241390672
-0.794857031643472
-0.583687833423552
-0.66367535846538
-0.767695094968171
-0.674270388572497
-0.693073593863239
-0.649452719122875
-0.712648195047528
-0.69695414277297
-0.649574025851643
-0.629060887977329
-0.632449260374174
-0.761464349993233
-0.587236929196606
-0.774360770609034
-0.82885277953762
-0.726888920794671
-0.658323020650736
-0.570725069773272
-0.698804085665733
-0.676169365816103
-0.719766739029724
-0.612379199491147
-0.697088854876845
-0.738275123885372
-0.598135802276414
-0.603345619515556
-0.670781030906315
-0.637644252832802
-0.724996878273653
-0.689987249797498
-0.740560664562831
-0.485868826075025
-0.696958951111898
-0.68351122771424
-0.713113896850277
-0.689029092403698
-0.647595275886408
-0.781807399235205
-0.605675524572863
-0.66892477285924
-0.762346886457343
-0.475888431804758
-0.637573423420635
-0.66327185221268
-0.643889819804411
-0.685318592040384
-0.712516229678805
-0.545893632093459
-0.684378579036101
-0.546651664481724
-0.647860101627482
-0.62523560090937
-0.579632384039464
-0.502968717524259
-0.678608302728201
-0.729352347537574
-0.734832306240956
-0.858057447099398
-0.629695245565734
-0.667920139291522
-0.661063016267025
-0.707389276834995
-0.501892233010324
-0.621239405034847
-0.629009737320155
-0.640957723795067
-0.674159197626018
-0.617585555028857
-0.51017013022875
-0.640144527578186
-0.644617273896661
-0.707827546212672
-0.565331706987086
-0.501368125265998
-0.582725071443996
-0.590637036585907
-0.624116218241807
-0.589780869945038
-0.605033494109814
-0.604461093848641
-0.512281779080059
-0.675240937983451
-0.775213747559196
-0.662952792855794
-0.585418779239558
-0.700901150432857
-0.673726835194182
-0.698652551489318
-0.551581791051947
-0.565975662503076
-0.638303912304932
-0.56175115910639
-0.62625550853892
-0.674040916335339
-0.573706734995864
-0.477770509573953
-0.719436946215507
-0.490200354293072
-0.418978436524111
-0.564931015910814
-0.480505803498401
-0.541927858581643
-0.564088828931492
-0.666997943646776
-0.591265120817829
-0.543297207814533
-0.550017678971393
-0.434141056337223
-0.643433499399949
-0.346206658387938
-0.647922960458374
-0.446684902596169
-0.467963928621086
-0.601119158712493
-0.499579410868744
-0.531881658527522
-0.451983836666691
-0.428108688455333
-0.467712476763706
-0.597675258393544
-0.51185607989345
-0.666004499723954
-0.440560898140283
-0.444985730094843
-0.458278297473658
-0.43237693426403
-0.572223369444676
-0.388805928423747
-0.54021714783842
-0.5336446358908
-0.596695955612889
-0.476925038013672
-0.491919287189994
-0.355984106946655
-0.314745335373866
-0.368863764940071
-0.471805723534292
-0.416072777735763
-0.422071809794099
-0.481796940729954
-0.346676448056877
-0.496931081640407
-0.592305852012746
-0.414749404414012
-0.445427071928781
-0.348360250198246
-0.529323666300648
-0.369662549106751
-0.446034043071836
-0.483418312653883
-0.540978668048438
-0.5690203141108
-0.570472360015962
-0.595920764025232
-0.405819129976261
-0.416828983970685
-0.406193537214442
-0.433917760754695
-0.44499408786489
-0.461134677309231
-0.448641826646824
-0.413631803397889
-0.399471504377611
-0.421352251552124
-0.337177602723761
-0.474487797610208
-0.338229419861208
-0.462479721806482
-0.381406047184429
-0.537686789505888
-0.455449550167755
-0.384798820342833
-0.334195295269977
-0.401954784278198
-0.481806468140587
-0.268758783953373
-0.271366275107659
-0.355416824072793
-0.297612600467698
-0.48258814936746
-0.310224872316047
-0.264301191599081
-0.30448233421761
-0.374743506322981
-0.295572251395674
-0.310472931896344
-0.381516513117328
-0.389772843108946
-0.393931829183325
-0.293905824895348
-0.339955407137542
-0.506739361786752
-0.395957209333905
-0.510646667567284
-0.438044773723279
-0.424274368525146
-0.306065819841781
-0.43372869385846
-0.33858999886005
-0.315456541062298
-0.246886708515341
-0.277185455212819
-0.392995797383546
-0.534988752178715
-0.25125181284442
-0.238466097524092
-0.253327764747185
-0.292829279113455
-0.261777518005361
-0.324228641482246
-0.483896119410608
-0.258390966190511
-0.217026307978443
-0.27346515192552
-0.332403638081395
-0.19915524211565
-0.388875541019952
-0.350554565297186
-0.244195914294564
-0.100791817476049
-0.276336804691697
-0.236850437383069
-0.166840472379899
-0.383144089247516
-0.339070822507479
-0.208839323114943
-0.395059990044694
-0.328821024387954
-0.223246456688823
-0.369507920498989
-0.138224153687339
-0.203976889253569
-0.252684360673133
-0.244863623687738
-0.118153181701379
-0.263677043246468
-0.262425795827565
-0.215724665442583
-0.172147523334705
-0.330094709520162
-0.194020251818426
-0.52373163208356
-0.340092017268306
-0.360323213970371
-0.31549913816118
-0.10737062591368
-0.259504017102214
-0.161972054550376
-0.245762175715347
-0.175619767954687
-0.229952858311433
-0.251011764785544
-0.150900006958369
-0.389332624156606
-0.368371876304591
-0.410858215491882
-0.158390421715609
-0.230773293254981
-0.25177214412895
-0.109585138918793
-0.15974355764008
-0.363988701350523
-0.146515586832921
-0.207088400086706
-0.155070066995174
-0.312962323812142
-0.154429791116012
-0.241102541947542
-0.311829321678508
-0.183317015839746
-0.137446902635639
-0.086350850457467
-0.1400544443472
-0.112551940104375
-0.112299469879095
-0.107495446217836
-0.263341739615736
-0.182031358144269
-0.110775492033456
-0.286464215163851
-0.0903070226310507
-0.169690140191349
-0.0779467644104165
-0.271284786612534
-0.174349112222602
-0.0292534523706899
-0.129673690619467
-0.205418923452442
0.00521870776044945
-0.257097209880364
-0.112083544450219
-0.181886187851624
-0.194038527531669
-0.0471936689817399
-0.178372288311016
-0.216366641856179
-0.0352598514375443
-0.227240522492526
-0.13618809928227
-0.0894285438183004
-0.142326429210357
-0.049414177604018
-0.210943731210861
-0.0764961025324214
-0.194966408035415
-0.168732071663038
-0.093459924444494
-0.166681885577576
-0.0757343659805589
-0.10064971438328
-0.0833344384639633
-0.143359016559926
-0.169113083499125
-0.0168541660745017
-0.173276941591204
-0.00619610426549457
-0.380829568004008
0.0534015353801522
-0.129398720398677
-0.133910110005746
-0.160144069034189
-0.0694528494271443
-0.022129426385681
-0.0301228963580956
-0.0171280957362785
-0.234474125933942
-0.0501703332978579
0.0116944894674445
0.0226468143568826
-0.180696678037472
-0.113123722844822
-0.0795146572237689
-0.10005392640406
-0.12539622184437
-0.0455265492227987
-0.05839673571108
-0.0732533297451625
-0.148251351028996
-0.00321386536758496
-0.239341341880403
-0.0543458481063001
0.114795776211398
-0.120436719239704
-0.142321660765289
-0.118709665585481
-0.0541452978870326
-0.20197271901826
0.0933465835591664
-0.0646306691207513
-0.0748291598615924
-0.103544473925528
-0.0624187144541463
0.0264366388664235
-0.0299237872285319
0.021014417706084
-0.126083837606438
-0.0840023725388345
0.0245923748359588
-0.0673287001806504
-0.151484904082456
0.0881633406133854
0.0703227578761719
-0.119975758337613
-0.119007213453364
-0.0446498786396897
-0.109013638680329
0.168973498205433
0.118123637717448
-0.0622971149263078
0.00327643824573016
-0.138498142466648
-0.0705291708288413
-0.11455613465745
-0.0612283780724429
0.0215053956553802
0.106438062774546
-0.134914805626816
0.0900340475089842
-0.0080562846604536
-0.079581412581335
0.0661778884959414
-0.037091576038855
0.110994520588801
0.136174117278777
-0.10299158005504
0.0777084875337625
-0.0567401558966172
0.133614646042027
0.113440425673945
0.105204383633191
0.119032143151438
0.0159820612654868
0.134164790479252
0.171472695993648
0.00944234663086541
0.0301366363730264
0.0415782548534936
0.210590014749041
-0.0144347808234645
0.15881057664694
0.0352053596521793
-0.00513792258987851
0.0635894568717753
0.184006680699371
0.0124804671585513
0.106535586736879
-0.00025448964052516
0.224645599133508
0.0796293585342877
0.00983177541386238
0.00499645045252944
0.115637038684436
0.0527362710872719
0.246623861100622
-0.128576863776217
0.129316001341225
0.0654930982686666
-0.128267419227141
0.00784427477566007
-0.0197895549149052
0.241192531601976
0.144142619862035
0.0453055422671404
0.0881363347654691
0.182471304442932
0.17268551342561
0.0918188720767607
0.100452809111477
0.231379096513583
-0.0272839174871089
0.0967575228729805
0.0253291269447549
0.18449246938443
0.257202504848148
0.0415290119554895
0.0853851690561972
0.0915394829566943
0.0697701533009086
0.17002980532055
0.0812898825712992
0.0606134398177111
0.0391141956199692
0.185987845511959
0.182114538140107
0.301487358977107
0.113610525475777
0.231765578304067
0.0781547863076007
0.221030728283875
0.110938813618136
0.187425116234675
0.221516324747458
0.201286926162346
0.105941434331648
-0.00358700908795788
0.196748979152925
0.351757354715499
0.1509197432298
0.320356016254631
0.213457079970124
0.169498838097409
0.246325331295758
0.17614222491023
0.177030421801712
0.351109422609235
0.27922270443568
0.142592856857453
0.37105334675523
0.232785978091507
0.211367584897964
0.200531561196334
0.208538102051888
0.138283404943827
0.244309295681772
0.204497410858507
0.264149968783268
0.163893187007824
0.292544388517489
0.218581156006477
0.328116569332936
0.223638718551189
0.170561759133954
0.221968344883378
0.192002170014389
0.209565515631036
0.330943033376049
0.226236524764794
0.211749403254293
0.185659987907204
0.100867641282176
0.257646720336482
0.156267666261783
0.26795294897199
0.198408888848559
0.313441248506691
0.15817113987657
0.231624028755731
0.186245680122856
0.113293070552345
0.266383912582314
0.209274713363046
0.25090380359087
0.260471659854902
0.267719181112151
0.32798505469831
0.307452643305247
0.251703287982372
0.347453274741386
0.300440315828316
0.384302265758776
0.363307351372344
0.135624547402749
0.389819566457106
0.204286844460513
0.352719658722739
0.322045649912707
0.450496694937221
0.210191561313295
0.245114132159764
0.253826634678264
0.236144290558001
0.19422528647491
0.299813938848918
0.247953827459305
0.284116204751023
0.452852973364448
0.320797231936351
0.492977333535991
0.248999610989536
0.250168031820874
0.424950128432266
0.341558174129618
0.147807223479743
0.318820345226789
0.276559127277157
0.24621317524659
0.420120368675733
0.281832125140518
0.374217850034074
0.426787110704615
0.364095063118313
0.41842562866398
0.414740361099625
0.346713580899977
0.305335722237925
0.429809586260977
0.297484406433715
0.363624991522446
0.185445202495381
0.442239732328872
0.245674380524444
0.281101311088361
0.473412379998018
0.440989462308822
0.375907533093006
0.388657822438998
0.332707197527274
0.392489597236188
0.428067971065896
0.258337610469808
0.292253702298948
0.440280781286254
0.318206503526678
0.311602422456936
0.424338996741186
0.4207207392434
0.511131216588483
0.51123657171966
0.354616422186694
0.394393967450699
0.467097771670887
0.224330808223974
0.423704065979911
0.436006102792736
0.322942050524419
0.499802910086008
0.412769564323217
0.630983227434167
0.367720795588619
0.343823858518367
0.363767338433997
0.409304676609785
0.570137745985968
0.31991476160576
0.517930732948957
0.468729639041899
0.42282004231647
0.484289571442202
0.443120427851589
0.395847589774164
0.423612447655896
0.324849486823655
0.498602692338337
0.526702879906226
0.475184897022052
0.540281038730426
0.448357325606142
0.536231927911209
0.443865132770711
0.4467053483429
0.396099305946603
0.468422542827463
0.447172323255454
0.473717641061521
0.564391670343948
0.614741399556366
0.501744986717198
0.49246217734502
0.441208323207329
0.521203113589411
0.48047661432609
0.533715890232016
0.326232816016564
0.471470932537312
0.34294348408695
0.562700243050522
0.479844067592841
0.497004038652576
0.5682132176971
0.58406055212862
0.524424655085686
0.48821405534184
0.530875839025168
0.481654552406602
0.388249316737547
0.466178860291135
0.551740164456621
0.316620631419794
0.631854437795729
0.477079654142008
0.412355360378399
0.453172668132297
0.546787283241959
0.717441538664253
0.394107788679584
0.41668003630118
0.575436291642266
0.575158479263337
0.615882473778367
0.512305839128428
0.474587172816435
0.551674606932444
0.572869263258029
0.498028262240886
0.42125049693392
0.485038025182158
0.576177669256706
0.638026603287188
0.730251100525208
0.577010452220687
0.492649788438075
0.461591011196307
0.728337850017893
0.52375681480919
0.574925627728909
0.570160413805263
0.517425464886992
0.719309734864195
0.535828603702623
0.637824385992424
0.540450747885376
0.620531105424339
0.670942282787466
0.686830631176
0.574682269097601
0.645039667085136
0.354170073410835
0.573653257796251
0.68566732589017
0.629146761867185
0.666547395666304
0.600241112865069
0.439096948497527
0.583678705182638
0.436221634335371
0.586114670873253
0.753836242298723
0.718487429967445
0.818053223184747
0.666248460006942
0.843084723695751
0.550224475778217
0.584651156260855
0.760595288011212
0.528751390787679
0.578865651712974
0.582331052211351
0.723730712837513
0.683194005428872
0.539437876567499
0.591455777333695
0.64019032495258
0.37953137311636
0.663733411537513
0.686808473541599
0.794268108501678
0.578094109295621
0.643035782206793
0.788185250181551
0.673069819552908
0.716593291790186
0.703824070431424
0.743045619661866
0.67424830866638
0.69863857987223
0.651419670753778
0.723276596865737
0.651711150649857
0.678912370980018
0.658780942616657
0.645773625097428
0.694427669853067
0.708747125237793
0.73165029278827
0.627645851747244
0.737779499757658
0.7251418472058
0.777488148817369
0.820540540037474
0.698008983229644
0.717569799834335
0.60804744346321
0.773658956656464
0.741031520017388
0.775389553043639
0.68390686118108
0.789433002322667
0.857148525892744
0.748790018594545
0.794575960231121
0.606393988760312
0.801120285398636
0.644783620739575
0.663418763379777
0.843683811917745
0.703182356424164
0.571946243657608
0.730422618679378
0.688621248301784
0.825087047136224
0.707574364871969
0.691665791774252
0.628336757733014
0.718124385710609
0.697089426227924
0.898125869323074
0.791317514465325
0.797829191278125
0.787217420513066
0.894701040808546
1.00965981981343
0.860747185037482
0.855235287579905
0.724898460564268
0.854218555128232
0.755914360063746
0.781069168732467
0.764409069235737
0.848861220260536
0.738369408724916
0.850669918835726
0.900958188823422
0.771835762305919
0.724566134532492
0.826977496462224
0.797575694360703
0.909845819838628
0.727902668359101
0.818903924401855
0.880640836716409
0.861387281386703
0.689806279122537
0.878929798792673
0.877519476592175
0.909335229200678
0.862409455438949
0.828207303173166
0.776721124953147
0.883047993298841
0.9115435594498
0.819308675365468
0.750339222512285
0.862230875720378
0.803719797231196
0.904039553079608
0.72476304650222
0.832068525258129
0.891810534682233
0.757532015108487
0.848721314835291
0.960789245942011
0.730673335719906
0.910782631671027
0.81534470426805
0.687493836125903
0.929504446991995
0.9105790716069
0.777854786738163
0.730008691328606
0.966311404451845
0.75492055890882
0.933658404522036
0.913261379304097
0.855317287993037
0.841839407962848
0.899043008123448
1.03616418197475
0.972182804153554
0.752073658464167
0.9137902628192
0.962132615615253
0.964284019766779
0.896733565755675
0.757878505904644
0.916774584041892
0.96639654263128
0.763796487218088
0.99231762005253
0.968141280775343
0.903313620900783
0.919740721006758
0.916140783016213
0.999526246395694
0.8688449173639
0.859563476215277
0.915734938283772
0.98338057227733
0.815043402210968
1.02807982052651
0.803135258362711
0.814530309099509
0.882659992156576
0.963847589365239
0.998339580753792
0.983475357937603
0.873752159748893
0.977568406564947
1.01215895353974
0.869251366090867
0.959322021241503
0.944457387718228
1.01017716565467
1.02285568110749
0.896479264784054
1.01514169948173
0.946397915054116
0.972462685383042
0.83818644375978
0.95785233506352
1.09670557263274
0.857162731408061
1.0972681940977
0.938550812002523
0.974575210237063
0.88676006584739
0.835565897005803
1.04783440443241
0.999243898208414
0.861622599477797
0.981664417637784
1.07522392231898
1.05723569173779
1.09338981114451
1.06180710299372
0.925603036907591
0.989182878556967
1.05730458585383
