0.110174955242542
-0.972349349477573
-0.983458085459863
-1.03286392769891
-1.0448808808998
-1.00617384317418
-1.08573960184066
-1.0150645803727
-1.06147929710938
-0.949835283481063
-1.03964755967384
-1.11862596992259
-1.13527912152657
-1.00405585507758
-0.925085207477566
-0.966061019689796
-0.958827305707586
-0.871186244296962
-0.943290520608238
-1.06983480171357
-1.02974513416092
-1.09708948173768
-0.878714169090474
-0.886692834606942
-0.980833015317309
-0.952746279624083
-0.967121927196776
-0.999534974042367
-0.986831396832178
-0.985049198455502
-0.899590838975134
-1.05184310030449
-0.832756722300856
-1.04609463212448
-0.834480512965369
-1.09716375625963
-0.893242086513778
-0.856706036798193
-0.832957924394281
-0.945168256998461
-0.896122091841926
-0.92397184008799
-0.941643488738846
-0.852620920191663
-0.900869531691339
-0.910802352035504
-0.953708163949127
-0.872145139948041
-0.938563472939086
-0.881474134952873
-0.920849624070842
-1.01531890692612
-1.04669113317572
-0.839598463113074
-0.881065526575542
-0.857363254681904
-0.783003397942165
-0.946006058379234
-0.854982477599412
-0.907920390080339
-1.02180011469116
-0.86538853341366
-0.862514172624018
-0.87701072396922
-0.930450115595346
-0.928701445512767
-0.780915795557104
-0.879584185519344
-0.796400889531547
-0.654092490469777
-0.840046501576579
-0.856766073371797
-0.991962409562324
-0.992635147847754
-0.924163763461463
-0.823524121518313
-0.942751609271157
-0.614889170005387
-0.847568211961239
-0.777284081483508
-0.942597638301357
-0.78744869974225
-0.770957061751132
-0.933365089428492
-0.853576807112991
-0.859657679457991
-0.709124968467617
-0.769815081969341
-0.791172838962111
-0.925642060075786
-0.769230594780525
-0.888243819819307
-0.779015002759108
-0.753616983416512
-0.647512589224764
-0.825795622884299
-0.95067165334223
-1.00342382856726
-0.836630550480412
-0.925921809113416
-0.720069032784913
-0.768007751397379
-0.772490555517902
-0.823066950470306
-0.775593892959394
-0.722496258849931
-0.832173634341118
-0.888754954844386
-0.728413802182568
-0.801728465662173
-0.660020379746881
-0.661965911283531
-0.75679017988209
-0.834230938195338
-0.64589631781997
-0.748189689110628
-0.578797005646125
-0.922909200033844
-0.728654275012913
-0.530130712188461
-0.707428364753894
-0.768564122530972
-0.946822969327819
-0.759114964040114
-0.714877746473847
-0.671188156136655
-0.789777727273408
-0.767675536799437
-0.885807763845684
-0.709303759093112
-0.65967939901491
-0.780294825631936
-0.595742952639781
-0.87343961471384
-0.814008116321646
-0.796970784616131
-0.800104010150317
-0.761289989938373
-0.648019579549301
-0.679632860691075
-0.755783050938731
-0.680772543082404
-0.748121416309503
-0.651021835797413
-0.788648968313618
-0.676360572404512
-0.743968584760948
-0.573719749436662
-0.738414577303961
-0.572324195488617
-0.804507094901531
-0.643320423654503
-0.672055245200638
-0.700097768430924
-0.735405392728069
-0.679762267880716
-0.625473446337194
-0.875432665400212
-0.665758174307475
-0.704082814221723
-0.641165900433575
-0.728086815053215
-0.713247471458706
-0.648659844631068
-0.757416035604871
-0.508691281003186
-0.677548134173995
-0.766601971177125
-0.537730924561272
-0.771441950569711
-0.683312828557926
-0.645128624707037
-0.598790991752492
-0.708792297233321
-0.736160508101278
-0.689345294220956
-0.581548962065116
-0.652361846445376
-0.606031723334599
-0.634919218789752
-0.633172468441244
-0.734941487014879
-0.697838945217199
-0.651779537672409
-0.56717468275101
-0.585439036656762
-0.680222536633874
-0.705460771209498
-0.751237734115631
-0.672382519040981
-0.7077570641283
-0.442542579594983
-0.544711768723291
-0.657846261210988
-0.604346759069126
-0.638220095183333
-0.623739643736158
-0.645106467524996
-0.500145499344126
-0.694623303725174
-0.687919379026117
-0.588354227469178
-0.633777614311516
-0.708543103628828
-0.662411800631725
-0.606892942865234
-0.738205923164889
-0.602166605124528
-0.582485751342817
-0.626120340615958
-0.583208843051508
-0.433567222174474
-0.569152482650857
-0.400100347046021
-0.505174570998147
-0.622410548525655
-0.556192076139279
-0.534732837702346
-0.591321056460075
-0.636503633320582
-0.587978473528266
-0.658632376529215
-0.639516259007585
-0.508265324293524
-0.438934969069434
-0.45006830085016
-0.492303580688196
-0.690881090389144
-0.592429070024481
-0.426881755649496
-0.654246471004699
-0.381138161110936
-0.733475770799566
-0.434292588226834
-0.618370863410324
-0.348840107516746
-0.565645419150465
-0.685984142625753
-0.592174811747239
-0.581557627164697
-0.649431870703364
-0.475740348268096
-0.611667392935914
-0.354925219940156
-0.601192640213295
-0.442026506451269
-0.64126914093428
-0.49460627423008
-0.50139362230811
-0.580133250366113
-0.585977168393443
-0.346658585115272
-0.463728477110653
-0.627318466716816
-0.553865156945836
-0.621147646181147
-0.590495660784614
-0.39500193033994
-0.436780744350056
-0.242597794303604
-0.474827375170193
-0.460623986448854
-0.457948656665275
-0.409787395132882
-0.418079921244669
-0.484877840860248
-0.46370031252993
-0.501678667102051
-0.469006508339525
-0.460328876919662
-0.640747367793534
-0.64121046001885
-0.409687415871432
-0.465395049338085
-0.518140652375825
-0.505802184997685
-0.215778251882078
-0.418653367764397
-0.470708674097401
-0.309921107369309
-0.298026682559589
-0.507263082224047
-0.512754374842964
-0.510813108737046
-0.405511306282356
-0.355464694534489
-0.421521251782251
-0.324614892754569
-0.465706931569172
-0.471502744502571
-0.496813399575994
-0.421664548365358
-0.35382965132669
-0.44222361387702
-0.37872765014118
-0.291884890438415
-0.445064851925163
-0.348328085324747
-0.56258198264766
-0.395665556368234
-0.323291920086071
-0.397218636401298
-0.35961884435894
-0.304196804625233
-0.458013814171041
-0.278109115259934
-0.333776690713304
-0.467350975750969
-0.48203107359846
-0.438232748622662
-0.327490499311875
-0.247755717770386
-0.398230206560883
-0.419136095335682
-0.386500230388357
-0.235907910317218
-0.350481587788938
-0.503285129825222
-0.355930941166872
-0.427921865796132
-0.362963363638618
-0.395027167608567
-0.355288715706702
-0.341132738314135
-0.292021083407741
-0.344573927916378
-0.328787995529234
-0.563063310758665
-0.309881265581327
-0.350707087119841
-0.266206091872084
-0.358579752376877
-0.340160095387188
-0.395331652440745
-0.42385334604782
-0.425982542014204
-0.308721737544303
-0.202355238741058
-0.299789586045886
-0.283772849325162
-0.277987764685912
-0.34153778776141
-0.367821947546825
-0.280646484968181
-0.410102213763824
-0.372837849769785
-0.219717746263519
-0.228021577675029
-0.376189034781138
-0.19596464587927
-0.225902565337162
-0.499437640986409
-0.332099945368697
-0.365479608057845
-0.273490327793151
-0.338004915860583
-0.2166345828964
-0.278225070085489
-0.266154530049766
-0.317881923747736
-0.419396890456794
-0.263117620148764
-0.244425079588991
-0.267800883513169
-0.317831567049039
-0.0993760690881095
-0.227105895258574
-0.30494913255968
-0.202676100008058
-0.367605027236124
-0.254620712923644
-0.278637588053887
-0.343367786680535
-0.32910782674375
-0.196366742597733
-0.15153251693559
-0.259295189971806
-0.15887744783741
-0.226229987935936
-0.287009989925748
-0.126703393591313
-0.282435456000422
-0.242078512774207
-0.149089397110207
-0.19570508230757
-0.257536356700928
-0.431588280986346
-0.2945047505398
-0.233798035646631
-0.177565501440002
-0.283143447972177
-0.177839791014507
-0.219937571880835
-0.151973130606464
-0.178275671234625
-0.203953100071876
-0.195479938068878
-0.391641219334945
-0.13559297283244
-0.110000437712225
-0.200601533765378
-0.244552920268142
-0.125993784383323
-0.320332767357603
-0.202064106059428
-0.17372629928192
-0.234993321529738
-0.225127830425026
-0.215136064883503
-0.130859515772341
-0.168321491609019
-0.193798331616581
-0.266488962785234
-0.187544101979518
-0.207184351665641
-0.240520578759229
-0.10737366035357
-0.136766358271706
-0.160914181851616
-0.21216340432794
-0.221864616378158
-0.31742917620321
-0.181198618131485
-0.091384523759888
-0.155921403632549
-0.129427163714905
-0.255049716889321
0.0626260515935293
-0.109361684503845
-0.160641705436484
-0.20509794919878
-0.159915463363523
-0.136073102520222
-0.222759494342415
-0.126600225612801
-0.190510296166278
-0.0946466905919321
0.0453479126374706
-0.0451650617947294
0.0157415753722839
-0.101331953802942
-0.0403984780193233
-0.224098483263523
-0.117761658803283
-0.0523125698612096
-0.160244592850652
-0.223572504413069
-0.101553400500536
-0.230599751072219
-0.0234567758220565
-0.119950792812725
-0.201999602106644
0.00704310807783738
0.0648995659368594
-0.0152891581119675
0.0834162828318642
-0.0506453687474442
-0.180735092678255
-0.12352370066534
-0.229090931727246
-0.062581148287295
-0.00443841956469575
-0.0887118889412875
0.0225415628265961
-0.0770228306673555
-0.0131319273130149
-0.10098813036612
0.0234169339275301
-0.0319373003620506
-0.129628702814496
-0.0974774361034968
-0.00596443211901029
0.0218477717103279
0.0601188895094442
-0.149236155778885
0.00819738556796462
-0.175849683922955
0.0282596531069678
0.0638036097598612
-0.173856587465101
-0.00727740168777358
-0.0703630837703362
-0.0306847492275354
-0.0800841570281839
-0.0930169939833617
-0.0906578420154362
-0.0137497120674772
-0.110346715227381
-0.0666888323594288
-0.085965208558285
-0.161455693117656
-0.0871350973116073
-0.0707743762695024
-0.029857708485007
-0.118840022355627
-0.0978135201764206
-0.0712568714634227
0.00492582842628147
0.0143040424589316
-0.145890997829962
0.00430114446690169
-0.0484584457698593
0.051895347402916
-0.0706116433325546
0.0318314556574865
0.0375899074241133
0.164762375393956
-0.0651811600567753
0.0250666310340216
-0.164257425791799
0.121805310014554
-0.0801441093500317
0.147148042712049
0.0244039783818001
0.0499873753902867
-0.00417880943559115
0.00713661861598175
-0.0301480327623537
0.112464943007349
0.133179742579715
0.0130827021666499
-0.0717658256635411
-0.0727035469640582
0.0596823349311484
-0.0588458173568237
0.0637972138819076
0.10418129944577
0.0693066604166633
-0.0923035585857463
0.0508552040615068
0.0786594597393783
0.0536300147340847
-0.144142611822619
0.0538581451516428
0.0332758500100887
0.032871031124059
0.137362363575534
0.127482707086594
0.0937914788222256
-0.106282456458131
0.230247402478379
0.0489714039539776
0.0607374213738652
0.164802245396042
-0.00640472901727906
0.000962988201475752
0.0123273980995398
0.152904286853335
0.206328126934093
0.120727688431548
0.0435985297264505
0.12428969238609
0.236276935034462
0.0726046809254247
0.191627807206841
0.190061764672658
0.0789592363466317
0.207814758076599
0.212281600234404
0.248245726273148
0.118300872937061
0.169020438876492
0.0854884757383953
0.200778811407724
0.125264377741645
0.100175907952242
0.24061837358625
0.20747007126039
0.13557254359629
0.148132277082935
0.0879389020565024
0.11991317554826
0.144918824596078
0.113083736080038
0.180437638517823
0.14191297943468
0.109825907340284
0.143371919831788
0.178076078201271
0.0994227540307159
0.276261058559488
0.0542247430118755
0.191221323359947
0.299612666252588
0.239525049021531
0.13300681570805
0.128987805345764
0.274683544816701
0.189075309452171
0.20037978941805
0.256450015853088
0.139732264027038
0.208669834648184
0.129416457152911
0.249654172948758
0.253618736966889
0.237006550284343
0.279507848647578
0.106599850222942
0.252461620010726
0.0871157614694819
0.243381056788387
0.154780322052559
0.17395592170841
0.18396275457821
0.21932011550933
0.127818580388383
0.238712375561033
0.240727257144837
0.204940453631327
0.102824104277746
0.200179262318283
0.26104113014467
0.22854778028351
0.110272223957176
0.166619369413835
0.211626077355486
0.295241579433324
0.323965448264767
0.222797606349336
0.303995832857995
0.404780110252163
0.112395094143444
0.38275538167936
0.291603292129083
0.350867708858106
0.255192731938909
0.324385185881216
0.205471943868475
0.236981201400548
0.182665994870537
0.214433772420078
0.335099985019618
0.403254776954931
0.222869424294683
0.456861439220243
0.163912570023792
0.428362166163347
0.250805599926935
0.262372600724288
0.260821690251998
0.37273587097648
0.227212384941907
0.268679062160521
0.394277237355936
0.389961194724708
0.533212071845752
0.424263272531483
0.445029587791592
0.481343925532149
0.283840291307814
0.413231951098345
0.215697786058431
0.327857504021633
0.281428737701573
0.265568468773609
0.413391780179869
0.247875701422719
0.278281591639939
0.404728071151882
0.242412076458347
0.339636522266555
0.327930150937961
0.419605551284162
0.27603867412881
0.304971431005049
0.448717839365584
0.317755343764652
0.392362098130513
0.307356470046511
0.280544806239296
0.41539245437674
0.381918099317788
0.261595860192416
0.480570699500608
0.270075845587262
0.393949257708599
0.264188173815837
0.430911956806646
0.361087347898816
0.345758904117851
0.412275324033066
0.35346939014846
0.38809683893551
0.25848356079732
0.352998834778127
0.386899485384925
0.406902201990458
0.344255595763183
0.261687956439934
0.332647587381824
0.452761655918247
0.267999902202915
0.375136726030663
0.273048829284481
0.417431218133497
0.447693132361937
0.522737125662605
0.389216717947616
0.257301282874012
0.391110085111018
0.352272078823847
0.464137821749137
0.33452887067313
0.373612652635754
0.434147365524607
0.346957657484727
0.462981553980759
0.391284206403443
0.474352804838055
0.348359001860537
0.34714061557231
0.398486440597457
0.27559240245335
0.486533262305528
0.499759487347478
0.462735275852923
0.368692277880601
0.463231977397304
0.419359451583357
0.345027831850993
0.301966036035025
0.491194834290675
0.391454442531809
0.487495672722199
0.404969748791575
0.480277852777115
0.376330544526807
0.570567174161833
0.356555357061166
0.384217492836335
0.452097015897745
0.400781471826659
0.513854707601892
0.399626407473469
0.446472872476563
0.553142066142236
0.436866832914899
0.553577405000195
0.524816883058518
0.531827021368047
0.42529096077055
0.322774713892843
0.54781984942985
0.495293579252522
0.500417305575002
0.568923887753912
0.544747226378406
0.631619646353355
0.582346423572633
0.544726876634286
0.466145329402251
0.663505405740703
0.577005320302981
0.531594950946461
0.588826573006851
0.662724200446385
0.608033187503725
0.326062417876382
0.598408742734693
0.561794538059251
0.459565601780752
0.463445436221824
0.519423380496531
0.722157819920444
0.512015196956738
0.475414335273672
0.579775912298424
0.751930985295947
0.450448215087668
0.580759243664575
0.429593396354907
0.548224979815015
0.732102611021731
0.521922202938976
0.583327140780076
0.517785320505732
0.639084341196926
0.361452023028615
0.511238130891429
0.613679081732314
0.531597654219404
0.544713896555544
0.618309003331004
0.490708837105678
0.566571397711095
0.519684946948623
0.644070698052368
0.622224498487156
0.448127556105085
0.513730197392688
0.565972156502347
0.773900121339658
0.700529929747398
0.482073177123811
0.640862812550439
0.66095896325409
0.583057895740597
0.542270726666395
0.630846506940515
0.558153549717884
0.613933613166498
0.467624836758139
0.463189343259232
0.681151603242726
0.627754220203938
0.591841159419898
0.491768107947091
0.65106868515688
0.56446740560717
0.651590982869338
0.543941742809811
0.622375774301807
0.695208105148434
0.496297402160605
0.640369483906925
0.579518375312447
0.6082377375519
0.525001416801097
0.679299542716271
0.735202144396942
0.424254394704826
0.795154429002979
0.70229861351894
0.682920620197984
0.680712134359025
0.723870707961599
0.715201100691289
0.662242822529651
0.618069638517628
0.547513744081795
0.638352017861415
0.63921986327919
0.569587166939806
0.649111300763666
0.611554598365987
0.778986162744986
0.536641043232323
0.692125466673527
0.666568736360096
0.655755288392446
0.597763814418721
0.600367934779574
0.597608069583356
0.592621204545411
0.722780794759699
0.74062716729797
0.730171538520543
0.616484511950055
0.633448276512169
0.782305508357306
0.668010436230404
0.755955160802603
0.708518601312262
0.703618041696092
0.742249184014671
0.901999772150769
0.724365111426489
0.66413582485752
0.83740547238039
0.84617025259474
0.884642078072975
0.633780315834631
0.608635741481516
0.852830586844384
0.682163217930828
0.792349211213738
0.826389250776585
0.714673180008053
0.667053221117882
0.814124660122729
0.795996703595849
0.724689802370197
0.6916269788105
0.724221802102027
0.862735314358427
0.77225527782917
0.731533424589465
0.70927321382522
0.73872068292299
0.812776183281374
0.765127430139814
0.696419468221191
0.958686773306785
0.665004942817801
0.778364649444237
0.781668862639372
0.718950630966904
0.86450084935527
0.715862168829791
0.881822588628273
0.655754868818804
0.851837398621486
0.60102632981198
0.684045537124634
0.950445530295413
0.690033758018627
0.762459984739543
0.695128852278016
0.72939175343207
0.813063679773383
0.942341087129417
0.855309593539372
0.722027761821899
0.788838398351035
0.786403050995587
0.905588721882398
0.934472857782738
0.796025329016515
0.831839793245389
0.788653615117043
0.749165765272333
0.956663405159622
0.95482034618749
0.668546571981731
0.904289786360713
0.882248982288944
0.878057257563337
0.745398629528038
0.655737364466507
0.881921619011801
0.903907559219556
0.769514244882624
0.802942969360885
0.903150988759075
0.77943922304552
0.825831259647936
0.930533619574417
0.811574772512966
0.808314722104013
0.71738528783042
0.874863370145466
0.817536144896831
0.917781530358488
0.982930665149894
0.92518317379769
0.817721663754005
0.846675466460132
0.876049928758761
0.755016333955558
0.941682856896593
0.753639968704183
0.91013380055901
0.941620642786623
0.936990849834844
1.02327343323438
0.99918400722039
0.81660458214822
0.931186944425887
0.821647398436191
0.877691672261739
0.957812472410442
1.04212811476244
0.873670632653227
0.847074773208255
0.795901336875198
0.97554122392749
0.857648401298754
0.748728465539193
0.917006054788232
0.878143671593034
0.875379135594791
1.05608562219796
0.950847332161107
0.863155074114913
0.857802854433736
0.869807793398812
0.867585604904876
0.979188552295145
0.944198871520529
0.79533021498426
1.11449381719175
0.838373707172088
0.94359226271578
0.831059429791672
1.04340537408617
0.982252243860552
0.938401288857022
0.886868819830691
0.960442984019319
0.968316278648567
1.10097330944698
1.13670558539202
0.93416817708831
0.866581515101967
0.802398177570043
0.905919229207655
1.00446893006722
1.03011370203383
1.05907685815346
0.86872347901764
1.01599672309203
0.926843745862046
0.992891929896296
1.12487089175506
0.995174107642545
0.908641778760571
1.14292375650039
1.08770065737956
1.07426124977377
1.01591902301282
