0.158755055270221
-1.06806335033422
-1.07571530744846
-0.94571325625603
-1.11491547297288
-0.92871059130994
-0.996321580926922
-0.942677911648332
-0.97778753365932
-1.16198382844284
-0.993849783723751
-0.969786219354221
-1.04084337474436
-1.08259258801102
-1.12693700749242
-1.07871064254759
-0.859462882274427
-0.904624175741371
-0.991614145070751
-1.07129688499661
-1.11683422626729
-1.06655394932395
-0.976477440683746
-0.926528946139536
-1.02508778754837
-0.874761535518137
-0.937641773507355
-1.01141460980888
-0.978539708816268
-1.10052284522657
-0.959617982632414
-1.02487302985724
-0.858253116269298
-0.935512753928842
-0.827569381376324
-1.01174350608288
-0.912816614743702
-0.956807639879886
-0.914933569719595
-1.00313952255954
-0.801116351926409
-0.974993648820716
-0.853211704547412
-0.915922583484789
-0.92848521740037
-0.987758468542831
-1.02314619950855
-0.947147839834813
-0.98041048927604
-0.928502886963751
-0.955515903521825
-0.884143335071245
-0.852640832014649
-0.873444568127291
-0.825677944030813
-0.898050811113833
-0.94973839476188
-0.841445857888376
-0.933506328795997
-1.10417285843957
-0.915778344309084
-0.821809604738416
-0.856916810997986
-0.973496232236581
-0.899010558218822
-0.917844001482355
-0.848722727136757
-0.836049459618248
-0.875689110433831
-0.835839594574796
-0.818587963165462
-0.938522408901079
-0.904875128727206
-0.962685295862646
-0.870960172215037
-0.837452960281808
-0.891418405791862
-0.903529907071736
-0.849378851719898
-0.876552147723338
-0.915262388653516
-1.02186726464085
-0.670067490780448
-0.84805901115093
-0.845901627920083
-0.792257099975337
-0.729682798765527
-0.759600300981824
-0.910910064428302
-0.729526534184543
-0.959238014084979
-0.840194113663408
-0.762093518214561
-0.786324980458801
-0.817760680840605
-1.00346029479271
-0.764693982390186
-0.760141125073945
-0.880943530651771
-0.813796072303494
-0.825078181914204
-0.833889309475372
-0.779562297897213
-0.637533156225363
-0.759553289175747
-0.826254434682833
-0.853464780646087
-0.759545161788263
-0.720310697663351
-0.832770460885193
-0.770248659807708
-0.751948430048925
-0.755604650714387
-0.62091533075925
-0.623563561188834
-0.780067103987107
-0.666562843369872
-0.737497128043822
-0.767183181437961
-0.671125614131714
-0.80031550733159
-0.78752789827995
-0.661715216060463
-0.831180528779571
-0.727989035443825
-0.763314777718867
-0.795626523768416
-0.735348050736565
-0.860800818542225
-0.695360823616824
-0.632925218136095
-0.687462400147043
-0.709113145916842
-0.734068702031142
-0.76276121837458
-0.707326125421806
-0.749990400993594
-0.641042725767952
-0.765110342936723
-0.716852522034147
-0.67080146541207
-0.785371397156509
-0.742196076343054
-0.760894434039293
-0.673562382764396
-0.680443985555813
-0.633317722664196
-0.621575333349174
-0.765873148841729
-0.666309414577624
-0.712284907028473
-0.714661534341429
-0.724843131481042
-0.748244166553578
-0.670363515460089
-0.69213927456046
-0.798716765268421
-0.745387282940252
-0.632819597764739
-0.664829520452437
-0.685404278292289
-0.746485232478316
-0.678582957700391
-0.580661715355716
-0.753947871082514
-0.743294431838053
-0.539179737186204
-0.726797142114712
-0.813258229507808
-0.645222077407372
-0.806546774223102
-0.633951054866022
-0.613975300657269
-0.564266675272306
-0.584613550535926
-0.683492220795132
-0.713548296469433
-0.701777827256624
-0.549354641678822
-0.639577748270749
-0.652669205896986
-0.440335534896195
-0.738871018242097
-0.834520381745729
-0.529862721023757
-0.624097860389346
-0.628275823411227
-0.680743120982121
-0.604062574401828
-0.649333721175085
-0.501706907525031
-0.684323673529579
-0.597831410599841
-0.541428093397308
-0.678307146168187
-0.5750843824692
-0.573649091883478
-0.755753592220107
-0.844231479427317
-0.473658549603627
-0.458325926020225
-0.699639901517145
-0.451632333335775
-0.720003394942633
-0.638552780216345
-0.615407075920642
-0.553118713227933
-0.49639852073333
-0.662444558386029
-0.491865295159753
-0.569518096221751
-0.616595145378266
-0.683972564253776
-0.60025254680784
-0.649209273657271
-0.519718807246907
-0.67352463572759
-0.646667087091884
-0.629356307161545
-0.484819475849929
-0.534937987413527
-0.609099587631092
-0.631252211235121
-0.582445828319165
-0.529766804533974
-0.493365494557206
-0.604210756193721
-0.378436844794422
-0.546529185198348
-0.61653419380593
-0.551645617779285
-0.645826777482938
-0.523221512183052
-0.536833475106733
-0.600811406195321
-0.496575942628814
-0.565529317720095
-0.550461177034502
-0.3798457479281
-0.613522893199985
-0.503830569635084
-0.557082120811995
-0.462906219726502
-0.389437901146928
-0.458653123714099
-0.580854406574783
-0.399241406524829
-0.54673734908375
-0.41054208249852
-0.512513490182427
-0.490431102328337
-0.570838817444955
-0.472081199822801
-0.464847036526186
-0.391208325113595
-0.475170579644565
-0.456122896361332
-0.250225255834277
-0.495103280580401
-0.407302225988008
-0.632872346688591
-0.50825220970207
-0.585365708082338
-0.37161722628989
-0.468559938240903
-0.449881349596621
-0.53588119968778
-0.577491076290209
-0.45686949677141
-0.418858841420772
-0.571781366194711
-0.433468521016872
-0.40526764258463
-0.659941191645005
-0.49188189430995
-0.517368328044313
-0.373091259628085
-0.544427696116574
-0.406539016432097
-0.465456111122622
-0.411831315851966
-0.370285905939141
-0.444885423069374
-0.346049453016592
-0.495423018196959
-0.380020319437067
-0.327440433556891
-0.376461024116859
-0.381622810966244
-0.378335551548402
-0.303434957732409
-0.542729988674718
-0.317841363741343
-0.370468406630934
-0.59502638210659
-0.348515103678052
-0.521400429961375
-0.299873692206342
-0.446917949034441
-0.297761633259362
-0.373332541932153
-0.516093782075559
-0.304368118857676
-0.482728874677077
-0.403185307476654
-0.422846413544582
-0.359893734076499
-0.44692638682099
-0.378196534033864
-0.294030481221544
-0.474817724731633
-0.414508113097011
-0.390764738526127
-0.345103300123481
-0.326207258546056
-0.373317764655119
-0.243457045105748
-0.223719089318128
-0.354919501898533
-0.31820886714597
-0.159595948623815
-0.263829342589615
-0.314268837265029
-0.297205345385511
-0.25570333488151
-0.434061772622908
-0.314731235148465
-0.462263359467472
-0.289171415217384
-0.367418676846279
-0.430040587675354
-0.348847051513614
-0.383185340599321
-0.173434876143453
-0.348653952833149
-0.381533915423337
-0.404668925006306
-0.422828272259181
-0.279401238444573
-0.0777582192317346
-0.224486347239158
-0.133894261821907
-0.293563589241781
-0.237490005968778
-0.277048613522632
-0.358050854277251
-0.308374261772863
-0.268034202041238
-0.353460285703663
-0.262058005056261
-0.312473246960592
-0.16191659101742
-0.392202490168172
-0.240079556866342
-0.10920425895348
-0.269089640617323
-0.157132957654572
-0.236334129516555
-0.405365020048052
-0.285062374939062
-0.266725817231185
-0.335275707620458
-0.380956976807181
-0.205825014068094
-0.451946787283569
-0.257686065457848
-0.292078247306435
-0.200156655071067
-0.358216010248644
-0.257161805058298
-0.183591308273375
-0.285497787918511
-0.192633349114137
-0.189948182668448
-0.270423126818878
-0.306070405371217
-0.393463567585394
-0.220943766850642
-0.274880980921348
-0.26397107646382
-0.262684409117775
-0.29786361477679
-0.12256142550749
-0.199744372599876
-0.152599925382862
0.0297632617430687
-0.211779434557536
-0.293119426483927
-0.226854169923233
-0.273598136312928
-0.233879147826899
-0.131176612842222
-0.206325061264565
-0.157346525660325
-0.221325317201346
-0.294603944783873
-0.238857864906514
-0.274304416543049
-0.104502733186567
-0.285779793635775
-0.179638238647164
-0.260532949994201
-0.308587595984319
-0.214642920525889
-0.256430888919246
-0.218325189526667
-0.197245853476817
-0.178118403284218
-0.241273281935452
-0.201818142516727
-0.000484398928022833
-0.210600675993881
-0.127326786013983
-0.156658061967221
-0.173612202157938
-0.296437317646187
-0.296360127175957
-0.101918268840286
-0.115227184560672
-0.155861605259671
-0.170255981709394
-0.047091691387745
-0.0880213929215878
-0.184818337754496
-0.177517244144546
-0.126663785147472
-0.222538042827887
-0.0570789706857745
-0.175644884464896
-0.132541511462783
-0.122644328814567
-0.0723759945253902
-0.15487518711235
-0.0596146091054117
-0.0826895875625206
-0.155446025909397
-0.106633606696367
-0.274341719089175
-0.149099147734242
-0.161922981535497
-0.293347646054611
-0.173362810842996
-0.231386564761809
-0.18868000699357
-0.290760295375322
-0.0213831899700118
-0.183214547131672
-0.0424906819157612
-0.176184323025993
-0.140566867642325
-0.0939201810049166
-0.160695585916244
-0.218566697631889
-0.166315589156834
0.0472425211420775
-0.0475121075880034
0.0193468008182292
-0.076261159970093
-0.104162742793339
-0.0202928446851725
-0.0143922521492099
0.0112079716217742
-0.06623734310457
0.0258696692699957
-0.0909833961477761
0.00088640777942357
-0.0748144570174986
-0.184604632987038
-0.0578631614622822
-0.0692637517328559
-0.12760424134704
-0.178395614107007
-0.0276405101118043
0.0339123817533199
-0.15290936353302
0.0163711847778814
-0.123503255956498
-0.077191625499313
-0.106049828984415
0.0655147196765879
-0.168398812944994
0.00117543662234476
-0.0123197269312037
-0.0887054144842113
-0.0174568804158004
-0.0293638332659883
0.0204813541594204
-0.0632616641510513
-0.0641236227452735
-0.0522582494298707
0.106135115403683
-0.101915336528483
-0.0824630364852095
0.0176783960450645
-0.125178799535225
0.00816885063766993
-0.194325109275631
0.0116696848787816
-0.153046323157734
0.131109040946655
-0.0697048939383285
-0.0226392148219805
-0.152440541423445
0.0549072205244573
0.0816699512299237
0.148501282244323
0.00782921247022649
-0.133088088638271
-0.0682445656263266
0.142509702810897
-0.118315147000998
0.123592097894535
0.0238397995378661
0.0252912468792243
0.0728871803795363
0.10717956092096
0.0634108465891386
0.0544149057381531
-0.141871171127449
-0.00390871135616633
0.0789361776651212
0.164555981261164
-0.0814621263234042
0.0644038415796725
0.139058709572964
-0.152059920941478
0.103186970264443
0.0790037576414699
-0.0799935064909348
0.137222675824344
-0.0779603718112183
0.200298759957591
0.0299714955753889
0.0571891125746558
0.168844460022366
0.0486963227479138
0.107646796017526
0.046448826890192
0.088580329911951
0.163826592036212
-0.0516192510540364
-0.0146840659350769
0.178464955987008
0.0674914870020521
0.113786678040688
0.0917904657057555
0.113086366548658
-0.033923402618654
0.111146497156156
-0.0390954636448582
-0.0660248915979543
0.20428562576499
0.0306496810217892
-0.0793885743688593
0.0875195987100498
0.0184287249000499
0.146915741805651
0.177095217612868
0.17699991169228
-0.01169965379049
0.110678880455988
0.219431689073842
0.115024360866791
0.0461109542994084
0.0796866992629865
0.132715186618216
-0.0401322280430088
0.186057166653194
0.142757517975102
0.190847661708963
0.159663000534852
0.213230373965834
0.0934533249452584
0.274779270177505
0.113113124833802
0.136564393388233
0.271305585556217
0.210604155609376
0.0706754596113887
0.257208874533503
0.317137494966567
-0.0233706063327809
0.266907694131154
0.0906862001729294
0.0777945366368301
0.163262755154663
0.230220935346716
0.0811678438295034
0.219441432261374
0.198485399530897
0.0995051967378079
0.192891452981183
0.239137867825665
0.10856768388967
0.0603522996732867
0.256640545902853
0.165514854203451
0.139551250383857
0.192421907219417
0.0975237568907442
0.21500987909934
0.213415326976689
0.0350384229017612
0.115157384171835
0.239422772698935
0.200279543800522
0.184168349294401
0.403034467508543
0.262178932974475
0.196246545486229
0.318952096361306
0.352484367286808
0.168981297332418
0.179443655044869
0.136308800278843
0.314678420020509
0.115815109569761
0.142853037336843
0.21060811582743
0.183998192637492
0.240687937949593
0.259335001914768
0.197647065323784
0.170864612414179
0.211045288561717
0.0292397570178662
0.25813043337298
0.245470926385327
0.163854908716986
0.224816555961821
0.293387187653799
0.0855160619505291
0.359859703591682
0.474097592392876
0.361941386922873
0.162940679322381
0.20007033325101
0.354350242508114
0.316582251672161
0.298367402070467
0.172383228597628
0.307317286244429
0.342031581970877
0.235334108316131
0.23052804152488
0.174544877303792
0.320883091754082
0.355969980450366
0.453237349367789
0.364595180573161
0.312817214738332
0.266170520264379
0.242255685291731
0.433000937172998
0.290831217691245
0.372391461918108
0.309965456298741
0.358166550088881
0.327466860747634
0.447799052861548
0.295761146978808
0.170965870695649
0.384464885557801
0.342472265842604
0.388547106575432
0.339153975273011
0.364320948033845
0.318577564358846
0.156921775896608
0.415678438005465
0.329494413037604
0.282974092555456
0.277011542736017
0.404660354686692
0.280714084902946
0.403497114668099
0.313026123704661
0.327295951840632
0.315467520734709
0.472744146632041
0.327355475068951
0.425965333072192
0.29819980815167
0.318330121100768
0.448247079995211
0.282556124325914
0.469181070864152
0.381306689961111
0.353990084628696
0.313323626655162
0.510246008699791
0.415757233805835
0.332339926200824
0.239706387536985
0.2771579219039
0.317496606904421
0.418686355442091
0.326987481755152
0.356796535558647
0.42624847653722
0.358678596076618
0.308724523325643
0.126508856108027
0.366688065537697
0.308035038238623
0.555622966604156
0.466409415110708
0.414111019125633
0.33667298990888
0.395839437292972
0.466614184069422
0.26399361639389
0.457292320676646
0.319851633699136
0.537815758844734
0.506818725204375
0.487511806796369
0.471165686287273
0.37723287447037
0.443956031175446
0.402072029225275
0.486046223045044
0.398432632579709
0.388049645052878
0.429573814295709
0.344711686838623
0.524487783114733
0.525540307422731
0.556413011256111
0.418673400143751
0.429163994428932
0.490250045181138
0.470809188838812
0.446509553052676
0.561324670032702
0.412421215762008
0.374063617354137
0.502196540625218
0.522534611796739
0.577921290006894
0.416543012751066
0.262756022861265
0.566158559578334
0.5158239257646
0.557313389144536
0.592850837109302
0.472771290533244
0.515248143241378
0.334183148248529
0.5150699655987
0.440676711718875
0.465625264815181
0.426168393043732
0.45628949649227
0.497458900526051
0.698540508379451
0.709893752105902
0.645630542496556
0.473138662564772
0.621114402220109
0.6316175046214
0.520916216363659
0.539547266903531
0.557942758252653
0.607778495612814
0.671261287308534
0.568915300015487
0.59060670643545
0.579445665895356
0.536331450722142
0.478598378911221
0.464927411610341
0.52679093009399
0.50956408871726
0.562787850480263
0.54257109317526
0.567138598430557
0.470525864494156
0.565084937248689
0.527047152210707
0.503423033283544
0.622167708711398
0.58919635854697
0.464771719107132
0.55175679007029
0.420282860820275
0.676733292329823
0.538828123305659
0.680256216050748
0.4774754130188
0.551897913051073
0.472810774076254
0.52184978050091
0.672188264416699
0.543691944249624
0.408051088958434
0.673082390576496
0.509509141337717
0.673024617729125
0.648616406017983
0.701348518155847
0.638731548734881
0.641107652375034
0.57465204119648
0.605174657240045
0.510647156080411
0.347456107813519
0.576424118701388
0.519277569484254
0.454016487017596
0.63367162671357
0.485734475154776
0.650817282995827
0.623326367516993
0.6840768259587
0.50973598733776
0.724822403103691
0.558051939419685
0.73746149597299
0.745987574211311
0.597385440781206
0.61668601701749
0.646949122322867
0.604592684557677
0.771485259758956
0.626376889539673
0.547378740374773
0.693861407786842
0.756896418659394
0.631845070681628
0.660494827596485
0.710711438139609
0.819554683397409
0.638668143532647
0.92129503162185
0.672176017451608
0.704085743988694
0.735305160837121
0.689475742814299
0.614906750809662
0.732089927999404
0.609638083812976
0.646182191628128
0.712347283886578
0.680059696703017
0.666333650034497
0.529514273364502
0.660193391249551
0.646842085310985
0.596962145850063
0.693723233453155
0.745707086252294
0.540333194391153
0.607876789999338
0.668981945838586
0.795296299353601
0.81062782927789
0.723548030831033
0.75966526684678
0.648353307775436
0.937230345156944
0.740020836799851
0.550872886209172
0.61961611856321
0.645193266613898
0.757158372422751
0.710161069926251
0.652455244333267
0.657444689561932
0.74770327185793
0.790938638249578
0.83222194754224
0.729124115351098
0.72205014442571
0.645084959706955
0.630738189798938
0.762784059933198
0.897507772805814
0.694686469430584
0.841550627264879
0.878069220247566
0.875434833401862
0.746405947667367
0.786198658075051
0.8534040140674
0.817408629559926
0.724718879143765
0.796104804265324
0.73435273422596
0.919146241724878
0.904744398037162
0.607657075034013
0.764195685911947
0.87045072394091
0.840299113764354
0.943287721466526
0.792085119355746
0.713459011009845
0.758060641989836
0.650441928031325
0.799364534990751
0.825380369131616
0.772566076517234
0.806972775042606
0.793203061159697
0.809609684735124
0.884521372759707
0.817372854339681
0.776757782638911
0.812654804716537
0.752391643128156
0.892207780310517
0.795234188361272
0.876545107082062
0.858187748181392
0.906806558371699
0.71646360067216
0.942870967899273
0.773432150256635
0.854692759649551
0.908121074190355
0.6545745165328
0.847218206453757
0.883910503667547
0.74785441366413
0.858629774261105
0.883489629551899
0.958208224325008
0.855690541397789
0.872228271631027
0.99420681520493
0.973188892403102
0.73053539872865
0.777764240299584
0.844605366324393
0.793825705394748
0.726752709565717
0.784307237741855
0.788406338144764
0.918822154456515
0.92642303004396
0.811709662152756
0.883275322177684
0.921668408327804
0.886633144076472
0.964131091608425
0.779061032011294
0.80386053613859
0.950625318247151
1.09360236392828
0.998166132380687
0.848894382391861
0.818317037218056
0.960531020274847
0.8553679912527
0.860680487279306
0.924437412334368
0.95053870150184
0.830043735612267
0.733237819888675
0.880169648883604
0.860940605970607
0.948247966643812
0.920118088469464
1.05272998380134
1.10737425619131
0.904762627306069
0.890912986215475
0.903422821737804
0.919363005049661
0.881201461958047
1.05657022931993
0.994973216254888
0.904198077172222
0.990520390916281
0.976027641258139
0.877150154081085
0.958637616537214
1.01387172545095
1.05795049974758
1.04689481609401
0.876288739468152
0.967453739219242
1.01162553839176
0.860051436951795
1.11990466363417
1.16100972999106
0.941294412389993
0.920678280471712
0.942557247376289
1.08921766592017
0.985410758521871
0.810799964731057
0.832611552141829
0.905217808719795
1.15533363316203
1.14003066625202
0.913196182275096
0.964394810406207
1.09010411100054
1.03679622715603
