-0.0348379548610622
-0.960078546107337
-1.02953825180197
-0.98912486676242
-1.08163758225348
-1.1922480090682
-0.872170251824906
-1.0265441566544
-1.00720156437842
-0.967692086224476
-1.15813986716423
-1.01995238370604
-0.90704499740983
-0.886745418740352
-0.959882432371898
-0.948452639273472
-0.878057243475396
-0.936082884920735
-0.95932526380077
-0.871280863042224
-1.06874683567691
-0.837690532462747
-1.06813789760549
-0.968803696778623
-0.857545974195079
-0.869357251880558
-0.854042538689871
-1.02081190556208
-0.809137501157828
-0.865172100867329
-0.88691152564554
-0.998649548138029
-0.857160525645671
-0.892999390379809
-0.932641288433272
-0.949256240967642
-0.765255324860216
-0.973446266270273
-0.968612771395419
-1.00284431463672
-0.852293764946304
-0.910079347998266
-0.883620750467687
-0.769883169616738
-0.976967313380626
-0.843967740436482
-0.799141063446646
-0.794998292214188
-0.835939687997451
-0.844346771032444
-1.01083475045401
-0.86067787326216
-0.837766631212183
-0.839537037087814
-0.905996528515645
-0.97508438405827
-0.923168067839602
-0.919550645324824
-0.788164950429824
-0.856027407591677
-0.843292159961217
-1.00114178569543
-0.876668743364851
-0.93980247253263
-0.992883231948768
-0.893070192345899
-0.814927024790741
-0.889444916047518
-0.983790213994693
-0.931498803801135
-0.906922239165097
-0.891036135030313
-0.879132965105383
-0.914981154298043
-0.825514025020562
-0.84824946762518
-0.719561408774663
-0.766076456003814
-1.02238273386504
-0.897597746515297
-0.853240320827345
-0.943673357334881
-0.768930518721384
-0.688671995519182
-0.76513352839328
-0.780092793307111
-0.762731362574023
-0.739196731272834
-0.817987922842103
-0.730217178027076
-0.750858061242639
-0.80485390309614
-0.803315953043801
-0.812704025993247
-0.83894517987152
-0.863946445852765
-0.760036556068684
-0.698045514007529
-0.665442969448484
-0.886302049676265
-0.753732423128356
-0.810842393178111
-0.74051531245569
-0.830589417519225
-0.830110182705125
-0.811882894885316
-0.827937053642844
-0.895647903584445
-0.734691905908754
-0.793159246430132
-0.752352124816501
-0.780027947471122
-0.770334224909148
-0.834430835541982
-0.839908749572815
-0.713454819453806
-0.71885744774308
-0.704175280364848
-0.753543693640138
-0.680491912626379
-0.751745487919942
-0.686350133020571
-0.880753067646708
-0.755536009463233
-0.754020563213043
-0.752082779971759
-0.824051562466537
-0.72524540670392
-0.645502192462156
-0.594578175272237
-0.770356086207899
-0.884253920606315
-0.560743094872736
-0.758412974710386
-0.704046652099824
-0.686334194114827
-0.569442061647937
-0.724802327521718
-0.853238659650494
-0.606173723065672
-0.693130984590193
-0.852940821197494
-0.727337518584579
-0.854937370264742
-0.697745002758957
-0.702463074239175
-0.694648265759737
-0.644018665017964
-0.708309830557632
-0.901349858067985
-0.780062535028516
-0.738538483115946
-0.805154368948455
-0.701601949136806
-0.711992422164364
-0.670237104044586
-0.645322919630612
-0.652545476524198
-0.58819739572721
-0.689755961827605
-0.621459806677069
-0.764926749190899
-0.593192788893827
-0.611300416872155
-0.656203806715666
-0.588685413610065
-0.811769010584981
-0.713976556702754
-0.774752506349894
-0.804561813055018
-0.69729941680543
-0.582566308026147
-0.679094561576311
-0.56882477797344
-0.675410208792656
-0.647128809819846
-0.766781267214105
-0.818596809917274
-0.625715938357584
-0.607185688297791
-0.614464982217674
-0.630143118841579
-0.70006153591537
-0.717756487720332
-0.615883059213477
-0.544242945672361
-0.624200945214481
-0.583537649890633
-0.564588702747831
-0.65252312256185
-0.827955508268818
-0.596521136932898
-0.718253766931474
-0.715056981227379
-0.614137706743664
-0.693815822766856
-0.513968573002191
-0.749941777609826
-0.582790506525787
-0.538943289030164
-0.414728307654287
-0.477775125773406
-0.617277192861469
-0.494958884365125
-0.598714634375011
-0.492097640589685
-0.550207922454346
-0.644808763020829
-0.549351564936553
-0.578885441066235
-0.505790609220274
-0.551091222421919
-0.609984151225603
-0.543663382555797
-0.541951547590419
-0.645696918575062
-0.442843222754775
-0.611213641965107
-0.431042202297856
-0.472568584148042
-0.690043149220699
-0.578591171547847
-0.455776582397542
-0.531470610764379
-0.56647863493728
-0.570342665338494
-0.534627192209593
-0.499062035138489
-0.611190922385667
-0.418486862155232
-0.465780250984387
-0.47792424969976
-0.499203353401941
-0.322427825315992
-0.629673774757075
-0.589480443075419
-0.565134345880476
-0.436270150101436
-0.440974968500828
-0.591571198578564
-0.496080760892698
-0.523512244798862
-0.72876151727716
-0.459567552457547
-0.625656036170938
-0.563003450411356
-0.393081837881584
-0.616828142236696
-0.500415790431865
-0.401536680515554
-0.507969070667578
-0.500972979199921
-0.476383550218157
-0.483164649928
-0.51657397998462
-0.504822683234797
-0.54270833870232
-0.458423094859629
-0.432570558490085
-0.458321415448545
-0.434540129845156
-0.465474321881446
-0.477169670489769
-0.489965683582784
-0.487692716762532
-0.558341615634503
-0.501865251607255
-0.475662253390233
-0.425342172328594
-0.405580059103439
-0.462377737511724
-0.576100917627792
-0.368799216548543
-0.338962878309349
-0.57906494875254
-0.515179952169461
-0.498692344848886
-0.26685931235548
-0.532387559138936
-0.647084411934701
-0.408542560077132
-0.515726730118948
-0.443755625585817
-0.467485175037806
-0.389676892693444
-0.457333123173203
-0.403575786954613
-0.354851014222402
-0.366006834612096
-0.417211368147707
-0.313388094832779
-0.483669085686005
-0.378156776287117
-0.425387464237626
-0.451734077368911
-0.544490973719477
-0.438891494373723
-0.507030594056903
-0.289925264324624
-0.447612664427047
-0.560465767484887
-0.450683671728844
-0.441820759777943
-0.428972475021112
-0.455415626426308
-0.267726837135039
-0.433564371686512
-0.321512442406437
-0.490290742655235
-0.489403253251005
-0.442729776783457
-0.401595583764225
-0.443084093414885
-0.432870641467871
-0.233664593394652
-0.239170683852793
-0.353883307982587
-0.328635675482581
-0.313725895226829
-0.484979287020336
-0.423569418064632
-0.384861528386169
-0.255559549096524
-0.291350443497706
-0.273338697360833
-0.330719496432584
-0.336805070900792
-0.146914059752007
-0.421262971158716
-0.312833311103679
-0.309747170869839
-0.329591273601312
-0.303059780460007
-0.310417015865475
-0.264133799890388
-0.266395926423464
-0.435912907403469
-0.294892562401096
-0.299611026465048
-0.327249743551686
-0.438555853273817
-0.375602453298117
-0.237714509977699
-0.301325375922679
-0.24824152117219
-0.326184876539767
-0.409639989380106
-0.273030600062592
-0.361543750143848
-0.319607334736627
-0.26053651322215
-0.208131672988559
-0.135060363164623
-0.258932958899538
-0.294350348897936
-0.260902581243152
-0.377089888670652
-0.279997034827841
-0.310262076638567
-0.395228989395568
-0.339876184341211
-0.441414671496812
-0.322164548750097
-0.252305733504548
-0.261185714058901
-0.275745436155239
-0.248796989529116
-0.227733324488808
-0.287837137130532
-0.173467088448004
-0.200877350843458
-0.168746632676017
-0.163938321357672
-0.404752416577866
-0.328434082090239
-0.292877015639137
-0.246544075660322
-0.358693113777856
-0.159111957433763
-0.259182868902692
-0.228536627751407
-0.35108409834491
-0.180017481048456
-0.20565978290331
-0.327426836392074
-0.11034470105017
-0.236057519006094
-0.166019216869
-0.251722057262604
-0.119823461900952
-0.225248911423939
-0.133731265727565
-0.313476995226825
-0.180258026509676
-0.188954318850282
-0.12419753130972
-0.0252891005901312
-0.0963183196300748
-0.161315400065256
-0.119490912940036
-0.100611751023747
-0.259950716706461
-0.0111105001088005
-0.319167624020426
-0.178725833883633
-0.0581113929241847
-0.250488045237277
-0.259591546792528
-0.318191337883155
-0.137693390291521
-0.25947241729639
-0.313699018639936
-0.191406998120983
-0.102447312156824
-0.323292575108264
-0.268316260869409
-0.012818072319732
-0.109088892764934
-0.136793872520169
-0.158604931341423
-0.0414420138418231
0.0177811225846399
-0.167078034884067
-0.0762659651922954
-0.290322500422282
-0.0538932139680374
-0.209274952390277
-0.330489865540492
-0.387259214510309
-0.125356447813706
-0.133822606096637
-0.255072232919775
-0.337357752368485
-0.233207029734161
-0.110893661107378
-0.123049803118462
-0.231577512572762
-0.149396004871832
-0.0401793140262981
-0.148672935580618
-0.108839223280756
0.0217652404128947
-0.233488366087129
-0.102382018063244
0.0051329734117911
-0.0438883747567034
-0.115047884589425
-0.129215981738169
-0.372380889368842
-0.118510048257658
-0.126952058457505
-0.204136203765875
-0.168730082007085
-0.154520416657475
-0.200293629515897
-0.110075089317131
-0.131708521008326
-0.0720629052165382
-0.100950857170933
-0.137704209376937
-0.141892027874587
-0.031962175893419
-0.110015014983962
-0.175006265586106
-0.0511698378515041
-0.00730080709760619
0.00986205204583463
-0.183889554997307
-0.0828523857014745
-0.067729119210214
-0.135502363195324
-0.0567183729921937
-0.0242724498892831
-0.103965904435779
-0.129707070602207
0.125926419577644
-0.0914885412815916
0.0379218984646468
-0.158045134486699
-0.129445417126248
-0.146212210415915
-0.0498676569204624
0.0230023226371455
-0.0448665490975296
-0.0445299764096601
-0.0565730839645972
-0.0755734751353727
-0.118121830326224
-0.0915260004121479
0.0548519082095056
0.107391053191911
-0.0912350807698688
-0.0264074492505493
0.0879784107974636
0.0668419598962863
0.109971574898272
-0.166248509635133
-0.133282111149922
0.125498707134654
-0.0356109049962087
0.034747607701259
-0.00456612389398858
-0.00359267621092878
-0.0613417661033915
0.0832053375581337
-0.0191460038507061
0.0291858137066776
0.041051308211211
-0.0119478429173955
-0.189149118371303
0.0238322220105377
-0.0285888585257933
0.132690756206247
0.0192903567553465
0.0439876453365192
0.00122596351996944
0.0659818451739203
-0.0194939356531211
0.194574780431637
0.0819598633251868
-0.104652559273686
-0.0197007957301025
0.0741286433664718
0.0601360892921018
0.0953183211025344
0.0989284909325714
0.0232979429797665
0.0526061364131165
0.0820374437367172
0.00781357847246125
0.0418008629461097
0.208787665630834
-0.0404605410249635
0.150101945964102
-0.0177881790874373
0.0387492191877797
0.0554452472628266
-0.0123839888342283
-0.00727453520976193
0.101287959864403
0.0821166410412566
-0.0459357567153104
0.124200775757616
0.179591147637066
0.117254185884366
0.0228383974784361
0.207154403318541
0.103650322406507
0.0186574977872218
0.00600546331975219
0.178223772333699
0.146930330790968
0.189361111774554
0.0174238685048895
0.0890010921271658
0.0748241946625193
0.084636197097608
0.0757343706315329
0.0529266009233221
0.102297484625255
0.196730752030176
0.107099151649007
0.0157201265589218
0.0853489440581669
0.0904707183102613
0.0418587295438654
0.113285743282648
0.21682537843745
0.0434757379702645
0.0814539947185669
0.0856621842255603
0.135623307256891
0.22811823501798
0.121986196785083
0.0279046622686651
0.153544483635323
0.0682338652300055
0.237718976612541
0.107168490363779
0.242831227142704
0.168671669667594
0.269719281837059
0.1400076339678
0.026197243589989
0.170338183067372
-0.0792672022742689
0.228504553690004
0.137130810228169
0.231257458703001
0.0853510821295411
0.25914086307059
0.226562622068528
0.330851880751429
0.239221186638783
0.291547366759979
0.258263624987359
0.347316689206427
0.286153326389178
0.288276252872514
0.185040032227449
0.215957337133783
0.17079545624575
0.200007102791971
0.130604251124434
0.144505192101365
0.276020187983296
0.173846401101515
0.357440353972489
0.0923220930123117
0.346069462637408
0.391069060225436
0.226315026517719
-0.00198989521402906
0.191306917368957
0.347711760767772
0.255204037172673
0.204009410301793
0.323629310407432
0.304054804519493
0.322025688236836
0.247441010625042
0.249490232140101
0.186477181108679
0.194427179878416
0.316697468712293
0.290222868074588
0.146143537139787
0.309084014013266
0.159665734534054
0.11680812006942
0.18970825327132
0.302572956492882
0.215557077488943
0.392372409928982
0.244949590658094
0.330323031818828
0.222202269396953
0.356145042140195
0.0769769866096272
0.332741155602662
0.349602120808109
0.257812452433157
0.280567273692205
0.193726551251751
0.400842656911925
0.376419807816072
0.32376423131475
0.293710997388233
0.175537810613937
0.360233325386897
0.200902308075125
0.185480156018695
0.204658977487362
0.415690936747037
0.305174990032859
0.214026711778043
0.242025797105428
0.144258360723223
0.371924505045361
0.297401956760828
0.369145209513098
0.418202486872355
0.540918597144171
0.422689485682208
0.291125822293684
0.455098155961787
0.45560249379831
0.288225721599462
0.0853065763556897
0.309143837831105
0.168610383947029
0.344057278133442
0.239539789767186
0.486736462500823
0.236995913619579
0.381217272895218
0.187374964570298
0.412121484770879
0.355656957736749
0.554784644210847
0.481640401169981
0.319000475685602
0.260802203943078
0.488259676082048
0.338678340064202
0.217872581826487
0.313617094498757
0.328476128142841
0.489384604721863
0.392939173175906
0.456555566518941
0.420640723038561
0.413199965090627
0.434180118557591
0.325832688475525
0.321790339795423
0.277597652564311
0.456388054377052
0.38616554172665
0.451775336276771
0.364552063268443
0.45792106281313
0.22020166362166
0.512612357944909
0.188294043542514
0.420737876973569
0.43247334119291
0.329845437490072
0.373168719500301
0.472021304130497
0.538261333756527
0.402422215743409
0.389999716596995
0.252177099979064
0.494819801454472
0.420086506861405
0.328271018285058
0.517963706118119
0.487678685098143
0.40008301067228
0.450121720787568
0.302231798265229
0.627868150482072
0.40509642519885
0.515660135791572
0.363932572830495
0.562490742714993
0.316978001500861
0.486446307460976
0.438222992999081
0.421012853046544
0.522062536732322
0.596562169279638
0.46690741111914
0.51162251908059
0.402913835591088
0.424410312840202
0.548291549498515
0.427624110685719
0.453779823297777
0.328905679563517
0.499718859296298
0.361311980134057
0.362155972796615
0.6763611196422
0.565726137659351
0.431383686633359
0.475007252178102
0.540181917372711
0.578501704542423
0.429624333054169
0.471499166127846
0.433817058345308
0.564650849203014
0.416088570252027
0.55667867079385
0.642289849158446
0.66884315730429
0.457359115790081
0.434679420707931
0.657583192593637
0.481609282571815
0.637347331638501
0.809588107548688
0.531416118140637
0.462978949252647
0.529221621707403
0.569903459419904
0.514816888836198
0.306193496539443
0.543061383453935
0.600883502355271
0.632351353712315
0.612716813498791
0.721915093277943
0.457986280535003
0.456186287373432
0.693440077954342
0.639242824825245
0.688976173015007
0.44019466853224
0.447234157768797
0.741148437474416
0.453216926052015
0.588012641643074
0.609074978827326
0.684737680332616
0.560280327109909
0.573526077129592
0.703591460038313
0.609444046095398
0.692362265259685
0.565866840695219
0.543988766050717
0.508260680504524
0.60450168632708
0.566585677316517
0.578449473206206
0.548902512208949
0.56758618474445
0.494679436934992
0.519469846303726
0.728305473776419
0.61102259399707
0.638858371970325
0.670016498548919
0.671698392703586
0.662592522595662
0.64118201561593
0.53271780114721
0.597867583277771
0.581302787690208
0.615708959318671
0.471596350482479
0.692082538330945
0.465530064120591
0.711479610300006
0.670393529014028
0.644602907709709
0.673434073128237
0.758374094912115
0.47699457573431
0.604415889963389
0.697824523142467
0.665022777080388
0.66309358371147
0.662756670649431
0.552689190297489
0.725889916954314
0.667310360630948
0.647536165462071
0.543326666738159
0.793658832824667
0.693683099366196
0.627776909902285
0.615003077566508
0.696383994324133
0.684952558266961
0.674111571843398
0.736094743801726
0.577203372086261
0.692579788117152
0.569401460023544
0.675773660752928
0.699044610325135
0.68849482746547
0.61903162661873
0.654661495800075
0.719224035505672
0.615242197355593
0.689313586696494
0.642327545783118
0.677362443728988
0.657892862044614
0.766432332742796
0.651971850687592
0.589799209799995
0.777154744156706
0.624181065417462
0.537761231475435
0.883861937539522
0.710995590865125
0.593614839641463
0.515042357653906
0.652549273495396
0.780293543507694
0.763771960742098
0.808815157379409
0.791091458114108
0.760447229850457
0.695891628493138
0.576787950669932
0.49684760472409
0.689194651792016
0.767073983620431
0.698925242192503
0.784881061524486
0.790247862287649
0.737145805289199
0.754623100781466
0.848660308735943
0.903753438608013
0.706871412133178
0.755483457656297
0.770119613370154
0.698223334134295
0.77875397891465
0.830919820653813
0.695406512789331
0.659957827815827
1.04221833767748
0.897762184882978
0.657715951543785
0.736136596319101
0.74142780446563
0.822649180647248
0.72637786051903
0.552278990265688
0.890939587140344
0.710962271269596
0.807684978595665
0.779973231125922
0.863103629332282
0.766379297364503
0.842886580108626
0.878723376362631
0.941876845276183
0.592781795810979
0.734269231865306
0.848673132660823
0.911522686868963
0.68041530268962
0.860659883928497
0.839798647872129
0.68362232619755
0.933938734650973
0.924469018663963
0.820625898996993
0.871471176742116
0.771610207132576
0.72987117189871
0.664353223989269
0.772982999005779
0.886577966424233
0.684628812648385
0.842991829801516
0.735249633087932
0.770300253595984
0.864238125562198
0.945310840633557
0.878193799157798
0.951793074378243
0.931917632258971
0.851314137318214
0.951861912076426
0.909304794916329
0.865019466446932
0.801012308528437
0.994941662942988
0.936610535354551
0.93382506529531
0.830569343242379
0.908123846649288
0.814321129413596
0.866494145344959
0.727090507815229
0.938017177616507
0.867242985060508
0.824396789679016
0.957382943631575
0.868325316542565
0.922057608846324
1.08596898742199
0.968053305494638
0.824846593875452
0.862161122254198
0.8862217550861
0.890331796481195
0.901166074509972
0.834503371435656
0.927958163073396
0.724813276567981
0.771247917121191
1.02081067714922
0.86323886760036
0.977806455529399
0.941377612086637
0.880909579816674
0.991873746719945
0.892931495887028
0.900975117650067
1.01016997683502
1.03554801533104
0.942129720725477
1.00853449961368
0.861524715285163
0.962672306109445
0.942743273069794
1.02931466910787
0.868817068143546
0.909286509797225
0.993817359570528
1.00865576657683
0.832634727518788
0.997447770239897
1.06730484382993
0.987728336041348
0.860568672032293
1.0704564025357
1.08499319564397
1.02629166702636
0.944599453969791
0.847378633818046
0.979575421609858
1.03583854613128
1.03805563833819
0.953457750687847
1.07085265126195
1.02089576112213
1.06608155467537
1.00347344125417
