-0.0520665735101104
-0.929562862236503
-1.02041511886843
-1.16690166870332
-1.01202121316985
-0.916537081551855
-0.965907263276496
-1.05693304398016
-1.03319700739277
-0.918319807135172
-0.943107974804137
-0.931889478549978
-1.00047785083479
-0.975919771064739
-1.04721389145852
-0.928131481151084
-0.941908060783078
-0.815176639997767
-0.984716869665011
-0.893366897006894
-0.97671678507296
-0.914151293613659
-0.946281571660751
-0.967721281346985
-0.992598115665827
-1.09485179953513
-0.883729286719069
-0.857723612890251
-1.02611290287703
-0.905960940557862
-0.847699203544373
-0.965149670400485
-0.92981617928304
-1.08762587769983
-1.07467219135805
-1.0671913293353
-1.01861024432205
-0.877893524253634
-0.763310579519633
-0.911848500929398
-0.977640160165739
-0.933213893145575
-0.806059147753654
-0.884023112854136
-0.84285520589163
-0.776477048955045
-0.830900493964693
-0.860366044521874
-0.95349458158554
-0.944933361146903
-0.877006344089911
-0.838167596423615
-0.821373921465882
-0.810868694942968
-0.881961269857582
-0.836493728953467
-0.979271506525347
-0.936418906807217
-0.88002291704409
-0.869024078774077
-1.05037241651649
-0.84291027793354
-0.935246444046931
-0.963492294689378
-0.973350154626641
-0.893563769804517
-0.671672279791441
-0.914672963891168
-0.864041079904323
-0.874006301227951
-0.919948749852159
-0.984174394954571
-0.859346317228017
-0.715051630581647
-0.911660068512419
-0.911890614870959
-0.883894027615109
-0.876916266627689
-0.773940071385225
-0.763793517518239
-1.00705089868569
-1.0016757568766
-0.829465439961024
-0.799402892503743
-0.757500805768469
-0.752619161093791
-0.978876565811546
-0.75699714975244
-0.846424473665591
-0.791607454479018
-0.838441460601741
-0.934759802804545
-0.718505272721955
-0.732041958977517
-0.902920695881047
-1.07963712544711
-0.830701070144116
-0.597158300527488
-0.862816862193438
-0.695449594161608
-0.690644632102996
-0.877708233353921
-0.646023693649553
-0.873140325186226
-0.83186701994696
-0.732770130554205
-0.710283450950297
-0.750324664636703
-0.721298369268259
-0.764862557848591
-0.864024300940956
-0.763753953772196
-0.914306995398425
-0.864135511132333
-0.669669931881304
-0.670193840037243
-0.736059954133822
-0.798464454592118
-0.785249998346027
-0.66728282061164
-0.755895179526151
-0.573850783059301
-0.767459430136003
-0.829491489050251
-0.823688931440586
-0.612404786766596
-0.82601478571522
-0.783908216502402
-0.862032053622874
-0.650617261590507
-0.51069678308331
-0.733848012069944
-0.893960957110516
-0.674665908780138
-0.601819780637717
-0.704844723043509
-0.720927081871688
-0.782959303355409
-0.794739131632649
-0.796228740969795
-0.677958400068925
-0.711803401398162
-0.699852597935144
-0.728940194645738
-0.703528386442318
-0.739392482533743
-0.787595790926951
-0.667082981104598
-0.768716633931321
-0.768524225519123
-0.703659320207875
-0.729311263053485
-1.02828381926409
-0.6649843516709
-0.677844488211008
-0.556603160473553
-0.720753102991495
-0.950660385160258
-0.647706003906705
-0.690348346301536
-0.646535786315648
-0.744462517142348
-0.760227598769486
-0.694894875392029
-0.671385452879659
-0.589725683814235
-0.640449586561401
-0.612566427326746
-0.540176288177193
-0.744016783526387
-0.684076408210005
-0.612784324709065
-0.677086225303436
-0.563078530485988
-0.616314713361787
-0.668273970089281
-0.606842948941916
-0.764836057430626
-0.634146351150799
-0.786096247066511
-0.617571835166232
-0.599023156193539
-0.556382258900339
-0.56252670679491
-0.482602151054783
-0.657824248719168
-0.584879964220015
-0.700891907358566
-0.692537468626991
-0.633244117742939
-0.500754947456013
-0.530677575470882
-0.694457851689709
-0.641640354749029
-0.712705010086587
-0.758164034259191
-0.659429310163969
-0.706834406448374
-0.729368518971574
-0.694528316318867
-0.561952576977451
-0.57115433267804
-0.626332057837817
-0.570856624834505
-0.583773932126619
-0.545658249454501
-0.557436035659106
-0.447584915459488
-0.444914058161791
-0.520819002554534
-0.549974636615108
-0.600900721222634
-0.562222276751752
-0.630092374659929
-0.569540685885047
-0.620920689807161
-0.623890235109645
-0.775194447945449
-0.616263413267988
-0.610346144600065
-0.540183342458648
-0.622599155942628
-0.526583551412725
-0.446857154535823
-0.63647692662674
-0.549952232869791
-0.57328479816195
-0.560613461490903
-0.443304482309826
-0.524912720063846
-0.459584324463498
-0.579384036999199
-0.527225855947562
-0.519944490796254
-0.525986379628151
-0.498615180108146
-0.695542636614266
-0.4596761766187
-0.533140892756004
-0.438775134892228
-0.490904990303996
-0.618643463995298
-0.575278744983949
-0.580099835358913
-0.528938330970642
-0.371179805314077
-0.407874143910681
-0.417494466317689
-0.443637629699082
-0.462400924385409
-0.368003993314961
-0.493747893085082
-0.499945167028131
-0.50727964306702
-0.3949560902424
-0.415095580810394
-0.503610335683969
-0.507672093602653
-0.494602078473263
-0.461192841657942
-0.509159746649163
-0.642682453697937
-0.427650613711513
-0.522801669628767
-0.54000221757417
-0.507044075631253
-0.540402814362625
-0.374736365550801
-0.489852235186615
-0.435625968771979
-0.398018425972124
-0.408094104021039
-0.395229220362076
-0.467353057183065
-0.543239443202391
-0.432243219849222
-0.427294520099033
-0.466021346129107
-0.529149422539538
-0.334443351687009
-0.432184295704826
-0.615138372028695
-0.561024486909673
-0.517828170971699
-0.321905657029778
-0.402434385198024
-0.391582368254841
-0.466373936777148
-0.422994370025355
-0.347933813319684
-0.473405475388429
-0.314224183446983
-0.38491468132489
-0.478169638649854
-0.441404509613648
-0.274774389007786
-0.310615247012682
-0.333189757939677
-0.288222934431649
-0.420600568305522
-0.35770816678291
-0.459764627756467
-0.38172380288646
-0.236240892858268
-0.272029900189768
-0.519849938224569
-0.205109809969447
-0.23506032656436
-0.539320004760622
-0.281005397859015
-0.288833457916766
-0.452866482820633
-0.478527561879496
-0.433021532394585
-0.356364282037765
-0.390982377490774
-0.369561378185179
-0.447694503519231
-0.248871481421657
-0.289048269704167
-0.330071531339136
-0.265107014282528
-0.262869263719099
-0.35494164713346
-0.368761405821015
-0.372543491373117
-0.392390028143623
-0.500067051718943
-0.416707266601404
-0.30161684657122
-0.277076915263528
-0.417655572421732
-0.378932803161166
-0.278308134649063
-0.252096808088227
-0.264646348406853
-0.309890453452636
-0.336507219873174
-0.222083628835597
-0.392223695330482
-0.296373628835677
-0.314434793025378
-0.400029536077803
-0.229804322223128
-0.292408124161337
-0.333216279580994
-0.450239128110275
-0.306862846932064
-0.319319296616644
-0.41080475956006
-0.385286147762798
-0.199361899488006
-0.398367629150685
-0.194200619256755
-0.378162789057791
-0.208825538390475
-0.165800822011766
-0.193300459297116
-0.119101396844986
-0.329868693930036
-0.350577219249153
-0.24047081768549
-0.282909298476456
-0.258954648362459
-0.383953202595797
-0.273971031882198
-0.18664552162027
-0.235005512496005
-0.299340235726678
-0.341512445992456
-0.301418169042289
-0.216791220025709
-0.365255627064743
-0.230084943062464
-0.309021886827616
-0.293297850445286
-0.308937715249814
-0.288562575996384
-0.180781101323588
-0.232955813535154
-0.0989069906545345
-0.233180395293312
-0.121622353732901
-0.238026432825116
-0.148104984144139
-0.27434022960533
-0.143635306833599
-0.247842262719344
-0.300008483730836
-0.178191081617121
-0.187723777778218
-0.274855205290358
-0.410081830184068
-0.120957279274338
-0.184853877602235
-0.262259143897507
-0.25370276129428
-0.221970771664924
-0.293453519214833
-0.173948731107722
-0.184189858988245
-0.199956374714142
-0.17962971481102
-0.233563995163396
-0.192146812824221
-0.194030232784794
-0.17924910308373
-0.265544582239157
-0.0820058752600661
-0.202581909330889
-0.100141234104566
-0.254276506949836
-0.211468747286549
-0.00175617220904825
-0.18418658646891
-0.209945623731398
-0.0990203109945553
-0.108756920992437
-0.0109694947438984
-0.247057888508207
-0.357582278929279
-0.249794196954964
-0.178928107146095
-0.112377081073842
-0.244159647780759
-0.127002467347276
-0.159313152355048
-0.28034188436277
-0.180791277679213
-0.0443759374462794
-0.0999731735866842
-0.260028040893409
-0.0975338181231362
-0.125770908126348
-0.112897913793265
-0.0607493040996755
-0.204968663324694
-0.149494932607227
-0.271073518184047
-0.129222624428452
-0.189624800544976
-0.254189422357073
-0.0409087364282407
-0.144159154737672
-0.0756830458565808
-0.0988596947758121
-0.177019739620309
-0.136800609684073
-0.175838806129923
-0.0522436491215425
-0.092819473362336
-0.16980889039473
0.0061243440718434
-0.0215139500287408
-0.139892345806995
-0.18566908452321
0.0712718238631291
-0.228829357033418
-0.0885765168999845
-0.0539596678952393
-0.0911890620721402
-0.0575408606682262
-0.0844038522428059
-0.0444905671453312
0.0213189456538887
-0.00333078075531862
-0.235984457900782
-0.0795828819616246
0.0868241629503133
0.0282251478019425
0.0374540126324652
-0.0379753971845197
-0.0871597842298499
0.0294001642224677
-0.156248531382224
-0.0114616530550087
-0.0344822570656595
-0.206853781452537
-0.147203537710448
-0.159898634595506
-0.0829706477347291
-0.214179654482123
-0.00516509130916307
0.0290776352420266
0.0416068695600267
-0.0666309268505792
-0.0551871654140052
-0.0192168374331238
0.0538939988486008
0.013468718398831
-0.133173303620454
0.0247896391379854
-0.0569459072799604
-0.0812331750003317
0.0500338724498
-0.10965355755274
-0.0572448323169619
0.0428949162752219
0.148835782870684
-0.0271806418227319
0.123082649655052
-0.228430901826961
0.129800082880825
-0.0672219661017697
-0.0567199573588025
0.0193718632900438
0.0135272909100868
-0.0615292426474142
-0.0256070138878549
-0.0659844976295749
0.186421234863494
-0.010429006826175
-0.000459090300988163
0.127727846328583
-0.0625536634786068
0.0405205733436672
0.0284765299346659
0.00274923655129393
0.127636914113893
0.0509161823255037
0.0411862162651009
0.0107890505751522
0.134182375624129
-0.0604506180813991
0.147131644815194
0.0736896911386574
-0.0460704259682283
0.0575731212071241
0.107325839702923
0.188975175139268
-0.0463778992956125
-0.00562540358787268
-0.0301179223498804
-0.12734745104371
0.0908722284575926
0.133314943519113
0.135055779025202
0.00148726344229548
0.0502015516439364
0.204972868704979
0.0419300160748836
-0.0969595843457179
0.090882753596364
0.0465430634007383
0.0202986087738636
-0.0254437682469476
0.235393154089775
0.198221333438323
0.0748593694724776
0.043267416477928
0.0554631176797263
0.126472493294125
-0.0469400000346101
-0.00687027109106608
0.110835857650697
0.13437786520654
0.0463686735347025
0.0513356716143911
-0.0120944663214494
0.0827516603255128
0.150615339483285
0.0784571579905059
0.113182072877187
0.0699909464279841
0.0299987533185159
0.169106005784066
0.0624912080879273
0.0628512383398161
0.0774904693499808
0.168080541371102
0.252656935629755
0.201554208659321
0.0806262383389501
0.207747781597334
0.13658469530473
0.0913288265869818
0.100443251550003
0.0830476895947915
0.211344333411314
0.0989162870955528
0.0917822425303843
0.0787759152608383
0.229892284407829
0.299548019640189
0.238242756834082
0.132020773384163
0.15782798948496
0.257293684873165
0.239812099877116
0.229618372863989
0.118711592418926
0.236974230013968
0.227575256460097
0.170256640952196
0.1526294224113
0.278908378892094
0.2487988904148
0.223033802364691
0.0404068020945385
0.0617691884277934
0.18866115360039
0.218559140722986
0.191064050645999
0.196294021270176
0.221328219573452
0.201233757785937
0.268133063744216
0.229134086455068
0.146283185096531
0.336429068411776
0.255337437646794
0.207459552683602
0.182756433859622
0.229712172503737
0.181990591728458
0.476554094424474
0.179987760883385
0.135350576124005
0.178331780662813
0.142541557093865
0.0640734546437975
0.138113374292695
0.269844012385543
0.301827686653549
0.328078960656303
0.30883445456743
0.256890064488604
0.215223820362308
0.122853023195443
0.321983458399862
0.15719649830537
0.323811911728701
0.293398814116413
0.245823080719251
0.272244859510494
0.407443392380392
0.207693980875037
0.281599996092272
0.346084692380836
0.284493797862752
0.307813460329945
0.155028797173081
0.264013382616948
0.329536335087809
0.135437569198761
0.310431326412133
0.350475336372551
0.228708125810923
0.383178913478239
0.390796104427156
0.253396731364433
0.338260076624379
0.31010671548393
0.314658080482125
0.330524184203305
0.271728786211374
0.289967532338365
0.372390390612193
0.24298518221018
0.44039697138462
0.325756098717591
0.555082730996735
0.339599058551869
0.377642436918465
0.197830834067529
0.352973518876466
0.240440023623392
0.143060677271968
0.36655679470828
0.364158148698862
0.225067673117439
0.268278855261335
0.280510062083421
0.327205770327987
0.314610247563746
0.443191021352966
0.462101562206725
0.363273821455042
0.28258153659779
0.257773333497664
0.487206856095542
0.487579146266268
0.383064865405734
0.380074636195748
0.394441528971963
0.375034834829693
0.372953723403608
0.413128875229669
0.307433695439163
0.370952872148664
0.405072721052298
0.274037432089828
0.392197324570382
0.290692097867969
0.472806297892584
0.401025325642142
0.48054689629473
0.244899816852915
0.345735385875797
0.39002854871243
0.423436425267309
0.397677498095508
0.407992916820416
0.380080917914951
0.511330154830914
0.520876497991175
0.31253889991247
0.396077670626797
0.471427203475532
0.562915564444539
0.345455937495912
0.588152046685689
0.457023963130089
0.278734126261579
0.49452163768059
0.616090773293482
0.321633096048201
0.420090325720905
0.452696592742527
0.539774885705013
0.414941702487764
0.500911548827293
0.434942320999581
0.550449288087201
0.349546359209387
0.481066074710228
0.340555718738449
0.411044396645188
0.346513935388475
0.440143695201168
0.412906586970208
0.558620886345103
0.323411107438778
0.480834078642691
0.474428626895512
0.480591506336992
0.529698398781736
0.44057825115668
0.56032710985757
0.436791022886272
0.4491601038603
0.304288059008423
0.591414933383395
0.471200362433186
0.4339403639144
0.53177337568725
0.556328649091792
0.57178117112304
0.445676808238468
0.471243695487886
0.512193753660951
0.603529381782351
0.641316032430985
0.428136744596279
0.536831490593767
0.59597131918762
0.486613414315827
0.586521898643354
0.35866319807155
0.53398628637092
0.627088987764404
0.621882028612337
0.476855833405034
0.517327757894902
0.519943279020979
0.503208409749733
0.41697399494648
0.554652345314654
0.533455346268688
0.60178413654032
0.539724979578904
0.564602811759056
0.483567005253134
0.465800307651016
0.585377852944254
0.541936766757958
0.420791940478918
0.532747556019055
0.62630819031954
0.552116574259781
0.565125087547655
0.617891392587214
0.676232869849419
0.591798574095801
0.63194667253032
0.635814424477235
0.733760970448214
0.449432439286821
0.626502152719527
0.57778506726852
0.572919055078903
0.589013272976786
0.493629153677037
0.578006152089688
0.715923644626985
0.628517909398613
0.726715220832518
0.640125247688272
0.55131632904485
0.514207041718539
0.638442283412509
0.647288137626404
0.536973046563637
0.5684009313903
0.603979770935191
0.741057794722388
0.618926639985634
0.548829399240631
0.640435413971025
0.585316699953712
0.619348240615453
0.650967627679035
0.668579602218171
0.495257868808671
0.649654208546772
0.547135827063168
0.848522129860702
0.690749494397117
0.635675770142875
0.631441123697625
0.701258761011405
0.61725877917759
0.78040602739235
0.533351991724674
0.705984120245614
0.522212441307253
0.568390562231645
0.673997521822119
0.748705508452906
0.72310955357038
0.630238540518995
0.587171788750562
0.530976086658135
0.736223591697503
0.561088860964461
0.722393147982175
0.693312934031698
0.53591786196942
0.757184546630891
0.666270732552805
0.662884278650447
0.499958277293316
0.758362716125268
0.660538747531086
0.59964619771078
0.713595070890355
0.646801368635761
0.613017485475325
0.667760565640768
0.5975510115881
0.706436085512546
0.699772970160758
0.700314102550632
0.652049205537605
0.810696748187902
0.798543238908024
0.718457446060418
0.821644089084242
0.600652990867353
0.706368674843749
0.718184432291132
0.634899471461893
0.708525629737522
0.602335744715182
0.635603258722246
0.711680904640346
0.641519127612994
0.688282084949611
0.817519301517492
0.685832087011282
0.744290852788433
0.725015218788165
0.612384006556544
0.670004967269983
0.788011013148347
0.860026858059077
0.833497298422259
0.673891011470097
0.707485173381813
0.760394472139952
0.765944887159522
0.810178410408212
0.863389601937462
0.758573654014436
0.857273082419826
0.628142955150044
0.745600707941885
0.820524484665703
0.762578630853766
0.733312144918257
0.886043856305061
0.932990381437785
0.79045976969797
0.810322603445131
0.833958404298201
0.93577397707098
0.843468219529286
0.832375091168963
0.701602300716547
0.762690689435489
0.799632090335839
0.691784170190604
0.822678648773062
0.701272267233216
0.825659627062858
0.815212236154661
0.72530609896629
0.751847418839807
0.832759480057528
0.81234005534587
0.819306512432566
1.01515445186155
0.78438875788052
0.79565891702197
0.874721218522208
0.747450050742309
0.75660709556025
0.947458382306074
0.739969218604753
0.876728239219589
0.749336144114737
0.815762802003444
0.718738349503005
0.872122361954292
0.999452331318954
0.834895412609977
0.833033540861224
0.731803785055235
0.861990631470685
0.726559083773224
0.961987966007189
0.926066740923218
1.02178446162471
0.84227069403392
0.736452520085514
0.951354681667231
0.788732700033982
0.775151354925509
0.827739685159919
0.882967464645711
0.963742993980082
0.785243620169281
0.93555246845192
1.068203420051
1.00536623625053
0.81457707961659
0.95802194690729
0.836707295811396
0.863581619160294
0.918110124322407
0.984130796991274
0.924740618155889
1.00422810935933
0.956848755322027
0.82443670175931
0.957780049036622
1.07123627452927
0.935598032393447
0.964335438014849
0.836995521707593
0.930890302196607
1.01501875142623
0.925574580511038
1.01302871330925
0.910521984136081
0.914672180013764
0.926115305283935
0.801824908831052
0.886167947366967
0.930939494459353
0.990279909604119
0.855413350899527
0.917748025874293
1.11708506203362
0.917950780604946
1.01056748187892
0.990575231024751
1.02625336749759
1.0124725715329
0.851644881865613
1.01209204207361
1.078872413621
0.970356923523801
0.985062629944979
0.968307766564184
0.980416150844215
0.987149903700187
0.820197826446035
1.05141589263756
0.87581105964364
1.00627808049848
1.10500134080875
0.965489881641055
0.995513458187329
1.07141378124886
0.976907198899442
0.871116821512963
0.877639977665153
1.0151566814358
1.05987983929024
1.07800167842066
