0.0633057531445684
-0.769290766439405
-1.0828978293778
-0.861243101121827
-1.00546428470697
-1.02397235056181
-0.999836997364003
-1.02292356290201
-1.03201758935251
-0.946108112767042
-0.930306963992136
-0.955791523594369
-1.05533819426175
-0.881192497167685
-0.963836275258566
-0.920010422018142
-0.931667672081496
-0.885585027713352
-1.03987573112664
-0.847957482273008
-1.00514007423298
-0.967239486354559
-1.00372012000446
-0.913651081878179
-0.851777901857125
-0.939676742043165
-0.936900812111487
-0.91997523475873
-0.821929372499531
-0.835440889130717
-0.746607989303357
-0.958302464493926
-0.826979470043884
-1.04882983281413
-1.08912314852261
-0.909103274590976
-1.02560761761637
-0.816029374455603
-0.894804301109561
-0.907641495217119
-0.947348805858293
-0.878744661726863
-0.850958284707253
-0.972162587437831
-0.784875423892299
-0.750977598318118
-0.944250578368686
-0.694471210523574
-0.803832710473649
-0.816725824108071
-0.840149560982013
-0.840760916737583
-0.81591504696754
-0.922022955402818
-0.808996546955421
-0.94857624013299
-0.871308437272017
-0.866243037250207
-0.958840738589306
-0.920637517685659
-0.792290980616095
-0.943124833482874
-0.840319464706937
-0.877522096769311
-0.865839566750651
-0.821253818673691
-0.849575132994899
-0.788325706517008
-0.854407186422789
-0.892721760891158
-0.960117565907852
-0.993645484910982
-0.752743529472985
-0.922676033920846
-0.818210806387594
-0.909346991053154
-0.905882975395842
-0.778866059173281
-0.748410618621647
-0.943317730854375
-0.892119222904545
-0.934320876244028
-0.68632366739133
-0.929302518953505
-0.927112337907992
-0.885270761286392
-0.779595864295831
-0.707394464535824
-0.835448395893136
-0.810077265686548
-0.869002991379094
-0.815265049287378
-0.846984844666997
-0.820607527300802
-0.922301523390383
-0.843625842785628
-0.792631512873748
-0.799495120749873
-0.641918385656449
-0.819734655249972
-0.836044356962818
-0.765369171752747
-0.793510082623873
-0.810754361028174
-0.88617955738632
-0.787699816803317
-0.808788758070423
-0.692181778397355
-0.749840582692083
-0.685164455328727
-0.593813439370833
-0.688609023792809
-0.848822743474395
-0.732307041454248
-0.668065146774954
-0.641330704555147
-0.786736295319586
-0.703443719398332
-0.802801479838613
-0.760936046507445
-0.86375311821417
-0.770372716615014
-0.72808672832478
-0.817130168486817
-0.748615716004719
-0.658699208854273
-0.776708170738755
-0.72917759519969
-0.844264763781063
-0.747331739874932
-0.610586707514628
-0.803547805706022
-0.701106248665473
-0.73287312260354
-0.74194941578143
-0.796274712254241
-0.659543470226088
-0.758390874260344
-0.800995623225071
-0.794044351094236
-0.685206418126098
-0.724376146832111
-0.777506771089249
-0.829217472393787
-0.783668546795295
-0.689971041741946
-0.763976484450231
-0.658699309778719
-0.800905735626918
-0.616508515887904
-0.741580819315274
-0.575431348376447
-0.617242567635125
-0.834920091546837
-0.69876376463942
-0.78287051151717
-0.564402551116808
-0.761263875929374
-0.734616646058942
-0.726771580170229
-0.712802482244309
-0.748331926795068
-0.760141057355242
-0.553236132317509
-0.827764367500939
-0.633271431101013
-0.73542151232527
-0.573092908407891
-0.596674237460854
-0.657779251830682
-0.637160623683692
-0.68063266730331
-0.69904797605922
-0.718725254604777
-0.666542715652189
-0.710936376662712
-0.600790831255345
-0.743753983017693
-0.6250786647272
-0.639290022106503
-0.574001750863824
-0.757220262513924
-0.6126718366649
-0.558697866563268
-0.643321699192673
-0.590112576594973
-0.711531970702113
-0.605940544845726
-0.557810435149309
-0.739986592139724
-0.732214336631913
-0.662078878533833
-0.626790827173677
-0.666087285998401
-0.487850625863794
-0.672369049439597
-0.574371119453219
-0.526115852572723
-0.526692096815926
-0.64364332061918
-0.597327202643609
-0.597598753114787
-0.575767434638169
-0.534393895644837
-0.605455338252353
-0.580883602755384
-0.522274593042595
-0.559716740235818
-0.630476770394531
-0.489145873695947
-0.574612863784339
-0.673218276002988
-0.552677354591543
-0.757249972216683
-0.655935699025244
-0.560593469965026
-0.49825518245836
-0.563456053007558
-0.454911861069494
-0.654121280801206
-0.61744181793417
-0.54985262068517
-0.563051129327482
-0.633242994901804
-0.600317866316402
-0.668523926419806
-0.69566040904223
-0.573270932516886
-0.593044086045886
-0.54283218047472
-0.521426633070556
-0.541954848999455
-0.41360529292521
-0.499289633120941
-0.310441768471455
-0.60643390717677
-0.583402025431692
-0.522675111111084
-0.568511612819787
-0.472186576161522
-0.626938228313563
-0.579861439454655
-0.524508505506118
-0.567576842499197
-0.435949907154169
-0.427286280393249
-0.383527115663259
-0.450761578171111
-0.508363563572832
-0.376581317470124
-0.596309029208466
-0.526592353657725
-0.515140257503634
-0.468046453155742
-0.494996557608803
-0.443194453176235
-0.379213653163924
-0.501677737941463
-0.565283261744174
-0.49475480370576
-0.597597623297287
-0.476627243089499
-0.595220301006685
-0.303727998872194
-0.467505769450285
-0.537133794278009
-0.525017973289625
-0.531979634279201
-0.466454544317918
-0.501184730526842
-0.472765462030004
-0.278416828250986
-0.366171915149096
-0.569640481641607
-0.375769318751884
-0.392633243206388
-0.551834652486414
-0.441692357486627
-0.374215870430607
-0.513026467814184
-0.330871378161616
-0.485835296802811
-0.447273899882851
-0.469879238312596
-0.343774765506218
-0.452168254915336
-0.466720781863612
-0.429579962370291
-0.356559475215574
-0.369445509794904
-0.504189258303704
-0.402372279038105
-0.514010469535875
-0.305079810193973
-0.462884801557328
-0.340275025298832
-0.460691721158965
-0.389675133589053
-0.318967511179507
-0.367665286260963
-0.346502967333573
-0.408883623384372
-0.424159758433066
-0.321945034421612
-0.360077183846701
-0.333978210528511
-0.352964902028009
-0.324250944403973
-0.365563569562606
-0.349496484912597
-0.378127304016598
-0.238149455822089
-0.351969810051362
-0.412970772881814
-0.235496150122332
-0.489855994622604
-0.237032801965627
-0.383854634790696
-0.453781409562861
-0.2769614207499
-0.350126851112321
-0.275808911694137
-0.316033858649395
-0.394718197255179
-0.30623544966885
-0.376280954281464
-0.356667358917002
-0.372786556036243
-0.477369782463289
-0.375252986643946
-0.33926926553085
-0.355090082653049
-0.479320678074265
-0.430509418088294
-0.16650743621471
-0.319962288479256
-0.240418433501789
-0.330873301251763
-0.307668392717359
-0.408170687678355
-0.2452468609324
-0.24787014822585
-0.286285209908534
-0.307056039181602
-0.229193550279354
-0.486042155635123
-0.332318018380291
-0.300001861263493
-0.161715207404487
-0.34186512154032
-0.377239444666056
-0.429214198065182
-0.267639744026048
-0.443016597120163
-0.401704513287946
-0.250337412292755
-0.255312276373034
-0.205305459711097
-0.393453954465613
-0.285758776868642
-0.310416521491429
-0.111877715399461
-0.270696641931614
-0.313129044164055
-0.28824804748126
-0.47110388971929
-0.222143036834659
-0.0382309391575468
-0.152561998677301
-0.329636906332065
-0.189308218081189
-0.148295866025488
-0.268780592357422
-0.334006036573742
-0.269756995811224
-0.32825982188068
-0.270347100593769
-0.286566321949288
-0.280218767506548
-0.111305539549963
-0.156496962060304
-0.207811970592176
-0.36906328845837
-0.29580230439642
-0.0677413694084415
-0.312374616224451
-0.331864157720063
-0.10810536267966
-0.321460516879366
-0.156782388963526
-0.311299154894961
-0.0860044582544454
-0.277384869484089
-0.152060988946637
-0.227227642795729
-0.19673015563443
-0.251537555717766
-0.186684726392975
-0.253017606368732
-0.300164837775339
-0.290626995071272
-0.345195453610057
-0.286697317701036
-0.130044004278045
-0.190304619369032
-0.118252848436064
-0.139029216618586
-0.265273663210062
-0.263022337737035
-0.187056832619287
-0.248016226812822
-0.0775643886696174
-0.319816477576439
-0.277902821115183
-0.209614556768428
-0.182135511905962
-0.352492775063059
-0.118373767945711
-0.0932840135825369
-0.0546459158644064
-0.211518100444007
-0.232547632594887
-0.197501196761205
-0.0947575986202697
-0.20704494482353
-0.104288211798725
-0.173133941966142
-0.124901053411228
-0.115920975165354
-0.140838978005875
-0.239398179557867
-0.226003134419727
-0.1406366185413
-0.080212515979287
-0.129070476847181
-0.235683110358034
-0.132725884513883
-0.0238174759886854
-0.127847548690594
-0.100950623509695
-0.152204319069668
-0.157008336562415
-0.320578597584956
-0.111729275831908
-0.0776453411707015
-0.131088115657262
-0.117400679866338
0.0143171893895943
0.0657652688967373
-0.1310978547062
-0.164174708791602
-0.155757075885064
-0.167754993369131
-0.1030462103175
-0.18113603641998
-0.0738711355060888
-0.0265498359442092
-0.230446746047278
0.0170900051750797
-0.0833360255009424
-0.0873040426638474
-0.101758282331776
-0.18461287388779
-0.101471788256118
-0.0271048540894911
0.0442129846947494
-0.18534359734585
0.00394862504747091
-0.177910373662351
-0.0676641765015608
-0.0821186390979401
0.0101383852239176
-0.0593864695610636
0.0731922184770683
-0.0277495424027697
0.0568776615525622
0.0353676950166817
-0.169342710721674
-0.058835231825545
0.00407121539418814
-0.045719870218282
-0.00255359772455518
0.0420597543472802
-0.0609774680804475
-0.125682761551116
-0.204757124426895
-0.128522096147757
-0.023140511437448
-0.0477254873098898
0.111219104850882
-0.105440789332302
0.0367609793575135
-0.0192056678552148
-0.112773451664836
-0.0331193867294713
-0.0758602575917571
-0.0219570549597048
0.162273374667432
-0.0607299471219007
-0.0165562367709044
0.133784846132249
0.155345975165117
0.105512722556791
0.10332126274168
0.0678162287572475
0.00973273804646476
0.0554738262097459
0.0342187857269786
-0.0360212560246976
-0.000953093206369616
0.216131782953897
0.106551493695734
-0.0124676336853862
0.0449411081054568
0.167933023112535
0.0733979563061311
0.0120413395907695
-0.000643152031622198
0.160430337721437
0.0554268248823758
-0.0507929879708797
0.018833639839596
0.0154913230449955
-0.0534520912777818
-0.000650310790201433
-0.138907504049456
-0.011035839271879
0.106815274784499
0.0457954704488395
-0.0709421878131145
0.175551755371804
0.231614560752711
-0.164321011802468
0.107612436277603
0.173493866495815
0.184716622072265
0.126713019425508
0.160176291941579
-0.00240831613790913
0.0975205216499382
0.0626010252844838
-0.0759405948496433
0.0836938352587024
-0.050326053751913
0.0814499928690404
-0.0461521286513817
0.130479008554696
0.0599098500342384
0.0277014376388261
-0.0259052538392717
0.0416136110668931
0.168896196199432
0.216305447912614
0.00751003841822906
-0.00594201634142783
0.135135453831502
0.123868586826577
-0.0537912639880639
-0.0233255309568974
0.0350625429051488
-0.00636362550656097
0.133457088108552
0.0985144481014176
0.0948944630469484
0.0623603400939775
0.103623155561904
0.0882259237011879
0.0671748003387418
0.0808407364331385
0.159427194129526
0.187873642462135
0.197628637909024
0.0812734950733886
0.105462339258208
0.202446816589874
0.360629678629099
0.080475721125383
0.130612808168694
0.193133130948632
0.155974301518153
0.178015930823746
0.107768576928157
0.104044255742851
0.10091964505634
0.27447363100494
0.149172918679706
0.127103217081992
0.0729797773199267
0.222569853293255
0.183830466836097
0.0709133835624252
0.152693965861072
0.204219475375946
0.121500699218882
0.269432787798471
0.128926268952465
0.198055768845347
0.154979421847969
0.216471696472124
0.0423415298843727
0.2139670208941
0.11246391310285
0.0992104986669505
0.0686836379282915
0.146979360826068
0.151911551463481
0.217711273910709
0.207359693717605
0.332543396347533
0.212747459037755
0.14670055477657
0.234311609132962
0.189595199593584
0.414896298208267
0.320479791918178
0.194525044172169
0.106359418608095
0.16335660920439
0.0853546406037314
0.339663194020553
0.165633758668418
0.208931755690153
0.142752475954677
0.40436264327547
0.268058970773498
0.223564712152937
0.286620055253819
0.271762072488137
0.322715854190016
0.326575061315275
0.306649067670774
0.184285500486412
0.27266834198027
0.260141673505311
0.165011934057424
0.332883603630503
0.0370748574889793
0.227884937289838
0.27094229308582
0.300668912074983
0.150927787709996
0.228987066028621
0.277577771681536
0.279674762126122
0.291667221079859
0.352662865963097
0.360697529140902
0.380190512693959
0.0222106047150678
0.376572860382256
0.303591378736811
0.226332934670961
0.248904489330533
0.385599026375234
0.245466197503503
0.3975571877758
0.184934943115035
0.310188939946586
0.307151635976957
0.282749063332833
0.336975403149143
0.332975812871435
0.345404250300618
0.467672473438011
0.258724125723617
0.332337312005254
0.465086643411418
0.520595005247742
0.331577581031018
0.178523753637952
0.290916821081165
0.317766060468552
0.474796671048284
0.279175750882102
0.406930003687746
0.389889779944964
0.255238076312917
0.363148449056012
0.305120843127804
0.510093600094514
0.31868948036941
0.385032079623735
0.472662341327948
0.423944361816336
0.391139513813969
0.415297024505333
0.291171435284791
0.299614249369742
0.257861055737899
0.418155541797883
0.302662198977066
0.295973967179941
0.354595824440829
0.324085743389649
0.396086568621679
0.365604718535077
0.513667989643727
0.465166270293428
0.523203901297951
0.314937108335181
0.280181383220507
0.480797437576648
0.14269117061207
0.363159309107997
0.487084480906822
0.299459952365996
0.419601097800615
0.470984494032732
0.433615268351278
0.322420838207751
0.518886563400391
0.422043186666476
0.424376849610701
0.508677585964198
0.51146976082354
0.41769164911935
0.385765797096867
0.24065698423829
0.432696756597767
0.386136127065215
0.405257699974707
0.53501405710636
0.612910765417962
0.506397173976726
0.28102199578088
0.446086218865016
0.444405010307767
0.431604761803487
0.549198616221911
0.603187050534659
0.447116361706095
0.52306326402341
0.573932531033785
0.46782032861433
0.439324451721251
0.238768622029424
0.466647681248673
0.464907914691358
0.43507275154004
0.523781773712219
0.453288608223453
0.548451330169432
0.415922939886305
0.469549299241064
0.516144769769417
0.460924449311863
0.565316785631886
0.566477603826858
0.57131554020257
0.49396068333014
0.56011364799812
0.483089609834814
0.508783111135907
0.424123891154569
0.429112404069891
0.409488466115575
0.502946503590338
0.392683182798361
0.718891913278904
0.431037692170954
0.515706880968627
0.571078659893503
0.503266962922644
0.472467716457465
0.385534632378523
0.524191510763375
0.450269471438271
0.562716195357436
0.64925102790368
0.51176220280239
0.628727936611524
0.402337443689427
0.445459189209769
0.401040951953927
0.651473166472601
0.612831026213835
0.428084700316088
0.668784194824163
0.468289068818023
0.669689614633242
0.659961125727945
0.535348645747124
0.535025054875565
0.698165290196921
0.582137260568895
0.62640269812132
0.600763567256614
0.604576764506574
0.569339325670577
0.657462858747662
0.505123933343531
0.625137551737652
0.670444451229109
0.652135642645205
0.347840045974926
0.55225543594459
0.518761131968154
0.602071867502914
0.553378732660337
0.628238336271351
0.632838745722521
0.526349909869142
0.548386519463663
0.444376326576031
0.595691815848964
0.665173257285814
0.555940425977899
0.674079041325845
0.590584425617468
0.634679696555112
0.70539095519236
0.450477097976541
0.529274262323805
0.634033651471047
0.542075242384447
0.601155364362286
0.584626881880556
0.763013917154488
0.649608862372665
0.510144295852496
0.615064696095234
0.666896574056319
0.644235013779404
0.529287933804103
0.699464992229196
0.738154138241453
0.625471150539525
0.632825551291567
0.50803326246666
0.771452456569967
0.575643081216659
0.655415349777301
0.646292984517514
0.744522719909682
0.524457380645408
0.711931459029961
0.652093723661269
0.751892331737666
0.729827710407803
0.52514511262925
0.676322287494111
0.864350970951368
0.673586284889494
0.73146543295588
0.698483377415228
0.574054424980737
0.78776465580978
0.722626074744719
0.78135911933864
0.791293660115125
0.811634739584439
0.612853693881098
0.747132548869815
0.708178960635349
0.655127817334804
0.628271089144599
0.676294851588097
0.812011370448971
0.718218379039106
0.67278946004236
0.886641875909108
0.666585295871683
0.70846273583176
0.722969473752667
0.772582144394864
0.807685282153827
0.710827820122988
0.668313999136887
0.752905547054102
0.846710249111893
0.505424026724057
0.801052493667413
0.79921545297856
0.871372578213498
0.736849901110274
0.613836850981738
0.687595677075256
0.684672283581126
0.773812828653834
0.774687348182603
0.845666474834413
0.605288056282407
0.817291961861118
0.830619217139218
0.760285395879503
0.760546340937765
0.697165607373017
0.807608639541391
0.752571964292658
0.750960601530669
0.707291992987631
0.881947392050653
0.837996723281455
0.685299954845056
0.898708096335596
0.916676141460538
0.765025756093461
0.772276361872074
0.778261535634326
0.780525136228048
0.701689915148635
0.804553676538042
0.691847975974849
0.85183243672545
0.930595848832387
0.732754723048416
0.82813732199634
0.916449218001975
0.82999148309604
0.843210437405727
0.879365923038739
0.922223331696502
0.770904646208851
0.85141481841331
0.767815846503217
0.68459220102743
0.812379964585288
0.728252888735147
0.813098442688776
0.915972531655529
0.804902687115259
0.812832607582324
0.774130108080165
0.779990453661112
0.703381409964258
0.79370069122731
0.609094252313073
0.818148640182955
0.844011239302071
0.977111502780606
1.02460998220163
0.881642551163824
0.742027743981508
0.925426488429201
0.885349955396933
0.831760327516287
0.733514984810828
0.82614143221134
0.845951187818928
0.945776253761494
0.80362979187141
0.815672400370426
0.809364420064367
0.997191840511249
0.964515268375214
0.842309704854215
0.977253030307657
0.741934899311381
0.948640943879451
0.979491105754508
0.839596078874276
1.10620308807259
0.867017622522145
0.869218258178371
0.914700574905062
0.898112444434943
0.964666982899218
0.843321264701663
1.01271555686238
1.01144746293178
0.845782018137105
0.865146415107182
0.939148180897384
0.890175107270205
0.947905361479184
0.913795675641483
1.10213012484386
0.796144854640176
0.860347167398505
0.890282723624772
0.811607148970344
0.912662485358901
1.00160473202177
0.888446096452546
1.04068489095281
0.947796449571446
0.856164509209697
0.864541610111702
0.901527781919604
0.910374493786568
1.04807823351107
0.906484862018016
1.09501527305129
0.958977704302204
1.04965551568606
1.02760858590006
0.885910252661365
1.08282305439914
0.889056888808577
0.954666203730121
0.952967950727943
0.95027851786912
1.01601886428705
1.03168778908119
0.970507603114393
1.03749140011199
1.03349770189729
0.958500322447255
1.1217599275202
1.02584951305062
0.867257484029189
