0.0777385817427262
-0.997995580322676
-1.02603046304484
-1.12205255147774
-1.04170590071399
-0.983726291087856
-1.0643735600303
-0.94676322580196
-0.942113602566514
-0.95314512423632
-0.933973511804832
-0.87721097805669
-1.13726901719871
-0.966646154831251
-0.933681467665237
-0.99626212976526
-0.828102183026805
-1.01191453963491
-0.909161820193142
-1.03058505560315
-0.930390797644268
-0.96394695130615
-0.841196540359652
-0.885157554238363
-0.836714379394037
-0.911947459208615
-1.01996410827403
-0.896767684445732
-1.07402052106136
-1.02389259254056
-0.933642211333522
-0.990725685859116
-0.861688709392953
-0.816474895456221
-0.809136999720998
-1.04354242879374
-0.891981734337808
-0.884033966366619
-0.975323800878628
-1.05084317510891
-0.768812026594096
-0.897961039886214
-0.839313887929054
-0.798945255053941
-0.904595700340092
-0.922252284565822
-0.88789550671885
-0.870311596935778
-0.770745016937663
-0.954990437469011
-0.868764825852421
-0.94167500244959
-0.944911224391072
-0.802868502536201
-0.963420455471517
-0.97890566300821
-0.950037856547974
-0.889975476115518
-0.87708020268378
-0.792240956500225
-1.05317595616534
-0.875908547666367
-0.791554811699664
-0.872056013253839
-0.753175827843533
-0.782000767165318
-0.872534385395617
-0.802509797794195
-1.00506619462846
-0.815426222465807
-0.965649243553952
-0.807697542796492
-0.878065592053102
-0.755711518260867
-0.830350121890941
-0.995709464362115
-0.830916574413806
-0.864964864172241
-0.780717972526249
-0.759599858858103
-1.01746786893823
-0.790348338391668
-0.98211431974723
-0.951700674550842
-0.770057153593044
-0.824158873480725
-1.00973917652559
-0.869151980437525
-0.906589496004922
-0.730304096694682
-0.848044143547596
-0.895993742540818
-0.918532521910361
-0.758555427877375
-0.711670346721171
-0.729143163607319
-0.940069800501532
-0.830288806314838
-0.778619269722937
-0.747534965132328
-0.693949151764897
-0.739241622551515
-0.853979212640944
-0.800879906051965
-0.657864660212668
-0.813183587827171
-0.817215041780017
-0.907520761823832
-0.666641157519272
-0.621535945796755
-0.865277285022887
-0.738660746270255
-0.901536030894801
-0.879722702087161
-0.85880374747955
-0.796299046505578
-0.714595672767835
-0.681392388003453
-0.774449907441466
-0.735519659931947
-0.671322559520904
-0.736516421708031
-0.659870155807593
-0.831972194139512
-0.73786418008071
-0.746453783399921
-0.770455141111147
-0.775982519237984
-0.911868055241517
-0.795816857471714
-0.758863605581856
-0.734402042332164
-0.846690752147905
-0.733557757021995
-0.828912039732772
-0.675298178552093
-0.834378686782368
-0.687302428844731
-0.696361561380756
-0.586215433603692
-0.775904260005434
-0.695089140027106
-0.81108714344223
-0.834936359567369
-0.838427836133113
-0.632463247101082
-0.693852358835311
-0.805575032786748
-0.751357632733898
-0.66110621597421
-0.738383704022875
-0.620051058054018
-0.814572433862413
-0.759865241592566
-0.629733771660075
-0.502017880928239
-0.711177347548408
-0.697487781575448
-0.620408553836309
-0.745682311383971
-0.711738783873574
-0.826563277633121
-0.613154326569243
-0.614566312723949
-0.720430589768015
-0.747668613036607
-0.68585972011458
-0.717951131903508
-0.617739797456737
-0.569493619771922
-0.587183614160604
-0.684298623421265
-0.759081791087339
-0.765908903207122
-0.687136622397225
-0.636689020488179
-0.722471230990748
-0.699681821095165
-0.734490566149937
-0.638559114836661
-0.754605476780303
-0.657821455795403
-0.700010277454455
-0.609080838000407
-0.63369343178996
-0.599016598731491
-0.731629004168186
-0.54574900807406
-0.642346196660463
-0.65135308762104
-0.742601128201885
-0.51699019279267
-0.657395994533738
-0.608051719297926
-0.715951287348539
-0.784311960585821
-0.632045513243204
-0.640675262382182
-0.799862130603661
-0.642548410375057
-0.572428613825221
-0.633220910753514
-0.607496394480875
-0.671391194234462
-0.702976036164593
-0.501480798258024
-0.653899805123673
-0.706373644411731
-0.470977013998994
-0.584258146884112
-0.610765810456935
-0.60018798191559
-0.575397617122534
-0.485757458371211
-0.597183580075022
-0.5839182425844
-0.50127488164879
-0.635752973080467
-0.580629097617864
-0.728581763010356
-0.637584944456657
-0.532164765903483
-0.565225897943871
-0.4793861074376
-0.607204594264093
-0.464691084233687
-0.532587754874193
-0.653380256143426
-0.452558494054783
-0.489212952487368
-0.557885422548887
-0.488939918662867
-0.573394251887202
-0.508977265011771
-0.56434981491029
-0.482214040475521
-0.591833653182749
-0.606722873008262
-0.482563280419412
-0.475078346569803
-0.782419828367542
-0.553827069779449
-0.612221172636779
-0.513762251495136
-0.473764765459883
-0.565601914569963
-0.422538350781921
-0.65011553329621
-0.523062713146114
-0.3199497607126
-0.544541203497742
-0.508677100090076
-0.498667216043328
-0.430715996693107
-0.628220677347655
-0.434198406403021
-0.336518359771968
-0.559485832170523
-0.488035042429853
-0.442347759258315
-0.601141766940525
-0.424347213342105
-0.367621636444844
-0.54988677328168
-0.575236760227551
-0.64955822435171
-0.44674230755225
-0.574128920233978
-0.433164332672592
-0.435205142790667
-0.468806894245164
-0.428006397923824
-0.500618311185365
-0.263516665899449
-0.517215205714327
-0.329330602220621
-0.394649138748093
-0.390162685464629
-0.358782697841343
-0.495876563126281
-0.409203693531777
-0.552277101134827
-0.405301103624915
-0.4643352910523
-0.543935907802542
-0.310654032482456
-0.606823442439849
-0.322375822956308
-0.535211744929714
-0.293558363483868
-0.333179441948844
-0.436382258188063
-0.351760101890779
-0.418797295236386
-0.356923178306594
-0.377693328858893
-0.404594337756348
-0.298174057753707
-0.44928547569172
-0.447260752854612
-0.342370450057383
-0.512120088134488
-0.349793365427452
-0.453916161397189
-0.451554589877258
-0.414994596901036
-0.388953757863622
-0.387968911457519
-0.401964545547421
-0.350074349878453
-0.384516624878738
-0.533047722097724
-0.269791236887908
-0.36408601830204
-0.470358505435291
-0.234353907582499
-0.399440247553833
-0.486277609825139
-0.297562088223175
-0.334807186564405
-0.353537139406993
-0.418233701416844
-0.374750927799013
-0.398767413065874
-0.14175921285024
-0.421053270837823
-0.398579031364075
-0.305524155639096
-0.415902233459671
-0.42870328260904
-0.460303902301016
-0.399028737883324
-0.296899934164782
-0.242043091394003
-0.307373376353163
-0.2488859227175
-0.414879552347418
-0.4018704329385
-0.388842523637467
-0.374870154506921
-0.396319788670222
-0.331866081794114
-0.359257547773678
-0.360560891262318
-0.331318647845539
-0.526346838684626
-0.275269430475971
-0.157078274698226
-0.222648371108761
-0.253654036909235
-0.314620804683976
-0.266188821479727
-0.239322469655792
-0.405798072682395
-0.258405762122038
-0.4548295613795
-0.283861564657484
-0.232656914656256
-0.260486861724575
-0.469896149201245
-0.194232379795483
-0.310926780133246
-0.356227547473129
-0.27597463868661
-0.411495727624785
-0.362530964857667
-0.262397690730073
-0.0851994604686174
-0.338259281250753
-0.279219793954439
-0.395230950712325
-0.362676974350212
-0.0768309212218988
-0.392406287705118
-0.208601808158381
-0.210886073524754
-0.321782870941523
-0.259094684869394
-0.181966624322583
-0.122007382181005
-0.129783994855076
-0.224798695233463
-0.322407480743258
-0.170041385854249
-0.293427572718116
-0.165588360391155
-0.0598632551032214
-0.44627552712669
-0.304162905511772
-0.21142954729954
-0.239196959896522
-0.227830561784113
-0.299838213450505
-0.247410669800569
-0.292244506554265
-0.190400957109699
-0.174716866158047
-0.160503229517541
-0.326844525898452
-0.19212368867618
-0.397790659019575
-0.25679770099329
-0.12679277595032
-0.253413892123521
-0.126915718373553
0.0282611763606262
-0.360470248991634
-0.295085601478838
-0.353322068980757
-0.0797228911692203
-0.0950751403381712
-0.234240197599089
0.0266484368976621
-0.11609493500407
-0.325189811986196
-0.282296758182022
-0.24878322426511
-0.159195919469451
-0.13611740854463
-0.305920355706737
-0.291070179779185
-0.257751983090726
-0.11004683967348
0.0133537710376784
-0.207497957178582
-0.193763252193443
-0.102828598082877
-0.232340532542903
-0.142174980953833
-0.0933790764080611
-0.121500953112366
-0.0587451985967548
-0.03969102105804
-0.189898337991664
0.0488754503988831
-0.329889306834747
-0.272672780838559
-0.144460900454116
-0.0895407736636272
-0.0595847415890688
-0.156020420802549
-0.192466343945071
0.102981745801294
-0.0457080762141616
-0.22602251982444
-0.112754457605916
-0.0573501603136373
-0.102543412297657
-0.147174195951975
0.0973942583342876
-0.105671641321194
-0.137021132592441
-0.0879305276829267
-0.204993252176373
-0.172591350578282
0.00809523710863159
-0.131922970475579
-0.0667950655862045
-0.132579279562712
-0.156816955286691
-0.0971147411789103
-0.179059629645678
-0.0665156636339635
-0.0934899286966805
-0.0443947965852502
-0.0095746860462043
-0.0302835611981801
-0.240247505019929
-0.0617534694674405
-0.109924505861128
-0.131586884096681
-0.0476927998244154
0.0258427274206145
-0.192246658199689
-0.144426533168715
-0.0696379537477714
-0.0154188483164582
0.0501136897627394
0.00858975974651746
0.0443595541740805
-0.0623155931680603
-0.157685690413123
0.0905355315755449
0.00490399260426825
-0.0293260270771193
-0.00939108385696651
0.0381290010890033
0.0401141095074399
-0.0552154134668906
0.0268374397677068
0.0645713021626814
-0.0850364939050857
-0.0407273868980971
-0.00263062432261758
0.00609247788554097
-0.186972095600011
0.0540161366846909
-0.0749992743214188
-0.166305170453774
-0.114748848091871
-0.0312411968079215
-0.00961347541197093
0.0904207358675179
-0.087030372400735
0.0751483457200237
-0.00841726676701639
-0.0417671707283615
-0.0659742119699507
-0.0234399356379678
-0.0220575778666829
0.0827947108862106
0.0174054890771257
-0.0207350961001657
0.0422656731756449
-0.040214499977693
-0.0472759326178612
0.0277286639705735
-0.0735866012625311
0.0425392488540281
-0.125162940018998
-0.0427630191565282
-0.0762685835985675
0.0624012910365503
-0.134755941915934
-0.0050933386300726
-0.038161405096497
0.00727835374088925
0.150897897038688
0.20812600316008
0.0984123700711431
-0.0067552225153424
0.0833635126359222
0.206833418425676
0.143767285895055
0.0368910669989638
0.155282519113942
0.0756499561061347
-0.0166770875069618
0.0735349101680617
0.234568911404883
0.0973957098931037
0.0330113958847428
0.213917543901268
0.266488651378298
-0.0672906978612279
0.153465385560473
0.200541871560237
0.0202719826490846
0.173719765782248
0.0219344428902216
0.0682434914862937
0.043782975717733
-0.0543748283690814
-0.0521689275664751
0.161489591089357
0.0693914608936572
0.247871149364446
0.217203395870915
0.214596479874545
0.033896745029095
0.179466295654736
0.0761912274963786
0.253142315605435
0.175151774200257
0.0665370906230935
0.0646829859130151
0.141410505852773
-0.020344370479376
0.157593050269078
0.153751676256477
0.0982114084025229
0.0958952019078975
0.162042397206217
0.119412304054505
0.00382161767487684
0.242925291673857
0.1032182705367
0.192796428535533
0.0932068603874804
0.2051334895356
0.28897475601331
0.212041800578748
0.152055960205404
0.24263483997052
0.268010237920897
-0.00600907292721422
0.178394386349305
0.118232532439886
0.0809949684351337
0.181684465718395
0.354074675564201
0.273598996555023
0.293097036085837
0.198925115251373
0.13492475807105
0.359632179099158
0.169180087310331
0.0203124404283076
0.234760676166964
0.360406162947109
0.256654953821992
0.13407095505701
0.22077604236825
0.191488442346742
0.166022904502164
0.240501707950516
0.167610081344994
0.199673656530375
0.248547460433442
0.307163867175739
0.182773181928466
0.247708605449331
0.195330634495227
0.1892631822177
0.349325066796477
0.230562724039942
0.149457781507193
0.230334323958494
0.286425888635785
0.197122193249087
0.202282218965027
0.192669618288306
0.204116192064842
0.285849275150341
0.313462354643101
0.225262666358587
0.161365433126468
0.175921872289209
0.301255032220684
0.250427715285878
0.223450575972247
0.153929906752061
0.25766328889748
0.427186511491486
0.377116422828576
0.251628654065605
0.287445584139276
0.157464861030203
0.235284721511592
0.39923300256346
0.195998389861314
0.181377655233873
0.234405533054574
0.370300926438972
0.31769513332579
0.299529396856199
0.166188696389035
0.278124341303145
0.369282974337443
0.361940875629563
0.317016044588097
0.349616642411187
0.273884933276217
0.256272353366811
0.393096138092721
0.292224700301859
0.338092431176936
0.411296349992247
0.180434420955969
0.361435459980403
0.381636524704897
0.385425696965817
0.441434760749163
0.210743706300084
0.216142467357199
0.326746230358704
0.348348569649095
0.408142506453584
0.304912025367586
0.461180845575833
0.368677172385152
0.250003290654435
0.271530182642272
0.295038275615335
0.32758660529773
0.395022463881241
0.218059322862955
0.394596639429365
0.394204387653657
0.35909001503197
0.417007694366419
0.3653185401417
0.347547083598754
0.419161086622029
0.376491459055406
0.243782059449102
0.237338909552522
0.274686596833722
0.366912469553635
0.268740644674662
0.35920284645165
0.38166533283727
0.226005716781778
0.382725771620372
0.470367106512112
0.369867166745044
0.286603697621455
0.3500376332782
0.416065889107193
0.327762918769257
0.504394004611501
0.311193280116233
0.563866906490899
0.579055867467607
0.474155271762829
0.333053796784512
0.374537943576155
0.277567278067282
0.441193430578052
0.444386827383235
0.399166407503846
0.578834950850835
0.450085520001496
0.442099566026696
0.358988823422905
0.41396392697941
0.50552919873293
0.549941372645178
0.508978054783667
0.35310908997737
0.327690760426307
0.485430878293231
0.24385573921836
0.429127836562232
0.432003450713012
0.480547838386128
0.300528197312225
0.455536689935909
0.313675252204666
0.50896909304304
0.446061475001303
0.474063604854328
0.367942692062308
0.490719356446021
0.651512979875592
0.407569766354474
0.43279883299893
0.382843522826533
0.306362522322905
0.475327454819165
0.449953542156006
0.76686007947017
0.563454649159695
0.518316396113315
0.570855626339241
0.530165749777637
0.529637754168453
0.401325996802583
0.480077201660799
0.465805493468554
0.439423769478179
0.41820235963857
0.600297639949349
0.398479864516141
0.450479541130371
0.76163484640106
0.506408784601704
0.606154640587183
0.425297948582616
0.523774043691219
0.591709487724953
0.553597809415893
0.649883527625699
0.54828395534588
0.328845564448108
0.547694159651893
0.405511275695182
0.627850594106483
0.509749352286421
0.574221784698282
0.63286367246655
0.485287108364045
0.588602594057492
0.489890934870734
0.624470735606514
0.591482166120182
0.466311080993065
0.602624353031135
0.454627563187278
0.750380306393357
0.443010760204917
0.525212028273902
0.623023928392259
0.545593008095625
0.511114115393942
0.565699526043173
0.517921233416212
0.643991783410775
0.489149631864484
0.665290255772476
0.617351125854701
0.54629984504194
0.466794008243491
0.565805175352599
0.623262296094333
0.611722779488052
0.489518441994475
0.633983725606489
0.735008477850327
0.569032955140292
0.596191519171123
0.657282193173922
0.587616751862586
0.563437053083343
0.650993811993145
0.663496298801409
0.666287646543464
0.559571509896672
0.578569240267495
0.730302841118298
0.560484666748389
0.740506567117489
0.670439322042174
0.577844683701914
0.678166470250562
0.711388807538772
0.399747215037063
0.463455271550921
0.592161266458746
0.705024591708451
0.783285226043902
0.554943336732175
0.666996041359722
0.632555887432484
0.643040190828735
0.797342953393759
0.67364131326842
0.635705095993786
0.650484174342027
0.609612181253625
0.778406211556808
0.639184859247934
0.731029703967554
0.686603698341866
0.585162443158709
0.750402141111899
0.680775369256626
0.465693065878168
0.680311800832191
0.527960419200179
0.658982222320229
0.666527677716584
0.67873754517011
0.718925505246052
0.638526397831829
0.720048014428542
0.749643622531725
0.711163504288693
0.6544637088704
0.568950370387183
0.666329411766461
0.702707672204382
0.75243582560449
0.735102282080501
0.804788928303984
0.650988712246616
0.763503104178285
0.700662076638639
0.706958625935419
0.667344796388588
0.70681698999147
0.750431652555319
0.557529879883584
0.663879426777395
0.56728787733247
0.859305527127573
0.633957536897767
0.658162155590926
0.857399538845467
0.708404812765735
0.473324010002861
0.529781846170657
0.733729873753755
0.553028060972825
0.803584468036343
0.744490707083488
0.888739623728922
0.778778861340768
0.767544516575255
0.7596598628152
0.673593011798695
0.76054069965993
0.850406096454524
0.648088640127096
0.940795261503184
0.565124681498228
0.712811862451967
0.849725480629397
0.733900842591002
0.672925263325909
0.759227815457186
0.725951543185052
0.857645445860742
0.644291058284858
0.631555234735421
0.793046075584521
0.668056035727065
0.848459195976544
0.859717182779482
0.807260461231785
0.848035090515963
0.785014068710178
0.755960141609181
0.859188264766233
0.898419508336556
0.809962552441424
0.770621232579661
0.71326860326136
0.695707126119184
0.702862707433248
0.743543373365234
0.847840502943036
0.850298519445696
0.795460474859977
0.878017954756027
0.85197420574328
0.771788447581203
0.721395796404904
0.773636407329489
0.738948276481039
0.855324294293643
0.832245721512203
0.778999916152274
0.885159386782516
0.86202003540404
0.922799420987811
0.887739062990234
0.688028635787961
0.810852938756697
0.910861119350832
0.760264219225863
0.855812596135792
0.994667998600998
0.952860923037392
0.934796614623467
0.970074338392407
0.732059569403183
0.906916340687166
0.813869046927381
0.914735708039969
0.897914450823064
0.971333848516594
0.877076214311673
0.870250532706301
0.977892940691927
0.760700852700125
0.905857654370114
0.869556982020344
1.00108544797549
1.01125730575486
0.870931184232744
0.801323151951572
0.915052097656286
0.849364447920489
1.06906671732313
0.945464565125336
0.942851434316859
0.891079849769464
0.988447617620866
0.861035210659832
0.973393265230014
0.989883412153054
0.930890946869781
0.765901079468189
0.833560161232983
0.870974391484028
1.01212683359834
0.868934794766938
0.965375032784975
1.01536114061622
0.867152983392471
0.840455211144698
0.98692808802569
0.898858818382451
0.98732703027109
0.984052135733371
0.764432333897657
0.945739334398571
1.10141806789127
0.990722974427929
1.05579422090127
0.901461853058168
0.978895587124062
0.841003966090671
1.02672626300044
0.916468325912622
0.994356920315014
0.789408217203235
1.13525700845999
0.885407094337673
0.940889493962868
1.02311737809604
0.867976593456979
0.977441628723926
0.969274580320144
1.10195689985265
0.928979010031936
1.06101118914834
0.966518003881705
1.10920120156211
0.908461522681543
