0.0175239129083414
-0.934715756149529
-1.07093242090171
-1.01146755957601
-0.884134643667495
-1.06906353231847
-0.912432079768548
-0.775269186457147
-1.14579203009098
-0.962663612371424
-0.906562264652186
-1.07189795277661
-0.92531865466169
-0.954138238878218
-0.977177817297453
-0.934675183819111
-0.992781277139494
-1.01172270908781
-0.929506817801952
-1.0255080680155
-0.969064376031083
-0.96829946296375
-0.874451524928808
-0.973179630335399
-0.949500249157862
-1.04130216083117
-0.8595559204854
-0.935668758118716
-0.945021824269728
-0.98066098845373
-0.924128678254661
-1.00743647970184
-1.07624134299182
-0.857757553115936
-0.956020959381687
-0.950490781571399
-0.936445952212671
-0.801466591048426
-0.989038198992451
-0.940681156928285
-0.891912989127629
-0.895359298691716
-0.919340471586472
-0.935397685444369
-1.01231932888414
-0.932741084081235
-0.764934753285255
-0.826643167074287
-0.891152001951363
-0.873257112804596
-0.915682079660981
-0.859153094989488
-0.958511315651361
-0.925086898035145
-0.853484361025088
-0.923334265472176
-0.893593721871141
-0.717116111776973
-0.837904402867086
-0.966687715732675
-0.786619174980601
-0.84189911115328
-0.977852076353022
-0.79575217568954
-0.813966419275102
-0.759053012386502
-0.84908591499643
-0.91568856499784
-0.889690177653725
-0.85759511393778
-0.96141643220507
-0.844690593254351
-0.78301919450259
-0.641619360589782
-0.834254577162374
-0.86571827244124
-0.976886610861394
-0.937452890369921
-0.730319354364265
-0.92426894964708
-0.764048325337061
-0.951304741589584
-0.724969598156403
-0.768899556967779
-0.757696063144286
-0.909310859501734
-0.947259905440091
-0.829657885882306
-0.700412940392067
-0.819748429652678
-0.805197329351008
-0.716263290594777
-0.791442694067344
-0.680025187305727
-0.763198540591026
-0.885643885311062
-0.90625082988773
-0.84361354185292
-0.696299760140012
-0.745272225112336
-0.806618322198776
-0.885012999088511
-0.891930867528056
-0.632353864349191
-0.725685602820413
-0.788449778592511
-0.677015405252094
-0.74736739678891
-0.788432510679715
-0.740696251274592
-0.785473612557819
-0.634508317331993
-0.792947127574371
-0.785511290008123
-0.699427104131903
-0.729212062404573
-0.737533539904962
-0.894288001890777
-0.705597843099935
-0.775737170652866
-0.819882175934644
-0.834283801960899
-0.881370729785083
-0.585294200868767
-0.796653660196873
-0.704533984194994
-0.812879639473601
-0.709612608722265
-0.638314287821896
-0.72626859170442
-0.562699555838732
-0.753281679049268
-0.684211125560144
-0.627427232548579
-0.675598101879283
-0.775841575915804
-0.768625709162836
-0.601582770482889
-0.736762689891551
-0.665342233065152
-0.809407735975705
-0.737869725844343
-0.645505391638006
-0.753853654816216
-0.828753886834323
-0.657149653929032
-0.641189070318664
-0.796263688412561
-0.63680960704392
-0.645067334966287
-0.766848092684436
-0.594037120060123
-0.546313743741269
-0.702080724817626
-0.656451999415903
-0.69595979698063
-0.840698307220402
-0.56490336090956
-0.690404701762884
-0.539466120062654
-0.706339525012512
-0.708156401930026
-0.606339164341569
-0.530177444272453
-0.687869838706359
-0.633877730853833
-0.71131059520054
-0.68903482630047
-0.679194409092777
-0.601898990597702
-0.662522459059182
-0.701559715448579
-0.466710508729811
-0.547318559200562
-0.650989988540706
-0.603311398941163
-0.766040373108099
-0.796642895165266
-0.602010738457737
-0.733844578670367
-0.634391036610542
-0.597768616393817
-0.556842785743861
-0.587139119803392
-0.762822527227809
-0.51959509830917
-0.547742909091806
-0.584573508097262
-0.633207784743695
-0.584168898024188
-0.605725568338372
-0.546494160511656
-0.54828516133152
-0.59103698531801
-0.683162999041292
-0.498844845990396
-0.649348080582302
-0.654632342875668
-0.475190221502965
-0.646340866475651
-0.77953921956867
-0.639560837661437
-0.601990843080621
-0.658037776751797
-0.580621712833219
-0.64387926656136
-0.712726377655555
-0.703987630906168
-0.521528392229423
-0.311853071789981
-0.540383847692368
-0.60912057930802
-0.593104635675054
-0.585325166952204
-0.568196847443826
-0.536289095370137
-0.562022980750062
-0.589421691537703
-0.594557043933257
-0.629655515113907
-0.454619451601516
-0.597402973387095
-0.526992520682381
-0.522509166796565
-0.577367545504199
-0.535746404411025
-0.695077040024194
-0.56251046328782
-0.5980914977383
-0.406397715499459
-0.563164671915517
-0.51114719432924
-0.61229448627881
-0.529480535830022
-0.576913511141996
-0.550220175337276
-0.569500579961307
-0.58073410183091
-0.603752288779673
-0.392890740387997
-0.509538995830027
-0.514561186030219
-0.576857131917312
-0.599246839069511
-0.461300947160995
-0.529304803400888
-0.54117820748324
-0.441321805031153
-0.486858089445384
-0.610935921443984
-0.46946369489802
-0.513700153616099
-0.511796685828353
-0.599687300960322
-0.565338827967221
-0.490407643048111
-0.550404573757781
-0.344487499368869
-0.596426611092383
-0.51907586597953
-0.483445931194234
-0.504024569854452
-0.409844247499924
-0.565373588788508
-0.453862781251997
-0.561460884882518
-0.344503384098408
-0.441470119576609
-0.381733087030471
-0.407434099693888
-0.320943887052458
-0.370289075859796
-0.413542517266788
-0.367226243327739
-0.510817930220085
-0.571165757685317
-0.239430163823862
-0.537957611723223
-0.240985980692229
-0.398968149266909
-0.47911952341543
-0.331951271964871
-0.480765157870445
-0.507130423606316
-0.487345118615519
-0.46729486453236
-0.382899802021517
-0.349642370540286
-0.401432257154934
-0.489299699037703
-0.40172800803801
-0.53436763137487
-0.47013049108719
-0.460571730356219
-0.4358910969073
-0.483870064451482
-0.514080907489867
-0.494328237266939
-0.415502599803158
-0.240861799367172
-0.305799906660053
-0.382592690230817
-0.494290703857101
-0.18612173585821
-0.395537628269363
-0.469519127453797
-0.405621531199466
-0.242458882978049
-0.420651534643084
-0.453779400644848
-0.331956512412527
-0.344682516206863
-0.457227731168117
-0.40145273171243
-0.484354490512485
-0.377224911891875
-0.448829573664642
-0.357972632040749
-0.407114471917144
-0.443268845584973
-0.436059204410561
-0.267253996764215
-0.426781504249897
-0.384103621272299
-0.419197445593203
-0.473099872148069
-0.463167400359912
-0.167710487945998
-0.36657138528047
-0.375073940608008
-0.235767408473162
-0.277985939986866
-0.230312307017525
-0.289655675763715
-0.412556337073202
-0.239838557383034
-0.416270474996857
-0.305489092588474
-0.360976508886679
-0.381208898168578
-0.348832202039755
-0.327926859969757
-0.337293360339634
-0.178189192113789
-0.288335839703954
-0.336784235933068
-0.349479056461712
-0.204410350258293
-0.269671700680995
-0.369598329281064
-0.284479728534868
-0.236107198527659
-0.281923555940865
-0.274284321495941
-0.280006245707676
-0.415358388032752
-0.385818155362185
-0.406050657322121
-0.166806105117377
-0.309315184089371
-0.388924460224359
-0.128162340434751
-0.439207153544479
-0.177913701792145
-0.282632469811922
-0.306650036888717
-0.28027750863269
-0.199845781200198
-0.325413466289385
-0.314358071901052
-0.250086247666085
-0.182404986599152
-0.242746616427988
-0.204850319731408
-0.146554825435861
-0.35027476501308
-0.241059905098548
-0.155205374413124
-0.270855506696311
-0.184269582673229
-0.179814913908201
-0.327194697741609
-0.268403399334923
-0.251848798723245
-0.174252367737804
-0.155241248032551
-0.109927627720226
-0.273766755219266
-0.341057617705485
-0.0779276497854213
-0.112932480806631
-0.257746925210056
-0.293153412078457
-0.168496385467545
-0.22033015737352
-0.246702803292415
-0.164672881121911
-0.325538575597472
-0.0751272974424872
-0.172428397916332
-0.281540346087928
-0.109194354178384
-0.183917442827958
-0.17112953974299
-0.103298725509779
-0.285291677565655
-0.260918576134068
-0.227262232329174
-0.25370595742198
-0.134271582103741
-0.14683510174528
-0.234378179459299
-0.0350991961647651
-0.129121593593899
-0.14995974271031
-0.185896672670921
-0.0719864576076269
-0.155504726588443
-0.414395940737465
-0.077616300849246
-0.0779741063183728
-0.190530772959987
-0.259449939957925
-0.11497662663224
-0.143407827334877
-0.130102984392167
-0.226794262022943
-0.132646669973729
-0.240281082352105
0.0109077248699301
-0.178813932917786
-0.0303174459681084
-0.181277382917167
-0.111055148953676
0.0163542833696519
-0.343145807790559
-0.0898783483457181
-0.0517724784099925
-0.0775378176463322
-0.139483971888017
-0.260492252338849
-0.181132737629587
-0.119510712238705
-0.0308528202037942
-0.0791295492623057
-0.138678092413186
-0.20651238726612
-0.131997682434902
-0.042305460450008
-0.239060746114882
-0.116209711415181
-0.0285233717859699
-0.0629229512474187
0.0405536674291448
-0.118753826728928
-0.157552767512385
-0.13511296548908
-0.257744252625792
-0.138323510444615
-0.0874228116567357
-0.102857388106508
-0.0581110466834404
-0.0772285219852939
-0.0305557023056923
-0.0545997933537388
-0.171470372621019
-0.0691314673730618
-0.0624910157729059
-0.0793858400407082
0.050344246922549
-0.0275679360319866
-0.129273598313554
-0.086964078447055
0.0592058032687413
0.0160174455127066
0.109768305790374
-0.0748816551219989
-0.122072015655221
0.0587987229047618
0.0977936067535842
0.0303409930272481
-0.0415080750208663
0.109589433004255
0.0566135600287778
0.00164507321832241
0.0635139315215031
0.0545672006887108
-0.0157422257814745
-0.0434726237434839
-0.00423798719898486
-0.0121964914634301
-0.112192967172595
-0.0046550344783372
-0.0224948075839813
0.0157821907568747
0.0444975983736852
-0.0783075579010676
-0.00945006041689622
0.0283229223637028
0.106838635626932
-0.119586612957124
0.103978211671489
-0.00918087762383685
0.0542825349754272
-0.060183265433005
0.0536977580540634
0.0885794962691744
-0.153014813716184
-0.0882038342468395
0.0683684785714997
0.0181119801655059
0.14043000366825
0.106390755109217
0.0444740833309264
0.0539770963438812
-0.0357629192588816
0.00989417167709056
0.152553801626334
-0.0458660854987848
0.115549410391099
-0.196119585642209
0.0257879162957587
-0.0664883045464291
-0.00317087770302256
0.0554163902819783
0.0938975089416217
0.0366294893254007
-0.0946346800328822
0.0534462271444549
0.100169681907129
0.145715899162326
0.106698163334492
0.155459332008767
0.0285460358638712
-0.0692495838837677
0.0568163194928565
0.134699643423317
-0.0061642680079936
0.14955220952058
0.0821759318583199
0.143732418532577
-0.105151674813243
-0.0850502865409331
-0.149388449616964
0.0108298043010754
0.140379111080118
0.178730551832234
0.07172302641145
0.0578627755653463
-0.00124451548776262
0.0540832853827322
0.0769464753026828
0.185619689793063
0.210768331820581
0.133150731008014
0.118909394600909
0.109202336001052
0.292002264474927
0.122864181667094
0.0286963296141119
0.027780908166323
0.192427710981975
0.15374765015417
-0.023912244830792
0.114452447335791
0.0453434956315628
0.140790528647279
0.289523249450936
0.10126199893867
0.145835964841066
0.134557823095403
0.182835100853635
0.0662595939468582
0.193517450464051
0.153250302338893
-0.00980483902720744
0.126740311100864
0.216170805891592
0.301437031515262
0.239772354702996
0.131229666867174
0.197224994512751
0.27370389451361
-0.00103093554951053
0.214698728908757
0.166621668835695
0.129721985674097
0.327530771828827
0.224042797548755
0.177313651709506
0.167354461498661
0.125690701668896
0.368430861026255
0.151004316997497
0.0647897440736739
0.266123494166454
0.229774287609155
0.181657730552407
0.252693926549493
0.233156351780607
0.291087026459175
0.159813270811267
0.226756533301174
0.247967460594821
0.253100077015309
0.251611336044274
0.32143487077839
0.156455002826785
0.279320700347034
0.276817285638617
0.304909934648032
0.162363887760966
0.291637006961862
0.307376909223573
0.225184995917289
0.27076665760939
0.222179964593412
0.219946064790753
0.231459867239393
0.223810934715694
0.261111489838767
0.289047672365331
0.250583381541529
0.267049746037984
0.200319943392362
0.230475237119002
0.233940032605655
0.334505110761567
0.226467773709199
0.168778489883143
0.287998821653281
0.249359482076628
0.159449282201951
0.326896922643281
0.399108443484238
0.308704885020149
0.335443148802628
0.359965435709455
0.265588123511568
0.306500623358816
0.303536439687325
0.317544067130927
0.306465395084957
0.298218520427453
0.325751845231402
0.158670960362174
0.203519614402193
0.302534766706204
0.198501801507818
0.434821409361529
0.293472697328258
0.315921098039525
0.442477220052331
0.259635317941807
0.27675393119978
0.0865199903190162
0.204174845336106
0.303615672668225
0.076122134094516
0.353257725302602
0.184396874376157
0.310720517688444
0.318667799963863
0.487429816552884
0.165453958236152
0.364596393767557
0.32951723216392
0.297902841330828
0.368140288348844
0.3632963747161
0.330584652215865
0.221544590649792
0.348924663361451
0.307427767070607
0.242464897153249
0.308862628581369
0.395216599671303
0.251108106829263
0.494828009883713
0.382232748243309
0.355674210507954
0.471225927675934
0.233478509671944
0.388332766703952
0.264756531650796
0.239749125781424
0.253814060734909
0.358182712320078
0.388561285959928
0.454896988577354
0.459024251473027
0.474395087183916
0.46150109353702
0.260974624957149
0.530919088436018
0.436316984135152
0.494761120718581
0.399154749346609
0.522681978935975
0.281713572377808
0.374790811358886
0.320521439319216
0.487371955671111
0.372850127489437
0.422570765645292
0.509624997719095
0.384547593423591
0.492320096095048
0.41948864944296
0.355469137430977
0.35543991801492
0.389117333577349
0.508504625696681
0.368079591318043
0.336282786216275
0.310016804881489
0.386178892323478
0.532547620169288
0.507610973838102
0.41931425788545
0.494580469377221
0.415197261563257
0.500571138846279
0.304260920766044
0.466509622467004
0.593060654683081
0.497825489616578
0.415156318680316
0.425356308591971
0.252917547233759
0.425300627445942
0.344371791111751
0.39250564824806
0.489050084654084
0.538797546815009
0.28402033883607
0.554742637607484
0.530075575009266
0.441457237952837
0.369091240772005
0.402436594962792
0.575664990483846
0.551725551312311
0.539646678441129
0.530999636979282
0.50252972633041
0.34619542853049
0.660602614987657
0.549393486272395
0.387184413275482
0.484208668231602
0.604397099855062
0.594654399314866
0.497411404919134
0.366161759879881
0.431260200985823
0.519979433857294
0.583031261799312
0.471124230460508
0.425596359687587
0.282789181775288
0.533059116775001
0.515173566249713
0.478903370041734
0.502848937350248
0.459969346779549
0.507525970471204
0.408249437580167
0.450628334428328
0.579860503601939
0.53105948795076
0.440869509353057
0.560835070557859
0.681419675577159
0.709278204873619
0.711441800837351
0.468364934994324
0.574052448777442
0.431615457505922
0.484545332362068
0.503765217191064
0.515423510139245
0.557012640609979
0.601397702897591
0.479014205750162
0.477129803954112
0.730715201719726
0.564261455461335
0.614588382327611
0.423156562753896
0.456529305127506
0.591678073729295
0.671727497318036
0.360490104986598
0.600750357505112
0.618220138309564
0.45514587528082
0.578024949991491
0.700400769468259
0.466679819690005
0.645122465562023
0.684725144807159
0.500302382503524
0.606099657385335
0.547285866978999
0.694763602305019
0.729444324756426
0.703569626279432
0.496348601130141
0.638146176517429
0.647955791527702
0.588967456059998
0.625954694356352
0.770053090235862
0.63925235566317
0.718047285368343
0.529883813749412
0.581341452348694
0.663098412957989
0.748949334477922
0.696351527177327
0.736332103482915
0.718350553889772
0.754049421406368
0.482488715904192
0.743491593389499
0.682895035723569
0.478942893737101
0.722352977639076
0.643284099716067
0.68923075829288
0.678495155580996
0.73216811956426
0.751231394439817
0.702335740822921
0.632762598354915
0.63427195260516
0.68110582463886
0.605440893411299
0.737545264858592
0.786253581544009
0.863262246685709
0.730602261968256
0.714471497459858
0.772643122085272
0.70975175470444
0.786255191340382
0.73533865815057
0.742977743399837
0.7704491947168
0.711902764787909
0.813538527614772
0.734957900845293
0.693602183217214
0.523712585536436
0.814664814358461
0.638112531509573
0.731597593961903
0.820783939668387
0.734114934525528
0.770862469899507
0.609284849765342
0.645656402307678
0.67334611451473
0.748197606004533
0.591250252734349
0.719291716907831
0.823024949163944
0.772755647725957
0.657313263767826
0.814354982036169
0.703451181745334
0.834997181193579
0.725094456016328
0.807889160862807
0.851248842225506
0.828012850134399
0.71802010441931
0.79738559084845
0.636655175000318
0.797665463776786
0.833386501280265
0.681680223856624
0.804983249892834
0.570029133006076
0.535388889660982
0.705446867526607
0.891978179813328
0.73177179086842
0.852775059122799
0.856500192234364
0.831205295253447
0.767482024459794
0.862021579740542
0.921370333976544
0.868692029410106
0.996828382886897
0.692083884273557
0.887132866166877
0.794656920603807
0.842947066711995
0.697403185277117
0.913305559524888
0.720300829596706
0.83595191824426
0.840085209655694
0.832951657927178
0.888530122715513
0.906221664390691
0.88442462445722
0.741036675186846
0.87248449519393
0.614840901504874
0.884677251488325
0.700445317120423
0.995366560930813
0.867036576454016
0.775331986269053
0.909997877330269
0.887912579384891
0.819730314358183
0.668342244715973
0.899826136043622
0.88121055429471
0.819599122703924
0.861919612118814
0.898409552229062
0.838850206601531
0.873916252354242
0.858403419024661
0.886445111083109
0.770595167884056
0.885739355180326
0.858441585348921
0.889228066626725
0.885675858494837
0.888765473903072
0.761004299734465
0.932521859783643
0.922866236731141
0.898829223407459
0.86641458448203
0.912792243934361
0.866372946024332
1.01263595987501
0.833917898835803
0.813599858391881
0.9432421127466
1.01341717251063
1.01512537527817
0.948591578653854
1.00788367430878
0.932747469335331
0.977489900929679
0.879410134296291
0.930072090600241
0.809672542119597
0.994551960081092
0.956411822449567
1.08442684747443
0.948319523263226
0.856519062664846
0.868287710486787
1.02466778272845
0.924884223479015
0.786074520934322
1.0687976489696
0.951918540222548
0.97606132720169
0.957876349031864
1.07254463110918
0.976574777460725
1.08846521677056
0.939238595203932
0.998275506357418
1.0612763300434
0.781404285055178
0.956354376491187
0.917452605302113
0.991052657440966
0.899499428481252
1.08948315114667
0.953512877872372
0.998432124671166
1.13985966673871
0.935246622831117
1.0527416237796
0.962812021341939
0.964833391104685
0.891318475670095
1.14385112898513
0.947675427792347
1.08594940251879
0.979421219866293
1.11458927561478
1.06750853303591
0.975556299490779
1.0643244211583
0.8800060881811
1.01506125329626
1.00477343643404
