-0.12903656366868
-1.00523405245037
-0.933278833407126
-0.967601481064764
-0.835756565376345
-0.970053378793348
-1.09518414336761
-0.961797710213089
-0.995656289245246
-1.02628791900928
-0.945969028937283
-0.971563241231421
-0.881778788313572
-0.967285697119081
-0.960098442655528
-0.743902738790971
-0.972045839762474
-0.94992104185481
-0.864793062216132
-1.02222391700436
-0.942880440847436
-1.19893636177626
-0.896194724762472
-0.933941300106707
-0.946326997069153
-0.93022563596546
-0.930697649584491
-0.852174397529243
-1.03687675106996
-0.890852499517937
-0.935717494332985
-0.978642038719937
-0.921272852438394
-0.8839662956931
-0.842834057414335
-0.897836421733295
-0.96029861629247
-0.879798311923972
-1.01222599339125
-0.756170151146622
-0.75352359044622
-0.860101720985191
-0.925242409681208
-0.82221424356855
-0.870139744209368
-1.06657725661004
-0.815766082898289
-0.832755473844275
-0.83327172111629
-0.987772572613806
-0.838399767582667
-1.00490484426866
-0.840486660897072
-0.773825359205621
-0.902308100343598
-0.993057195500492
-0.831527989294301
-0.798563184703764
-1.00128943904551
-0.884585593921556
-0.94731753492056
-0.848547517585036
-0.864435232160253
-1.00213296530416
-0.70633032822504
-0.861000954726475
-0.828691711149313
-0.911089692681602
-0.758347762373336
-0.908916396717922
-0.844923597591467
-0.89350537947659
-0.748832192772596
-0.957883288641834
-0.823030823027023
-0.736285211845055
-0.748879513331202
-0.981779793444366
-0.880679651880626
-0.842299332432421
-0.751404822999321
-0.915068283480188
-1.00231455001491
-0.827803691540535
-0.764598546011156
-0.968320340686961
-0.835935348677643
-0.744847371127364
-0.835671570715375
-0.842824290443351
-0.740292205166763
-0.872417844979321
-0.681978193370573
-0.850059963872959
-0.79871850171324
-0.780910823375594
-0.75517969204136
-1.00292940639616
-0.73318625434968
-0.853156590420157
-0.851006265459513
-0.909826405793589
-0.831893304244833
-0.779838584288441
-0.85316859821884
-0.719451873724037
-0.803389001077607
-0.719879422175425
-0.858392787585692
-0.786261645679883
-0.73125589065243
-0.86386450748629
-0.754232985976508
-0.764491490989463
-0.759048247660715
-0.799319119352071
-0.774876845956742
-0.82281748933874
-0.815544149602859
-0.721191799071354
-0.786588916012978
-0.765206053750877
-0.644336823789435
-0.65602501888659
-0.663968961098685
-0.638050392466017
-0.767571937737237
-0.795719576851095
-0.790672956539535
-0.631439826485801
-0.716899404027042
-0.619512322985031
-0.65313117813372
-0.770131457635993
-0.687578507028769
-0.665979090299285
-0.83259473840061
-0.817833885918896
-0.689460954541306
-0.621869268248251
-0.751908557122555
-0.632313125021584
-0.736706184228762
-0.724156668037997
-0.606340822737418
-0.701677180621589
-0.655793619788009
-0.686609680709684
-0.619355262149766
-0.707334264100604
-0.796122503743951
-0.631840700905249
-0.796042759876591
-0.695948402940069
-0.526177915242319
-0.603583328269721
-0.69548024562271
-0.744597663444782
-0.687481698630414
-0.805790505091422
-0.662620470374738
-0.618251441307346
-0.6784653876232
-0.6313828092568
-0.749547138087659
-0.734574740903168
-0.688828874290335
-0.717076576795584
-0.655209947684175
-0.836774713125668
-0.666445596176946
-0.629971149245987
-0.697377963399504
-0.662715888241162
-0.685295560943376
-0.691124315999858
-0.619105812661118
-0.630429539093694
-0.666277209589871
-0.68013317324066
-0.544343853898174
-0.645922363978284
-0.626163575829795
-0.631375086811569
-0.587188289809319
-0.663804567320586
-0.702747168363223
-0.63421788101646
-0.644175632322856
-0.666078252020984
-0.767438041718229
-0.608099815470272
-0.562766288572015
-0.597440536458523
-0.651376415944339
-0.633356689643334
-0.602046255100379
-0.652444107906734
-0.562194521325173
-0.511380747848264
-0.419933935761505
-0.688307368870768
-0.590377801989725
-0.590897259757184
-0.577935331198277
-0.690930491531418
-0.659445145112239
-0.721143146635282
-0.57745331992625
-0.596375294375153
-0.687723137251229
-0.575158289245792
-0.541329497662781
-0.518313933964043
-0.568633513834948
-0.53788004769358
-0.682843173840522
-0.476293858196315
-0.549675607462897
-0.360386512956953
-0.523140248019295
-0.612593967432607
-0.567643524686061
-0.635767368518653
-0.580250428060166
-0.51502512335951
-0.597197695202026
-0.629104523024963
-0.635200623378166
-0.574833452140289
-0.477381159098646
-0.580156429277184
-0.486011681440944
-0.52741210462744
-0.439786944697702
-0.612854172577501
-0.53917637837183
-0.605187423140666
-0.64746689520908
-0.634824640689643
-0.532545887546189
-0.514141327788036
-0.428053664878637
-0.4729191554349
-0.583049274152826
-0.49183582894657
-0.63594010973011
-0.478966578396385
-0.468621130579561
-0.609001564920934
-0.389138460087216
-0.480383998335525
-0.567670780372702
-0.465735340645896
-0.557015264235577
-0.494127139449754
-0.534057407698076
-0.351318467433218
-0.297937731604405
-0.559778868244902
-0.455858037436964
-0.495965316461825
-0.56321641833671
-0.473706034593872
-0.503730183514928
-0.524912244171454
-0.491267779904015
-0.406363082780608
-0.601581945560433
-0.395477201604877
-0.434221319346001
-0.391154097808411
-0.393098555512775
-0.490701664646659
-0.320779765761073
-0.367913720651442
-0.333446802293224
-0.54052690316397
-0.224276527840823
-0.327539156132531
-0.363429361863404
-0.503304216143747
-0.362583347609222
-0.4314900476865
-0.542099776471266
-0.373856656487455
-0.37425722465435
-0.309041013380675
-0.484850608409076
-0.562965334095347
-0.423205819461691
-0.41444042395013
-0.388236558783887
-0.40413054086639
-0.412052123726687
-0.262777464342683
-0.37380605990537
-0.607038565651937
-0.42429654485574
-0.391320740062952
-0.392911961908813
-0.35397902759375
-0.416091516647506
-0.280627897152448
-0.591318081034744
-0.415528359898741
-0.38399313690083
-0.281086699121799
-0.368619970738781
-0.569512788732453
-0.327635211315742
-0.400941226649278
-0.425555330918373
-0.4443080026437
-0.438621897918999
-0.350559917887781
-0.380464879052956
-0.390082169483461
-0.347079540200932
-0.417297227823481
-0.292045667938495
-0.238898252649596
-0.297122455002685
-0.286310194833221
-0.385978941176592
-0.254678436958491
-0.541503780566495
-0.293088830681075
-0.427323544433536
-0.470584241139404
-0.461718794642233
-0.324506770233453
-0.470306546570996
-0.408450657215356
-0.259120443462702
-0.29921824121128
-0.32836007407706
-0.365183999193867
-0.465495089009696
-0.412920210115724
-0.415047030396244
-0.32097931365471
-0.291800416219056
-0.491862644129789
-0.287936154007425
-0.304396226488725
-0.270426964716155
-0.422053036435172
-0.285198819355039
-0.348487844485829
-0.406889298537984
-0.344416592479333
-0.343780589204316
-0.301550202185357
-0.238235154744315
-0.243140286594821
-0.0490110180245653
-0.238716215140032
-0.429562789015527
-0.196460688565824
-0.461323047022256
-0.441157501116227
-0.307542364801868
-0.197927976767827
-0.185205193428921
-0.234858824478341
-0.34256955813076
-0.404511956719556
-0.219549638872435
-0.149818066972847
-0.27516699309274
-0.0951486218283101
-0.191283683801237
-0.291429922744602
-0.333299412266117
-0.323644075429732
-0.197730543764471
-0.258436307255762
-0.174929176427231
-0.205328093394142
-0.222552019990553
-0.14328535435591
-0.289752103521811
-0.368660961250361
-0.186944497976523
-0.32091235020249
-0.160005353631762
-0.0354430646990251
-0.262549107092739
-0.0992613952106099
-0.157997218078527
-0.124655250791094
-0.187263676150739
-0.148916159515084
-0.320725485879844
-0.114891207805667
-0.307409191022723
-0.24527746145609
-0.246835071623966
-0.196517291554948
-0.122263062264255
-0.188723712039163
-0.178443353230546
-0.258413644424668
-0.207272458031665
-0.114619399278178
-0.12518211905939
-0.187620688247076
-0.184884531016654
-0.175432587496769
-0.184962859450012
-0.272188793880603
-0.16795163078489
-0.120052432423274
-0.281822874458766
-0.229923842011766
-0.083858851551965
-0.185849546492224
-0.201983693473307
-0.218400448383828
-0.175165576976375
-0.168763438784951
-0.150789534349915
-0.0483426603678614
-0.154880811888042
-0.190203962305621
-0.185466105393279
-0.161421818844219
-0.328995565704496
-0.0886333212168713
-0.217222464582029
-0.110312683005569
-0.169282812858967
-0.216376017540092
0.0379320975816148
-0.239947618937791
-0.117588358952077
-0.0957406092102384
0.0324518546000627
-0.173222186567382
-0.154952865575667
-0.105421101757471
-0.0584616122978977
-0.0502337185775724
-0.0815611949039669
-0.0809227859516701
-0.251377253991099
-0.0459306888542113
-0.100346334455651
-0.0501587375056314
-0.162767365053726
-0.0253132342025353
0.0156132176344279
-0.177482710938909
0.00137151054007085
0.0407547980730197
-0.176388794016082
-0.180310077191731
-0.240446590293938
-0.221721350247253
0.121612778253123
-0.0472608658504884
-0.0474737723130586
-0.171619104840593
-0.0783745405739139
-0.0542159568734532
-0.0874929761339483
-0.0338592252206492
-0.133712039134034
-0.0679625060426245
-0.10104837370965
-0.159328056145996
-0.0167912899618959
-0.0837300596852331
-0.0403328289392391
0.0504830337726678
-0.166254330528638
-0.173449258327111
-0.0797742246861628
-0.0568332139638965
-0.00899504549336023
0.0659863579505596
-0.186739863307106
-0.0535039501732533
-0.189146795467413
-0.0993064550662108
-0.0261350572963077
-0.180164427446047
-0.0125374364477976
0.00679856596496813
-0.120475493758068
-0.0108661922689004
-0.050913150629135
-0.169030069744992
-0.0201076257346178
0.151155698140737
-0.0596254843026321
-0.0156784671900105
-0.113313596453709
-0.03340419390912
0.0412006770194497
0.0939212713823699
0.0389358888289843
0.0221343379121906
-0.162067187224633
0.0706643327272031
0.145730484469473
0.0516503827621955
-0.0715500528223349
-0.221309150552658
0.010197640180747
0.0356847589322254
0.0436755802978141
-0.121091942332074
0.105613083527659
0.100778412643884
0.0602320414915955
-0.10887942197437
0.0371076097057675
-0.101478855698367
0.0610591671087089
0.0934248523261481
-0.0759363837024719
0.156462989694481
-0.008503197334942
0.0992396467968097
0.0687523816678154
0.0931311058143897
0.000182907002667157
0.05495249715518
0.062533394168177
0.123001665877798
0.173328765366333
0.222672095013348
0.29517264554745
0.0131765561146433
0.160412294538298
0.198971459698184
-0.0268910379994145
0.166325654498266
0.142975178747793
0.122356137879483
0.0768560420302197
0.0476194130585886
-0.0456600062187557
0.0284630362369474
-0.00819364009961886
-0.0209964555857115
-0.0296299105809623
0.113852273607208
0.16190444060758
0.125563983479851
0.162532934834993
0.0104006092521011
0.139141238631321
-0.107946833374975
0.17267750254097
0.0490121810713337
0.152441848511331
0.168931831060192
0.180595046100086
0.0636718451136705
0.0971211519143532
0.276344975087034
0.0651641414464974
0.11617266579288
0.133868367155584
0.170662429389592
0.250342691878432
0.256203783711318
0.117255417757198
0.100288442680395
0.226510721094926
0.0559551488993823
0.175703970577194
0.108650413441913
0.0719601751385899
0.104520000969431
0.219176715745377
0.100465602797594
0.213377503565531
0.273906022244955
0.291843122605766
0.283186356386104
0.131189472639241
0.160173840852368
0.206954578613461
0.192304050385146
0.358881123986339
0.186665687703554
0.189462108281157
0.237471749922396
0.277910219466484
0.0658852811639045
0.0792986246972879
0.321824516048151
0.121701031573246
0.143520903780669
0.276507300136606
0.375632971835951
0.170323005117474
0.183722656497742
0.129298149916531
0.250965975633906
0.159118801520862
0.0605171002579778
0.244232163319544
0.129524595010505
0.280011806944681
0.290933711900255
0.256607248998042
0.264151477581981
0.139822438812807
0.139886846451483
0.272767302029387
0.183667661867138
0.210920391661349
-0.000428035949660373
0.282430506510805
0.15207336749473
0.255816798796345
0.146653066796791
0.272218137149049
0.225964940043595
0.229381653837656
0.24414837086992
0.196905510837237
0.136506915388898
0.130351618847324
0.384152925396638
0.163130308033522
0.291609240856677
0.230017051915016
0.243109511047129
0.0709515554607836
0.310383837720876
0.154007600820416
0.164317336755863
0.422771319252342
0.182214169400366
0.318671030457314
0.196672696041535
0.163505220607132
0.199505974397756
0.290753888377175
0.362869477213586
0.153250729502259
0.256780728389965
0.238584911482128
0.252103374664439
0.25357218345447
0.459413828379491
0.312404430015333
0.307388494144332
0.440111003409139
0.351857657144465
0.392034522113915
0.165105337816748
0.181267990598138
0.295978679098971
0.465938074296433
0.326393261633325
0.231356290264159
0.327777785865477
0.28063714606605
0.294380903954379
0.292222734470808
0.466430315155492
0.262412951633963
0.296805658572198
0.178749124097785
0.31126866695625
0.3115538508059
0.386269011077051
0.196609230064843
0.389813929249377
0.372889078857466
0.242999703704967
0.253026833099863
0.480368889893661
0.255803879440719
0.2889768118456
0.429251265395027
0.320848730880297
0.285084788800684
0.341855000664295
0.431999703816368
0.356261700931432
0.364461987190132
0.384687556314412
0.348198902659186
0.497549679085113
0.324959156919349
0.151334205503775
0.257793723716542
0.461839532591864
0.415624847324516
0.618716477505862
0.3754155018171
0.380510093784329
0.373952393656394
0.342083552750916
0.270390259829051
0.420037981975788
0.292313251539201
0.398886347844849
0.473177712258329
0.45892245530155
0.263433143859593
0.471282397757875
0.415155730294954
0.433090223756196
0.352863186657553
0.406966379608753
0.399041996734364
0.407182523471011
0.364339693058668
0.402598730932913
0.315705542819149
0.340012728120817
0.532841218283663
0.435109750106547
0.529287404650253
0.422127658898537
0.375540186852665
0.463241069926163
0.527670276098188
0.365039221934603
0.444182528525333
0.479213036260543
0.338693457492473
0.463030131324367
0.461956885076591
0.517987373427237
0.483043517007563
0.478933457388626
0.370079865230765
0.50413217632523
0.445886843522685
0.525608490219413
0.492783565069489
0.407663971104799
0.549239333590636
0.450164265950372
0.589832320454782
0.407970169973271
0.495652479862139
0.391632204105669
0.540885562399164
0.386065531235749
0.517567282950259
0.467389855162884
0.628505279521679
0.375631287448606
0.411684579332034
0.603555261705387
0.62338882130256
0.505136251379713
0.518841261569828
0.522988748652629
0.675503479303676
0.535811564953593
0.456306167672786
0.575339295316128
0.439452782429964
0.594826854414853
0.479826301179966
0.575057388676297
0.37291854813668
0.702845348439702
0.634912394997267
0.524988989001636
0.432300993434152
0.643782114014173
0.54589011552627
0.432210573814786
0.528549800906212
0.733464283566482
0.638378345955037
0.604229962636433
0.620422029666706
0.512599056699497
0.655841157953202
0.630157067588427
0.653428344046042
0.578224673691369
0.500622837976939
0.569914389778482
0.551641066327485
0.566336524915195
0.601581761246726
0.613308919517405
0.704041688215085
0.545992288532818
0.544882440721248
0.670923925039864
0.68363299552403
0.569543813854606
0.397302587129355
0.529162527853602
0.626282282585517
0.522552670733216
0.484902508380743
0.576088657013702
0.564846271489203
0.557556942978747
0.603480244553166
0.635391646751211
0.442683475473316
0.569897622665587
0.59717082273904
0.606715110231064
0.60775806595943
0.629393714808107
0.58967335731459
0.648792003320287
0.593981998887822
0.610704268640843
0.561199351688339
0.634479064285857
0.61266538691661
0.586087403991165
0.647201915569784
0.703842640529821
0.679012482225155
0.574482156879849
0.670187042243057
0.557431754655248
0.523085386881139
0.744164955748127
0.699997713392024
0.567128273780049
0.594622538074905
0.70716112561011
0.56057636690964
0.808805503873889
0.746450879681082
0.539889420660749
0.733582027408405
0.603161369610834
0.615453608240634
0.56439570153782
0.544384246466699
0.707043630099355
0.641094013527317
0.666762484927912
0.794259565004796
0.683212335121246
0.848163110744137
0.742418019846251
0.68005463604461
0.713707601443615
0.746451550915377
0.789504043234987
0.834272285409856
0.725076314672617
0.757885340204097
0.689599415691917
0.702157968487584
0.763622710815203
0.724996318182804
0.717979623876156
0.841592046417428
0.680508791674967
0.764006327624996
0.561816034124894
0.602616812380998
0.577950895117033
0.773500165009293
0.801299055719234
0.601177140162261
0.729190038243856
0.70358917000528
0.555187035794617
0.601971591371245
0.726817889799994
0.844006506388714
0.819506396113687
0.815229199273366
0.684884166213807
0.708286021620318
0.832045903604178
0.768072305735063
0.713510506437491
0.671138275769302
0.856210551702222
0.802077115652103
0.873867713893428
0.811422950667483
0.842545733343932
0.681112754527741
0.692980157769519
0.766119174536306
0.795974282550346
0.711169269378683
0.813466565984802
0.855778583422076
0.855368253299554
0.760746720022605
0.571189930112563
0.716723202279659
0.76104015698806
0.760914380084857
0.892556736047176
0.844696623501283
0.845449605632509
0.853583663442822
0.690760356634651
0.954811642016848
0.929333921869249
0.812043541008943
0.992904295321524
0.803801231557616
0.786376921331278
0.593036375030072
0.705804233926357
0.875584817096126
0.793847735836302
0.783722551376087
0.885670409870315
0.736270723083811
0.780213672685618
0.982964087957707
0.733480191647922
0.834834253283944
0.709271124375458
0.752104379809599
0.936964431071095
0.732842453688512
0.851274354243615
0.957606402055102
0.806622146146986
0.82351363657201
0.891408288222482
0.904323756710792
0.891314064059723
0.83852737502572
0.774652934045484
0.989213150726655
0.871091799206061
0.975839277700891
0.745685530040809
0.926671050867471
0.915653670798922
0.93911310408739
0.951394945207259
0.847105554849854
0.869144626682467
0.86291498441159
0.797798791396951
0.731556068873474
0.811495768666677
0.900955965156517
0.962556937151168
0.906531489062691
0.992040284443494
1.06383812392399
0.791533064050757
0.946651257021945
0.787083070751467
0.875016650087144
0.907912902988134
0.968843124131331
0.831192007179201
0.978867612684269
0.961094795670285
1.0193032513054
1.0884340937912
0.880035888588375
0.828915819563148
0.784072421095071
0.996135885821838
1.03507455921384
0.938529931193388
0.913528776711413
0.902821965603853
0.836354271837512
0.940396948097915
0.984073705368341
0.937569245181644
0.9050275065427
0.916911198583331
1.05645736339322
0.826453524800695
0.944386569827847
0.887166914563178
1.05105823181505
1.04331926942828
1.00043226037256
0.986280476520182
1.0276729684945
0.72768864598485
1.00384528329933
0.951833046193915
1.06499695667223
1.13779212475424
0.961424440619296
1.00744241199472
0.930959718068863
0.885776243004775
0.924101185293824
