0.071756726515147
-1.06366108204451
-1.11594441919314
-0.926595979300764
-0.902108761820677
-1.07617630995734
-0.9163776177332
-1.08397926502836
-0.995629979742966
-1.11530529891592
-0.905061066297025
-0.940170732802363
-1.02042830689026
-1.06849414506013
-1.11632053931784
-0.870752423756758
-0.884593507203555
-0.997385304920103
-0.911705933774618
-0.960989277995047
-0.943769704205831
-0.958368218151233
-0.90228605018209
-0.877489681166002
-1.02668185768334
-1.11470949913831
-1.04138548284946
-0.862997183870269
-1.02090477554165
-0.934367933505618
-0.897557514194498
-0.870528154202822
-1.08916068546357
-1.04347612802921
-0.848664182642499
-0.89977589570761
-0.891239811468257
-0.826140373161984
-1.01297455248259
-0.991145537647315
-0.908759945050837
-0.924392915869029
-0.903799936840139
-0.878515435527427
-0.976708277057171
-0.92062513120992
-0.964493522426866
-1.02527566053932
-0.845712116991137
-0.800736713934389
-0.90509671588601
-0.748673235168588
-0.885369075357062
-0.893175285971899
-0.832242803661212
-0.874697760275624
-0.909202950779977
-0.912431577059179
-0.813954372783651
-0.819736367198467
-0.899650250900958
-0.827263111911008
-0.93525351544698
-0.994311154763797
-0.785795874211455
-1.10094091061946
-0.940603170310368
-0.878936711991679
-0.830969277541652
-0.868559145331178
-0.904502599232399
-0.993302489351797
-0.820184519894107
-0.848104028921444
-0.81929430849111
-0.957252901218738
-0.80784206814823
-0.708697793443646
-0.907974543054891
-0.90729135096658
-0.621492430458456
-0.927247791870298
-0.856889091149699
-0.791035044604141
-0.79525301293258
-0.794202993421489
-0.841771809682991
-0.745013560787653
-0.720852920970697
-0.924936194198589
-0.985479252705069
-0.815903843570098
-0.763230253284144
-0.796820906237276
-0.55670724749338
-0.904170383604791
-0.812915834085279
-0.780553262170121
-0.819810967985337
-0.921777406500499
-0.830494637148851
-0.896157901143219
-0.755273113394801
-0.705343663410515
-0.871734131926871
-0.785346337001262
-0.836790720269832
-0.831378507794638
-0.861642891219535
-0.735467272936946
-0.80533470574169
-0.664826051466235
-0.783950413076198
-0.797277529812253
-0.761479035261421
-0.813187665615946
-0.842582135322834
-0.734948687626275
-0.970598786896805
-0.697600475356346
-0.938126301812416
-0.948818463529983
-0.770820874426136
-0.66190276313099
-0.732067382608288
-0.693683179196244
-0.819222052994017
-0.728548056013996
-0.732763417334569
-0.727355041018012
-0.639820897025938
-0.738088784669513
-0.775698848027052
-0.796857163753259
-0.73710929720506
-0.859675182013531
-0.745675731929561
-0.714363977582096
-0.723608135662277
-0.803398553157636
-0.738937838152853
-0.939013882876845
-0.741679751494198
-0.815388771824058
-0.759542894448856
-0.920305102763453
-0.797422191888222
-0.709435362819202
-0.640125381534231
-0.680822010741872
-0.725131695738911
-0.692143508852802
-0.758934012172856
-0.593881268585075
-0.734817482748787
-0.463915761306209
-0.690825199897778
-0.615421068106323
-0.667883961088313
-0.658284782539867
-0.768054982877979
-0.776609622466864
-0.8288957980481
-0.713788173584449
-0.617996384157847
-0.672625242283754
-0.713627233094019
-0.651472797008435
-0.626366439719858
-0.62888046377849
-0.664183074687199
-0.675324030531856
-0.688215809982801
-0.616515298966821
-0.569049433082547
-0.765563320059259
-0.695297587599327
-0.801303843049758
-0.794776011173585
-0.644873873511021
-0.556895149802932
-0.763786624525337
-0.473636628096423
-0.737191258188817
-0.600590458426251
-0.641956170504727
-0.586713046166945
-0.59514398313254
-0.514629004067346
-0.51199543348955
-0.661244345913632
-0.6825184595159
-0.73853645015111
-0.527348476223055
-0.559041207063951
-0.69578841931596
-0.536302934544269
-0.583989063343866
-0.641828716223194
-0.588653757858608
-0.627711256957242
-0.789352949864173
-0.563153636320797
-0.574929671162125
-0.634386192864731
-0.635759893811284
-0.449094915763095
-0.395801976559296
-0.530231763961289
-0.62796536515745
-0.55575839693311
-0.640616589604648
-0.724684932800811
-0.47826722417582
-0.564405359499568
-0.484480640850644
-0.634089980618026
-0.620589022917658
-0.525041208495853
-0.526940213731236
-0.47205738480929
-0.647875714619197
-0.581797522945706
-0.591894007709038
-0.538479725479878
-0.476220804281354
-0.564167103652181
-0.566790033413022
-0.547288566843548
-0.579660151552143
-0.518169213080787
-0.598801171567507
-0.395666840420675
-0.523285336701584
-0.632406119448614
-0.500839716379514
-0.447759772550404
-0.595354900402398
-0.527374108069374
-0.508888579398281
-0.471727195730191
-0.535863985445492
-0.595852391348162
-0.553962385459871
-0.393667735834803
-0.524855232874156
-0.651692352914504
-0.497586727072552
-0.480090447954763
-0.624513999943992
-0.477287916964972
-0.32779893308093
-0.561870550526489
-0.311142217505276
-0.486529775094571
-0.468727344722887
-0.446647048009798
-0.412314500332108
-0.608680753390019
-0.557483151044665
-0.50821811207498
-0.484259413810415
-0.353176668320419
-0.590137500134169
-0.502768656658178
-0.406590573541678
-0.531986334425501
-0.359544771383501
-0.399050230337172
-0.410382692643972
-0.399116418253059
-0.440297877436686
-0.430037473756769
-0.516795073888431
-0.504502662261807
-0.404972242032414
-0.527520933551856
-0.437506029205077
-0.480484534121226
-0.407378583491054
-0.364107352782119
-0.5091629059315
-0.465367817258681
-0.388516064939727
-0.579846968121511
-0.650961560571255
-0.479267903899781
-0.396870410386675
-0.449028045352248
-0.361478122939488
-0.461554319978167
-0.405845862527933
-0.487910673399575
-0.358849111051371
-0.52456761099897
-0.374204720692192
-0.418754909434146
-0.543408540893956
-0.468239420941021
-0.343254248871517
-0.550500676502692
-0.520251833449523
-0.345285727426974
-0.45463936043073
-0.369449527533727
-0.524465820896305
-0.347413524421137
-0.486021969283428
-0.306132849583089
-0.417597993480248
-0.433244061584787
-0.326139213276822
-0.385560193487067
-0.338818881714138
-0.255739244529346
-0.371420226623942
-0.401293443703918
-0.375567168760509
-0.445853662119488
-0.315047869716584
-0.424914943990683
-0.450319312190993
-0.348680666526423
-0.420184461899807
-0.266448209747372
-0.428697322583827
-0.465912301556645
-0.282321874772395
-0.2656456308719
-0.267995161943463
-0.265436100561468
-0.546611650272483
-0.180873419183856
-0.31566161345695
-0.378439281736208
-0.252816196664608
-0.394798012037075
-0.313987307724908
-0.231146966078146
-0.358996750514533
-0.301076048846873
-0.233163837445517
-0.205361675107184
-0.358409163553189
-0.368311466936151
-0.354144063529134
-0.317450530650342
-0.25724723484707
-0.307788299832334
-0.30139078956103
-0.291486394822529
-0.32293000169335
-0.180020604668228
-0.328096617384476
-0.434757419711858
-0.217174841003581
-0.287731244367071
-0.197994424712842
-0.149892275412508
-0.440571072041316
-0.247547670846398
-0.208335901916207
-0.302229522145451
-0.251764070601647
-0.241936235540654
-0.350985614139964
-0.409550183307759
-0.364638318923829
-0.34394720908623
-0.33011314968178
-0.23015103645766
-0.2503048422777
-0.248418183753472
-0.265730834579834
-0.252056149776428
-0.309604735967342
-0.266952768213096
-0.315678479304897
-0.199389416873543
-0.14459439031679
-0.215418804035016
-0.387039082092469
-0.291485331678649
-0.274344526569272
-0.234098706847438
-0.294703364056824
-0.0953673488501037
-0.251663440986385
-0.100701358408993
-0.154355523017273
-0.217161705420698
-0.169466853743083
-0.13642776813702
-0.217572192788338
-0.100132811935656
-0.0562378916722352
-0.414531864020182
-0.414137650162643
-0.233295497401295
-0.273527560947524
-0.113904953237172
-0.218346273523074
-0.311652380299338
-0.173551203809745
-0.154392810913352
-0.0901347983910131
-0.0504379668023278
-0.159810063808643
-0.319439734697863
-0.0695078759434758
-0.2368941427991
-0.147884549107164
-0.0792947823632483
-0.223566122790032
-0.334984492687235
-0.168892016041675
-0.278805536961094
-0.257800949880187
-0.254333252349993
-0.0874528406356633
-0.14171092579933
-0.135068157164681
-0.0070286426695636
-0.0599616651338151
-0.0239987314601086
-0.184647894620901
-0.166968558627828
-0.0607631469294372
-0.190326049377542
-0.218883576139688
-0.196036308889457
-0.166109578436956
-0.0721243056399328
-0.296522601431564
-0.164350149496398
-0.206130400285019
-0.325531771089014
-0.0422898862329491
-0.102590905206222
-0.0737631117225252
-0.0410896686372727
-0.231917056996781
-0.253281192765174
-0.0995875536484193
-0.156816646947361
-0.22479185470641
-0.165017863148532
-0.200646479883934
-0.124755306348835
-0.0665008766011137
-0.136720552358954
0.0164496885329555
-0.0912547895190978
-0.107408884591353
-0.240242218421343
-0.135345441423724
-0.0965583109462618
0.0342011323174531
0.0726096388628262
-0.0458760035931764
-0.114572951457139
0.0515284659902941
-0.147480475497822
-0.0524867961033872
-0.144792813762537
-0.218887673263171
-0.093257926401984
-0.0653305849566471
-0.062246407528354
-0.17461939426483
-0.0181796365466513
-0.12618217792646
-0.0740004782972352
0.0168344875138952
-0.032830413144935
0.00598591499311838
-0.0453683729050349
-0.114975565536475
-0.169064705197968
-0.0937749528522738
0.0175759537862665
0.0113188901162667
0.0245719813356084
-0.0801226980143916
0.0323698319335565
0.0413167726687656
-0.0529700818258698
-0.0811927891675342
-0.139054248854383
-0.0263446156092274
0.00174115304212497
-0.0137374279858481
0.0338668845123271
0.0352109200907862
-0.159878739289041
0.0825926111890367
-0.0199358756047343
-0.0679056898673039
0.0266163289575253
-0.146050039703081
0.0277273647618177
0.0637096578451857
-0.0520144014849093
0.0604592579439662
0.00783800380204707
0.0510932212036964
0.0605870173184416
0.032011732167718
0.0360222469731728
0.0831419458388896
-0.0296791548588952
-0.107016873758102
0.037309921667266
0.0391180741395503
0.0492020607323601
-0.0617341177631226
-0.0135652615207227
0.13858896496826
0.125080351586951
-0.0654586162126438
0.0505315338994103
0.0305809269068127
-0.0293866066578935
0.0843653566990001
0.0568027919420153
0.108756270303841
0.134594371894557
-0.0477951403309356
-0.0215682446119401
0.154081428821074
0.212129179465167
0.206314132366781
0.104318048371548
0.120220358439668
0.0330093644291214
0.0546843160159205
0.155671780624211
0.110088764951541
0.181286025837826
-0.0367816005657859
0.101350051470525
0.0250451494601192
0.0161288351977718
0.0761783697000435
0.0702538230588405
-0.0367116187706426
0.0662603849647053
0.103581191848267
0.0490979905513464
0.120611530536446
-0.0374487084847522
0.110952766049345
-0.073037422892907
0.0945821504911108
0.109192900201276
0.151141896226076
0.161096283505097
0.0510608788882191
0.0279208239714767
0.18101212560326
0.0627732644575314
0.212826217148683
0.102095447524391
-0.0297242732009086
0.252469908302092
0.134970256744189
-0.0118812533542753
0.171251969684706
0.128566499998951
0.0972789933120779
0.0127639758420339
0.157474667913774
0.123920809093179
0.164294814391247
0.226386156540065
0.00964335053464249
0.250528101991292
0.170925682827509
0.22619158180304
0.176197686503167
0.136493154437857
0.169548537284587
0.361261776982882
0.117562449058108
0.186542163244133
0.0425441117203891
0.189805249111353
0.336619953634364
0.274255781132748
0.213798217388981
0.0244359094413893
0.165891284544647
0.145563306170838
0.206226528440245
0.290209469933015
0.337762526250276
0.07594229224894
0.155566780740644
0.260665359834366
0.22567564096346
0.152594877682293
0.288775078222734
0.151470961167812
0.192679343029285
0.230903425959585
0.282974398139804
0.153520082516174
0.229388759566633
0.267907974182174
0.206166362158404
0.318999857229052
0.4044641283879
0.0637699533304974
0.333590706118291
0.284597294595436
0.152507386817934
0.103251309906271
0.309445193083883
0.243643670067916
0.311899414125067
0.227042999991117
0.222962938322192
0.0569378083977316
0.26138733887204
0.286187773210246
0.215609182121127
0.0167355790310795
0.405344963425451
0.280921595515521
0.216435135747802
0.11654007973474
0.0793252151526955
0.251797251766152
0.205332870373691
0.147063081132442
0.236966080107724
0.273010064417152
0.235051433284886
0.276468634913957
0.241998997758952
0.154041867886987
0.300529049093411
0.386287255478885
0.339619254940948
0.408187473929645
0.270781690153504
0.240886238139313
0.320057614384622
0.261609242099861
0.341964460836975
0.258153543061911
0.216416391996622
0.206803587026293
0.262275760794593
0.239476794468284
0.27448720314371
0.23977653675339
0.282654950216467
0.334222277225138
0.469897385398932
0.284949472123027
0.331681442728038
0.28863096562513
0.29452490440302
0.351490062435534
0.365164750171896
0.4121337274447
0.234854962668054
0.313241720026937
0.468864269632952
0.297847942621497
0.490059888479974
0.397772717458161
0.282256027188029
0.290293081655776
0.334338858847151
0.307051630635004
0.465472519208911
0.543227403944294
0.437624771505123
0.430722666774963
0.313522599142502
0.405716898515501
0.35145304132769
0.258220710751229
0.357334339739563
0.461021066319876
0.370788061572769
0.503246916365777
0.343886260052393
0.378410585402338
0.301071210772802
0.316013391966802
0.364392552879107
0.434095028040087
0.352724735642964
0.462591572796711
0.472961458656443
0.538778768090524
0.437052418156014
0.423455716482115
0.401027164967593
0.469846597714365
0.505768617104739
0.302277240733152
0.405677980836382
0.281963673901138
0.577691602783166
0.46648261389473
0.403009220446215
0.303681435781112
0.419882046887742
0.518230867279368
0.557223176550992
0.295552460696363
0.413799707168774
0.534886099150257
0.400439581697551
0.398987528708412
0.443002479976269
0.351478833905839
0.415957835484721
0.531038098127527
0.466224377707502
0.438767064211931
0.510632736827427
0.423061532622136
0.514607069230646
0.424959671476832
0.522632685229488
0.550030695748734
0.492107854168007
0.51916313143925
0.547910598989332
0.541367619513786
0.48378646360299
0.371145976354177
0.604823625441472
0.429894000263704
0.586665837327371
0.545836399800989
0.374963625169417
0.436493830336517
0.576744776919772
0.500961442479744
0.562600390719075
0.363049846764829
0.610362112623975
0.433502877969031
0.532619467702582
0.287784643921296
0.460689928949137
0.506556718158979
0.526867658169729
0.439126756442604
0.376273458999793
0.593972709311519
0.601241800614105
0.453668507194509
0.552240839638473
0.513848291278297
0.416125889381026
0.622801678538763
0.605880408742564
0.446791626628427
0.512885048414628
0.544345427803745
0.625760451312468
0.487859525546726
0.514567893524952
0.469177939576575
0.432945012737349
0.343705492323363
0.451092575021709
0.537410854450361
0.476890614245249
0.626346743692309
0.558735339315269
0.534552913952577
0.568095023369585
0.619733118592338
0.398439310929205
0.513019100450946
0.611476446572033
0.58743276438445
0.575718646773081
0.652751632549996
0.634301395193839
0.660033019995533
0.629355416959481
0.433918368992494
0.735412515834613
0.529128367688543
0.535486015120222
0.604583490725282
0.523379304778939
0.563181033484001
0.663052193136017
0.598431150950199
0.642075489338776
0.671985734523039
0.569415291712424
0.662421925624194
0.490302685742605
0.776070512768881
0.556978492067202
0.548530830472757
0.645904734774238
0.63666897311825
0.682384246859507
0.635719236154869
0.636629329931209
0.555857982611101
0.706338439088439
0.793260126003103
0.677786834125696
0.657854037511391
0.649183249841439
0.607965624892311
0.746913390910212
0.649400259374722
0.523523330909431
0.679297673835023
0.687913528735522
0.66663787807707
0.713087251105472
0.486062599306734
0.645256626608835
0.677334788920339
0.651935331201944
0.648586033256287
0.560916064801946
0.648042066097047
0.505826478553418
0.690141318705895
0.635195173998247
0.696999297128647
0.697988865434118
0.600522883066073
0.709006050388996
0.683446665017785
0.645682400149382
0.545892077845874
0.675540316418283
0.800817824752319
0.637750719132348
0.709250804008297
0.768914521180728
0.59130637945311
0.675803355396429
0.718648843314073
0.677998461797031
0.702970966123617
0.748380203376662
0.731173285305075
0.8145089365543
0.644706769122996
0.685057054810734
0.82442591801402
0.462538109460719
0.665788772180031
0.756078930527294
0.717491546918825
0.697619568335117
0.635299029821539
0.757636603682257
0.767227677920298
0.722823241360305
0.578321040788958
0.849871164501189
0.663954888465076
0.84804905009237
0.822245597618487
0.75908828847531
0.755145675161087
0.77039256982868
0.634185284854091
0.806388144898961
0.719736908547566
0.612231124379868
0.720752869163929
0.79488257795234
0.615564270316764
0.832008435883293
0.609485330856674
0.706919919219314
0.79351477942994
0.756094287054495
0.875925804956311
0.889928247518624
0.679280631334195
0.762663886194605
0.932359403025297
0.819638642591388
0.831029789365872
0.702256458304997
0.78713767329184
0.737411996893243
0.886350354485509
0.65528462870665
0.799681275447577
0.779630047819649
0.879986486516929
0.760932886709449
0.686108983250823
0.829362632167066
0.87603334534137
0.950491329256131
0.95159494070616
0.763306188388239
0.762821639686272
0.850576048495305
0.627205179873534
0.974482323984463
0.674309808813032
0.826478103517353
0.832358138398253
0.852234254884999
0.938659597883423
0.795766648850509
0.693902117190773
0.94564930683797
0.889286955052643
0.81217138814028
0.858519656871714
0.962621256843983
0.861276365782784
0.793065572002507
0.969641660021122
0.94031877082425
0.837829391355272
0.838434463651689
0.705350057787355
0.858766188409224
0.927046255169429
0.901983500949543
0.964066070119414
0.842517798018504
0.798394132027398
0.783291385268644
1.00604512002823
0.810905748079379
0.995334586681145
1.08212496295645
0.901861670685116
0.745349257708892
0.9424011303774
0.965911736879875
0.756045181853321
0.86772291861493
1.02683115029332
0.915600315941074
0.887435766250025
0.861617693584534
0.983487075753869
0.997713689163265
0.899283119084629
0.800369473730134
0.975980506945729
0.941652968487119
0.76408958536694
0.91996085690085
0.846252309783862
0.91896050292346
0.998225764200204
1.13034100778111
0.94989886402731
0.871559324294676
0.92813395135147
1.06920305872005
1.11436999999413
0.973661704955864
1.01151346358506
0.933244588546502
0.906407263012776
0.814807782128091
0.814397239666176
1.16144888869644
0.90310392324495
1.01327258033847
0.872865521105127
1.00514874047581
0.986133050517108
0.885552927029034
1.06004845613958
0.992101129048559
0.97896553201483
0.883422582434174
0.96541438875993
0.953563195839341
0.976212233576415
0.919992609032268
0.932681354825315
0.987642897073024
0.920835266114448
0.953022477043362
1.00499194382716
0.995331041001209
0.888269738964854
0.969264547855842
1.05650224496102
