-0.0833899938102939
-1.01149039726278
-0.940271950155844
-0.915744162523266
-0.998467248023878
-0.988958755998407
-1.0546281803417
-0.955787338415618
-1.23394985608232
-0.999048645924631
-0.908470534486062
-1.08112391880589
-1.01666858549254
-1.01466030395803
-1.01119126405969
-0.992268849718841
-1.16699702437719
-0.959226134755015
-1.1617366559113
-1.07220598122305
-0.889774409008397
-0.91226827616411
-1.04641815949993
-0.87401201990674
-0.893865152216035
-1.08785789207223
-1.05800509791749
-1.03966807738695
-0.931168224344199
-0.86395318723417
-0.860885563755759
-0.911515141587904
-0.96440193339779
-1.09317369717887
-1.02265174427948
-1.0039465967546
-0.957808088951956
-1.08031880488214
-1.01459086176084
-0.915955550952483
-0.721822929329685
-0.93654096034865
-0.954441244180341
-0.977734403428167
-0.862264342951354
-0.943801218643403
-0.840069451736035
-0.812580060690631
-0.771806996842148
-0.827111028652055
-1.03768774360352
-0.8920166965466
-0.748310063062845
-0.975941018675632
-0.887689662751133
-0.879257305179283
-0.844492489094546
-0.950918559477245
-0.890227602089658
-0.757694072315394
-0.876336682226779
-0.765854498540795
-0.866224762760697
-0.918548302917215
-0.842306219889891
-0.819487208272354
-0.860992662306164
-0.927581510664885
-0.859953615388018
-0.893907725239732
-0.913397834431827
-0.786990322132935
-0.901549074305478
-0.993993824161876
-0.895136507826833
-0.860164091672307
-0.672096595763831
-0.708207318324485
-1.0506106602188
-0.991813506556232
-0.736605252273336
-0.823837763247209
-0.746026611205575
-0.87116288742062
-0.850526250200117
-0.901576101199709
-0.814685339224269
-0.783748077833349
-0.758671354355275
-0.900549407760772
-0.810519840087508
-0.727172318082855
-0.771096245461152
-0.813705696832048
-0.837747280443808
-0.719185368449385
-0.778925596741044
-0.881415060105471
-0.786797301832109
-0.740030593736452
-0.786887165647861
-0.815885979271532
-0.628651760433286
-0.746605399108283
-0.73325919450005
-0.714360964965948
-0.726316984225189
-0.842166378954994
-0.78050294165144
-0.84251285773768
-0.854281609598299
-0.781331932608092
-0.828865989365276
-0.774303057681411
-0.777735731187407
-0.749378125081529
-0.853533491662038
-0.880742283271988
-0.80293994443959
-0.721061318578256
-0.862717254512018
-0.888843048258793
-0.703946359894351
-0.839680124504084
-0.778464069368796
-0.6928461040209
-0.739819971069065
-0.708691742701809
-0.641609743927057
-0.736200292589711
-0.735250390351676
-0.85369767833124
-0.735288386621628
-0.766840235189357
-0.784653396094509
-0.661926369935631
-0.79399399463722
-0.810697943824839
-0.674472228663977
-0.679938496424262
-0.714903589811826
-0.837596810933513
-0.689744011165672
-0.773678786117318
-0.684729038091816
-0.716865631940729
-0.712793983637563
-0.75172430464578
-0.659828771560372
-0.673512345175449
-0.537398508460575
-0.639232029295348
-0.853104026152821
-0.4844235987158
-0.720130743116459
-0.629527997599395
-0.763615878845351
-0.710744465642452
-0.622709960994116
-0.763054947865328
-0.782443427343544
-0.757493917411947
-0.509473702080852
-0.637734895534608
-0.629640736351007
-0.721260395811937
-0.608647478927448
-0.636586440446598
-0.675720025633423
-0.650399080349558
-0.668406365614643
-0.829446307895133
-0.702470802305092
-0.678463611845111
-0.531242793064295
-0.72657409342427
-0.635183248584984
-0.716245971926776
-0.675901235402628
-0.704947575171533
-0.54989030180728
-0.615492607667439
-0.55803507389157
-0.507848818850221
-0.580973091067643
-0.671601624206354
-0.742434606168132
-0.616786520647325
-0.684481734518962
-0.507127693117238
-0.563065558843178
-0.553910932094471
-0.539837575545138
-0.656293586102648
-0.769957281630975
-0.545589493919893
-0.546896022255675
-0.723824955682661
-0.556174430301242
-0.546212966484143
-0.673644119411231
-0.63578970571413
-0.467710323441428
-0.583913358391849
-0.620637709636977
-0.583792327945335
-0.676192020571627
-0.69515845095631
-0.518018594261867
-0.681320512998303
-0.534487339373435
-0.669780172370976
-0.48700927098608
-0.612962309080686
-0.575458133917413
-0.724259172754545
-0.585517963664739
-0.531037294188946
-0.547638395086925
-0.52234032983236
-0.603787063601366
-0.493414635971046
-0.485238082172767
-0.561262296646192
-0.71756193610368
-0.534718231116771
-0.653091165981064
-0.502339750764761
-0.615408649604803
-0.425585839401961
-0.475984959354476
-0.505315724106613
-0.44728867792186
-0.429980109668769
-0.613169096447153
-0.520530671495802
-0.642462402117191
-0.472471910707464
-0.358477920973199
-0.464010006395385
-0.594123551403729
-0.506537393367276
-0.434434014685285
-0.632287246222646
-0.472112469200275
-0.459186801571904
-0.472707819711434
-0.495629801695807
-0.574360079045145
-0.524457433912718
-0.335276693617986
-0.388724210991463
-0.595042709331891
-0.518647966380171
-0.57284298191748
-0.586342817596437
-0.471352360274963
-0.485877826971961
-0.511745851210266
-0.384308416390638
-0.515406364209688
-0.511936712620068
-0.587836502327922
-0.567018649421593
-0.444921150905384
-0.495363068906915
-0.443702338661049
-0.493122285340178
-0.482403223547228
-0.46845576024625
-0.522595936306428
-0.291823719967329
-0.424735269773652
-0.494728672933378
-0.393869733565337
-0.374434890257825
-0.351567566700966
-0.430436413104145
-0.390105142749578
-0.426633019489085
-0.380429374801448
-0.348781134449725
-0.491132409777909
-0.429176443456665
-0.375725045923074
-0.36903393809182
-0.502686838673599
-0.552577357310747
-0.51008932392478
-0.524536726915363
-0.407650576478826
-0.53478556172849
-0.551361829366013
-0.358769699433564
-0.400795666442461
-0.255541178631177
-0.429367074794651
-0.305271279423468
-0.310430153766228
-0.497662383234311
-0.444550576146552
-0.328148869291222
-0.416821021573993
-0.428810480777307
-0.384511567578372
-0.512508166826749
-0.334975535227776
-0.392458677503778
-0.567192868550594
-0.375730200678993
-0.337520950272371
-0.372575702272136
-0.4737593320117
-0.3489881647534
-0.416354196016745
-0.345989961803191
-0.298745099926585
-0.44509131552381
-0.389167634037827
-0.339816811842057
-0.384293317002254
-0.247694346871343
-0.325173130045881
-0.422295902104223
-0.279652021191391
-0.357220542682081
-0.370444493351977
-0.44842088770274
-0.341468321408732
-0.386167017475352
-0.340324454802482
-0.290144092154746
-0.46073685718786
-0.231898197132566
-0.413274957960839
-0.374496203723342
-0.480535194514978
-0.326910984973007
-0.359896914529436
-0.429806928156555
-0.324555654493487
-0.333747527561675
-0.216134577622758
-0.376900178718964
-0.324131522756541
-0.346533589979319
-0.337368636433529
-0.190163281175729
-0.216412804438112
-0.490375735922394
-0.466602037132452
-0.0615626585400095
-0.126562571877869
-0.354897682023666
-0.362839222233932
-0.305382874216326
-0.357551905624189
-0.350746052397462
-0.26108749425448
-0.288659637304267
-0.243762064864142
-0.319156726506683
-0.278027373724929
-0.268316824608711
-0.312124042240559
-0.187571333173502
-0.187374600886749
-0.265771642162807
-0.166964055436761
-0.2731973730105
-0.256580560400113
-0.293448544998364
-0.202410867329777
-0.185096004229757
-0.411791199707024
-0.258428469508478
-0.326488165079337
-0.157393283985484
-0.351531009919682
-0.230453136131918
-0.319338543775125
-0.209540326299291
-0.278820776929435
-0.163732671695093
-0.193359115733493
-0.225678190717434
-0.124448689654654
-0.336732812302787
-0.259069088359459
-0.195046913344382
-0.429494184597368
-0.278114442095793
-0.302841730333119
-0.289378418633196
-0.191940335775859
-0.234347863313808
-0.148637508004111
-0.313634471773661
-0.230642568568219
-0.26758022172215
-0.252316523062415
-0.270048894335905
-0.138877556969104
-0.208848567562075
-0.267379423978432
-0.14829852338977
-0.198860212059489
-0.280515606906679
-0.133224472751369
-0.140183628249343
-0.145901848482715
-0.18183792345121
-0.24100143155529
-0.222935721616574
-0.236649251057115
-0.0942197616193212
-0.298675070453574
-0.375747757826186
-0.19706261998153
-0.242229784084909
-0.0817746117095817
-0.0647671804695895
-0.0719669923185573
-0.0171636094254538
-0.203018441612291
-0.214332958381345
-0.22297946092038
0.00032159032258202
-0.0496388572361775
-0.184844856654013
-0.0457257761312049
-0.0956357616832625
-0.152466135121594
-0.115814854570777
-0.0118959165497095
-0.0893484690061604
-0.0217332248541914
-0.120280456284
-0.0627882406368149
-0.147979438508342
0.0710951409149132
-0.129729973873054
-0.142007819195173
-0.245712241400634
-0.0178009158298373
-0.16308755337655
-0.14963924184902
-0.0245931173378161
0.0165021694277098
0.0821558584082599
0.0442166937100945
-0.14820995436634
-0.100144769468009
-0.253955689271624
-0.0641814657992438
-0.0938414354425923
-0.155228681696881
0.0114477419108495
-0.0232099917532877
-0.0933263303963614
-0.0822433575980155
-0.0488188104009186
-0.114151286220551
-0.216296820297023
-0.12524895183135
-0.279976858431845
-0.0777371769737946
-0.0622601035146403
0.00965042496750481
-0.168377681260531
-0.0617475697812499
-0.26340125401646
-0.0999941820152322
-0.100360577368279
0.0489872404980336
-0.0450613121049245
0.0146756709400321
-0.0857238006234619
-0.0421145472209576
-0.0613480374806962
0.0728402733320441
-0.12234631301043
-0.0528110122480325
-0.000968891689399526
-0.141040058428756
-0.0151222165665377
-0.15480977217937
0.047239402261454
-0.164540710920364
-0.0475334194642101
-0.0983138263049487
-0.0439553024159542
-0.0369048890494127
0.0303186483510441
0.0801516560783021
0.0398497123737984
-0.0806566303770973
0.00721683896426313
0.111415714814816
0.219907338748039
-0.104329705150359
-0.055276785161921
-0.0198492471809356
0.00706707324146422
0.0537000106037861
0.154956471367506
0.0617497173187364
0.0670475835285226
0.0157133798614108
0.0914045409531106
0.0512172786040837
0.130425860918949
0.0107344789272521
0.161192205286678
0.146150207119493
-0.0123772880055824
0.092866210278666
0.0314308161980558
0.0216508938564656
0.185448821876865
-0.0271201362797569
0.0238952562068072
-0.0416380645386423
0.0720173088241595
0.094625924060176
0.0207253000901301
0.132315468590244
0.00601593771291747
0.00422606924667218
0.0467475221382963
0.0303697552944318
0.217839025101489
0.145827251466127
-0.00752877805815478
0.156089373413954
-0.0942853879410891
0.181765189417829
0.0436652335070433
0.226561308909777
-0.0644038533297389
-0.00534631933308679
0.152151574054337
-0.0686144749319808
0.205331563118524
-0.0238018597780202
0.180730902214703
0.186766332855164
0.0880881980102801
0.0891322962189541
0.0933493972245648
0.0024045603654159
0.0845736177106868
0.258072099718587
0.118127808489067
0.200725166211508
-0.00909208711031884
0.03998379178097
0.125409861016458
0.152792077320292
0.205207845948515
0.188315726537364
0.195360207798492
0.227325571785178
0.17975672075216
0.177635020948981
0.0592816196338677
0.205583553547148
0.26802805618932
0.0836345086950412
-0.0271297397897618
0.303057366399536
0.141894069387919
0.232753453411839
0.0714517348290107
0.0467013210204125
0.06918924142717
0.114147742571921
0.125778220109225
0.0270921847967337
0.144485621524422
0.10444965665827
0.158852665320483
0.0763442625747239
-0.0388718969054762
0.12061567553343
0.104370508261513
0.175212021396143
0.237665582148163
0.0851876417587787
0.245142608965389
0.161412008989327
0.111300426696649
0.219261640501117
0.222851076803203
0.214237852885266
0.233791867873693
0.20349874038626
0.174151022698679
0.129346011607286
0.205293743361141
0.164219470957937
0.208461807671825
0.197931934675149
0.110372525418948
0.140368924098866
0.23841871123997
0.0495762279618452
0.330478465463269
0.158925419536893
0.179479476126515
0.251003482632422
0.131174707859509
0.273660905145531
0.364350446678506
0.075937403848214
0.314980794500935
0.283697219788261
0.10323484046315
0.123440944437627
0.253754000356989
0.215265392471168
0.408172732571302
0.195885638987506
0.210563976587887
0.301915509901433
0.262468844449906
0.186848863992984
0.239789536107213
0.263615661440867
0.186601513600996
0.188642343311015
0.177631388645711
0.191955473176544
0.327483581387442
0.211723023424966
0.147556196054087
0.225527012359643
0.206672850190376
0.176362816167156
0.220244945119293
0.181287285483147
0.190011057064721
0.26387430176633
0.153940841147482
0.245854702856174
0.252338559077562
0.190455014786165
0.395188303527087
0.225264913393624
0.27629741022789
0.385562707631533
0.229788253747867
0.352214644728799
0.312269233609304
0.270619105137596
0.266260110185648
0.387576709193521
0.258101502617682
0.276570085068064
0.273574814504341
0.343170628312073
0.272674575644361
0.162340769718304
0.261794416754813
0.369315230270915
0.162777962622536
0.379428036352633
0.43725655028551
0.337387544213009
0.404508865932691
0.354617419274421
0.433325416202075
0.371889782848866
0.33044078431098
0.330328574287258
0.275628002214911
0.205503317836999
0.444711543581328
0.229750245203157
0.376314110910522
0.432079791635481
0.219943031143485
0.255497638832549
0.278375012821801
0.384598168915189
0.294262838660482
0.463939225724489
0.259324398412408
0.501701207011036
0.455362206471609
0.451232719181636
0.305936097821613
0.51514094002098
0.323314736896385
0.412879343121857
0.46784144164236
0.416221961831323
0.370447528727318
0.435521575225532
0.334499109583761
0.385860821445137
0.309032789348986
0.367871684029332
0.460602727569109
0.461863542965682
0.326224250030718
0.348457178115031
0.405651309049711
0.256816106002097
0.398919107303941
0.486220834880338
0.354248651397015
0.544822908553388
0.337898914429564
0.330614216098506
0.534092308670912
0.378290213315722
0.281085972609121
0.368930558174166
0.420661733924383
0.429013401208798
0.449036745434854
0.436194357841022
0.298006197315781
0.459300589587357
0.535690122811088
0.509158674339365
0.375694165810116
0.283934682548652
0.457345812386409
0.445613134653225
0.363917832590485
0.450733981097144
0.407975481695325
0.432535909790557
0.465833680469167
0.524528163615882
0.578922257677704
0.5782497328566
0.522737708220019
0.439597254927436
0.375217289056172
0.587017023190753
0.547219521441227
0.484971779009265
0.467401667302105
0.4640861155822
0.541922122313645
0.685995836927221
0.565905580440905
0.481732829651086
0.470955674946171
0.52557624032167
0.535510621749844
0.593116228050614
0.481128923439364
0.526568768110169
0.547143786707281
0.310708321893227
0.483974492215121
0.501756022565467
0.541899333691042
0.583911729734627
0.566419359120967
0.686173475286938
0.43971802760613
0.478951914530816
0.629627034285947
0.546103273500834
0.395122017092422
0.60277220226003
0.543624603908725
0.502163989624988
0.419796150556938
0.666466789517023
0.591045438083139
0.435740674459694
0.704117524870436
0.500956580861964
0.652671887963291
0.544355617483916
0.572668816755844
0.580816615046146
0.633069696131051
0.599101784076677
0.662973202704788
0.546709094718211
0.451641992821288
0.632115187768601
0.57771299269144
0.606851773718273
0.662900282741794
0.489365882568422
0.704405121761547
0.549487837621815
0.539930304213016
0.591975473487693
0.628193897277747
0.536886860845668
0.602667614717789
0.741055202386126
0.506770002012807
0.569238093464661
0.53665653735842
0.760028911803365
0.692117021183573
0.733554908860266
0.698311239918692
0.64529845850192
0.488671078552977
0.661414246134046
0.561318609396241
0.54947644987647
0.519459002544087
0.684676197739459
0.678946951835772
0.593888239047005
0.536872180859579
0.731088886395378
0.597109241305902
0.741912449965334
0.548472414184295
0.729567323969915
0.569009792476926
0.69164344095272
0.623534733606657
0.862443975770459
0.632475319915874
0.681095272299384
0.659250190379774
0.589456187791027
0.692568458085929
0.686205967781527
0.58363423514689
0.662593677080078
0.729388243273662
0.68354815839731
0.578364100885069
0.730653626912622
0.838585362394045
0.563799264787123
0.646286347447561
0.675968820762754
0.634298611727476
0.890155884777425
0.727371353476881
0.682822824436696
0.701002697612252
0.738954575876048
0.792863426072473
0.531776112646701
0.655549686366138
0.618805962017599
0.72298234961994
0.674902303688227
0.797822198025784
0.7514050615371
0.677425409880169
0.708539880202636
0.732057263600564
0.726718506982002
0.702384588727583
0.83222834803798
0.756334045072769
0.659897735659524
0.660714920165156
0.851733232012068
0.833320964615544
0.802759574537205
0.684407849518091
0.693123521863275
0.753836340399185
0.716084976304461
0.953029461910504
0.789492262225254
0.755806034265591
0.797631715173508
0.931762879676264
0.785042349995849
0.55052578841461
0.680680527215053
0.7850220612197
0.824398498421511
0.705028635009688
0.864042065079392
0.771441734976563
0.59012640091897
0.793409546367451
0.656572531250136
0.865779763982077
0.746967770938818
0.715362103758278
0.685952516223803
0.782130698275263
0.806110890789644
0.901634527823676
0.81505874013454
0.690381740182492
0.767262343825522
0.840232701253314
0.742564007763071
0.812232270720168
0.622860160530999
0.87727143481708
0.877494514783575
0.81575678929333
0.812273194124883
0.884927773571327
0.776300469118056
0.8262174402744
0.905466943532488
0.916724280370768
0.731875574815406
0.890002712188519
0.873083209869422
0.839968892130633
0.797984822620873
0.888043463012086
0.800966995803804
0.83202207608882
0.793481776796891
0.772471969302658
0.753961801493454
0.808656728683769
0.931246419132264
0.850275137614323
0.945028750243683
0.780446526749816
0.964676954788262
0.911242218909425
0.979559611546502
0.914115067066374
0.719644744862857
0.792554536780241
0.752831047809241
0.870916161923832
0.802525409621812
0.775817917056178
0.855331051070499
0.958918310403086
0.917639517064117
0.792471463305586
0.809482749505505
1.0376288294553
0.935074645278556
0.896734791115349
0.882868646328303
0.868219437949829
0.907107988735742
0.790005904569353
0.889162853697373
0.959294283702319
0.942661919364502
0.732952916626249
0.813136866536213
0.903752691111565
0.803851631748792
0.9606482359562
0.951939792323582
0.897327888617444
0.932230827652074
0.989342723526317
0.925259428395627
0.936664781678515
0.814610358567434
0.975559566199799
0.966925591979451
0.793285492952014
0.742301649983057
0.848798099844101
0.967585868369003
0.985036712195309
1.04529031474735
0.777728903585134
1.02642987265746
0.774285671381554
1.01044824592727
0.939386431791591
0.953841947986146
0.887358187738301
1.01111262992864
0.997936453730935
0.86233138019543
0.895963346360666
0.990946504882202
0.913810763078912
0.98179069180894
1.0392086508189
1.03173538926341
1.11115930055265
1.14325033474866
0.919842720004286
0.90295114142373
1.0095300953501
0.940360767582502
0.900811739158036
0.873979421873737
1.12388550065247
1.08069015091721
1.06452863487861
0.907855982972067
