-0.189685280623718
-0.90447851079539
-0.964941238220631
-1.03496299991071
-1.14818740773027
-0.914678349503898
-0.873924169945279
-0.929263515439794
-1.07282339625156
-0.833414178590322
-0.870006257855743
-0.953637414099739
-0.977659366638017
-0.953279295550218
-1.01002429177912
-1.07932666486092
-1.11466249900596
-1.09951668106166
-0.88511020218457
-0.997141626719108
-0.94559816649486
-1.01814656419319
-0.734581048369891
-1.06490590282526
-0.940074226818319
-1.00698056582181
-0.921030814862953
-1.07043906936881
-1.1060736401104
-0.823086605792441
-1.10595565119496
-0.992163220131075
-0.947437173156423
-0.802938852772445
-0.840659732145705
-1.14780855888554
-0.855384996625134
-0.904237604060428
-0.966662511381806
-1.00031141241693
-0.963830018266916
-0.995926872516413
-0.860286496025661
-0.752957301037263
-0.948588549151115
-0.910296583352537
-0.766016306457751
-0.890622108503677
-0.928565836740053
-0.813739782859588
-0.80899308755265
-0.875058337787348
-0.82308907260118
-0.826477303236741
-0.848492122890045
-0.961455050610483
-0.957230165772237
-0.988887881625856
-0.791184217453757
-0.830661285861269
-0.929117874184293
-0.848627789127644
-0.928185628745645
-0.922914502310097
-0.880578798158528
-1.02709802945272
-0.813456733703785
-0.976472723411379
-0.881111966582298
-0.880296058714345
-0.823116623371983
-0.933364998056803
-0.879746308125008
-0.933825951378783
-0.890490173715717
-0.751856975851257
-0.804306861205722
-0.784862519869314
-0.909714779630527
-0.750033205908063
-0.76557862135622
-0.942323103598674
-0.771252793064616
-0.992797747755293
-0.833112478905721
-0.743118353148785
-0.86959365483516
-0.882386937310471
-0.887819646916219
-0.744541353585384
-0.951593297227096
-0.843655046790213
-0.949901762110698
-0.826081931674538
-0.766489280393987
-0.902360816135415
-0.925199224045859
-0.735352901980609
-0.780119212072582
-0.801803170339984
-0.753401575429963
-0.572023026319168
-0.757977230798173
-0.747969649472228
-0.978868995745118
-0.714160567904035
-0.935362382114323
-0.686979292999192
-0.806695465682212
-0.787560791412686
-0.837614766156351
-0.651030159933489
-0.686487364668507
-0.760494981215299
-0.912902026151691
-0.726921199978533
-0.780332872283562
-0.820600146274102
-0.756811392782706
-0.768916089514726
-0.694218964989843
-0.711615817348695
-0.808948906241962
-0.708944721273662
-0.744799904830538
-0.732541201238742
-0.849728567102751
-0.631925954314892
-0.795154112551785
-0.59429140351894
-0.775223538609891
-0.668113337761487
-0.728158004165581
-0.618596212570397
-0.797912888211508
-0.952142742766663
-0.748444106307272
-0.694103966069205
-0.659186373078051
-0.743613471144027
-0.769493876234624
-0.602959812585258
-0.925080540378387
-0.687603288592591
-0.69740402105858
-0.791192328901942
-0.621811971979065
-0.670056265497821
-0.767610062327953
-0.711865479676123
-0.72341679197675
-0.712677850575695
-0.691940707879494
-0.730071161659534
-0.713472455339942
-0.698491299174858
-0.640015774611166
-0.699217836868777
-0.666666251713295
-0.559544586318451
-0.830987724360034
-0.641917418080491
-0.703647427337075
-0.76548332139783
-0.902525576473519
-0.696436257905941
-0.60416937712381
-0.641775555370264
-0.750967386703083
-0.748265523184193
-0.594423314519729
-0.692827258528553
-0.671857035666664
-0.789767411428847
-0.605254213810131
-0.609433918342781
-0.765489109456892
-0.672425220313466
-0.459642721139326
-0.49709117476787
-0.633967257634655
-0.598028107171089
-0.475180137857992
-0.601524393021539
-0.554555646453356
-0.628363990659204
-0.648533218521616
-0.706074493992318
-0.556581407407245
-0.649600955006816
-0.535974896365557
-0.631747764525554
-0.661734272632552
-0.475739379735267
-0.657515358767564
-0.603495428064629
-0.582994127169623
-0.528689929848688
-0.557425483247055
-0.663331500099624
-0.441391407123033
-0.64081682463373
-0.676119950114097
-0.632925580714573
-0.584522279244635
-0.558851216714315
-0.597146995448439
-0.495008632264517
-0.685502639763449
-0.532017313483131
-0.541334926961533
-0.675024573673741
-0.60903106848623
-0.566693570311265
-0.473687306357948
-0.571640724501403
-0.696181972140615
-0.503641269689746
-0.649133466042714
-0.523332948090528
-0.587583644871741
-0.54287150947853
-0.564613931687593
-0.549034246828622
-0.629042522861853
-0.472343349822151
-0.474459642697339
-0.519345806043501
-0.587526613650763
-0.674413285466748
-0.615806066726779
-0.667095275410456
-0.684351511909802
-0.551554551578738
-0.54654161951998
-0.498577958700303
-0.575140256324443
-0.421871418679866
-0.34933309064895
-0.419853735022505
-0.492327101070047
-0.400220799866111
-0.532578415630832
-0.412218488927426
-0.476600565267374
-0.434288399453403
-0.461994163680779
-0.61592413636017
-0.540580119513331
-0.507147849083401
-0.621999315121149
-0.351035928258657
-0.676076677272364
-0.424207746698342
-0.589215522019117
-0.554701884113686
-0.463569538166233
-0.589283258927744
-0.589925581749578
-0.501553286903305
-0.682308151551218
-0.444045192660721
-0.434860913850922
-0.399014102861837
-0.585736654630804
-0.426228995714371
-0.514516493170738
-0.524539176660661
-0.328376703326806
-0.508317385189298
-0.372709494774435
-0.513923240078097
-0.510602908041282
-0.42946637150966
-0.432588119396008
-0.379174686069458
-0.517725872353938
-0.448322092279204
-0.504323747514376
-0.5012330128609
-0.489259217365106
-0.405893174283959
-0.433660344285575
-0.397024601627191
-0.52668308915878
-0.403530146686198
-0.412710337818277
-0.382239686135183
-0.41887475739259
-0.294429958437342
-0.296043197246818
-0.543915375457845
-0.365566087123992
-0.430114501052774
-0.41713838809154
-0.535538672620774
-0.332395221908315
-0.371579562676335
-0.442215752972848
-0.368566321892613
-0.337749418121831
-0.374972232381456
-0.573661800277829
-0.304663421097803
-0.239054473297619
-0.342403505352021
-0.257687273211622
-0.278317548790757
-0.325121079773912
-0.408053359712903
-0.419039533497215
-0.357685461805509
-0.319293312035742
-0.452441761103673
-0.321357897004269
-0.365172421612915
-0.290550843032761
-0.362032777766681
-0.35655209036359
-0.224206931120995
-0.269469146644887
-0.371119612204696
-0.434542167176748
-0.357276052079033
-0.413727553007711
-0.386146727037115
-0.284812615026464
-0.359036581648866
-0.396397611303707
-0.457526320898982
-0.490213266564254
-0.192838991282076
-0.530013644653333
-0.280754044205451
-0.368410841462206
-0.23789391090685
-0.43172923877711
-0.293964243023366
-0.320150576154942
-0.302860679170862
-0.341489125978728
-0.365380161738162
-0.355613168615923
-0.327023081159979
-0.397660081817908
-0.210419606658304
-0.309184741622421
-0.400170080115889
-0.271923593771166
-0.483956861368492
-0.463068390745017
-0.397797467234406
-0.240630427141391
-0.293489984523953
-0.267209640944286
-0.275201747403254
-0.280281349406795
-0.298402179617784
-0.259139513506445
-0.243318226069463
-0.320252315713083
-0.335837543607653
-0.213226214235295
-0.21766525583187
-0.36419201576866
-0.256773818788501
-0.21096122547724
-0.463183265963133
-0.279831068686706
-0.291352684164661
-0.301674303682119
-0.253853499695722
-0.241414546729289
-0.318723010456953
-0.110577075789308
-0.234672151960876
-0.227046355055245
-0.457474995764284
-0.185412660004218
-0.336049515904764
-0.267595291039894
-0.298191769290604
-0.378411269355473
-0.179877484423724
-0.185615763536185
-0.294276832798486
-0.24333844828342
-0.29653288872892
-0.385241595826821
-0.279852052186307
-0.140180644365977
-0.35370232389606
-0.120623831670892
-0.104090094858453
-0.324703782473156
-0.298919897029147
-0.228372078885595
-0.176555021542079
-0.0286696415580268
-0.306077241661222
-0.263391269679543
-0.249646226582693
-0.217729504105878
-0.242180658260254
-0.15666488560336
-0.207750754381924
-0.273827022429957
-0.0791325224971866
-0.179184314311375
-0.171081964889798
0.049469647860264
-0.218549214921578
-0.140201250925071
-0.199019847719064
-0.132049242724127
-0.244398269948552
-0.206066174521092
-0.198899839141995
-0.248577122730867
-0.115325108043426
-0.119832417723157
-0.106502695709891
-0.257973074836831
-0.138739375326537
-0.0694209881850826
-0.3474720324218
-0.061958677284214
-0.178850221782585
-0.251474365659584
-0.0293852015426047
0.0347737644996829
-0.158332029759572
-0.175771982683994
-0.180121531767985
-0.0764113208838985
-0.178018241029406
-0.113132665363456
-0.213754383951272
-0.0650688497660116
-0.112556161592069
-0.0843873367830398
-0.294680654502979
-0.295978002940181
-0.0395346504647312
-0.139897448624478
-0.165736404206057
0.0102842230866984
-0.118698623394613
-0.222508020380358
-0.191998726342424
-0.122382560915585
0.0594428405022254
-0.147551715016337
-0.0841830264023646
-0.237982087665767
-0.0754563552997648
-0.189976520086347
-0.0601748719511575
-0.125294575854421
-0.144749402532927
-0.220052997748246
-0.140333957889394
0.0808117507615741
-0.0137467171829341
0.119235825126166
-0.0547565982876249
-0.188007886432808
-0.162770076474884
-0.10267936421206
-0.115953612718119
-0.0496624624568554
-0.0677968471436494
-0.0341139573225945
-0.113204468399582
0.0584571394215688
-0.135856054404999
0.0328221616309191
0.0562630723278831
-0.0311048140089905
-0.0705577355608217
0.0674916836848823
0.100674441417202
0.0454529903776731
0.157100377868644
0.0199275001835488
-0.183683613089496
-0.00987239436411912
-0.0311514000637747
-0.118123958854846
-0.0920440291406199
-0.088108976151726
0.162123618604095
0.0233636267860155
-0.0793783596408477
-0.0987210978465462
-0.0585502888766613
-0.0762067819389827
0.0395354298473846
0.0444503240236676
0.0647652955291947
-0.0544138182465134
0.133137939237041
-0.0478861919927716
0.0139045949701702
-0.0258771051067276
0.0143618524314891
0.214540125779525
0.0298255706036359
0.0880935761607324
-0.0811913055813464
0.0994543178186786
-0.0863854162236596
0.233053714003833
0.0289737725102143
0.132042590655254
0.034707928798237
-0.0847982069908498
0.184789143938138
-0.0374765514256776
0.0930606424108765
0.0975696370588648
0.0143637052395972
0.0530109315437117
0.0170282775801377
0.0702652507791208
0.142434202062259
0.156791202994963
0.118150020240065
0.0169426309978687
0.0164151983250669
0.0302604819195211
0.0773329035740199
0.0193460096961375
0.101996938638285
0.0557290326278907
-0.0216897617797858
0.103881205230249
0.132813861698561
0.0563356223729182
0.256796759177323
-0.0218831041787102
-0.01530540381378
-0.00560988239217175
0.190061496972875
-0.00782689594264969
-0.00976206289336684
0.0332562971850072
0.109284093354764
-0.018198290658285
0.110549063614486
0.205522966208887
0.166248752940603
0.0956861072241001
0.089403580353778
0.00799223112766471
0.0783251011337384
0.103166811474303
0.0969076996335555
0.10215466974687
0.0613382016918422
0.105711047564089
0.13279097617619
0.0795585907880775
0.131452455350519
0.249795780684809
0.114753769499793
0.124652958738643
0.163727198281348
0.180222129258346
0.153403728706194
0.11605491645016
0.193545712811478
0.250060555033676
0.192543432275982
0.138072610499517
0.0450525302774347
0.370509879190669
0.228866499548498
0.18474497234603
-0.0126023355235847
0.146867887064401
0.313213385223771
0.24990137808456
0.18321366633316
0.136259747500965
0.254813884570938
0.204064420729554
0.301713122152957
0.12224580263804
0.18931229902852
0.0769076749122962
0.0204461571540069
0.106069888849614
0.154951440480943
0.234130334223638
0.318693316281378
0.329634183006386
0.316927629702544
0.167025734840712
0.262718400922288
0.363071639580234
0.152927562361679
0.282298171366396
0.160737846306956
0.147627487403694
0.200221019954749
0.0939468701493876
0.199104281006631
0.330374694739519
0.138568922695253
0.238993703623467
0.235657777639293
0.305166777169466
0.229277598680563
0.295790972401355
0.064020531826726
0.11690377890438
0.285527829057331
0.243293778983387
0.360312518677387
0.443050000548342
0.252834641297743
0.23584483322891
0.160517926376215
0.116853411722574
0.170900954620734
0.179385458431115
0.26556889166335
0.212330819489757
0.339583384320249
0.240555732894309
0.229191218550494
0.423801888625884
0.206618125395761
0.237376931586302
0.350319062364485
0.278191699328479
0.418818823336281
0.271747384181434
0.230243177986452
0.466413420663428
0.325746250137983
0.201736171069972
0.199947695309179
0.396946829990985
0.190006713536181
0.398829611948666
0.474221080322848
0.359644606912572
0.440656242339284
0.229662329306867
0.35148644757723
0.250892365799095
0.119571795529984
0.404043533623392
0.320254064908373
0.33904813978484
0.446377535367939
0.405306098758349
0.361042310150211
0.378355351489928
0.29802822573851
0.132457780091531
0.235941480829276
0.406162766996547
0.20234663481029
0.233489512599543
0.300484497352245
0.246368385944525
0.413818262718128
0.246769634681832
0.37942280886097
0.380101459286416
0.425172157386653
0.194072991488651
0.463856504032397
0.390118155215584
0.395575878534535
0.37155071475561
0.372963549782296
0.405585162782303
0.31680985765534
0.356449325426395
0.542935081949102
0.232497381221616
0.320572245218034
0.301318845731596
0.403505131621444
0.322696725666394
0.421850979014762
0.509602801346726
0.303779183251441
0.455870977196114
0.427762981688387
0.41389820735511
0.299906615016985
0.485685120105062
0.296953090888044
0.378789355586199
0.470371390247058
0.215502549064113
0.353595783385833
0.329502609120358
0.57878882211412
0.34344048668792
0.241241867016477
0.519772261983471
0.346174876678062
0.415244062407149
0.410829982002649
0.461420646629457
0.428019482616608
0.320633768156361
0.316506613065851
0.520523456144394
0.465872040576375
0.501268599455607
0.237167918520036
0.553289686791943
0.489980275573533
0.524860218089368
0.402216842249596
0.500862033891424
0.423035865573675
0.436242495968886
0.388500822188181
0.413638854765123
0.481004820485831
0.406482532533625
0.394472157258602
0.686514348705836
0.517316104036649
0.548895340669863
0.518965235807601
0.412860253797292
0.34982125437446
0.452538983613033
0.375064146840592
0.51187062358131
0.426399297799765
0.462197994975213
0.501035445593364
0.395911549236862
0.5188665112424
0.560241353768328
0.385851722438024
0.547320882601347
0.491416467938699
0.463368326928193
0.387263262572218
0.44057546814794
0.457161952259566
0.348222994962433
0.554664880428783
0.4936594832578
0.532531893104605
0.498268060001082
0.558865707447929
0.504015246375408
0.517255759243024
0.385600913831554
0.44448361626911
0.718594873751216
0.627162913667882
0.58423996868065
0.516771745989424
0.461970026752284
0.489810864854964
0.445536619500468
0.494459063430165
0.512486392222841
0.516674032145707
0.650177580670162
0.49901542257885
0.355494518569435
0.523921833423329
0.426782627776841
0.615173680215653
0.580479461783013
0.625170404104667
0.545599555076121
0.460182120339798
0.669635265075619
0.506253706074946
0.505018835552913
0.601329702082878
0.541206446258098
0.601993853782135
0.445003627281754
0.575229098074653
0.503901246160999
0.734075854439173
0.667864128207015
0.450639589332165
0.516180053214883
0.559563806714571
0.629795582029971
0.496759175560734
0.49277143852845
0.705059099091721
0.607759581377111
0.590929590383449
0.525806018069883
0.604300937141743
0.692118313674749
0.704864659906319
0.696012108648608
0.671400745287495
0.702375055923613
0.458767249863055
0.565641760683335
0.704448836760408
0.634645689037917
0.470788413751704
0.576348309180125
0.72690273739597
0.581249451552769
0.649614899544011
0.58659524078153
0.585020486846669
0.66071554658033
0.693531429972042
0.711802756342664
0.60454069154006
0.628133092321854
0.642498071806424
0.418051902321047
0.677076732036411
0.621262789947508
0.588393482446987
0.461525271850816
0.774097485607889
0.697477340126609
0.663573834614171
0.676882479430418
0.57887607248919
0.655684602064585
0.547326796028393
0.602098666930327
0.817759781581479
0.689714979736412
0.655036510316623
0.832302863547951
0.700806008491091
0.788514667571636
0.680173470934727
0.694112309866151
0.706963901281912
0.668260106632016
0.729001636910087
0.782447476974137
0.669113974440526
0.7151646360479
0.670517095171284
0.745984791342933
0.884227644066722
0.717852451589711
0.801728424207676
0.662792754374001
0.782466505108677
0.711282478637405
0.775986934653027
0.681213122773508
0.598131877953687
0.601439233236131
0.770864068724127
0.641653821787189
0.723646523874119
0.540537288554579
0.764597166339417
0.803311181662602
0.867483447754229
0.709300122051694
0.616175196647204
0.625255654389256
0.650999128932935
0.721631921049257
0.761097136477433
0.721091518607372
0.698525244609679
0.881198156275841
0.811747639528854
0.781926577410302
0.829168041661651
0.844081411807964
0.684351569061152
0.745089199365166
0.822739927770869
0.607510587036043
0.774839708020516
0.759427814708724
0.883430031050385
0.667930988283071
0.706084488881775
0.791694187946156
0.829127645614759
0.782597057566071
0.943094019996219
0.699516333843759
0.838967170704587
0.860611945109737
0.863943753366513
0.775867966022691
0.926320582862896
0.863657557116364
0.79076612717219
0.833223892349099
0.870173831093993
0.668171337955872
0.865770189063175
0.76531473736398
0.799010701377162
0.896991639580346
0.690322408090662
0.851671240724623
0.680527212979089
0.779803617919076
0.684973859894681
0.874397685337927
0.921693116248241
0.77888502388611
0.841638761962279
0.88777265029025
0.962294385047041
0.826199923533924
0.850053615213756
0.8691173997631
0.775790906848569
0.96037287747524
0.748101986295089
0.816752716568772
0.813837442169166
0.946853399644138
0.872916547054927
0.936097756130714
0.95192217293285
0.889740075886484
0.838665917188386
0.837548797063011
0.85214809279083
0.896261278313962
0.959621624148349
0.886339500734681
0.996961166783663
0.976958261071369
0.833230937487598
0.917975554543315
1.02273486955781
1.01293461953854
0.901941831636609
0.893937009059954
0.722374959044562
0.96730933642065
0.891451674977297
1.09386151602083
1.00774918469924
1.01816188153602
0.976423884777142
0.934248425356172
0.867811512334805
0.84824287561497
0.795411992068304
0.932399426901754
0.87865393811338
0.957999058764716
0.79982878839233
1.05806969164175
0.923511678348176
0.911570661616935
1.08123856479628
0.855466778856968
0.919745206052957
0.938892678599272
0.886563343839841
0.900863522765196
1.01545991258152
0.957072199910272
0.942895929481204
0.911578551980443
0.95227554329138
0.857228622131527
0.985366203056343
1.00203252759112
0.921039151192856
1.05434017313082
1.01296525699962
0.833179907326098
1.06356383965236
0.880024885846881
0.861147789329447
0.836706594037308
0.932001466563626
1.03604712232788
1.03979222188441
0.959473451180968
1.12001675547047
1.11558983777098
1.03302598778788
1.04446914374196
0.985636530553738
0.919527218511958
