0.00270619774199989
-1.10224936361762
-1.02747438950161
-1.00054286216732
-1.00148442739151
-1.11296415517069
-0.901244763167543
-1.15023914399229
-0.883229792318271
-1.08895197902894
-0.968605631934643
-1.03822900302785
-0.906637020241734
-1.01733177519726
-0.986152500536849
-0.906821182983168
-0.947006828647347
-1.04046926654386
-0.942223028322656
-1.06119400532744
-0.923587521560151
-0.960781934195015
-1.01467588521163
-0.976417333174919
-0.928106935685267
-0.831439159397029
-0.860043340164107
-1.05338715419603
-0.847086276989846
-0.923441903101899
-0.924713852457015
-0.880632412175257
-1.04737911742011
-0.932696702589747
-0.825275115706633
-1.00998436441818
-0.99079216467435
-0.907959785563391
-1.08836572832402
-0.849484934804374
-0.967206285225321
-0.868712384071944
-0.868148426690544
-0.860723322659908
-0.963920474926672
-0.928075767358595
-0.82851160238942
-0.86731944600558
-0.976335864828613
-1.02511209999879
-0.946386420217306
-0.908827379084747
-0.914961809916565
-0.854116106168531
-0.949499339574539
-0.902502953496225
-0.911928995601394
-0.935712804271794
-0.72199634654678
-0.904182384448019
-0.888796325397022
-0.811437592541725
-0.852193452070127
-0.868693744079595
-0.834105856268855
-0.855244256137168
-1.01201776442188
-0.942935643901255
-0.970539323115914
-0.923808488164409
-0.781946362946303
-0.959145695899419
-0.942591045549465
-0.898002186684681
-0.924140638920523
-0.835379235586671
-0.866119953566802
-0.70501665040906
-0.859735692031062
-0.949918608990324
-0.827004389806867
-0.793036260948909
-0.870750153462174
-0.975625987399801
-0.955258193536155
-0.849318495995135
-0.842020270402908
-0.724037869223512
-0.946543688201793
-0.714464784618005
-0.911783387008135
-0.848944849216932
-0.849139025790448
-0.668951947854622
-0.753467079029401
-0.721523943298334
-0.853203036000748
-0.947420719404188
-0.99071498955915
-0.817771405351412
-0.747030175766291
-0.926008741323589
-0.737629231226545
-0.865729599629726
-0.666454505331255
-0.734896711389214
-0.7182835306056
-0.892431775645941
-0.721120481005998
-0.866998826128421
-0.842397786568472
-0.636162995460814
-0.764339829477087
-0.693899040219699
-0.667938355710889
-0.720667743387894
-0.683400920743824
-0.802418981230919
-0.785083402580972
-0.769078983246277
-0.8568634292012
-0.874444492648702
-0.743033675437193
-0.78889828687124
-0.888648741222431
-0.722808328185032
-0.515728315613141
-0.790353781003456
-0.612811671693773
-0.624453861965832
-0.782713936602639
-0.996994194195935
-0.80842922087329
-0.656528452284032
-0.637173800922627
-0.83664366650544
-0.642973800369631
-0.744243217107901
-0.730229541804273
-0.757552249409499
-0.773198699907063
-0.742246873665
-0.563208751860658
-0.71050991905767
-0.72149159006244
-0.742338198318106
-0.794755382173644
-0.73490517196431
-0.595544076157437
-0.753805491337566
-0.767336944999982
-0.72055361369883
-0.569025452652239
-0.589816563587309
-0.647228202616276
-0.714938266789367
-0.751410583438889
-0.662060905204661
-0.640713212006384
-0.631532100727877
-0.637357254972934
-0.719586705455651
-0.695504106724393
-0.633412693981275
-0.772026289683046
-0.6604915848984
-0.682979605643843
-0.687535660920632
-0.569817707553038
-0.416933118032077
-0.717359374553586
-0.59667915255131
-0.600936702106264
-0.602277682276715
-0.729160340429581
-0.688648332826568
-0.611385423262343
-0.656749586135072
-0.572493389699813
-0.802093022059774
-0.780189608765869
-0.630398125496549
-0.545275373609003
-0.653282616128622
-0.842875324206355
-0.411814077123755
-0.560575669080368
-0.556049978291137
-0.76838080601743
-0.69088104441717
-0.587371127616881
-0.555344567351579
-0.676509510259526
-0.627886217034391
-0.609974486647791
-0.530083744474623
-0.582916338209178
-0.511399528302229
-0.552533147162149
-0.753190812984424
-0.716507935982766
-0.461711378562706
-0.686068542109162
-0.588596378071057
-0.642473818225388
-0.639095966203805
-0.678489625948427
-0.615634825264557
-0.555527999033481
-0.576656395090538
-0.605675499233714
-0.711319381888583
-0.558308942004941
-0.507138742693447
-0.593712661861811
-0.46889874110856
-0.652577287889404
-0.775199863729702
-0.621992935554261
-0.401375109621552
-0.727479635267334
-0.600302866923019
-0.514722787575178
-0.645832528941347
-0.502416890552388
-0.602143668813492
-0.489111895253745
-0.447224965762175
-0.414385008518585
-0.561861853214307
-0.695398778635701
-0.425807240346472
-0.636907711758905
-0.551824855035808
-0.567805387903648
-0.597753308113764
-0.559192701115005
-0.631120110413823
-0.407774975726123
-0.437077981669478
-0.450205212706784
-0.680042720220092
-0.529791520489924
-0.588788426063201
-0.495639756225742
-0.554079661385129
-0.478534641650844
-0.512436553690098
-0.539625324315237
-0.657308401820834
-0.510142027486837
-0.639026304889717
-0.444870744928937
-0.47579249824769
-0.473538521947602
-0.471502941245338
-0.56792717853666
-0.65724881690867
-0.478354005835602
-0.434834161767244
-0.431860093905777
-0.485929678245675
-0.587363955758064
-0.38394697368869
-0.398885559755537
-0.398690749123261
-0.405570770163174
-0.357916199084318
-0.535168105670411
-0.445507973282423
-0.457285718545366
-0.43358317792667
-0.437686448366965
-0.400078277914861
-0.452436571139574
-0.400075234553803
-0.537428735791326
-0.568788248367931
-0.556701020836866
-0.580367872876189
-0.429893989228181
-0.568894331238863
-0.535890693279705
-0.559292556252771
-0.468059308236735
-0.444042660277157
-0.407383339632536
-0.394201620491515
-0.541801255747705
-0.449776415877634
-0.435760911374656
-0.355357143525925
-0.370275186211386
-0.395721134685646
-0.349013604582791
-0.517979267671493
-0.444229467281899
-0.506475334099779
-0.306692205946272
-0.350563774549356
-0.313550851092015
-0.45262503548713
-0.449456766164152
-0.450816680537086
-0.328767771319902
-0.376685620516583
-0.462002628159007
-0.332515809098445
-0.419624530812819
-0.407195161757416
-0.361870809163043
-0.481781053109516
-0.35455378908327
-0.461909527125184
-0.240955307855115
-0.258394392335502
-0.423416017455239
-0.354566005157014
-0.196057315805108
-0.408899781060891
-0.520527706784626
-0.258620974005412
-0.319207262438356
-0.43790357977087
-0.257598173480123
-0.320835728883211
-0.389096091660226
-0.442657600977003
-0.356841202868928
-0.383498841506591
-0.195069641255063
-0.410924258584173
-0.377514511148306
-0.0679348476189678
-0.375549272087394
-0.341447094796744
-0.23276097214613
-0.300501401346864
-0.409379100731943
-0.17856105270112
-0.217813916089384
-0.320818558040051
-0.251067825537745
-0.175134139424448
-0.184746913974404
-0.235167793485657
-0.337734413602114
-0.23164412241321
-0.204146424087809
-0.262128379997676
-0.164064700266
-0.390955433367332
-0.223453213211273
-0.238295839758097
-0.431996273539903
-0.259157646220602
-0.282805048054879
-0.335820124068001
-0.235373230206923
-0.248622960982247
-0.134068456861301
-0.240628250697833
-0.349171028444993
-0.337868617873097
-0.292892826869475
-0.358640743321994
-0.213873574725328
-0.26444376467047
-0.225219796171702
-0.195709340289111
-0.260511359640651
-0.344987556584713
-0.32173750269912
-0.318532360221648
-0.314456354351552
-0.323532171134011
-0.216459156329959
-0.202530186542695
-0.127188926396101
-0.198066876523454
-0.420589239548909
-0.352472831069221
-0.228441929242738
-0.243881655540892
-0.271733627300721
-0.140464850400631
-0.228207102046091
-0.221567395519464
-0.0323321520754111
-0.186065144864543
-0.279621186201943
-0.249517432802899
-0.307281706267955
-0.248252746533659
-0.334603787603588
-0.187938198767391
-0.214741411365436
-0.103796874570649
-0.177588598575922
-0.266472101530142
-0.234683975044058
-0.275649528309701
-0.32031269851375
-0.00896844598321156
-0.254866622096514
-0.30113077794534
-0.238300937256578
-0.201509695707607
-0.148855870463311
-0.126266655371399
-0.151380082345199
-0.22581796957472
0.0013361956864261
-0.268726936202124
-0.299020358138459
-0.186299420754674
-0.187459224509793
-0.145511147942512
-0.330408267032139
-0.170662834945024
-0.162396263732791
-0.10344228595821
0.0725425163354012
-0.115683109891803
-0.0323000517596938
-0.0665572291047807
-0.227819594185031
-0.125850514981532
-0.0730787318901884
-0.224114898480853
-0.191016271850172
-0.036624018085246
-0.232038542248385
-0.0404872793984921
-0.147496377863329
-0.236041943611332
-0.0487473966403139
-0.154818969761686
-0.15173308380943
-0.213576541290167
-0.14798642008181
0.00849688344051741
-0.249977821643015
-0.271061486880436
-0.076642943416743
-0.0815206414933881
-0.122197293067058
-0.0987656701791563
-0.153915100200027
-0.216253478766084
-0.148315007877409
-0.0445367641328879
-0.207630383820742
-0.154872077667129
-0.237505905666385
-0.0289947365065587
-0.185194422956327
-0.100691795425109
0.001776490599612
-0.212708501366768
-0.149173031579309
0.0528772863145759
-0.0755242984712821
-0.154021810116743
0.0359104021971901
0.00154009178651687
-0.167589335215415
-0.0767106199091016
0.0231582589889724
-0.0792349639286087
-0.0117985828742589
-0.000498475025161762
-0.00476392541096682
-0.0858014609445121
-0.123499015948775
-0.212708890847588
-0.0812185262005563
-0.0732856538380229
-0.0494793462523495
-0.0727533849056901
-0.0150984088025376
-0.0497221750811775
-0.0417798447083125
-0.00956280427233295
0.0139139513658051
-0.00233408574362568
-0.0813273463897684
0.0528206662208432
-0.0722367750463209
-0.0943592235431069
-0.0381105723793798
0.10183949760233
-0.0618938103071062
0.0886428374023105
-0.0564218281027988
-0.162911031938122
-0.0104963887724007
-0.190404387154233
0.0174459205501893
-0.0835169111854816
0.0646135317736191
-0.036143544297667
0.0674339566071235
0.0117480195795783
-0.0363571579121173
-0.115569060158101
0.112501443113893
-0.158366697823815
0.0450808064154371
0.0689984838338877
0.0684195624006827
0.00680159811694755
0.0253918121004506
-0.0189198692330141
-0.032261534334021
0.036441732074694
0.171104077279869
0.0347289871570806
-0.114621963598769
0.202230489641878
0.129267073638826
0.017767412477681
0.0242024198351015
-0.0399810516941156
0.158627742479068
0.201991704684431
0.0747426616196388
0.207443914947264
0.0463076880141613
0.0521093358781091
-0.0214211125787977
0.0764928562114163
0.0987610924230239
0.0638075638980986
-0.0155111733235448
0.108907331601652
0.192767123032085
-0.0941626852901843
-0.00212847138409327
0.102923437522212
0.0232857396951238
0.00228437873834473
0.132459449217533
0.0810352025153055
0.134594179443443
0.0383295505512253
-0.071771145026389
0.106275025907734
0.0383524201586117
0.0549267976034142
-0.0215228091035601
0.156439535903681
0.0580361133858422
0.0796720274879562
0.160336040580094
0.250465118679778
0.0979339788423717
0.0382863657263923
0.0319653725306413
-0.0267266591885276
0.0831995199061485
0.18489066204531
0.193107457589879
0.021806497549917
0.0448480044715292
0.147365762172425
-0.00844073833072167
0.106206338278375
0.114948868617507
0.0710901751853849
0.157719756584444
0.140559826103149
0.226893516190877
0.0656949108782393
0.157043253761438
0.189884640235419
0.1293490368004
0.0643932127961533
0.242043031231884
0.219292148957986
0.19209899862607
0.145612245402343
0.131543237106399
0.278032226813647
0.174184012076341
0.0883786566769051
0.15447429705244
0.100162103147533
0.093935196101543
0.126342241027393
0.0109172894232168
0.0782367688416686
0.21594249934133
0.129086598642425
0.163100328960303
0.0939015774794715
0.135659331276164
0.122539118582944
0.213616151684836
0.174243896924972
0.235318099499962
0.157797963809293
0.21767554751798
0.214663258893904
0.184944333298279
0.343085841271316
0.285603888043007
0.203577277918029
0.325682637591823
0.153733235006803
0.267836883683311
0.380256513512436
0.187892531023215
0.195898610450025
0.207295866938179
0.29589310105027
0.285503648407812
0.136962841358441
0.22389301131552
0.359349175448698
0.308870152190587
0.353320022532536
0.208037651099927
0.238404304097659
0.189619399133913
0.330841409992527
0.311447235234483
0.109145670435076
0.194504750989369
0.199575094022566
0.00844071739460335
0.161098495486129
0.19350048788815
0.204764407609633
0.108283915641764
0.271688976432534
0.20006292585097
0.232874272945603
0.343584582236646
0.368253795263848
0.237788424080004
0.224930030650641
0.266071006141601
0.237650485136254
0.463803719701182
0.338509285044897
0.372958660220546
0.26015225367732
0.184297507455196
0.328110646055746
0.191069356979449
0.190712802909289
0.425158002451529
0.270171389104451
0.4041536074034
0.212552870574668
0.319122475140172
0.248210980824513
0.453704733026832
0.380137327114831
0.297129669698297
0.402983956126017
0.252919308558113
0.436474411244408
0.297500643417067
0.242493007180656
0.449467783172176
0.364744924681509
0.218197433734128
0.386515252226144
0.367290912744102
0.253206680297235
0.166107812883523
0.356845873496208
0.345517746983016
0.371381105395804
0.487564364091053
0.448088372271964
0.472265860161541
0.366918436574935
0.224404601480448
0.336725909473103
0.337759973493824
0.439457012814981
0.387956936777985
0.205708694920311
0.386777288857079
0.233839924668457
0.493318582413011
0.482369244725753
0.309104541439327
0.419324616469741
0.376593338374718
0.485362607858912
0.2275441747575
0.537311640834964
0.415568852090234
0.324775515518061
0.455825740044913
0.423965123747054
0.46378597542581
0.269737150017669
0.503542451230589
0.475574321608555
0.405936874184138
0.369609482864792
0.639107307991154
0.353128881055434
0.380977722797105
0.606585803319445
0.453491405520013
0.587625163703918
0.588949135012403
0.464898043341902
0.346807199405542
0.493946883752063
0.35762846355758
0.391831821784073
0.424576833149132
0.421693158859998
0.461288240373289
0.406910318795171
0.333566763492128
0.390608865822394
0.358649806688743
0.566364092508072
0.580139752714493
0.445932038011689
0.362314942877834
0.386512882913822
0.521352074644446
0.377278506288395
0.578566778674864
0.392388132687342
0.51541891240609
0.616888221408136
0.381495307793552
0.443856436433507
0.413546394108921
0.459864740557737
0.51258844917296
0.430543693126191
0.572342872313817
0.41974697802058
0.450988413953331
0.468449835056411
0.55692091004388
0.562462803978776
0.543317827998382
0.552080381531633
0.528209939823344
0.455369185420425
0.508254439435909
0.61292178358604
0.462452935882218
0.530173228014209
0.414147028783492
0.568736879569913
0.537702513166718
0.613741897515607
0.480351229703786
0.648418733780001
0.58888821557381
0.315331931427607
0.450414681519971
0.542654576762089
0.424906599925664
0.404353771673583
0.491265078008455
0.534921451509202
0.620763047006157
0.544768646300348
0.351921582150086
0.544877576493189
0.456818609488734
0.525865360102708
0.580022551828763
0.437489675142439
0.31769269562326
0.552850567230271
0.523607093418652
0.563782099402818
0.655947953505188
0.564438371727779
0.456369600491836
0.574101444772963
0.562916416047989
0.619776638634285
0.595138283564895
0.685944739899976
0.545255918458246
0.637579498604305
0.547239651630409
0.597151337328388
0.532449214979217
0.607383337133362
0.559068665122459
0.569755550226555
0.541435421308814
0.520307426573095
0.588617320902605
0.693983926237761
0.650495996892163
0.431023537249848
0.491972505975177
0.634563648602653
0.543794175053951
0.746599911191288
0.641321130143612
0.590204053076644
0.672075595667391
0.509915949991671
0.609371206356614
0.602457284794775
0.68864766430953
0.517032505683794
0.617515566072096
0.591586939308956
0.666132130602914
0.70986371256288
0.789930440299134
0.737954696771022
0.720790708571203
0.556947468115468
0.623790500736554
0.547875637366738
0.600334507664042
0.622504680187215
0.745883926289473
0.647353326301068
0.711458801869083
0.569714755126843
0.611809764093401
0.582718752820135
0.579564969607184
0.696123200893962
0.749721952661893
0.761522371460876
0.674037805683124
0.720281309265187
0.635418855322469
0.757636982987256
0.716113173565474
0.749176283487865
0.652009757564451
0.76390573570607
0.69369850891179
0.81766053353286
0.634273742382757
0.695796231592119
0.666300767570151
0.702174654512276
0.834262096849048
0.853133422595925
0.825618192935327
0.846937353106517
0.689312441118233
0.80611419822228
0.842796189808769
0.700087049446316
0.768595596331036
0.614699221929846
0.695399165305016
0.643412330766143
0.67451010670523
0.671027087542158
0.684349290991419
0.736518892545529
0.930485551484763
0.721496243795068
0.644978265400772
0.713699246479859
0.755771981724896
0.780563973177927
0.590833937549225
0.691527016874741
0.899581848222607
0.641737996696075
0.742679227706907
0.834003291641247
0.72641233715295
0.637115479719259
0.840398364076988
0.749913342917783
0.768922316761182
0.853371479161713
0.719540634048276
0.769797976609437
0.712922516553054
0.823708082081003
0.669404494883376
0.675539848461473
0.806734861731684
0.627633815976649
0.739670531613476
0.738779285599597
0.909536274555657
0.733357220492862
0.68827044138508
0.845643820252406
0.724943714806434
0.733814497109604
0.738618608095974
0.81497478396851
0.642187080432257
0.752165735715615
0.902410636668307
1.05739176132763
0.865910067982488
0.833500278449271
0.604801801286577
0.875102505422035
0.829288004549494
0.706586544028091
0.755225974114462
0.845430143337358
0.826722307214023
0.822716087363486
0.85494466792451
0.750317628155608
0.902633753556579
0.872447790059044
0.89194993719089
0.864352538235203
0.821742407644758
0.819231885810614
0.773759470321657
0.843839035674154
0.682654990434416
0.930423171538418
0.931315089860409
0.773013605968785
0.835990516319611
0.756802446296457
0.828317159259652
0.74439087668618
0.927262221589026
0.818546996270003
0.986213531650307
0.798152032305584
0.69196444120873
0.903503503055535
0.962678240513074
0.882891665921815
0.743507286356343
0.919477220329654
1.01365249469651
0.969962018206166
0.901857422112453
0.791658910040161
0.932340580592974
0.781335914670615
0.831008480063252
0.980765130304884
0.925691625792637
0.784535298794291
0.960826929062123
0.882515911135274
0.963708175556665
0.926546822776219
0.909348303838225
0.805606407621953
1.02745718813827
0.914354409794572
1.02005553516216
0.888454380444324
0.890398446000649
0.892111490232956
1.18326264258795
0.866023615417477
0.983096882487977
0.943749727923774
0.998437538041524
0.954914736666368
0.925314670360733
1.12952732231964
0.88128665210027
0.849120921320478
1.02438478332334
0.898007707447445
0.950498406409593
0.958346873643466
1.02371389545442
0.894767846488637
1.02212146667532
1.0172848276898
0.975988683262801
0.94786600231511
0.978411882450481
0.99516950845935
0.938085037619251
1.03558545244987
1.08936462607685
1.01891990810838
1.07938166623124
1.09058472848855
1.05549240648896
0.96733253407104
0.93208638539852
0.965099170436603
0.998363405838063
