0.133765045302944
-0.956673863672179
-1.11515097751673
-1.11689595169534
-1.10590413648538
-1.0966477114094
-0.99951332895298
-0.980508650875038
-1.05610853908102
-1.07771898201735
-1.03155072842677
-0.96139028137027
-0.952077145996592
-0.794530587887068
-1.07808526452904
-0.884986335468603
-0.921726913231229
-1.0954822966741
-0.917029387992093
-0.9837110026217
-1.01716415914937
-0.940809799101986
-1.14155265340722
-0.987819015582884
-0.910880832347571
-0.918140143834858
-0.928798115647505
-0.916268595086303
-0.925713875578209
-0.993702270084827
-1.01634163780638
-0.840919267354436
-0.918349362029513
-0.980373576954396
-0.982101295700481
-0.913783736610636
-0.924611131950632
-0.912518520265297
-0.92683155203978
-0.937065077825299
-0.817033584546077
-1.02226893922597
-0.911876227446082
-0.943358272015308
-0.911658898496279
-0.832412490270866
-0.905218475461814
-1.00690339699055
-0.904644435230776
-0.829035417626587
-0.877154052041339
-0.864665913548204
-0.956670322542755
-0.988096590283153
-0.851114093708696
-0.967249006864523
-0.799151230081713
-0.942237663381278
-0.750015066366095
-0.720504606524801
-0.91069221410892
-1.04961849067773
-0.806453785600384
-0.803171962672262
-0.80612832890838
-0.923670548420626
-0.878168074038969
-0.995980940979879
-0.920776694844719
-0.79814489611926
-0.816969832643885
-0.925329349429454
-0.871456943119877
-0.874118384257464
-0.821265515654818
-0.705757609073175
-0.908431624254548
-0.993562134605831
-0.793725481578361
-0.870084808887198
-0.835487500571497
-0.845099482132394
-0.804755146614501
-0.892237841037414
-0.786084188892222
-0.814307352964301
-0.722215748941178
-0.681315113860759
-0.781649161530043
-0.836357849631709
-0.759790642852331
-0.647753437277516
-0.909067934184347
-0.858973050623739
-0.869008082291849
-0.855534664948373
-0.90666217799444
-0.778275706361048
-0.735859854343335
-0.726848992056644
-0.804166286386966
-0.656366010601661
-0.827074388082318
-0.763917335661879
-0.859930995731405
-0.849770828220922
-0.898005814567251
-0.724836591138982
-0.836600785232892
-0.76366352077423
-0.725807114850482
-0.787374595112403
-0.718635431668464
-0.823189937513169
-0.664302701577107
-0.843136489697867
-0.642576403277175
-0.894297150836721
-0.90634015815839
-0.84161373971046
-0.830309467249194
-0.645806553312019
-0.810343381192121
-0.847539424751459
-0.598409874128003
-0.852392146106306
-0.700278878057732
-0.892183221632251
-0.648584249879306
-0.760270347080789
-0.66457243087419
-0.74425656729856
-0.654505821394658
-0.712826523609571
-0.784421984908085
-0.591185912938078
-0.508274398607152
-0.597800864555363
-0.771920005922215
-0.780064038703157
-0.753797748045898
-0.849891401313037
-0.849137272273136
-0.635918065295255
-0.641659165690101
-0.626221549827251
-0.684441346132147
-0.723261006005915
-0.469302927479616
-0.742565943868209
-0.748317272692708
-0.854520455147388
-0.749826577745865
-0.811888900590103
-0.772948541379709
-0.813944836645922
-0.554080747820931
-0.533580855628784
-0.841609713664776
-0.69829865471456
-0.557137503556535
-0.66662085293859
-0.602967858831483
-0.75031298876056
-0.653484125766535
-0.725993260882203
-0.909698992205606
-0.466570503282798
-0.561084926282355
-0.732877290018822
-0.837981136935266
-0.714834602508065
-0.700229074082611
-0.628459933206061
-0.683439589688507
-0.601512096993587
-0.648684466052575
-0.639924882038026
-0.798437294957462
-0.586055220260175
-0.582778450907287
-0.594424577784812
-0.565872695730709
-0.618784062871654
-0.629264311479454
-0.622580755188936
-0.655086362576253
-0.758121538344773
-0.605328090714664
-0.571742309055189
-0.696970403188415
-0.601684239154688
-0.743266023061034
-0.663814487662055
-0.747571315737473
-0.603179655674291
-0.73129811670545
-0.61028327051465
-0.756324500765994
-0.719556001717894
-0.615700960937661
-0.642325421745465
-0.588161726443214
-0.548615266519843
-0.491378236165819
-0.457431927773657
-0.8395981260559
-0.738012998922763
-0.547960853692792
-0.766171331513378
-0.630616984190131
-0.707607647342301
-0.622605359142897
-0.474301352233691
-0.750803798220611
-0.656866661790747
-0.557563517578582
-0.485925102472766
-0.657560998995077
-0.420261846711912
-0.390737138599045
-0.596896576867098
-0.69964815230294
-0.497513701291079
-0.639817126115891
-0.557084124735249
-0.573697726388022
-0.53272649015259
-0.48048605468114
-0.614385831141962
-0.618104797342978
-0.410413668004961
-0.662289707003207
-0.485808046860313
-0.503004353870289
-0.426230923369335
-0.483516348713402
-0.410920633987122
-0.562482483447027
-0.433121291360603
-0.512421540501138
-0.591148265355332
-0.514126756950262
-0.410436451279619
-0.496283383295488
-0.262518626866934
-0.474621827691229
-0.587020149929339
-0.52966691256786
-0.580736389019419
-0.503645001495422
-0.45372093319719
-0.425134252670557
-0.605882656630064
-0.623700516823055
-0.472553613296918
-0.552891116120914
-0.423169816021088
-0.432267678113099
-0.501409603056105
-0.415232541717803
-0.598500616502921
-0.512553608467305
-0.412872318141527
-0.391647808788447
-0.396921484263526
-0.457391322800983
-0.575096899118558
-0.393334769079667
-0.545488326502005
-0.553691856535994
-0.474840192246576
-0.460379246350815
-0.368275644055313
-0.506795174140868
-0.442059742570411
-0.571850890533096
-0.536839573097223
-0.371948020005096
-0.41266147320909
-0.517247086113092
-0.342432468193788
-0.482911003731797
-0.513692018009808
-0.580525332789385
-0.414623464723303
-0.479849172044933
-0.550805635780538
-0.365606616172717
-0.466183499279429
-0.370728253059582
-0.322800385190961
-0.368868941176048
-0.369059588042791
-0.350396404782788
-0.380665527224417
-0.414848519336565
-0.365873019419306
-0.278730588436992
-0.345539671818183
-0.415020702239007
-0.415280963706538
-0.311836579967921
-0.382193343696292
-0.348965060033621
-0.380291747315292
-0.234301287490063
-0.467875977604123
-0.221680701748262
-0.438468328982026
-0.424142688531355
-0.18069128697663
-0.322953901278323
-0.40384861984394
-0.451057259255041
-0.438977250231851
-0.519127097326675
-0.448323607778929
-0.393834263799711
-0.253643347496808
-0.342526542297178
-0.43052854712204
-0.31131178088626
-0.443201040883429
-0.473527110289428
-0.453800146518649
-0.416585816535307
-0.282877493744042
-0.55189126769596
-0.214716281160603
-0.399170061546092
-0.339524555925349
-0.2342807166934
-0.290620925305067
-0.328679484695912
-0.385709435627703
-0.284126068858016
-0.217803116754258
-0.463618740170054
-0.3231062865296
-0.424846644223661
-0.377021242355072
-0.240344100856434
-0.399533061927619
-0.413668031701722
-0.380856007438034
-0.287253986173841
-0.294792166932381
-0.290033182740311
-0.170909179198047
-0.38990125038568
-0.0842358876629097
-0.362483020454661
-0.232736313895738
-0.378131534236051
-0.398385587715457
-0.206133547819992
-0.308131463989995
-0.251905584466716
-0.11648438731279
-0.287990419484749
-0.340819173609744
-0.406364272297252
-0.218182301658209
-0.273384817466808
-0.267166740558884
-0.299259420730408
-0.322084752236749
-0.270477812121901
-0.249909521143762
-0.317706791037925
-0.182533441727031
-0.250078163659412
-0.143981344306626
-0.277235740143918
-0.270441838747643
-0.119167439090226
-0.383278198289175
-0.30450850802891
-0.189844873659869
-0.130287520965504
-0.318926856652613
-0.267122524541675
-0.223547003054579
-0.272200900826575
-0.258502532133268
-0.286420424450637
-0.299430176369476
-0.188856239599329
-0.254451437919
-0.205919967954269
-0.314476399147609
-0.359610148063792
-0.244499283045303
-0.193631285490687
-0.25376271069988
-0.194238209566405
-0.239900849861409
-0.0789083816049705
-0.256739158330082
-0.176730802338382
-0.197778260718464
-0.121031484948448
-0.140114113692941
-0.13231652013127
-0.214585912491943
-0.260493646352392
-0.249850986702311
-0.077039230020028
-0.182509735746635
-0.165638379425027
-0.135910710326303
-0.104806042870149
-0.238095732065539
-0.270721666925753
-0.193357435592333
-0.216737460196032
-0.0771544307402107
-0.180966937597643
-0.207804650492556
-0.0791235029060108
-0.0748657734361236
-0.165912252753024
-0.0880506728754259
-0.171446941391345
-0.0839424975038534
-0.122055190357948
-0.187262029239454
-0.255542966576018
-0.130322870171494
-0.103921020749726
-0.102425620040277
-0.0617606833499124
-0.136488175513548
-0.0930305307764059
-0.0704943654644792
-0.145893536915754
-0.251122996314727
-0.244559653571171
-0.21973839465218
-0.200047807375896
-0.0194193403240171
-0.0254825664960381
-0.0557563656438906
-0.114423034707772
-0.0993663523646
-0.216004963848953
-0.0895669764225615
-0.206823898923734
-0.134731843084353
0.0967371379795526
-0.185348129795811
0.0412199372463228
-0.157083044657576
-0.160503451869598
-0.0368491083263406
-0.149188576483721
-0.219776525499845
-0.0536692695121531
-0.191277250620861
-0.0697614074066294
-0.131266732468442
-0.0610265508199712
-0.00995592097311725
-0.138443953003496
-0.118932956174833
-0.127167534929863
-0.0987364133454892
-0.103306230796649
-0.108541306406078
-0.0176806673364622
-0.112346335053907
0.0394286051876658
0.127929783149499
0.0586447992939306
-0.0132864751971717
-0.0770864036926512
-0.124154214696696
0.0524877564809079
0.00155191696239857
-0.0986586642600705
-0.0469565820705857
-0.0259279036080906
-0.0317370715575216
-0.10639869756238
-0.0511115264119509
-0.192801771511514
0.0367538578114257
-0.0613705676637096
0.0896955257089293
-0.137581626450524
-0.00086738368204638
0.0514909020320009
-0.0834619312148568
-0.146056322190032
0.139700667877467
0.0566064455318327
-0.0253771281413593
0.00573753346264712
-0.0459542099487957
0.118742647196506
0.044790525440532
0.0328483940502197
0.0760041924903706
0.122197550850939
-0.0133004327683849
-0.010964063522923
0.120184918044118
0.0416459612766888
0.0457838025351496
0.154792213736409
0.0585213473349348
0.111856031066634
0.0576113966785741
0.079375217129127
0.0484720735203796
-0.086417743471157
-0.0452088487355457
-0.0543230260822756
-0.100768323744409
0.0803742792662156
0.13987369946622
-0.178992154613354
-0.043196639748588
-0.0629023822173135
0.0382616274550139
-0.0612447751505021
-0.109784412275384
0.0160577247694633
0.0561791477176889
-0.0113968426538303
0.0235399408576297
-0.119341512041141
0.123103948299587
0.118598032315169
-0.00797278904660379
0.102772225002644
0.0733738878186623
0.102539051444967
-0.0340842587577734
0.0340619695196592
-0.0728589533863813
0.186212087663601
0.0381206685037502
0.144766916310913
0.140017590327748
0.101904957866017
-0.0113022805686361
0.0838670606587251
0.151468767875327
0.047366149352638
0.00922034900310292
0.121953237841725
0.178388114335029
0.186451451877047
-0.112283928908366
-0.0371234872452597
0.107799085283453
0.304454445452163
0.149699989066744
0.177485929346315
0.107368643357245
0.0568999882041687
0.0205397341613391
0.367008722515558
0.134681890082732
0.244220959634439
0.162130376794525
0.240136845563457
0.235190708385107
0.242175563285531
0.100271770196501
0.119274658141672
0.124671639252921
0.06955065496087
0.118271758121346
0.170699020155788
0.228672782664641
0.126745722223009
0.0774010831988547
0.194528757206516
0.232005420318325
0.0939374748685836
0.165755852416334
0.135148307561963
0.189475744432417
0.229032639914753
0.0219714082427195
0.154865256191403
0.144433049149037
0.0961664190567877
0.0920685780102796
0.204316736429464
0.373797356464316
0.0850259835418774
0.226821049944394
0.187506783079635
0.211917381963375
0.193904920713312
0.21509052226046
0.262746357214975
0.241631544131961
0.35084228626652
0.174552690529527
0.331296811147169
0.290237714432009
0.113580263080039
0.259104326459026
0.309778393305958
0.166796003477157
0.0261762019359545
0.148914687493647
0.202634802826474
0.265029070889893
0.317799452746231
0.242936339755497
0.166400771607032
0.134169124919424
0.211931880244026
0.174940460988521
0.194922359253174
0.27899823415666
0.152084970806277
0.284032285832306
0.238764234152486
0.245288442869639
0.273736088688612
0.207180917496619
0.223704429207302
0.267181099342493
0.132620381572548
0.357378521095159
0.251348594090593
0.250075326611675
0.245110835471877
0.42991339744845
0.319203838920078
0.194470922016428
0.241884124593681
0.329583021838899
0.408046643287871
0.293481045151181
0.278297811493164
0.468088703117536
0.409471085664027
0.241993363136477
0.330822963355614
0.263570295693799
0.191229446134411
0.326449985295734
0.321406624246927
0.407689447001833
0.383240962964256
0.23802737296211
0.2673351664015
0.368721556094403
0.246730945612922
0.336990701611969
0.383039270091006
0.27230068098265
0.238346848691234
0.217846104192507
0.433976893744127
0.25794844334112
0.270035149764482
0.282829484026377
0.319621483934714
0.227549060827437
0.397320686172238
0.270257112549951
0.299914031767932
0.324063941264879
0.359810183016879
0.40297981042016
0.350671182083877
0.238711826151495
0.410221348684051
0.283704863523381
0.249197968851894
0.418313817363798
0.182162297705521
0.401115353484056
0.431063853570773
0.30360125938577
0.421491554541618
0.398232523528817
0.505202165435604
0.41500689462762
0.345562688239987
0.399892258367235
0.415719072235521
0.527674818983405
0.320009987446742
0.462495186339358
0.327183615753373
0.319000057878766
0.420305705227375
0.303864711450342
0.428275448058994
0.359840374182074
0.370684167598057
0.379270885927695
0.557906724202562
0.313361132115699
0.482640547722507
0.389337014748821
0.3429042507332
0.393254865499943
0.4428204343139
0.298684690019037
0.514637951813269
0.384484680323577
0.358448396646591
0.308894533122275
0.379110955437665
0.449221202863706
0.578690040447163
0.458056040153878
0.453946422193036
0.450522019215369
0.28460330419428
0.504746901526339
0.532762239380829
0.37442301937689
0.205035228670365
0.606951771134863
0.313349529619799
0.442953057444787
0.510016844165363
0.438166584330964
0.419023400638608
0.378126298713609
0.316215388328832
0.619967237686468
0.428375392646631
0.431225321938459
0.397500366698607
0.345639005589691
0.258659409837407
0.436231962659159
0.387014375669333
0.350756129051781
0.452320632105243
0.503583210721545
0.422343264382654
0.361156080081103
0.660517729437698
0.395780065847079
0.366921336590527
0.447196662491349
0.563425780523192
0.509900108241575
0.503637943242661
0.655027787911493
0.4784511909493
0.515666556376717
0.5385099220506
0.598739777709413
0.631796960428761
0.583749304086865
0.552068633712724
0.555658725498881
0.448646064793867
0.460491158574837
0.584755606747956
0.426308723764473
0.471816820131719
0.48767874784688
0.46764810570385
0.563983652103862
0.471189923054684
0.587988717935142
0.660242939400273
0.554537995147581
0.583870336094989
0.474599047928832
0.554056164387064
0.478240732238796
0.432980131525191
0.612924645926426
0.537809516601376
0.600360437462645
0.539047824571209
0.487551728823528
0.58463464871462
0.58614209476277
0.471884762959373
0.666665214711666
0.430183080595292
0.619577578846145
0.735737286060679
0.61265741013869
0.648344813544836
0.57694720097788
0.708890369046633
0.542687343353352
0.672217694276031
0.597390735352811
0.674010343670861
0.53361696465349
0.669738539841387
0.592082484005015
0.565372204915839
0.676825630235912
0.575367023216263
0.737905705663766
0.729790845774491
0.626729309205607
0.503043433155405
0.559068494045446
0.665734608349562
0.550348614903655
0.548157624124243
0.597865319786081
0.730524496831575
0.574512120659139
0.55254656076115
0.697790150872056
0.801885007214327
0.519092104082029
0.645576674623936
0.547509908977388
0.641830209184911
0.622190991389673
0.73086166918601
0.563845481067624
0.604075089247872
0.67409426101797
0.588379049534284
0.550015446359631
0.6787147207952
0.591391231357309
0.612422324292498
0.811599981155654
0.844593616810815
0.780186746349437
0.624682378624773
0.575435538465048
0.705796117609309
0.763220195203977
0.656371833681808
0.596121944590432
0.585444664670424
0.848395679380625
0.778203734998924
0.674798645985492
0.643201315019207
0.608508185961776
0.681364493154079
0.819272700025881
0.769619446154071
0.763545039967486
0.791019431445033
0.752246141000571
0.788987864109616
0.816518887567538
0.731820346239097
0.834056212523296
0.702426699255274
0.837160339220506
0.628666755329597
0.74786748597184
0.606297472426997
0.661105498756713
0.745576276946492
0.829737456189865
0.729495746924378
0.802178194818713
0.77635505519105
0.668286836677347
0.690123451525845
0.635790576368837
0.812764699759676
0.653863999105228
0.658581412670299
0.832177084772325
0.694400467243088
0.584383123575804
0.583730788798018
0.654165096964958
0.773725796505407
0.611408688404354
0.715774699228325
0.77104930507804
0.667797159932055
0.843782408515305
0.790312526780667
0.875758159325354
0.882779884144005
0.796120219445793
0.728320878786781
0.842777672292529
0.732568363963072
0.772395346866883
0.825508922448526
0.807918114502867
0.893569058063039
0.653334910365904
0.701352648025716
1.00246499150972
0.932117416885184
0.693903970903574
0.781277526325808
0.771066134654324
0.876020672676638
0.845337110524485
0.886652690581003
0.878108498256743
0.750628254375017
0.66199042524685
0.78099817503317
0.759350326978734
0.663293692079816
0.702395370076571
0.806490922640251
0.913597226502299
1.00707324029968
0.805352255077584
0.913645763332744
1.00385993567147
0.813840517530344
0.860705136926526
0.912902877060148
0.76553152227116
0.87995016769528
0.825118313182309
0.896346016557842
0.83582663328927
0.708038324105555
0.806926381398029
0.957996918648305
0.76777300566698
0.9405300999626
0.729587477204599
0.97720985185702
0.793876486047861
0.913720680423541
0.886816308259689
0.803866733394661
0.816291066279779
0.754485446106381
0.844730501052005
0.8112886564085
0.825217529252429
0.814828245998601
0.80517732638992
0.857788831432006
0.996816598952903
0.966913934103831
0.88357880781359
0.95832673358863
0.856776619149872
0.827217588413585
0.825441901946868
1.04535780380903
0.90538398382464
0.761465110629301
0.886472902866444
0.981527916260177
1.00826357762821
0.87988329179224
0.941719646987962
0.76541566757341
0.936363956440794
1.00613065494127
0.951061498946278
1.01953419619667
0.864123414428315
0.921028924072853
0.874851359537707
0.952024039006601
0.981525038631884
0.840301352250486
1.17921146984741
0.99210228728383
0.843613914418754
0.968666923773417
0.912191297006683
0.990864760111623
0.891217712996867
0.91703343996189
0.996400282837697
1.029801605913
0.921223985204132
0.970838392977662
0.896697183372503
0.981816073978313
1.0273696051863
1.00480417462191
1.00060729274321
1.02429378368572
0.942609007112267
0.950738035509223
0.898787224236681
0.908442030697416
0.874664099166686
0.947612183472409
0.887071789080546
0.880159968801791
0.979774655689784
1.05478525105387
