0.163537631712804
-1.01345147413173
-0.995921074881213
-0.907342634452275
-0.861148656263102
-0.808447100734338
-0.907656800100157
-1.01557690196757
-1.01248196904538
-0.979106733861088
-1.07904795699161
-1.09927564811058
-0.911982668517914
-1.01166558411892
-1.08054291718721
-0.962805064492667
-0.906772655160374
-0.879062210965536
-0.960698108573404
-1.08552010502832
-1.00113472050288
-0.97273996069303
-0.944406745010791
-0.891525647723322
-0.997867304488936
-1.07900911846188
-0.992155990765999
-0.970979418289075
-0.882027137771171
-0.997913679808214
-0.876217034366464
-0.986670457360461
-0.786303605490392
-0.942509756360398
-1.1081591058435
-0.930993109963821
-0.924902638313916
-0.863425522296126
-1.00600441716614
-0.914218799423959
-0.936335686896629
-0.898817925217305
-0.810113013626349
-0.90543207432481
-0.915111598848824
-0.956660932008455
-0.990484948996102
-0.943551468439995
-0.959216325401037
-0.981933574207661
-0.927144342562926
-0.828928769253516
-0.76550034122608
-0.922623178475453
-0.864677632372831
-1.02056388083427
-0.933469851966757
-1.04037430880533
-0.955018379126497
-1.0383204449411
-0.948655381599761
-0.970140822470445
-0.951454820593937
-0.945775781273919
-0.888164591283802
-0.929287287829963
-0.910821980321254
-0.888468832883894
-0.945948974150676
-0.897563752700661
-0.856183462367296
-0.892217690976607
-0.974110059251549
-0.808197837205908
-0.964195053448006
-0.878508127834016
-0.703151806394204
-0.810442381949167
-0.787593900381761
-0.91029940544657
-0.859684159716393
-0.83123613387732
-0.759678370436863
-0.720120174997753
-0.809715460992058
-0.869197481641422
-0.830099200389471
-0.861925401927061
-0.861049166084429
-0.896040783616181
-0.867299185924783
-0.847355644852806
-0.783716688776968
-0.920324891489131
-0.833206752822837
-0.69582370017456
-0.882664523696719
-0.807858207617966
-0.707067101608976
-0.826567275117907
-0.754523503574174
-0.910392459934263
-0.800521953963721
-0.773423189621064
-0.77660617254697
-0.726806947133151
-0.80580867288243
-0.692711846787946
-0.717556964577533
-0.715806262549293
-0.801367879680009
-0.821044787506194
-0.869804851564815
-0.72029184798826
-0.748695280571586
-0.964086032738592
-0.722735232214321
-0.77626053629237
-0.772107659575885
-0.885986706030898
-0.824737386047221
-0.685478172029147
-0.751101568423445
-0.63832951869532
-0.793760028693875
-0.628770872688674
-0.762789734717038
-0.791298037074956
-0.845305289940338
-0.743671528035604
-0.78411049143652
-0.749752223620035
-0.74891466758504
-0.772016691128859
-0.722502969663081
-0.678476351393566
-0.812958450398571
-0.687435185725191
-0.695174339030137
-0.662100931237587
-0.77860691868405
-0.654406187438381
-0.569192497725433
-0.631389845767187
-0.804372499469932
-0.60052952940259
-0.790829988915899
-0.659233669772595
-0.789423269397919
-0.692265280888186
-0.630712333097518
-0.690809625569243
-0.780119261054967
-0.699136107483618
-0.662118353239994
-0.671643164010305
-0.64461658709435
-0.635748277197653
-0.545492554093967
-0.620253980327578
-0.513849772015393
-0.924140194025464
-0.785147241333038
-0.695204988540198
-0.596814981489633
-0.572116086573085
-0.724524393929179
-0.68028243564434
-0.567850420383697
-0.544877556854329
-0.716303511831586
-0.847383107371362
-0.723438262401559
-0.696028458484129
-0.818202811260113
-0.672603119589619
-0.656047949865457
-0.674704809304775
-0.619793688020858
-0.782385182394589
-0.750333204120374
-0.747585736229926
-0.673792991531983
-0.568477950127247
-0.578238965392686
-0.535468363575081
-0.523213499017503
-0.67082562341195
-0.637562921376932
-0.739685633331848
-0.580441217285321
-0.656323602567256
-0.575465819984502
-0.616603740481524
-0.674841976645
-0.650474059304272
-0.646915645797617
-0.673225895639529
-0.560573314698339
-0.75337546946541
-0.480834143061333
-0.577874774901575
-0.54490629069893
-0.694179325900997
-0.661183303157721
-0.644359042060577
-0.563026849994702
-0.599149114815771
-0.702379754946759
-0.598412124640169
-0.525410709235443
-0.586838230032544
-0.588938032202571
-0.716934901343011
-0.557861154137171
-0.676169419073583
-0.58982624479912
-0.467706133466859
-0.394191128661208
-0.652469917129035
-0.489217747473584
-0.545181946008142
-0.608131319169201
-0.42904368677516
-0.417580334761633
-0.509200522213272
-0.587601029247896
-0.549742777477555
-0.627184570797374
-0.576618714316301
-0.318542789468188
-0.537744578709084
-0.565060688025215
-0.582520806703787
-0.648126016754771
-0.409446047292822
-0.507928465822053
-0.548715835989666
-0.470773683352407
-0.567320912592562
-0.48391385918175
-0.488813113069506
-0.594610379548716
-0.570160526112307
-0.519981324423324
-0.419075720149888
-0.576629536216495
-0.484635344434527
-0.394255568753684
-0.473072798080869
-0.422470785197381
-0.469227470235195
-0.534119134577823
-0.443563632156623
-0.587615912022294
-0.741926105216288
-0.44781131040551
-0.455884886364898
-0.485459969033447
-0.489670735826125
-0.499523845187078
-0.593994517132038
-0.495794067008025
-0.497053782211837
-0.323726579478309
-0.348468976676851
-0.596511433135502
-0.595892861995607
-0.432457802484831
-0.499072525006282
-0.444635848907635
-0.325952677629914
-0.485406952685874
-0.452076177745886
-0.310422680628552
-0.48346983690083
-0.514258426316929
-0.425319761557864
-0.295197034597772
-0.327253718888253
-0.385265508152606
-0.396059164954424
-0.636907480057989
-0.240766650672613
-0.298270376996343
-0.466374629585954
-0.410756216585776
-0.435754660885927
-0.337104535561016
-0.42180369975395
-0.443201166231821
-0.436607633924515
-0.533541612115013
-0.413350041530857
-0.425898638462909
-0.494700544390104
-0.266317160509347
-0.320202648756482
-0.36249764647159
-0.394761794090331
-0.387979040903982
-0.508262576512827
-0.394575005509786
-0.404703000574852
-0.498120367665341
-0.34493537153482
-0.302567318686977
-0.37312894626311
-0.274729778831011
-0.321228814704599
-0.249308553340525
-0.298310101224345
-0.357295433572452
-0.315958847705531
-0.334167703842159
-0.468829958751892
-0.33066293289413
-0.268203702447091
-0.565552413709334
-0.373893384604947
-0.306568338944443
-0.248371606757673
-0.293124586483181
-0.510397881949754
-0.314150252515278
-0.382649319291148
-0.260627035445709
-0.385103716817065
-0.256357982253989
-0.317219830693026
-0.417507521322119
-0.199204905557435
-0.236090022319621
-0.222021471126803
-0.341395865923677
-0.282992850275567
-0.352687541707821
-0.334878309051182
-0.282916058671654
-0.242519221063052
-0.27176404170043
-0.328190099742291
-0.39792355053699
-0.259588815692186
-0.256496935758162
-0.281572011406664
-0.24474850379366
-0.195941494171406
-0.268118752562252
-0.283143393036646
-0.370862057932678
-0.181785404958286
-0.299702343702136
-0.329960782764478
-0.166644802275727
-0.258950231229748
-0.239516397213524
-0.221575016066689
-0.287051955615179
-0.278087838786749
-0.216938642171697
-0.262973435668765
-0.314719351067226
-0.320533136821556
-0.331915432589143
-0.219674852364012
-0.305513235068803
-0.302638547976663
-0.211962311207655
-0.408715143039727
-0.294298894910705
-0.363232152674963
-0.126095366722023
-0.319884877872656
-0.129446386113993
-0.286848721037387
-0.400714019849
-0.337267926079287
-0.163608188858153
-0.295773511463632
-0.188059469732629
-0.121526325339109
-0.377920723048852
-0.220776528647581
-0.278895935185956
0.0141580452625086
-0.291537645609976
-0.144655004188712
-0.272158394313809
-0.201459498193253
-0.15419320953033
-0.185340684623728
-0.118783579611649
-0.222503494401692
-0.0288349219598107
-0.102088960156591
-0.242015547926505
-0.215563177760282
-0.248735792125472
-0.244961796370914
-0.228145260018444
-0.411320139158717
-0.214538793488446
-0.151608786141373
-0.214082909983529
-0.213589908253341
-0.178752199501437
-0.167462739200459
-0.313184495568099
-0.218227273541888
-0.212582996071996
-0.0323344318496099
-0.17271153306548
-0.232882438455045
-0.00990777035603186
-0.24079799340459
-0.200324158301936
-0.260752946280787
-0.165228727458502
-0.409265078843353
-0.140724794944386
-0.0187938782825763
-0.181330182012134
-0.304727624078256
-0.264256195303328
-0.145055943615413
-0.114590018425617
-0.03873783655247
-0.229688854444937
-0.144806208921756
-0.0537284912829875
-0.254569097044472
-0.0325131193831939
-0.24973270630211
-0.160513304367149
-0.102526821403431
-0.0464271170982745
-0.143248833128332
-0.156158299688528
-0.12574978042464
-0.176061683085108
-0.0310960912454833
-0.181106058799576
-0.115065535811877
-0.118996986138597
-0.215017324052876
-0.205024251274882
-0.1420264196966
-0.130589192196619
-0.167114830099829
-0.158127032315295
-0.139232877983972
-0.216209455225816
0.0274746608945876
-0.0744384547039141
-0.0424778279101215
-0.0868259054500628
-0.0528624655040684
-0.149038017568305
-0.0835587988962715
-0.106287401912179
-0.0549594083433709
-0.0526765827555431
-0.10866704419609
-0.138789301264773
-0.105180950840802
0.00514947083800745
-0.0219687005506613
-0.129524484318417
-0.158160932662749
-0.18387603341539
-0.128633645218047
-0.0519402152889209
-0.100215866822008
-0.0305680408590012
-0.132071058897875
-0.0341564196003088
-0.0915201857111426
-0.115656685589486
-0.159122203481063
-0.146881599891637
-0.115610998391185
0.0414978218774717
-0.031617465893449
-0.0648382208352541
0.0934658655298908
0.0912350279295739
0.17286987742564
0.028340534379014
0.0864493871135634
-0.129092341392033
-0.160556472615788
-0.00134868648525511
-0.0942004822025381
-0.0392914390375612
0.0839054925991156
-0.182056117590351
-0.0705390167573397
0.0157721767843098
0.0173519301115462
-0.0411851495667986
0.187937065382819
0.0556517039934597
-0.114369779745426
-0.0740495642235696
-0.145895491782682
0.0810505074615461
0.139279667626943
0.0860296948145194
0.0481303752903031
0.0067838850761472
0.150290047450953
0.153308761232211
-0.162295130474514
-0.0682969776093793
-0.0372078262889894
0.0358968536687799
0.0904445843684531
-0.00272270016057172
0.0270875020457336
0.152315735060825
-0.0382990001860802
0.0244095158352695
-0.0763904534718563
0.00730291558639017
0.00907328158215677
0.0778781532062665
0.0214596806625775
0.113681195059111
0.0326505929408813
0.189074980269392
-0.0554249404028832
-0.15389709671982
0.144883484818107
0.199247768125402
0.0074337793825485
0.0355778039737311
-0.0890333104527392
0.0404094282775279
0.150358578606697
0.152290858776544
0.102491164841697
0.0248703174218615
0.187124819115199
0.0895826917212771
0.00796029371900595
-0.123285222908285
0.0283727695180462
0.153145925867401
-0.0225815997687144
0.150001749465016
0.116104094013753
0.0631468780033322
0.0522797909604554
0.00278596901468839
0.14251836713591
-0.0501138002220423
0.0529355454254666
0.0873251755370789
0.146678490020302
0.229848987639005
0.16253851552694
0.0399907825254811
0.113883242653133
0.23073567400643
0.140434982520555
-0.0661035396613122
0.269011932684263
0.147741110264844
-0.135832554756932
0.00572493618247975
0.196764235298056
0.00928241188651117
0.0637232313589858
0.120062094193828
0.151389727135465
0.224504531963689
0.243932962952577
0.258372738183755
0.00537011167926504
-0.0492431342741778
0.118987553608011
0.184164335829004
0.192939814296528
0.248873226478394
0.176196480788637
0.186121802949419
0.107189012311317
0.174089505082854
0.179010345366349
0.0525383772672597
0.147630920927907
0.332077389411968
0.255277618765206
0.181680757180848
0.237766241269218
0.125167099405068
0.214476839583996
0.221552224537232
0.275012468051229
0.0849537202964135
0.317010693269411
0.21660000962971
0.281290514495572
0.323832666216841
0.198192920765906
0.171342827339898
0.110637357543477
0.116221765110334
0.172031162546423
0.195220436078404
0.192092541922069
0.318672980699139
0.213228855378573
0.27641360905712
0.264767118592506
0.0913696327201751
0.201658360777098
0.268737165242669
0.291696795208358
0.42579439334234
0.225000539744422
0.238530977830979
0.234322605168548
0.23828654296825
0.251603663411395
0.329855215646468
0.261155575856088
0.260905843742696
0.182632462006212
0.211231831361572
0.276947166269364
0.192087426018123
0.245684915683309
0.395402209495623
0.156881012489299
0.364461221915839
0.236573887986709
0.183093347912541
0.301129092717029
0.235917879280172
0.384319538904338
0.239561541887884
0.375586338876545
0.123486698087531
0.279878123142239
0.345445941780514
0.419979856844315
0.336010839882551
0.374799461744351
0.305164788306214
0.273153116818912
0.301634183582971
0.403943782219061
0.486617442527765
0.20791723113876
0.45336005081056
0.340500831169257
0.276513590085191
0.263993241710319
0.133550388070761
0.453982356017753
0.467926241886651
0.325859534960822
0.318783528738353
0.28291930489561
0.382136285094958
0.368580383102876
0.336156954946039
0.368026720820609
0.270681709498706
0.237452821174186
0.357906780467434
0.34615324780379
0.373706714979634
0.469933785707129
0.296654829261513
0.314564405471659
0.297127982873873
0.541842310436016
0.385152062340961
0.353449247100851
0.255641943133885
0.32820211488577
0.402149997160051
0.338803151909567
0.406228395015292
0.247299529151347
0.322350759160365
0.398090283011308
0.421090878830277
0.162750199188077
0.230438595268567
0.452951205852894
0.379784995718607
0.270907424737369
0.343601336378567
0.335964525575444
0.363375311150976
0.381500663869792
0.43890885397442
0.312156761934218
0.43870368231148
0.350135313379826
0.44140566606605
0.435759676697201
0.433700084521819
0.374775470898891
0.476697691544106
0.365052642470808
0.552087136205963
0.360098019808671
0.337563318694823
0.362181212016479
0.40103808391096
0.454192174892598
0.392622381025603
0.425151075973029
0.47118736238974
0.419152564181914
0.498883605704725
0.652498701658125
0.388291660780844
0.490585037890512
0.533855187492759
0.475289748148069
0.340134770935337
0.364127207713032
0.50899652832227
0.449977860125079
0.474212454633353
0.401589082851654
0.525352811281178
0.484195780040656
0.571682613414838
0.363204963645626
0.409038191553865
0.381196278078164
0.392960330289894
0.47620035678739
0.464924221402186
0.444158376496886
0.501627143102034
0.381769187134802
0.380281190419888
0.509711471276569
0.552705724720906
0.490386655674104
0.567991759182033
0.523670332862562
0.480869050751247
0.528337925763839
0.617808906002856
0.552186536290695
0.612592515203557
0.413724845600971
0.548796793637956
0.472354249351997
0.53015483111692
0.573216798597527
0.587448404491075
0.476497582550676
0.731575867390789
0.564823813824366
0.437656495631663
0.496386441236854
0.538329836787152
0.561500363367826
0.4533678848207
0.558231594500571
0.487867143873815
0.610385193912532
0.545490162649326
0.57688188616078
0.500160047462331
0.486159504398697
0.484372567843959
0.532067560493756
0.678876318326823
0.619723981483765
0.627075896644716
0.604023898504284
0.614686607424699
0.538666096190828
0.662735388788724
0.620744961459131
0.556924154716116
0.568123512241978
0.489221556662428
0.583564161492842
0.595770242350205
0.69465145101546
0.671370323180129
0.63966334791524
0.574956407597041
0.527400096049661
0.608957272690405
0.554974622370282
0.51544767613655
0.626205730276909
0.590966751254102
0.607251273205215
0.458781919801501
0.554528789150428
0.687862734462708
0.759518881571138
0.604935211762742
0.716162929030587
0.823682788959361
0.648012161910662
0.56600579215988
0.670031606627828
0.623900903998659
0.547345102955595
0.524444476374942
0.60810488841109
0.672613976527806
0.553219680534321
0.590318093740409
0.725002709252428
0.571457367641716
0.657284601530052
0.711368941808125
0.677287352634532
0.661523670602539
0.599367054615036
0.725534877966369
0.629800978299743
0.558275216136904
0.664075110202751
0.696368088138764
0.835743158359525
0.767839061399438
0.681601392338008
0.679583070226069
0.604717666879393
0.826672497354354
0.713602885114664
0.709814946782531
0.529818236228413
0.673671604415725
0.707806626875329
0.685906182230111
0.690023207150096
0.853990078061742
0.786826845162828
0.730278543886236
0.867306885346233
0.537302597535858
0.524687695252179
0.786760823352365
0.807893289765187
0.791339076556588
0.77236263179194
0.735471674965821
0.580372208825588
0.75610913286751
0.75039136892057
0.69752498857065
0.79311540817613
0.733235321156902
0.748332870397709
0.727594944552496
0.725571166482637
0.811768389667315
0.732715204423559
0.762729730623985
0.674552522010225
0.683752673023055
0.744959846297134
0.699174806816216
0.683031983617351
0.979056557397589
0.696299816634181
0.819643859741549
0.774574764143697
0.692779829185888
0.785086679242424
0.722783344963934
0.836427652822787
0.756160518752986
0.752770648906908
0.721795419346798
1.01864035462365
0.649737848411308
0.722953011732663
0.615569852932842
0.681797093210629
0.854001099944651
0.662307139019474
0.762144481825746
0.682813897980212
0.743778695088424
0.93129262681163
0.761132975491847
0.90037045731457
0.779521483717077
0.688518795505321
0.698180711786715
0.615586503069471
0.899881634704327
0.938600423565865
0.789574000699113
0.945266262161604
0.831536127540597
0.789311856200176
0.841504080799046
0.621117892492004
0.663388954383354
0.891013009157019
0.952627729871167
0.901437508130609
0.773598809778834
0.631736672047285
0.874287918678576
0.79915832085517
1.01785324162125
0.76089840187604
0.84267179460029
0.841805902343631
0.828467513525544
0.892240869121569
1.00134308022607
0.915548060538905
0.946909576033004
0.681674795191056
0.916432001210922
0.93704596296352
0.837995856610869
0.946053527401981
0.804944745365685
0.839155695574901
0.803533786471995
0.80202666632634
0.815069583145552
0.829597664066428
0.73885517638595
0.93451860685919
0.97424314081193
0.832134767775567
0.874011712971642
0.819187831413765
0.82256527614208
0.842654072501734
0.94002420384075
0.904227462815376
1.02835979889856
1.01218453499987
0.81932821172137
0.884207077650498
0.991984840995686
0.969477446154139
0.931961589508499
0.861240828266266
0.796704566163591
0.896082145436803
0.86050741097403
0.898150551830853
0.980367733719532
1.02447486278279
1.14347546879995
0.911832967175939
0.884359021489486
0.955585946197611
0.962399695683945
0.839322585218371
1.1482055057336
0.904871383921024
0.957204594363271
1.02560953194754
0.910718540053243
0.908447522825054
0.931207607634473
0.920857084024366
0.831328248941709
0.918138882367449
0.969951765927837
1.00510617726923
0.847661424422989
1.06860209619997
0.966218030784091
1.04848355926665
1.03433484212885
1.01148384632667
0.941701885448303
0.792482407682012
0.939254383195989
0.911189071617416
0.953404164382312
0.984859589783421
1.00499613114694
1.0455082555858
0.951268255158686
1.01447119659879
0.912354467975566
0.89079361436768
0.968539522993814
0.929014960589651
0.923382317189242
1.29141164581939
0.969221572720731
