-0.0973543645886107
-0.779592465703269
-0.943269943521522
-0.974686366963369
-1.00613019061789
-1.01268719732991
-0.988204867247504
-0.949798140293917
-0.943229674889716
-1.11630836555081
-0.988176495102815
-0.76183650272149
-0.953024149874729
-0.932601457180751
-0.968461482617246
-0.957825320008329
-0.918120811214913
-1.01187698433996
-0.974499366009011
-1.01687325551877
-1.01746158626606
-0.836708884920418
-0.93268096068464
-0.898136843705968
-1.10748366691766
-1.04550830271172
-1.01831993047943
-0.981855261632903
-0.918451265850753
-0.952589366953865
-0.990739834514904
-1.06901694069219
-0.894751502959732
-0.959132724844741
-0.923791658710521
-0.990531481042898
-1.01391221893197
-0.902014995627339
-1.14359755066953
-0.987220284335502
-0.940593244742202
-1.03687150912017
-0.908105616812198
-0.982901469361282
-0.769391556236629
-0.857361842232471
-0.922080195414738
-0.926706879802277
-1.00462175489352
-1.0890242534922
-0.836284791818048
-0.773521852428647
-0.825320903419762
-0.89601951560028
-0.835583182970656
-0.837862677619829
-0.892898009222335
-0.889015773487743
-0.929921912486578
-0.77195254828888
-0.988925656872891
-0.846407723530396
-0.839294776254109
-0.780160565733894
-0.825439435335552
-0.857315531211922
-0.876812125497817
-0.963138931596763
-0.848463083193694
-0.898632174540399
-0.777512625586415
-0.84448612293998
-0.870749591802561
-0.896666248312633
-0.788925736319411
-0.796758013738512
-0.920411444219761
-0.88006018546466
-0.835505816653158
-0.810780555567561
-0.784883760812773
-0.963501803285522
-0.967531930173421
-0.924987477693557
-0.946917122174147
-0.813332909912544
-0.919362964829164
-0.818610266921518
-0.798116076843918
-0.753063085226475
-0.978384366215412
-0.909540050277585
-0.803043623030707
-0.883897751300998
-0.819134469571941
-0.753327325728585
-0.738629547622425
-0.776901902825493
-0.75476940848976
-0.852573167557225
-0.790341237488141
-0.709007876586551
-0.809111871775344
-0.830873666134272
-0.721781282712063
-0.924132068101827
-0.783484848834637
-0.612847818783472
-0.844186824454252
-0.88197668799203
-0.668813091416595
-0.690549992936587
-0.775349348602253
-0.816124896252335
-0.699742955067553
-0.686721583452657
-0.776563523029652
-0.615677934478972
-0.695034242451012
-0.822565070146968
-0.625940193178115
-0.700236466617723
-0.895290961985063
-0.761302728797255
-0.635325591244567
-0.867598395641864
-0.725523322295967
-0.884395512200841
-0.838303023198268
-0.834707551335169
-0.700809693848509
-0.647371936247517
-0.551576936053661
-0.770840370693189
-0.589492575446885
-0.791807663893329
-0.79935656746075
-0.673772483702221
-0.863339239096785
-0.640302316032567
-0.793012837529939
-0.761249937718922
-0.65198738757653
-0.632588579402655
-0.633143414051863
-0.60668682706875
-0.861828349804038
-0.573485082164605
-0.821389215116414
-0.77241605664753
-0.871249230825277
-0.711184652945432
-0.776913625297813
-0.710233015060628
-0.719729032237764
-0.668326285716959
-0.559533212444386
-0.658632423937535
-0.622507001405404
-0.687834492640776
-0.659474331403213
-0.577998106303941
-0.707762015475684
-0.589955025193895
-0.662079715956541
-0.648144946772979
-0.67812365509247
-0.650498071139792
-0.688045916945721
-0.575646447303635
-0.521730507344527
-0.581295208337213
-0.645171672523989
-0.541838035777309
-0.707897901977665
-0.47913467957957
-0.543595292952208
-0.650775395243495
-0.794630316755471
-0.756494675676087
-0.611436489649189
-0.575137619080132
-0.379449204645316
-0.617079497484895
-0.662905257164113
-0.583420214391921
-0.635255721592555
-0.57739538142444
-0.5549909170184
-0.74851080562332
-0.692654544107698
-0.522011923218082
-0.494099549281913
-0.502794988717628
-0.591883709960458
-0.617550685327419
-0.660215500701031
-0.529989835204819
-0.605677826255773
-0.558833093618161
-0.599057322499786
-0.6981630202343
-0.619264649946885
-0.609064599090725
-0.67753527464469
-0.532970153151003
-0.419410659311147
-0.724729342352057
-0.545870752439573
-0.619251773656265
-0.666594009436586
-0.630058321585524
-0.542134490688608
-0.619430133584341
-0.653912574941381
-0.504957234887874
-0.567169584206889
-0.567058722017976
-0.579030913873654
-0.590976005230315
-0.530592491336868
-0.518970822858769
-0.652295039961287
-0.70807347344653
-0.624275113041872
-0.534418504695665
-0.427126787976384
-0.531386318635866
-0.560276943667737
-0.633869255152659
-0.518515073055843
-0.467821383274233
-0.557782914627105
-0.636858571286893
-0.553683771795543
-0.57792720201401
-0.363323183456487
-0.560492242079029
-0.583746967091776
-0.586602710658889
-0.596956478807788
-0.519516970958328
-0.583728382299748
-0.477312120899924
-0.469650352996174
-0.600756886793957
-0.623385227225579
-0.491230212548277
-0.532416581537966
-0.579842394923033
-0.548390655365618
-0.571162140748684
-0.598693673531055
-0.444858212476115
-0.560030581976464
-0.459645042870233
-0.411695063810753
-0.280304703248556
-0.553010812072665
-0.425270875618349
-0.396957719776558
-0.483739471218259
-0.372869983901126
-0.551745610524702
-0.579286413716858
-0.412162843087418
-0.543779913658085
-0.429042071436567
-0.434274437812665
-0.399053167400906
-0.443581922128525
-0.555372949854228
-0.271130980736923
-0.395658408433842
-0.413625431455948
-0.488885833502737
-0.381919021963621
-0.418033338239977
-0.406454173769902
-0.431495543900154
-0.491356523334686
-0.485153781917741
-0.40606971308363
-0.37295272189024
-0.471400186560683
-0.400415511989795
-0.485074433955138
-0.434785330274823
-0.533909551484354
-0.483563906297043
-0.512923025318961
-0.243826082212509
-0.414819951940484
-0.349157894720953
-0.443410704336448
-0.367590452007516
-0.536384871839686
-0.415611015488671
-0.395931750776579
-0.349921981807789
-0.444972578127236
-0.33453976076372
-0.385687345955341
-0.304044225859293
-0.455899279050866
-0.338337689709622
-0.369779271746994
-0.413926141527764
-0.470622153943254
-0.371707730877811
-0.2679165398048
-0.30152828103026
-0.331386929699734
-0.381002781666206
-0.414711289433724
-0.322587466741576
-0.421915355462515
-0.411045720883393
-0.349987130839266
-0.351962347907791
-0.343006435591839
-0.389596727678927
-0.469033607458527
-0.341183784052644
-0.312689266826429
-0.37829603076619
-0.366829317732041
-0.289798506504664
-0.391518244551074
-0.356779937489893
-0.436099161791936
-0.355923109183088
-0.359045991353484
-0.277485147077172
-0.309255443861216
-0.378826595579561
-0.369097846828262
-0.384515129913704
-0.234773864553086
-0.236278592122125
-0.336164398055276
-0.286348450300351
-0.312634855280566
-0.351116086941734
-0.340095909725125
-0.395685538981786
-0.0934803352655389
-0.244042005501504
-0.18366563662604
-0.286143734608104
-0.3167302414164
-0.390667760195977
-0.347141995232285
-0.116695040514265
-0.248069129875972
-0.238493390164913
-0.487607610758459
-0.389091494274144
-0.194668511238798
-0.417668864434523
-0.441764681236443
-0.356676604116806
-0.227746956878311
-0.321478002997191
-0.200001221247856
-0.234118110844564
-0.284067962071445
-0.210471304431416
-0.35646055947494
-0.251771642171338
-0.10392910037258
-0.260694363111039
-0.185116697375051
-0.31457727185879
-0.0747062268971614
-0.272565719530394
-0.243406457702343
-0.214819063158112
-0.248970724341733
-0.35504938509518
-0.299569723478015
-0.196474824091513
-0.376139084898586
-0.166737470308715
-0.218858651269901
-0.276441774483666
-0.253262815189706
-0.127692439402161
-0.183756698366104
-0.304275133191691
-0.224169501395567
-0.151760912290493
-0.0578098378018042
-0.16101808063227
-0.229829835081678
-0.222924854992436
-0.189560606736069
-0.00449623725304736
-0.339137442964414
-0.248277301535148
-0.222824865299743
-0.261385791928412
-0.201921674361463
-0.101470879807625
-0.160837957749135
-0.169726719951978
-0.273965995287108
-0.351957467800156
-0.16377875406947
-0.135573840970195
-0.0574733496353124
-0.313362751139909
-0.122953367380815
-0.0231497185705276
-0.110568422594458
-0.248107948416271
-0.155456268306466
-0.14275853322128
-0.247770100828121
-0.114124945789828
-0.0547585517413256
-0.148476708476604
-0.21432179926087
-0.0282883944080299
-0.0663625995776262
-0.150077103326954
-0.24004689990357
-0.0818724296483844
-0.128961622021819
-0.132560889124912
-0.150039053857564
-0.211362134311383
-0.140121832122965
-0.137275259418853
-0.2329630770331
-0.0944868850342021
-0.0860291123162026
-0.229236505171479
-0.203147500541836
-0.185593884517782
-0.146028285499093
-0.139997711650569
-0.231975814423722
-0.243720556787339
-0.178871231635154
0.059079247415862
-0.163104463222012
-0.0528247243773727
-0.0731445098879999
-0.227212796720128
-0.14628501390051
-0.110319991193828
-0.0850414359892973
-0.220536157051335
-0.178331379029177
-0.106759918248005
0.0112536156873803
-0.0406733896540548
0.0489700945918975
-0.174624786692666
-0.165519562461539
-0.114607679284863
-0.0559668375076039
0.00525933857944314
-0.142413114972307
-0.019514747284699
0.0903575262410427
-0.038075018891662
-0.0800368842993658
-0.0628815535800641
-0.0676633879344126
-0.163214034487147
0.0372731650159588
-0.141488665349023
-0.075085809213254
-0.0374275527419657
-0.0263400704881914
0.0407748021863398
0.0111350027165021
-0.0620592577371004
-0.122310395428496
0.125354110312245
-0.0576114829040601
0.0132525394697073
0.0690674172538635
0.00773137846575768
-0.192874798420808
-0.116948337796015
0.115270407790729
0.0340990453178891
0.0650505210551502
-0.0459783974556189
-0.109154235214262
0.0721167770960173
0.0422699554828056
-0.0624049041507744
-0.0816922887556275
0.1313273402316
-0.0102338892110757
0.0805521610941428
-0.127916443522412
-0.179959718328048
-0.046759189433125
0.0605350394121019
0.109089938655125
-0.0286497904781997
-0.0197988641720328
-0.0984339447194045
0.0439458941328638
-0.0431617401826331
0.0590279156471855
-0.0557678827353612
0.0806781198359954
0.0517390987746492
0.144990155768998
-0.0358463306274165
-0.0411210569932577
-0.0278562327431547
0.10786114874586
0.0768699970560044
-0.0385186831261193
0.157839944833516
0.100607946560973
-0.0584899225869947
0.0384638167390343
-0.0690690922064566
0.0355020844802284
0.129110651123887
-0.0466009253979201
0.0733353241170335
0.105673130386808
0.109788666101332
0.111246808393816
-0.00508876620816873
0.125978690924024
0.0540505635402311
0.146960036884771
0.0231140967509568
0.291206270221982
0.0650450733380821
0.198248178455678
0.101583623308951
0.044373420323353
0.163940466818524
0.241520101055737
0.0543834180033689
0.082403533753795
0.232983353353188
-0.0173046612299689
-0.0648250550067567
0.150903327343372
0.101470170878754
0.177243937085377
0.113480753158519
0.152921232253061
0.0128312956371186
0.0657316405774422
-0.0722020191105301
0.193115805972128
0.159500085029973
0.0892627025659488
0.0811186763783261
0.190756477568205
0.0551893192116382
0.122699368691872
0.092999775706688
0.03439290992397
0.1086145218361
0.0989756489838343
0.204168693239311
0.246681679406709
0.124289561311769
0.236416398116182
0.00143805643749276
0.389942611067386
0.146682757792828
0.123400464825419
0.0378189215182062
0.146449687293053
0.0361208666235218
0.151883865844216
0.055937370596533
0.180019707339227
0.253029816655199
0.0733625387585329
0.123417259791662
0.201153768157683
0.329871406042369
0.150580792497044
0.0321589128802827
0.0100634502218884
0.314239601876308
0.169958762645112
0.0592241289221362
0.187214447585896
0.184378305469226
0.297742207700429
0.222113748151318
0.246525682740079
0.326997931062831
0.105582691571816
0.337388809630325
0.141681852082871
0.113662329426656
0.206027931480438
0.232267713015893
0.0313697886896201
0.225020687954032
0.316744092667585
0.0817764352214122
0.213761672471712
0.256995014001097
0.193351681129236
0.242646934142087
0.255036441815403
0.267387510669417
0.257930397081462
0.152606676999239
0.445885551125853
0.20148378932193
0.158482092658374
0.250421333460221
0.259155976517669
0.22408702525556
0.341278023742396
0.186283312823295
0.274441139926043
0.356484997650873
0.104813999610342
0.261744328445753
0.289186515963103
0.204566050966798
0.108335679891289
0.195789192133924
0.165613778287785
0.171556450533595
0.482709103195973
0.334158158292247
0.238507570456373
0.244989218129421
0.268152095129075
0.245033317327703
0.26001610089911
0.178477236904633
0.1049984562582
0.144305996584158
0.325683771186192
0.218221687899903
0.344416538389518
0.343975236649946
0.270860200012566
0.342715688543553
0.263393300645234
0.300128539176432
0.394874112581637
0.306772084630086
0.206331967085871
0.386117550710385
0.199811503623328
0.254289722662266
0.0834500440747741
0.360628162727613
0.255450454858066
0.32872874044302
0.197010251312472
0.429544659045571
0.226316065530197
0.301552281256942
0.314088617100272
0.366930471932121
0.296084502253204
0.232016606058887
0.329686865679563
0.286798023271777
0.352615129674665
0.306037029919207
0.658585448891186
0.283650445321925
0.322333569553312
0.342705324267653
0.302654293545057
0.452392724014444
0.449128336174471
0.38980531883119
0.340055627085266
0.257548933867364
0.504086726181026
0.298724332836462
0.343468457456521
0.385332002249416
0.467076513528073
0.439408755220214
0.398711501154589
0.324607588774413
0.351994969563803
0.410461827228269
0.503873602263455
0.393997830837587
0.38678540455801
0.484573462548507
0.548235152676549
0.33946155210953
0.359638117940844
0.351568356655677
0.493394119320824
0.455473699182915
0.383533079185519
0.473556139717858
0.47311864089318
0.453788884681686
0.333553668261456
0.329975896161161
0.434536864542262
0.390764536054917
0.267236846246787
0.29692180289241
0.476013943144403
0.386648104046112
0.477503133932303
0.498694446650515
0.59097894376403
0.495471430492235
0.479030003146505
0.363452930808967
0.368965575693586
0.622312833048093
0.376063832930691
0.320991345886362
0.488622509739346
0.514427223438498
0.331116779747539
0.601597341770044
0.589295326209483
0.519010010900382
0.45818688281289
0.432548624328976
0.40902931422749
0.435756526747297
0.611130961436339
0.577329278761434
0.502700114962086
0.586754538323203
0.491341662116368
0.448645855871774
0.52968492288053
0.420089405810887
0.609915843779908
0.527790383605798
0.511496971284046
0.588523715948656
0.477729379871004
0.486217445390306
0.543965172745546
0.427922550521962
0.323905186831064
0.529462790746186
0.542070486310418
0.605213438534442
0.446862162132001
0.525640432446504
0.753684396989516
0.556074687133172
0.358395279135417
0.582154567070372
0.540515926810689
0.375019106305905
0.554856363811896
0.642011081692288
0.547280437707391
0.419914525278874
0.520866187207233
0.521189978435296
0.500488249244024
0.540842848081506
0.844847453027114
0.533060485932238
0.506779339906958
0.648495536209113
0.647501106494129
0.661390648626283
0.534569259937565
0.518176235476187
0.619371153615649
0.631958393737375
0.562073255982022
0.560046717050952
0.5933821321229
0.548967149551978
0.590774904063015
0.755640163959375
0.576535234390092
0.51446479057344
0.601574485143863
0.588712038456596
0.576515439662148
0.535215184324693
0.551575726070221
0.569815562816403
0.578055874900149
0.559821942716146
0.510816017616629
0.58037161848133
0.66924365670334
0.674841673592109
0.505533959696189
0.668964901449939
0.684276231809133
0.607569313841298
0.473245489385367
0.629871958449979
0.672543428470833
0.549038376578247
0.591727746422907
0.764545940224253
0.552957976960099
0.741498555379416
0.673120028906801
0.653370732538404
0.514711424468409
0.558946627736348
0.446684580477427
0.440366446784604
0.549151943780544
0.424082596278047
0.545144819319783
0.591509993324449
0.718987981046227
0.535203445640442
0.58566293542847
0.59525340137754
0.620711869854346
0.592337751555072
0.662993813275011
0.700286351821361
0.651928445519236
0.704824663920453
0.708576741522282
0.679069903951682
0.717407301219564
0.572479488011462
0.722245922790191
0.819748693424698
0.62309627539293
0.611788680305208
0.866616038134575
0.706960916327136
0.622028472794379
0.7750226545719
0.557049403357228
0.611146509431933
0.678464997094421
0.738519776179744
0.815060825462497
0.683837209982211
0.69239324424888
0.805700857048171
0.699897523160879
0.72183607262528
0.793265011238824
0.610802549016401
0.568294173524654
0.673227964841261
0.834692513911872
0.681170201917235
0.725607571782716
0.71709547773423
0.670995348567151
0.613606053159788
0.661160437622836
0.783531989136155
0.805060137121393
0.847105768593426
0.782159953547412
0.673010405593375
0.724579650811182
0.676523050491818
0.787345461836016
0.865344192720495
0.922666005068546
0.611178248704364
0.840850088398848
0.719513548877426
0.819083534686526
0.709503497624352
0.601251623832322
0.764405351059362
0.750196366161967
0.84441390101191
0.910553020950141
0.681707618429178
0.793516366859087
0.837057650732909
0.800478852989416
0.710375388938875
0.853990240167539
0.826155278275167
0.69002954182621
0.797662387121183
0.753046044670964
0.837929979094371
0.767380151873578
0.945452758165114
0.861201261927598
0.991050818984577
0.801007040083947
0.696733623853003
0.750132945814119
0.853212906868037
0.852504802002215
0.832746472894238
0.744866403769789
0.781422089667162
0.836553787822154
0.795509193859501
0.818197436855355
0.903883460731022
0.834204396100238
0.932057562455056
0.734446233207708
0.861711912512743
0.809723593063331
0.762267078666169
0.748301902122195
0.817029953130931
0.917655259348702
0.723693388126414
0.864960447789705
0.90162968658523
0.770025577615881
0.872687034259844
0.903301061072937
0.861206107746035
0.887341419897302
0.919604157490956
0.911156903655466
0.885419846868348
1.11861998732123
0.922340912754336
0.757589599026119
0.73352459080045
0.854707325462839
0.832714781906769
0.92030563482336
0.964609277855972
0.996060240677182
1.14099232066484
0.844058129254639
0.95609402764855
0.854874917050407
1.11125220385376
0.878854094822729
0.836308992164574
0.885170071729491
0.966276615168365
0.838638480032516
0.999804947087266
0.888603120039413
0.94696069465063
0.777194907790495
1.0576255409131
0.921963151619142
0.801194183926476
0.791988810502326
1.01947913085107
0.82074060773519
0.899150531278658
1.11319014402611
0.881613653235654
0.849919595430612
1.17529284814912
0.866644239261731
1.0098940843577
1.02870699977531
0.878566851239287
0.968357976983962
0.942949741667124
0.82504219727111
0.95846902803291
1.03257553790029
0.985858917926008
1.09954096587434
0.880909287652766
1.10681965000274
0.956005054031385
0.907612656558325
1.10054638060671
1.00262784848829
0.783821577941494
0.85861001302424
0.971690995226411
1.01261919605305
1.16549373121096
0.853296578117568
0.987750001161704
0.993405494144559
0.896116894386633
1.01516543809288
0.944679811085435
1.00421781758531
0.83658597465245
1.06142716369888
