0.0921181485375147
-1.01892830594706
-0.979368599860589
-1.00261142046399
-0.985165403314128
-0.9606842816336
-1.000694487444
-0.982737743746652
-1.04777983786911
-1.03646976944743
-1.0340891961794
-0.966816365462815
-0.978396242953241
-1.06834858248518
-1.01678729730621
-1.01787926982541
-0.980615349534066
-0.94823819989755
-0.962073714847986
-0.902992685046136
-0.983631510524247
-0.917788698149726
-1.05820051287736
-0.915866366609677
-1.04165407924544
-0.982693566880712
-1.0533148860687
-1.02313971679187
-1.05187157767664
-0.970125393041635
-0.789801328053259
-0.913401752091391
-0.890729709698157
-0.984582640956103
-0.94986183661073
-0.912594932675061
-0.885429398539024
-0.81410982509341
-0.880949940285501
-1.08503053315869
-0.81117373328073
-1.05845318175648
-0.87060568130462
-0.762916453170668
-0.994509471458187
-1.03705097736181
-1.01480410084254
-0.939138311738168
-1.00658191372885
-0.935922070728688
-0.936875339729443
-0.864647919133761
-0.905550692446658
-0.795963731878679
-0.917322142224429
-0.826872014287714
-0.815086230301592
-0.956442307552186
-0.941729408286521
-0.814159792239779
-0.875024248829804
-1.05693272472958
-0.950644357099432
-0.766808023413004
-0.914729362751924
-0.782472706478796
-0.733769829147376
-0.921571868943278
-0.784707199774693
-0.821848086967933
-0.929205979033644
-0.953035688226889
-0.834393662192538
-0.812191780326927
-0.973993027939946
-0.882883066482237
-0.785245367690903
-0.863505596467078
-0.87958327802035
-0.822059119073773
-0.835868230733732
-0.796813618560322
-0.735390540912653
-0.773888652900431
-0.831025913210492
-0.864211036335399
-0.933620410963841
-0.74722373737538
-0.864494013074995
-0.788163068925955
-0.849009961455552
-0.731486272678702
-0.687758828172354
-0.818801912903319
-0.715258662553984
-0.728562245609688
-0.683949512803634
-0.725046608958723
-0.926119393415375
-0.819374674946375
-0.762469496771461
-0.733051826997762
-0.848581814547508
-0.766415860512914
-0.861950135052599
-0.643938918740227
-0.747630813988537
-0.820471322574194
-0.957552871575592
-0.920484254253762
-0.67645122327243
-0.814641183193624
-0.745296725139205
-0.880565484268902
-0.586924430973949
-0.824637702652937
-0.61221314376489
-0.790419298097266
-0.752841818951543
-0.722815962055302
-0.851961654289658
-0.642902988518387
-0.706984295450019
-0.67373431142378
-0.652324263054087
-0.864610436991382
-0.741063465093074
-0.704594844253814
-0.77483123473742
-0.613434427043188
-0.634026340036622
-0.652897495088493
-0.749106394686673
-0.718022219574569
-0.784145361038287
-0.695570411006933
-0.574363845530213
-0.815588757145223
-0.591886205989043
-0.720066218432234
-0.670912156545888
-0.794576963171862
-0.599114559992296
-0.645147431850281
-0.693031264218696
-0.842985413152017
-0.624820372274187
-0.767594713805012
-0.607695445228246
-0.726662599285854
-0.61863918460922
-0.661618358021001
-0.647163353226586
-0.745779911139348
-0.70987283563989
-0.694349078176515
-0.626259730919813
-0.606813926158724
-0.767855208982856
-0.619440543266251
-0.664188300021155
-0.669946421850327
-0.60063938487095
-0.814646132556165
-0.583395687690701
-0.591969841070784
-0.519789257197061
-0.658132574026083
-0.700524762261358
-0.547395616403441
-0.760426643737052
-0.726176127857291
-0.717961525660191
-0.672190566629436
-0.627088011247352
-0.655126661614213
-0.569389674616582
-0.68986048637981
-0.560557092032744
-0.744041787157814
-0.589005328261205
-0.525499807905607
-0.58617988012552
-0.457447346034924
-0.636906555633229
-0.564784030417047
-0.67018146173857
-0.622528087282368
-0.641172989322732
-0.589516752271418
-0.66916142165619
-0.606872674152612
-0.580544509074171
-0.725197423881236
-0.598391313011116
-0.720661591484717
-0.624695101328149
-0.600584124952834
-0.776134591787885
-0.624164148349768
-0.707725029524829
-0.662049336667032
-0.576000084018171
-0.631529317070292
-0.601898966664305
-0.672184222008166
-0.707588262090862
-0.49987202115613
-0.633140336688438
-0.577522323206128
-0.611336975784943
-0.582710723719148
-0.441414297702944
-0.525128277406414
-0.439133889904175
-0.561639331535291
-0.55582203809321
-0.486077988671971
-0.70360592735616
-0.548619029896841
-0.712635009840591
-0.541410035970421
-0.663661918140979
-0.597855296340554
-0.472376928769468
-0.527348667061377
-0.668551213909613
-0.519601694557197
-0.651033592225527
-0.649631779379112
-0.595589394630469
-0.382307462353532
-0.3469263271032
-0.498118016450482
-0.455819927413414
-0.584110238856601
-0.690709722415455
-0.51423284752734
-0.487289300026423
-0.365387698325472
-0.59782811207969
-0.482547224703128
-0.419438297989819
-0.510195881805381
-0.510408283936727
-0.502659493727484
-0.609304245878692
-0.476743723711457
-0.576818921632353
-0.477697745112413
-0.388819583644785
-0.484626067081596
-0.398742492931603
-0.43913888312945
-0.323689488883596
-0.659035489899408
-0.547543483433252
-0.477248988834243
-0.524809210537465
-0.502924336726291
-0.44517392327275
-0.54382367585101
-0.460976829991475
-0.46908155646507
-0.449881303408059
-0.462126117349903
-0.456618829083246
-0.473222556434433
-0.501340862590256
-0.435219035147746
-0.656877157568364
-0.333890177088137
-0.542292184282453
-0.54132343226296
-0.380062341238379
-0.462757577731163
-0.423473172892346
-0.413666561510433
-0.475073530690262
-0.388300130899482
-0.294406696509559
-0.543038638975678
-0.530273575100861
-0.468760159366471
-0.386702232921387
-0.543281638501825
-0.477381715167346
-0.491977436142236
-0.540692446787081
-0.257910297200901
-0.401549254824315
-0.393010139220214
-0.482030817302041
-0.293640495340017
-0.393827620287242
-0.366089985096366
-0.336352345897729
-0.44683420064571
-0.407331953272414
-0.420675282870982
-0.390810160504634
-0.384877675829857
-0.479254532557331
-0.375881655527952
-0.396140215938905
-0.440927032572577
-0.435194340260585
-0.381020793824586
-0.407281201709742
-0.355578390292055
-0.423218322139617
-0.411711694477899
-0.487111738619512
-0.510716579662056
-0.314904556716499
-0.437167498439509
-0.389334726502336
-0.335190826716541
-0.402558255758911
-0.374630825987325
-0.47622249512537
-0.372129621533781
-0.240468563078465
-0.391362687660381
-0.297768918205316
-0.43960462880238
-0.354683499177018
-0.412363756152321
-0.304808891723195
-0.270625014751737
-0.341340628034278
-0.410257164345172
-0.572635453300688
-0.260888280458657
-0.328184719496324
-0.335459316088912
-0.272006540946547
-0.321972497091132
-0.36393246638731
-0.357905221156165
-0.438449100654032
-0.301864479594798
-0.293324948737746
-0.168501215641691
-0.43632662903887
-0.130057710574649
-0.293313043246841
-0.250443537880737
-0.519886283580083
-0.379884209041912
-0.358002414377935
-0.259309210661186
-0.400155726346552
-0.294277020885641
-0.421527157251709
-0.185469584989867
-0.307583688621584
-0.312070288346966
-0.368342986908807
-0.377149173514518
-0.317945545850528
-0.255661557155046
-0.361358321455502
-0.133741071278902
-0.278156236754198
-0.147696718006785
-0.376742881531354
-0.094114979084049
-0.232235965507134
-0.221964085460058
-0.415912957845747
-0.245248701400055
-0.351614979254288
-0.209580502580239
-0.403983192704631
-0.319301138255392
-0.236491620001692
-0.186500807990902
-0.0610404569766517
-0.217967344256702
-0.210042384615275
-0.246911082801219
-0.186490443113271
-0.261982942384929
-0.396702451046858
-0.2204004321254
-0.175610824309463
-0.309086605394277
-0.147976072812825
-0.426874289115997
-0.171302947460332
-0.27756305430507
-0.216782407042538
-0.0911137002617055
-0.213989919964602
-0.151739043427556
-0.316899395390639
-0.30015924634193
-0.135797375527272
-0.197556708004906
-0.22542767090154
-0.228095582163133
-0.200938720758542
-0.167539249757236
-0.125464491241523
-0.141248998090836
-0.159974489350972
0.0157381308641775
-0.0501494201120638
-0.106033220381935
-0.12653564389447
-0.209652094173635
-0.199952892551891
-0.115184390213684
-0.127946839159621
-0.12964178223622
-0.130421523515618
-0.0618836989988073
-0.114180619852771
-0.209693747004936
-0.237308327011817
-0.148092782592521
-0.0441703524135135
-0.18457338905986
-0.203238155262162
-0.123571938495311
-0.275814319534101
-0.209370465271568
-0.105514993545689
-0.0552778893442651
-0.149915478196525
-0.122410471907839
0.0363174246248238
-0.322643526709141
-0.179851716533625
-0.215289051621686
-0.0503389401993217
-0.20357737170106
-0.185853428580389
-0.206492913823381
-0.0585016030800366
-0.0239136393896208
-0.0378355487069874
-0.226742846267908
-0.151222823320855
-0.0628839264118316
-0.209966500289698
-0.159008456006153
-0.313275998719458
-0.1773549330661
-0.227316796227322
-0.121480721724844
-0.207664032957652
-0.0964200247774149
-0.0146507900855777
-0.0395999833700594
-0.0627289321810705
-0.129807056829372
0.187759394223004
-0.108740044818836
-0.108496885091272
0.0139052138676841
-0.109606835712357
-0.222061752403698
-0.194026171778328
-0.137481318827958
-0.0719692200563566
-0.0541428686938299
0.133080579924498
0.045893773381415
0.023038279513385
-0.148033995183474
0.00930046437154177
-0.0584918012808262
-0.0858953313927445
-0.0715545100130177
0.0235749144084411
-0.0835358509823909
-0.0555875193218711
-0.071635056193537
0.0522297983588684
0.069671710429015
0.197125812970803
0.0251378213447109
-0.13533990201896
-0.0313399792733066
0.137387016884017
-0.0993975376649966
0.0259155532875165
-0.0307216525213829
-0.18724832213209
0.0477257963457065
0.022064594211393
0.0583062843746347
0.116318883426172
0.016280029468588
0.0946144115000129
0.00879767252506774
-0.0141240431040252
-0.166636987773533
-0.0280561512412994
-0.0145476516125563
-0.148394534184144
0.142959325355291
-0.0827128103709222
0.0564319770300473
0.0533503647610223
0.0422772331959231
-0.0379252438735047
0.133277063617011
-0.00130021393831296
-0.089769811114983
0.0509194809985534
0.135492246358886
0.0687793919211244
0.0162101583362023
0.0835089689516826
0.0758228605269109
0.0198938408398881
0.0455501914610712
-0.00393326560774418
-0.0918601949427876
0.00129362968173584
0.0418528293679372
0.0931326181632888
-0.112395138005747
-0.0884272985899834
0.16322767275149
0.0203833351806046
0.00673489216323974
0.141572430976604
0.112480081971527
-0.034090124061709
0.0128160142989137
-0.0774549232124557
0.348179116888483
0.0429680743997006
0.11698148937534
0.164607842765331
0.0835151276558897
0.1027724026898
0.0601697092021384
0.18523835505818
0.0110459709733801
0.0862598344490052
0.0218559760021985
0.04049520668096
0.089194336230865
-0.0790181196599868
-0.0162581984827304
0.169662424650925
0.195554547221007
0.0808791044595513
-0.0236304312535579
-0.0224003337548705
0.140177284359084
0.045517937354501
0.105235188215431
0.168884457894809
0.159989329994152
0.118952327708953
0.160980266978598
0.0716559815420435
0.0988336599991979
0.280483294755961
0.0943659735165384
0.128686153260236
0.0389669906576927
0.251045317848707
0.0718648267260135
0.0792705058915732
0.0409633148996383
0.163198723209913
0.0604397846310268
0.0736480754577698
0.109095436199281
0.113244694443755
0.134738310295686
0.152143315287772
0.0862922100365122
0.173297274367167
0.00505854801223871
0.305092760641286
0.0792455625471003
0.136862762843784
0.158998398720982
0.135509609879528
0.0802854053830487
0.185485387872401
0.143785252877956
0.235739167170016
0.186035206489522
-0.00780894053035792
0.0903913920161324
0.174319844589256
0.133350032940257
0.297306863951445
0.151915339547511
0.144993350012308
0.195464012543469
0.278900730557949
0.221504027340068
0.323575757824171
0.271908748001549
0.258481776790104
0.11666875973441
0.166630417747392
0.267085986674017
0.127741338967655
0.205504347297464
0.33408564506403
0.126105902564975
0.241198073575348
0.153360076689958
0.230997555418443
0.227962476420567
0.151101735612427
0.233728004787328
0.150706840086271
0.119853244235967
0.251126656513717
0.238955936126495
0.262012362308888
0.185334363513247
0.124078858869365
0.169996780492992
0.246870920789197
0.113725249750403
0.222922418689582
0.258896869902335
0.387016557113691
0.297018731955635
0.281037665479798
0.327373920962453
0.216474096290549
0.436337124942161
0.335863813353481
0.164564529654984
0.347645003443395
0.260711046286868
0.227658968310061
0.291214598816367
0.0397205179165691
0.183164299938848
0.3307130819905
0.185892735206721
0.270711910106795
0.242708875914368
0.431207591060145
0.311145186884418
0.422671780703498
0.167841926206068
0.228018560864248
0.13761450007632
0.357484390530388
0.189161806287614
0.555392878447567
0.168258611821554
0.496649075689945
0.486154808547362
0.321772757504067
0.243985013239161
0.318483203912849
0.326225857630554
0.315156772057059
0.263002191195869
0.277603862235528
0.326158935383133
0.176885903421791
0.308676096789997
0.379567721587476
0.497656366056034
0.270562216660605
0.287286758155164
0.365254469555271
0.262692081203246
0.482169259651732
0.392857395136804
0.453312651645677
0.398942715362372
0.315264353223298
0.189221785789833
0.14559292740374
0.276268940706047
0.341629945687948
0.330305896130855
0.402091998129678
0.419875363239531
0.577762236572503
0.408033500390591
0.363989132146518
0.403531064435089
0.327625870008027
0.444284778386676
0.35393159814262
0.469465092139492
0.343974775509196
0.447035455328868
0.401163021059778
0.521065546532467
0.453414377629869
0.59569352267903
0.527775388638797
0.316797056517919
0.419327534075748
0.297259577930803
0.347038530196214
0.369152139685039
0.363914618886446
0.454320863187247
0.45795116412385
0.420728115272409
0.410437620376994
0.348735636354943
0.336321093740802
0.346833234556957
0.402680305232899
0.588488260811324
0.423217962347541
0.517289598803112
0.462375338539293
0.339096662736211
0.418363126747652
0.428057759305086
0.366021495191017
0.344939518766231
0.450550942314264
0.48280386823169
0.486093371630548
0.28219661027777
0.483624958386827
0.566245912498026
0.465594909663069
0.534279503196077
0.539586885007752
0.419873716402715
0.474701209511877
0.410160008001221
0.509132027506578
0.459758246072826
0.590696697277304
0.389792660654532
0.496066139633779
0.537749256388773
0.675808272801996
0.571660162766394
0.517788746473856
0.519724147342922
0.418131489992485
0.517055646956433
0.518482688509452
0.38917812609793
0.41251044083918
0.51820176326872
0.427019454802769
0.604083211955586
0.479756648902087
0.486916570354004
0.524909126144546
0.508191885372615
0.57849457028943
0.369013520067067
0.562137038816927
0.423580416615128
0.510950595594802
0.391583747365618
0.50963245379197
0.536032070519345
0.487688810839122
0.558215188937593
0.582226715000342
0.536509800597052
0.53784375312292
0.377373506801788
0.649241430839511
0.472289541147225
0.522970796925067
0.562096049661468
0.745665329286639
0.5209265587087
0.595743297571636
0.585630747536438
0.346204856074663
0.709568082674376
0.65580964041166
0.623328434334998
0.659119340231386
0.632788693087282
0.526688357792308
0.652748465897817
0.760451885488107
0.523288257581557
0.54175253945967
0.602642949929852
0.61384926531989
0.708146443107667
0.572723983136644
0.612514120592132
0.523189397918887
0.699764350373059
0.705244380948023
0.770042211463624
0.659062795289817
0.556029797124665
0.663888082209095
0.579177986987603
0.49055145152293
0.570464417428017
0.730551855012624
0.625344022550296
0.522851390493032
0.607238803874516
0.76042497284003
0.672695250953501
0.544148537408679
0.619864238847579
0.744286262840817
0.591361300163515
0.562241826373899
0.548296421854502
0.80614379291315
0.702198058398543
0.604217156914041
0.673615659807508
0.643012516553007
0.759597681935064
0.510929409819776
0.696881485665697
0.647034506751215
0.602520566285785
0.518876461879972
0.696478477739772
0.727140019402223
0.702458134502604
0.743233042775254
0.676017791604502
0.681450816852791
0.657709159904515
0.862135154083171
0.650036973714845
0.766409303710119
0.618158230744126
0.723250278444464
0.906161683674488
0.759135006549436
0.598181101975912
0.832361345856723
0.623351468031101
0.55689463705394
0.679261477454053
0.6483621512551
0.683814601562284
0.722733703078512
0.76979010954027
0.67917475608477
0.692954402238686
0.737682577590447
0.726520836176871
0.715401384336356
0.544092770201921
0.798235750709682
0.759117687594533
0.734085230026131
0.757278952052882
0.837492829597823
0.575559849447609
0.837634091492285
0.802837496462233
0.71693188872003
0.777520749386972
0.744018395424911
0.865433121185654
0.714313727919191
0.715646988830285
0.690023978099998
0.824972984212989
0.651334174111421
0.726749924217193
0.680432492887869
0.812420917656568
0.806147411356071
0.664689283518609
0.793859384334981
0.706912483046871
0.8732894141996
0.684567117238483
0.831728289106444
0.732671124658397
0.542112085960915
0.72561121682116
0.891877983938597
0.674655974029907
0.643842066340051
0.790924865962417
0.761687905832503
0.808594697926959
0.870198264301277
0.740280057872275
0.891999921125296
0.698687644811237
0.701831348725306
0.778778448084979
0.685369777716865
0.846065776573749
0.69880342814877
0.80634997568955
0.746585057259795
0.863103230124291
0.904591867033983
1.02332087328683
0.824095166140205
0.978037653356943
0.880531516573865
0.790592638451841
0.72696093418798
0.743559034570999
0.984662052327137
0.736377595655492
1.04860796952578
0.778727348686132
0.837705477961535
0.799496964980908
0.835429187352605
0.859330790492003
0.882573766669005
0.834292287347971
0.627039463869162
0.887035220781766
0.93829065179214
0.87425355000697
0.824230844597834
0.926376007849055
0.910833448663544
0.806669687726701
0.649997326729338
0.880739245407946
0.969434603139171
0.814910996655024
0.845723493091166
0.86398690760331
0.827005489452328
0.924796181334309
0.859315068521627
0.959706008450945
1.01001742296491
0.879745898848531
0.817334274076528
0.774441520976278
0.898743129447553
0.848988054673153
0.845450304913745
1.09169968137752
0.898761333361092
0.912491440908197
0.916086600282517
0.754918927385961
0.873735401332541
0.910179528448987
0.899751462232105
1.00198677559968
0.865736857759021
0.947997857532527
0.934307146450144
0.932099509604174
0.752426818358325
0.927657062326521
0.774489171161805
0.994555245535475
0.966053053492963
0.968368675334819
0.813410061575915
0.884061400431722
1.09241865920648
1.18417145746353
0.960016833975444
0.929546397441945
0.925643501855376
0.974657610664452
0.858510475591082
0.913193334759579
1.01264515229563
1.0671697431289
1.01306340879401
0.959118176210729
1.00023696897405
0.922386152691923
1.01237036003144
0.866799499901266
1.0573139550526
0.98057045238298
1.06097335628369
0.951884328572898
0.98735175656726
0.825210235125539
1.052438521548
0.982511865534705
0.877178550941591
0.990037427507406
0.938631932361426
1.01431033094317
0.938746986482775
