-0.00797169099659757
-0.961465087808064
-0.989109760765344
-1.05191871895462
-1.1644717163884
-1.09074887958747
-0.979608248778158
-0.89418232581582
-0.944987092172107
-0.834268402238721
-0.902668081312166
-0.880896767992196
-1.2142408266366
-1.04608703041054
-1.00950646113801
-0.928390528494171
-0.98997897303351
-0.990533314827377
-0.964662351161388
-1.04839718750842
-0.832362094570862
-0.977266094845129
-0.881301211181142
-0.866160547842717
-0.993688998150694
-0.946649354744245
-0.980651096559303
-1.00210060491312
-0.888907835542817
-0.85367116547955
-1.02940753004524
-0.96528492444032
-0.832293117658994
-0.883171147563532
-0.786194765335921
-0.80155574791698
-1.09390215494286
-0.768247265172904
-0.919453856661123
-0.82169402762226
-0.97487351901373
-1.05299819845089
-0.838390106285868
-1.01601260384846
-0.716341695391493
-0.893181643834941
-0.895767412780255
-0.957772502570519
-0.920567607209007
-0.81482118565829
-0.873098059906478
-0.712131388434356
-0.953026317128465
-1.02051610509024
-0.885371684877404
-0.944569640665286
-0.788559292286069
-0.909389581736424
-0.91726677343195
-0.896393492730229
-0.887136277820616
-0.821584807118887
-0.872402613176969
-0.800710011306338
-0.86877247462619
-0.8942779097001
-0.787755868307899
-1.02010423588537
-0.995786675504516
-0.793916395955084
-0.937434120555712
-0.947915912897157
-0.772566362063465
-0.814328173879874
-0.782517370484685
-0.780434337754804
-0.934191993041663
-0.86112045925033
-0.79868528101702
-0.859545670655847
-0.849213115154049
-0.769594262584244
-0.891622005859099
-0.689181977957254
-0.796029144969961
-0.866186507359513
-0.710904844404187
-0.951595622870686
-0.785076296689389
-0.762973722069206
-0.796230954298034
-0.78508180605418
-0.703870409106815
-0.555196420666453
-0.797479049982348
-0.923761498551625
-0.723923012134603
-0.877974624103324
-0.883023599903611
-0.798915090652771
-0.754279700585808
-0.714398539055189
-0.813092481068129
-0.747520216255432
-0.764498188119681
-0.825954708848347
-0.732327643454876
-0.782910555696495
-0.710620249843931
-0.822866998907043
-0.840947153627232
-0.660368076609811
-0.741715654999461
-0.735285353603362
-0.732437118214875
-0.807511606102295
-0.859466943398186
-0.605195610332624
-0.877051043280688
-0.754802294503082
-0.74325366343487
-0.690464860693358
-0.714168477221549
-0.722487613665101
-0.735992507731998
-0.690128946495594
-0.762541646312251
-0.875132342866774
-0.796899012292998
-0.720140702091674
-0.725268973772731
-0.701010946615183
-0.5345215902488
-0.852354209661267
-0.800036718157663
-0.788177534754837
-0.723206924415847
-0.738793412255466
-0.645262899451183
-0.62617143886752
-0.627200593502674
-0.727192076409771
-0.85279072205609
-0.765616105111959
-0.727918915687452
-0.697637650310244
-0.509267196633673
-0.577624453835482
-0.879689913673795
-0.704104379955552
-0.717498998988509
-0.66633707954535
-0.831200861243438
-0.789784807996752
-0.798764793672216
-0.57604111864357
-0.677898231344307
-0.676342020057329
-0.62273665802179
-0.648819011828042
-0.592897378275365
-0.734027454237054
-0.590022486661755
-0.672436194625585
-0.652872177547591
-0.723820805102797
-0.785785515429326
-0.665964788719432
-0.587326814672641
-0.664080494060936
-0.701451851580739
-0.715707182675846
-0.566057199060767
-0.683057245737147
-0.726090596091628
-0.532774009740974
-0.618519490965137
-0.684499617005906
-0.722199523127138
-0.60344799850463
-0.649149804626427
-0.729320573935275
-0.536525668691969
-0.396389048522811
-0.740168334963307
-0.688514504173874
-0.601660401525
-0.668227360649451
-0.606798706927995
-0.466853305463666
-0.683148455611732
-0.603222786247247
-0.518307663649702
-0.573518657042607
-0.639931530858046
-0.694602510407611
-0.525263460159371
-0.486244056323984
-0.672277060297044
-0.740854170550773
-0.660888078312923
-0.460077694689261
-0.56437599238735
-0.552921885129946
-0.662275286833194
-0.546302542234056
-0.668416600313733
-0.594447984517593
-0.592443496643382
-0.641449600404806
-0.426880529892181
-0.594374483093081
-0.646632142683817
-0.478612902254568
-0.597778568976636
-0.489639574571372
-0.601144801350787
-0.458092838771017
-0.530103745795994
-0.668001065461935
-0.676527993217774
-0.513469870462205
-0.457358668571105
-0.606451362008252
-0.510941220853113
-0.472717808191252
-0.565462395616826
-0.565756725153041
-0.466487576145895
-0.476637674393273
-0.517467306541736
-0.505343853114122
-0.556823850057992
-0.477255424370484
-0.565147034328473
-0.729681135917489
-0.568408044510501
-0.40713895049814
-0.472683323670773
-0.617819933155849
-0.643651497269474
-0.659866616383569
-0.654101931468185
-0.555122909849314
-0.575857853621812
-0.49360738675325
-0.509348563812613
-0.384352411795269
-0.407427238451998
-0.629945124122047
-0.464679633838484
-0.476862259560197
-0.412871111390793
-0.410012469418638
-0.520473425102025
-0.355336701842367
-0.544302480062355
-0.286348055651354
-0.461111414300999
-0.345071566012374
-0.423053050952699
-0.435059836363282
-0.573255825475456
-0.368537486446811
-0.46217523942829
-0.536623066003442
-0.496519552929089
-0.601261339778121
-0.380097965777454
-0.49098770072975
-0.494112158212217
-0.425580710325978
-0.38086864228586
-0.397869754083469
-0.546647346629794
-0.447590980391056
-0.403320140282442
-0.402051491788306
-0.367130831511307
-0.399409226783089
-0.549799232321228
-0.357294932136388
-0.522771424433011
-0.5875782324279
-0.439886013292436
-0.389112837383501
-0.424004003379575
-0.398327287239113
-0.42620101583346
-0.460871121033325
-0.391425623177812
-0.471694531602103
-0.293357343726248
-0.476689508765799
-0.452611789505731
-0.424862948250664
-0.612412646123868
-0.42770202042471
-0.4298021213473
-0.33009014117593
-0.230030962106502
-0.462576713600934
-0.557275288213394
-0.435575712324284
-0.359082989888074
-0.353342725886525
-0.373913669904138
-0.447788905144332
-0.382160462757415
-0.437547317617729
-0.437026966555881
-0.425922844939994
-0.410314582216472
-0.339476852313383
-0.389244939802085
-0.422474589517493
-0.356379033151539
-0.404042690239608
-0.363098441886509
-0.337929680649388
-0.249719649058416
-0.327631069153636
-0.463095998853773
-0.380035609875251
-0.517865527141477
-0.257751149099275
-0.222807658566641
-0.320470123582387
-0.450281946678354
-0.381131682615689
-0.29341470102243
-0.289743010488265
-0.39018652632561
-0.222836322088082
-0.318079258066124
-0.291164619040104
-0.394227295855776
-0.284984012534047
-0.27962267981429
-0.309465972300958
-0.345186762523221
-0.38290855371171
-0.431580152206065
-0.458816210158072
-0.360429646024436
-0.285698681716488
-0.190222165644382
-0.254091442365982
-0.213017862802363
-0.329249138129475
-0.273940482437803
-0.29726274698653
-0.208773538151458
-0.385484481732084
-0.362345014565031
-0.222107080421629
-0.37430148185967
-0.232345745337284
-0.257164952215208
-0.207300091500565
-0.285281560919269
-0.318288998152001
-0.199223153429604
-0.188243571722443
-0.157264932216033
-0.2253901735739
-0.394822199744934
-0.230440509162551
-0.454735950106515
-0.217159395157043
-0.290623782441361
-0.201302443355881
-0.095687246027699
-0.225027056828235
-0.179530713087757
-0.254585022357306
-0.162745014842167
-0.359026356826906
-0.220593250930614
-0.273219922754473
-0.307941594491015
-0.216036586800078
-0.197990643948663
-0.360244806580217
-0.201117875676123
-0.130269994193247
-0.158115485269836
-0.101998898964531
-0.329627845945928
-0.248653860533413
-0.177651451767486
-0.148360485104204
-0.189450646126963
-0.199406981687843
-0.21108112399635
-0.343008888172189
-0.179736212354107
-0.223603774841443
-0.274296595828719
-0.265614246881253
-0.0612954082419964
-0.210679563311413
-0.215655136798904
-0.325578956132292
-0.113631768584697
-0.278973293397656
-0.183422817469244
-0.25727210996031
-0.127025336356787
-0.126348746234084
-0.127667132264665
-0.216458030386516
-0.199964795957778
-0.270378268678994
-0.0665522469937696
-0.0274067875783625
-0.231742269829493
-0.183754365927438
-0.0585292386993381
-0.142853023542349
-0.395536008869514
-0.0677341564144525
-0.290320373064151
-0.246608453928245
-0.0998587168464649
-0.220409938993896
-0.173218639063454
-0.175152436837483
-0.149542006462154
-0.174848104829661
-0.189457108303883
-0.204632778243094
-0.0099621737195904
-0.15402019765861
-0.185138720018339
-0.0864559535046049
-0.177530191511123
-0.0482044741328343
-0.194631374937832
-0.153422140896447
-0.209540435413038
-0.183568501393555
-0.22370320324369
-0.0927443681337807
0.00169733217859615
-0.140583854690915
-0.294121300314068
0.0163448837787725
-0.0249492644635975
-0.281657561745384
-0.0657799722402683
-0.124164311153485
-0.111029625013278
-0.179697379892667
-0.0963931246995208
0.061173329558685
-0.158248669014924
-0.0655845540208478
-0.0840117151434165
-0.00238952758569529
-0.129612056247491
0.0139270577018924
0.127642689082446
-0.18846058847193
-0.18768243958052
-0.0916641943138874
0.045335114294965
-0.02035719008636
-0.12573924012653
0.0451388967216031
0.148944211254389
-0.0646389388292238
0.102541404240436
-0.094806631777898
0.0111170117047886
-0.12248221814295
-0.151871809123216
0.12260889798081
-0.0910262382272446
0.184475366394947
-0.033809416632668
-0.143198704105193
0.0924542535170684
-0.125299540241395
0.017269241451941
0.0751991208261169
-0.163702258341457
-0.0119609456044581
-0.0957764429883664
-0.00873873790898374
0.0524537825704287
0.00658220314584209
-0.0596884969333591
0.0329459038535867
-0.158018182589278
0.0391696040306259
0.0777326365721481
-0.138106024902235
-0.074294342688652
0.0418070895347022
-0.0734294512882373
-0.0853767468526319
0.0582935426471248
0.0184172756147463
-0.0884942023469199
0.100449423997133
-0.0175987648720689
-0.0841578824960317
0.0936102700271575
-0.104505510509671
-0.00600559375868699
0.158326443943182
0.122038525450605
-0.0578991394642289
-0.0798191914214158
0.166950482681472
-0.0196882900523668
-0.0628005121948421
-0.0448187890477241
0.0902470167599294
0.206236142419046
-0.0197804667502583
0.0306746201057008
0.0248836146822268
-0.0080637783871261
0.0362705044742335
0.0325367220200935
0.0438270698079512
0.061542198444057
0.0442829653341782
0.149417805060055
0.100050762573848
0.0262650747196277
0.0677683334267543
0.0285855048679617
0.109455682225836
0.120283591607381
0.00911946785186331
0.125850601017184
0.139662226023295
0.130291038313978
0.0813555891792598
0.109840492724596
0.0305898517636186
0.0217107682826322
0.10683997921525
0.0738633045057215
0.106602175849376
0.0810843038816403
0.0566491587206996
0.0481687117940047
0.163283430526963
0.0882525740533683
0.0471778740742342
0.203473720546181
-0.0109542756287505
0.234676407269222
0.0255581363980373
0.0256923360427545
0.0713217733803355
0.117962173091642
0.219866518319865
0.150059555361467
-0.0442407395527847
0.255899471819593
0.131081476316265
0.119509386743559
0.107315208956447
0.105939158928448
-0.00795847203155681
0.217455951896744
0.0630627612548322
0.228929994266179
0.190836958391049
0.129361152824102
0.0340829730995478
0.191374759506129
0.1738473108723
0.0664356264415386
0.18713157011714
0.148731076748451
0.198766851754977
0.122660055768609
0.179405418381872
0.184391870958858
0.238443934022628
0.0887787647648792
0.236790858970986
0.327549641628358
0.251020584040101
0.112815034065821
0.114898016366812
0.127977702988659
0.161225238359333
0.174963046617833
0.234987230868296
0.089428898360596
0.418583548063819
0.198923310047844
0.261750229343775
0.137637305089718
0.221772590460571
0.169694097432408
0.197420968546718
0.0817296291139622
0.307231490853818
0.17773049219937
0.304279615234989
0.373705900871837
0.0953529775849618
0.228782026100185
0.292336140027589
0.23756601339126
0.199267836844901
0.16249456680309
0.184176181500993
0.240065199194865
0.272878605945353
0.145659220218264
0.128754539703555
0.172615661614601
0.217515769950939
0.203730762317032
0.183240937059513
0.0523292688094869
0.382804324794544
0.204037995057418
0.440606619361392
0.120046050115538
0.265417744554088
0.260055158619652
0.253328352775921
0.248689677546851
0.20618273249846
0.301857710543483
0.2522236912809
0.277842538617274
0.396909215000358
0.308013191299636
0.168048911045298
0.358243424040979
0.252560871358683
0.246861522678413
0.302547814604017
0.242944144397845
0.388783686513295
0.268615390079451
0.296580973321611
0.252188588872624
0.421545334861156
0.418392254934515
0.343999179703059
0.24823463828808
0.248800233643307
0.156949042841826
0.310924974667582
0.370422783558207
0.274238013778456
0.193638175819794
0.209430754221553
0.271325061375851
0.296726144711288
0.459910510286026
0.272775344797828
0.34358040235653
0.250696042014933
0.30709432145527
0.297061949881618
0.306181704630722
0.388092803074193
0.365309006160285
0.291371092702932
0.373384737481429
0.347465471453917
0.339802986752554
0.265833345545494
0.449723287216347
0.12876119226309
0.340138039313457
0.375702484590623
0.271601627710195
0.119613917883017
0.32072877213071
0.543685069547567
0.511116433502872
0.348628110489304
0.496262049122562
0.349290048744968
0.410146497487617
0.46021266763005
0.32964869319494
0.380220691608041
0.564367472194156
0.414891843165948
0.306181424550031
0.310270325421609
0.426651693520246
0.413189816120322
0.51043698850732
0.54752979608398
0.436591216044707
0.488559113838637
0.456540454478475
0.358646951548381
0.410847081361946
0.411023086933075
0.369421536084037
0.430781136812585
0.427673572006915
0.417727892008944
0.417602586199292
0.389589803086362
0.340531798954209
0.416401627720419
0.282429955019258
0.406999420819296
0.500368641169937
0.471908585163283
0.345650242864132
0.359320493277245
0.451637849505644
0.446707033089285
0.5214947091705
0.301342836236345
0.522912774583272
0.518058326502145
0.35583447881542
0.522381672139933
0.500442537255107
0.569628303741781
0.546369904352739
0.521457160293839
0.431945916985121
0.524692035968175
0.506251331726544
0.474577816890639
0.516401523900273
0.468307436720468
0.393131294844417
0.520998299587646
0.570000914458296
0.20092062847137
0.462564530803325
0.573726184957831
0.482592355771975
0.494307748356463
0.534446373963475
0.61028486604268
0.353036292982857
0.460083844156698
0.480539444933909
0.437181459392103
0.44458434195352
0.473843171567744
0.42791261511577
0.573086952434828
0.500857032515295
0.486715139146238
0.453651955712229
0.472485108302756
0.557534889423227
0.571046232785742
0.571767524299035
0.532748645351745
0.561938822838015
0.536841647727041
0.612856338976337
0.643168469771129
0.443279457701281
0.329033227607717
0.464630387035366
0.602243235089779
0.404761376099575
0.362694414295355
0.525480516311746
0.551474268452574
0.473045553281364
0.340707776936657
0.6529381251083
0.424543585776791
0.796143709174844
0.650557364294907
0.560886901301418
0.492337615327418
0.489509368625573
0.597718658452995
0.580475803908039
0.58157680060517
0.442007787599097
0.426892874340906
0.594092215413283
0.577611237972523
0.550898645355487
0.538923039520866
0.65891980086535
0.499860146395051
0.592653320393109
0.561616371487487
0.679343410863922
0.824225708403286
0.709755218100538
0.533052180974092
0.514650253526352
0.717596517509705
0.720466738694599
0.364600161867217
0.491452013512154
0.680677297133003
0.722426319886377
0.525996227895224
0.707242419631704
0.635227265962719
0.740107973146307
0.512304344843393
0.565742099312397
0.657274813173263
0.616811004691052
0.645824497994948
0.643963703867704
0.606479725895829
0.610716918845026
0.563332054288973
0.451879487719707
0.683131968809409
0.670726560457838
0.591869372384746
0.585467521550526
0.691485542620561
0.793255136032719
0.650662446918188
0.564883869339967
0.661175927660648
0.543058330045484
0.674100643823143
0.736701097402887
0.630783803755403
0.720954118249924
0.71456660159934
0.63761019725397
0.807983966489911
0.731121112906086
0.611268804875334
0.561166344216728
0.637726204711308
0.63089112105962
0.686159607943682
0.639479004326008
0.567606789769553
0.600701162806517
0.545895221085431
0.641701173410607
0.645428579910026
0.651860049893808
0.715041621893365
0.828455340372499
0.754560238246211
0.62433437915784
0.743816773017121
0.710437330759318
0.667067961742233
0.909168146339006
0.732404146074182
0.615337204611733
0.728717014259288
0.768192590146738
0.802557435561149
0.695272966253138
0.78842647309607
0.7153183560435
0.507229035978315
0.840440664377789
0.716115488475204
0.664287462963599
0.812565237525146
0.75170064938195
0.687854107477816
0.679514145736207
0.85449531356443
0.724887557367719
0.778968001826166
0.767379804764739
0.68370608923555
0.740324311785951
0.755470323154825
0.63624936521717
0.70447819695133
0.869934738084594
0.579327961045967
0.750569875659363
0.80236868589023
0.883125376003268
0.817761624298234
0.861926800260944
0.836869759935637
0.771083838878966
0.937897334988135
0.868847079401003
0.728282194792017
1.00084600841687
0.599951765234323
0.689019338582494
0.765739856318311
0.716526019309877
0.783219717258091
0.883064025670795
0.74855182838604
0.63222286997879
0.813067755480404
0.891324739658426
0.755213928673306
0.929407838273238
0.797785821688865
0.959973151488121
0.759029250713711
0.927575441022179
0.912297065569882
0.627544785710168
0.722810824306756
0.755643813401984
0.811498507666196
0.800942353888493
0.766210496686777
0.981346217410695
0.848640931331222
0.793990919793095
0.825163948179714
0.854410896821421
0.811113423818244
0.65518095464676
0.890903432910443
0.903396906588332
0.967481390026983
0.758324944262978
0.891353575984301
0.798025632255733
0.911528893806269
0.827369719143203
0.885676166813038
0.851282862084346
0.95238072886804
1.02486563156652
0.842605446639312
0.969584511567993
0.86278406778406
0.782506782345542
0.932043940037647
0.813126443082377
0.936774738159673
0.838639732493655
0.797257296709962
0.741457336874925
0.758021531419383
1.10516140000329
0.90695420354352
0.993651922898347
1.04424550191469
0.85486761027877
0.969404754827032
0.843281341823275
0.87524063135119
0.97672093999339
0.938440127937953
0.890659183522985
1.05165192331167
0.935950088431275
0.960477877812968
0.881991363302005
0.895528953555434
0.873983239774016
0.916295962025533
0.857267536714315
0.852052340043408
0.895882516979484
1.02294474455265
0.839778013642879
0.970272238575384
0.760303286967056
1.03409352620274
0.925157924379838
0.822500817687072
0.988940054747682
0.814043442977912
0.856258802004411
1.05134582198537
0.93009912902776
0.982927131339923
0.88156739935313
0.946832993988316
1.05035262114085
1.09667499326306
0.868686770926635
0.801857761128637
0.964781838941609
1.01225154884072
0.984589915307239
0.980349977730392
1.16828474050468
1.01695164432082
0.897917333809388
0.96008906526277
0.909636699711071
