0.0113180892461836
-0.822540847113311
-0.819228977811219
-1.13205895574202
-0.917874731358722
-0.967882180910062
-0.915629509674499
-0.954511083961066
-1.02959719496852
-0.926528037761427
-0.896801049288684
-1.00993566022719
-0.995528271590917
-0.910596756716072
-0.728273910652928
-1.02719794099324
-1.0061494614323
-1.04426868962568
-0.854987837553958
-1.02754444260798
-1.01858335155228
-0.835912820844102
-0.842997656218488
-0.875353633797339
-1.0511824326738
-0.877957157000153
-1.00953065778173
-0.956723776211211
-0.944045607392908
-0.894156600847048
-0.954104440165148
-0.875970066842653
-1.00957921654545
-0.872797792377475
-0.89646289888412
-1.10762876895771
-1.07451581799304
-0.951929533113709
-0.842123984098133
-0.874762561018962
-1.00548884244247
-1.07690626186441
-0.801500837970786
-0.888782763101935
-0.962326507607559
-0.792664655938643
-0.83543533897505
-0.869450863870651
-0.854788913016087
-0.907275297767016
-0.940783874671165
-0.859377175456955
-0.905787231303518
-0.953150901243406
-0.961761670783699
-0.919094516507087
-0.94460182419126
-0.856164728889416
-0.853644038687296
-0.93182812654575
-0.880737891539492
-1.0062790367398
-0.934859369925999
-0.779655944820304
-0.934534337472414
-0.815362246405992
-1.01156238347505
-0.774014464351404
-0.983032328578853
-0.945335589890117
-0.918044983518191
-0.798897782046545
-0.875368263924769
-0.943328193932126
-0.890818165947765
-1.00056519404781
-0.786539645623375
-0.739736247784713
-0.813921398151639
-0.864518278140786
-0.837725372848781
-0.902502843688787
-0.793104022497003
-0.869478061198972
-0.921994139342915
-0.973335224922242
-0.857487611451034
-0.899685466067822
-0.835903748415131
-0.894241604214117
-0.764416920800829
-0.753382075897878
-0.735233437942165
-0.907266738510662
-0.789019967531471
-0.85697627432489
-0.833187083626001
-0.835351373864524
-0.816936290944658
-0.863749540633915
-0.888473323287625
-0.744114382779561
-0.616518222727374
-0.700412116710625
-0.750636796424669
-0.846589120724114
-0.77154544193619
-0.757541757668502
-0.863649123243124
-0.682861157087036
-0.792528426352559
-0.69755232784936
-0.74248037676799
-0.739107797230886
-0.824204636909922
-0.822917809554089
-0.649684349753621
-0.777814870488094
-0.85470770700621
-0.688461642518259
-0.726962511495053
-0.824095248848632
-0.828596564102686
-0.761132342948633
-0.869308297295177
-0.691650024731919
-0.816422595899657
-0.745510025753435
-0.6673538775508
-0.689448739074504
-0.656028596900391
-0.728077261128982
-0.636060958409133
-0.766023517699843
-0.634853006847193
-0.564109347786483
-0.645055473087205
-0.771713394900881
-0.725037772471081
-0.632119111812954
-0.715651672746281
-0.752428108197612
-0.763692218031285
-0.613012805656626
-0.721912397933653
-0.704244906590951
-0.795876865230405
-0.807375152093032
-0.620800535056384
-0.625575124422623
-0.787885560900747
-0.513452885179614
-0.632219307936473
-0.727655769636707
-0.712209624891044
-0.692147406435533
-0.678142095853794
-0.656353416959289
-0.732402146982455
-0.758580149656556
-0.673235784871671
-0.643638148193501
-0.685191663105284
-0.730105882174614
-0.568350200452132
-0.634497508587956
-0.745347407815698
-0.859728984924044
-0.690454765333445
-0.662386308294914
-0.7320181602828
-0.70157743265667
-0.57148385177119
-0.6784576764373
-0.676621657061012
-0.545011253420124
-0.655219892468822
-0.491082187405249
-0.54602671485659
-0.602228570202594
-0.721634066349384
-0.671410201915953
-0.765283254981516
-0.624816452897137
-0.575017697386185
-0.541575774902534
-0.611067678530245
-0.615740249064356
-0.65046520441355
-0.757496640844939
-0.466378078889826
-0.512901818678329
-0.491211417833438
-0.461924502747073
-0.540537712570717
-0.51869931685877
-0.500087344845016
-0.60602813260206
-0.560872210670356
-0.642493189339414
-0.615848077847089
-0.462449197795738
-0.699269648909889
-0.685955095565759
-0.562185798012053
-0.508398486517683
-0.6024488557389
-0.650722917617041
-0.491529955630482
-0.594316594828351
-0.499761031576476
-0.546457580725896
-0.458311339739206
-0.683538205145727
-0.437226365429605
-0.612691800297875
-0.564680126506885
-0.531939173814869
-0.622773302504641
-0.604221253800971
-0.471009417649976
-0.600906424074614
-0.631026907919252
-0.56780279084426
-0.474975731439433
-0.493726804075393
-0.492610087941396
-0.635568077389166
-0.46131586613252
-0.567820607487833
-0.391969304425681
-0.598037813062713
-0.491435704551676
-0.400481689931066
-0.662105033611736
-0.549599222351011
-0.48737361049211
-0.497116669611125
-0.420043428578504
-0.498893366049313
-0.458027137208006
-0.44656210712891
-0.55343962999703
-0.55807591497405
-0.389122196430669
-0.318583689686603
-0.497110116240854
-0.519482152443173
-0.524465784478329
-0.498921921008187
-0.421204008459056
-0.490424880914172
-0.347124846303786
-0.380882412714042
-0.566438935043692
-0.428719117554985
-0.553754255254483
-0.546135218540807
-0.512642158304797
-0.432426697686759
-0.541946393478595
-0.735425660372029
-0.486025007193419
-0.416024785483547
-0.624729253913777
-0.400781872056413
-0.565251228981431
-0.473042187345791
-0.542861782218763
-0.438737296661582
-0.480942468344093
-0.434837335990753
-0.511474780547694
-0.407372961075215
-0.423966834541947
-0.546855467054359
-0.300723150721774
-0.474790716771696
-0.560069817970212
-0.397603593551053
-0.390357173284686
-0.394315830517685
-0.393529626717248
-0.410451782609691
-0.402523904865804
-0.571952963422161
-0.542283424955558
-0.427936492397854
-0.481249215296408
-0.427099412617046
-0.456050160837267
-0.499037020853106
-0.360236952688633
-0.349507022562755
-0.407789479391604
-0.493400187797632
-0.327260367962358
-0.507686828215633
-0.374204114350205
-0.315195849597228
-0.284868444419205
-0.450124155954063
-0.360078609896251
-0.648407096500819
-0.492946715758911
-0.441222007422575
-0.33111462020295
-0.362830521534652
-0.480300947060655
-0.463189055937073
-0.500422730961629
-0.556236518772727
-0.292074602622825
-0.409899195186923
-0.286348638084832
-0.347143644088823
-0.436958575864861
-0.375737538197324
-0.15047343103723
-0.403320776644268
-0.43368910967061
-0.373419683528475
-0.421582845510145
-0.33429171928294
-0.358395818412249
-0.327572611768968
-0.319649025255869
-0.449414038665955
-0.451128791292349
-0.331325751341025
-0.495783297533459
-0.50637268470044
-0.253816819399181
-0.362932971228957
-0.343591193603699
-0.358745813827049
-0.366121373559978
-0.285695045497795
-0.357100647516854
-0.233589367033841
-0.171457148252727
-0.288780475083353
-0.363564652475785
-0.350312182928344
-0.206276393583999
-0.395271257217632
-0.316373126425372
-0.321501014285896
-0.341955717372371
-0.435760496704772
-0.302496645523031
-0.31480314008528
-0.366685959607368
-0.307842739906125
-0.248281193400973
-0.289725775231771
-0.357134217321441
-0.355807801719412
-0.173540664565853
-0.225647727595044
-0.354894325440436
-0.299312758930321
-0.165520212390222
-0.198101844520617
-0.323479533343101
-0.144979465163157
-0.0826040872638396
-0.279253950466422
-0.316491882668867
-0.167953568585789
-0.175441256848364
-0.194824793631324
-0.348613199330937
-0.35563006820116
-0.20689354216747
-0.228124479778908
-0.151807686276745
-0.290899664546908
-0.41081585458242
-0.144854237594314
-0.116347115411357
-0.378773678484389
-0.22691443377952
-0.129111466652705
-0.263659101327179
-0.188328519201663
-0.179302307814844
-0.164403070906645
-0.31854801046669
-0.143954844689136
-0.158372737045622
-0.286894204566216
-0.156383373107879
-0.256874719967738
-0.199027250826018
-0.415000485179398
-0.22251705193492
-0.0390207052967475
-0.128538486243847
-0.152880584479511
-0.31334348456516
-0.222449013262308
-0.166961430827271
-0.0487221277937469
-0.0959736309635958
-0.243456681735227
-0.181870499813486
-0.403555894854445
-0.143564643720516
-0.0956386002399316
-0.325013644490173
0.0111791789140634
-0.331036014105563
-0.131899281467504
-0.408189486821063
-0.326210141377535
-0.229757625239943
-0.205219318846172
-0.129130112791258
-0.263177135402286
-0.01424013828261
-0.256712862200584
-0.159104691164234
-0.208250438625603
-0.0956896468274362
-0.160816228776529
-0.188585854640228
-0.118365347454067
-0.0933859945970673
-0.142950453050287
-0.10132775414857
-0.127992496452127
-0.079342730222587
-0.132386919312969
0.0570456470197647
-0.0659917795711633
-0.197507726268552
-0.124001590962592
-0.130343642867089
-0.172625480144399
-0.189816180696564
-0.123502721998781
-0.0221450982176031
-0.123733892680695
-0.283887023713279
-0.0528203663286761
-0.256677441421626
-0.0862432344828296
-0.112864238059113
-0.0980530448206168
-0.164865944664116
-0.129196987889863
-0.114065008423498
-0.0625810310184177
0.0113849622171258
0.0209351819168827
0.0138920891036784
-0.119056101605825
0.030490061944397
-0.106064828436712
-0.162003928725323
-0.156835161537585
-0.0323419576241983
-0.0913734404561819
-0.204278059079685
-0.107149805812425
0.0681532611180492
-0.0410276475179261
-0.0782092177143403
-0.0917609817837804
-0.162970905120163
-0.0679897796042093
-0.0667227983394354
-0.0801551294158522
0.0965794546580613
-0.0676018804213435
-0.0489955253211607
-0.0150237460883549
0.0732354351560603
-0.0886331783305537
-0.0430700270814927
-0.0669361682509487
-0.00121090225490654
-0.0388648109231435
0.0550158886400105
0.018491960333894
0.00104261740247678
-0.0440612900128764
-0.147845562749986
-0.175996182864976
0.130263513623875
-0.138034827756684
0.0822531592208619
0.0217179693752003
-0.0848255153541707
-0.182813607366765
-0.055089728360103
-0.0410996544831917
-0.0385425659065669
-0.244870933934273
0.0969673481548174
0.0553037366643067
0.192343707038642
0.033941860532801
-0.0844067271051161
0.148780766028498
0.0200666797115057
0.040202167417164
-0.0565101522161348
-0.0417797863067966
0.104258800384898
-0.114643065144687
0.113783226600223
-0.0770456680296191
0.0942172014911156
0.0925934574335891
0.121188152345893
0.0336087886087131
0.162042750857429
0.0221298354846971
0.0910708869096438
0.0784189734233067
-0.141087678318256
0.0115073429935625
0.0264608712686196
0.115935294799539
0.075007602215958
0.0721043556181456
0.0696042680074986
0.151255059084219
0.0814826354122632
0.0211604451511705
0.199342675631276
0.0750024018487866
0.150913285300742
0.15593200638369
0.162216082447623
0.0850849629404852
-0.0519886938198451
0.178803127800661
-0.015919810755905
0.218516662158358
0.0834651310860297
0.103863129643567
0.216787342747651
0.0616893644469322
0.0497233581268554
0.113955319371299
0.246795899132904
0.18785227523888
0.302005646410449
0.101335322528981
0.00327729388129392
-0.0234111514301872
0.174773131012541
0.0567419214487728
0.127716801730424
0.0766118666352869
-0.00649148514411813
0.13203418465399
0.0406914154303161
0.185585769135974
0.202653497438037
0.153154556263572
0.12603874401539
0.256007137141224
0.125526739098517
0.139088751595602
0.0805589732596567
0.0658338091596624
0.0801303538807735
0.326362527973687
0.282364638670138
0.178808844548355
0.108372919027021
0.220055723827011
0.10460912777805
0.106982825068391
0.146224622544539
0.204494443451686
0.159292736145445
0.0831223579115103
0.0168120024907423
0.191282922527948
0.309452808325515
0.238463026822428
0.17211041584526
0.302440999908185
0.184614295069744
0.00348281624045219
0.0770305301502739
0.268467475729026
0.329450441693366
0.146848764365802
0.143440993586544
0.0916702407244668
0.157353909620571
0.186532854565172
0.23245336445935
0.180934241106182
0.178677675007408
0.259999198051158
0.318272788454609
0.114413860063237
0.125679149648513
0.0228611223732717
0.113365640516926
0.267879506111838
0.245438202368989
0.168214446759823
0.213555737520053
0.238198267951086
0.315079970255569
0.3356660788195
0.240565705227782
0.143160555615311
0.257214611379365
0.214800393842413
0.3705396780085
0.279013103321196
0.146470340926238
0.28306540446454
0.240588915015478
0.191857615072687
0.192060110102691
0.268172572655665
0.09573754863618
0.0361502861341996
0.345559484725459
0.23862298572697
0.247549592323185
0.275281965784207
0.302970432153226
0.252186033706904
0.26268148009221
0.171526884379866
0.270075004890019
0.212483108080402
0.16177065209444
0.402621259653586
0.180837307067091
0.407357534448635
0.379897083877942
0.116894728500281
0.360155274835032
0.394204446257951
0.25069997452731
0.381527927928683
0.22105270264031
0.355321514370227
0.399713970877878
0.416716936361997
0.296938103654725
0.338549529362166
0.393444740844624
0.319530918298548
0.280578016569925
0.209577918054775
0.317261806756193
0.341875926965837
0.288630073453073
0.279907162144754
0.276960454830974
0.33967523564143
0.180982272157944
0.275287698092004
0.167032717643869
0.381032622709277
0.345589517595427
0.32294020447561
0.429320836026575
0.421460333716187
0.257721437515167
0.400202162675808
0.405746927724414
0.49857927323334
0.387915365161275
0.331131146284239
0.312501389113688
0.197286125989587
0.235055982532705
0.388293643678431
0.216783352956548
0.368915104885079
0.427798006650015
0.36824539584623
0.287595434073071
0.387712596711202
0.377901777155667
0.448523266471057
0.256162511177432
0.421776947255231
0.401019123724835
0.259748902842918
0.336538464362333
0.446900137121396
0.483411577093837
0.332128734791194
0.358416613759332
0.364932970157579
0.281116809512726
0.379739423004724
0.292744193414255
0.429402922352728
0.486704747943899
0.358445877312692
0.479921049615714
0.480924185177285
0.536035181318413
0.293052957992136
0.447319846353347
0.553319466811203
0.384542658061454
0.499626650355769
0.436591588547686
0.436512230653392
0.40973540068792
0.568843845335707
0.488010766825479
0.388247775876396
0.3421756220257
0.438961621978437
0.394164059086533
0.474206088225857
0.635375640671213
0.243320848507773
0.474359499918702
0.353725362948999
0.424608636827146
0.48509842761751
0.543843450923029
0.448581940729277
0.312892798374688
0.39722248982985
0.5960971539859
0.356447951335736
0.496704941689409
0.449089870001009
0.416644604394836
0.597150614216677
0.573739152718147
0.395632038771447
0.551505050404063
0.353382582139453
0.526265002908828
0.435009165505197
0.645798632812045
0.649313723090755
0.339545191641335
0.343306383607213
0.336937577230358
0.506131106154779
0.488971347364805
0.51519064261781
0.519074248336765
0.399554270642341
0.235401639258715
0.446837687425325
0.519790848701543
0.520764967189799
0.580962313603771
0.547745070806838
0.538729080630105
0.485243353269993
0.392627317136306
0.557467079759915
0.518354617029651
0.575498571795363
0.438091886015752
0.583342908238726
0.541556428572897
0.581447661958839
0.532011214804693
0.504589993211948
0.536062072683151
0.453913662712175
0.488549811623636
0.582087256351147
0.537610297076298
0.423155797910422
0.555275586410008
0.465741012395983
0.530130341485117
0.390000500584008
0.512752066000058
0.421342364142088
0.706871084856598
0.517180353688662
0.467595558675796
0.53818383132426
0.613037761984931
0.446510914400764
0.681897885324026
0.611831623812339
0.476072845356945
0.579944687556781
0.654926405728344
0.636035881525026
0.642488230017359
0.61515158627718
0.685496124460142
0.582123399987439
0.649124206435024
0.48699571502727
0.514056283232935
0.551583473774633
0.527695607068281
0.574343579998084
0.6798787589232
0.691110782781644
0.611443066208607
0.664628027360865
0.509179481934848
0.682044217902169
0.666517701718611
0.635241744166911
0.604986200882272
0.805304955877317
0.6363563343876
0.593902574289951
0.572634044437501
0.619542190213545
0.712430281781882
0.610306687886058
0.570859732820292
0.735355644217123
0.699315955399301
0.671300066673469
0.744102913749607
0.628164542216954
0.649552390064838
0.555441715266247
0.687724245312294
0.776152547696871
0.704981126624643
0.700825395804781
0.833644206471518
0.627490346418151
0.663815374416169
0.703033276551463
0.607148522363366
0.826906888841143
0.521057336797434
0.724491091575395
0.674644115645577
0.681387399196984
0.74937167846279
0.690163305895456
0.820244083043046
0.647447827518864
0.753240973937335
0.682438613104813
0.655910275423327
0.939105414399685
0.713262433203718
0.563645463753652
0.821568185975201
0.743941706993505
0.672251191616428
0.564993905614548
0.674544930211315
0.626047763451545
0.812881872647621
0.597007838552372
0.804877320903233
0.789488182666659
0.748392771277917
0.721462113038215
0.753724299262581
0.652849827431392
0.7519372718031
0.647561625108328
0.756258337471197
0.72027875253466
0.710927051652663
0.674960325119755
0.838425223545824
0.781367762815464
0.722515467060716
0.666727660839839
0.664686343717669
0.609648518309053
0.843136132380852
0.767416036157148
0.713445920260081
0.760769100670773
0.709368156135069
0.779399644651528
0.880388699244788
0.759525934692245
0.783676981273313
0.827462987397649
0.679098363140614
0.823237479096664
0.77825291652238
0.871646969035096
0.768998259647065
0.851642516726241
0.78783727917382
0.83311352626014
0.752572099367927
0.817657270615841
0.84434116185267
0.789757509332474
0.648810728251643
0.794962717172961
0.710073453143944
0.827899162154158
0.799914918471925
0.756946360761727
0.905203528687735
0.794795861470064
0.687408030798167
0.80070115859739
0.861045978625123
0.8435466013596
0.770779632013985
0.904223702825504
0.765312020863963
0.826141545826026
0.741676109337868
0.890395460296002
0.836640359724285
0.986125910652487
0.745010147120971
0.833270476784079
0.924557562244458
0.733013861423112
1.06619734877734
0.875503452448922
0.859277858834336
0.904394713643245
1.0268326854038
1.00648842368019
1.0082667065593
0.916395070401133
0.838736729490231
0.86640724379134
0.881389984638688
1.05656819886799
0.8075311736295
0.824962803605035
0.952523497603659
0.956346643922818
0.989230796479756
1.02490517041843
0.851046205568807
0.929454554411727
0.79391881934156
0.859886365361002
0.879921329695662
1.09460839198788
0.938257595800974
0.853512051304222
0.995655423170073
1.00445376485216
0.794564919780197
0.936724840633955
0.860486283384934
0.828998254763104
0.945727059482404
0.901692560178866
0.796552431568357
0.885502236261206
0.882479833790844
0.841516306154274
0.918001016479709
1.03266417932226
0.84803711323768
0.989343402295581
0.868408477058414
0.807199155641212
0.906243839686456
0.891033403821903
1.04091792385251
0.829964455280977
0.904887504705437
0.968802859762695
1.03310422013705
0.961457210669042
0.899430575672316
0.900661534180276
1.01363185231204
0.968316084863544
0.901244239326143
1.0092944961936
0.993359613643283
0.838293931374641
1.03392790811879
0.973735044264204
1.01434432467903
0.910683951380394
0.978330689023049
1.03994931747018
1.07178293757297
1.09829193423043
1.10903982407622
0.994578328849894
0.939205342730374
0.990782124499531
1.01278646186008
