0.0322668611773301
-0.969536342901775
-1.00210644755528
-0.955616217451861
-1.07790457665307
-0.920004603347156
-1.07008611028205
-0.950579676837589
-1.04458668281691
-1.06524432298304
-1.03049400202874
-1.00104879470961
-1.23740700762055
-0.901433002453227
-0.964857651708743
-1.00469415151301
-0.890681289362348
-0.81696255248552
-0.870797377684208
-0.815875931555414
-1.01464121157415
-0.932212304936104
-0.991563729470917
-1.07343113859782
-0.912219741626479
-1.00366913168557
-0.869956915758808
-0.869342541363219
-0.809869145604299
-0.938792283351711
-0.980714202527472
-1.10973820888556
-0.839074019063915
-0.909081921762825
-0.969594742376964
-0.973464033983211
-1.02541639592565
-0.905922419564832
-1.00291926325323
-0.682390344264342
-0.844758132092573
-0.916499426908257
-0.857505658108915
-0.897848277837407
-0.796012302978156
-0.843904327251077
-1.08796650177281
-0.917978045296237
-0.775457311905325
-0.771844159033317
-0.929852329440823
-0.794892030239987
-0.888960202102126
-0.838149696801684
-1.02498149303575
-0.879282602005983
-0.9179671378153
-1.11271181623894
-0.923815480175656
-0.946001612276821
-0.962133569571964
-0.799963151815296
-0.85114950219779
-0.807104077623475
-0.82195162978513
-0.815385308569532
-0.922393101919365
-0.822706563252289
-0.986073925133057
-0.906026714026526
-0.918845753737867
-0.791230428005689
-0.821632336463224
-0.831961252211321
-0.967562598521506
-0.772566968591329
-0.988692059812089
-0.865490089916758
-0.96601506453319
-1.00538605717348
-0.738938515123806
-0.803116548057049
-0.781795265027348
-0.882840987120296
-1.03872743535475
-0.775165619156365
-0.872507093164874
-0.93468673019023
-0.814282358355657
-0.728389154344363
-0.878859504768519
-0.863791914921993
-0.880758061688863
-0.708185581250702
-0.665727943642239
-0.834873261118993
-0.796841626595869
-0.69868624669128
-0.794468101140652
-0.996644625688039
-0.761453089435275
-0.801237530559968
-0.689969208033907
-0.932909734034241
-0.715909405250944
-0.812061878116465
-0.655544940028122
-0.83718595613249
-0.811059192480342
-0.713615474647479
-0.893107717425159
-0.789266616165709
-0.773079363992431
-0.824167798953342
-0.844394314917897
-0.676274674966021
-0.734413488907348
-0.733950790319921
-0.897999605456891
-0.670420932436592
-0.701107825366362
-0.673502690870628
-0.871337915726956
-0.623765498947324
-0.555990750946201
-0.851849089909776
-0.853710444746871
-0.745294503947531
-0.739528503234722
-0.889868970544348
-0.839599288419946
-0.715539939050497
-0.709679885513811
-0.66595468205903
-0.800100741722595
-0.816218734154911
-0.969419274569039
-0.903535952654204
-0.61717589936525
-0.764177472154011
-0.748534673145151
-0.675180868044517
-0.764065524150882
-0.544524321518228
-0.817293530001033
-0.773687089027357
-0.789881340459909
-0.692531010842276
-0.791016150998821
-0.591501642197077
-0.633682510974776
-0.70436398981559
-0.687408443915513
-0.691553919566371
-0.691302437262229
-0.605037123434149
-0.617119044651457
-0.641615657805796
-0.879018547901721
-0.657491261613336
-0.68213489731904
-0.738761893697069
-0.668682903713981
-0.768570045479688
-0.766594611721751
-0.538573097839243
-0.626719447033983
-0.818302982053706
-0.554315051577318
-0.72751542717349
-0.598304901056459
-0.602896632092156
-0.712294932715672
-0.471973594735202
-0.652117483129962
-0.761792859206464
-0.570861295128805
-0.692223693034069
-0.435541774348085
-0.825684002674664
-0.540620895866424
-0.630189977765308
-0.679640323612532
-0.693036112494975
-0.741614957092213
-0.351407779589504
-0.524452747275097
-0.717278001606021
-0.552791497942341
-0.630705306984435
-0.552442250296007
-0.692671771646734
-0.528639142857437
-0.557608449797533
-0.689981493127659
-0.705406432392155
-0.529832111137528
-0.613740411389603
-0.605763153182529
-0.658464629686966
-0.589283681927448
-0.640393669404074
-0.48444371732308
-0.510909798576033
-0.550769102277519
-0.730009854376785
-0.526550829165406
-0.539842778650219
-0.427464746606234
-0.561427054260248
-0.522557721079228
-0.451042008726184
-0.621128689689134
-0.545697780133418
-0.609010078288033
-0.408385021361083
-0.726768455683439
-0.425798438030998
-0.533987977900304
-0.641770183493291
-0.550953575887005
-0.770955599415257
-0.649720952413625
-0.609414202657859
-0.641751036797033
-0.522384925270096
-0.499707431266601
-0.533204132574335
-0.518491141306623
-0.499830600033297
-0.465481405855528
-0.471219366788698
-0.552414838410242
-0.568438526393163
-0.750302814528891
-0.714385635281201
-0.512744808082092
-0.594968932420373
-0.484607323268984
-0.548516907269923
-0.605096433443864
-0.517997680370566
-0.670154055970024
-0.469738815684947
-0.547388980849878
-0.583597160690017
-0.581834718335668
-0.587517731074449
-0.387205853602567
-0.501659100261563
-0.583513290219502
-0.391369923269208
-0.469964499007517
-0.581792575844424
-0.586175274315228
-0.447059157013338
-0.575157513900452
-0.516571280280373
-0.536788477175407
-0.407069817963633
-0.428675147602322
-0.598661648369671
-0.331518292669539
-0.451345300368047
-0.414834817276369
-0.387926641470955
-0.49857051114922
-0.417571560369788
-0.597153896230332
-0.348453384541648
-0.468183802757803
-0.429708552291345
-0.385828307894701
-0.499839060219679
-0.273594072931591
-0.360068097755562
-0.400491320525906
-0.303443996915312
-0.400412782458382
-0.485769379207471
-0.517595270160751
-0.513096296694742
-0.620855965634576
-0.469372900815947
-0.442699126168695
-0.553886826955421
-0.345709080085622
-0.395503507934797
-0.392229611533593
-0.500619946319136
-0.322083304814641
-0.511997465199773
-0.433585878043692
-0.537137231358119
-0.536109013127938
-0.386909741787056
-0.386277795483522
-0.40972259757382
-0.344431316461034
-0.415082860718844
-0.368815858672826
-0.535798056412513
-0.38588692446925
-0.467041358678229
-0.464779484321768
-0.460511246342072
-0.303324307962954
-0.483952855828445
-0.317092769985655
-0.24607627788467
-0.367016232878773
-0.48997602490129
-0.448750427646337
-0.334935138122476
-0.46910747123208
-0.310089103263395
-0.296018269712213
-0.463409629508889
-0.311273795347543
-0.283157742616223
-0.36551136937096
-0.415749357292699
-0.306715887986305
-0.504584466560528
-0.362536788360493
-0.397267532716726
-0.497734709591697
-0.364674097537408
-0.248061381558993
-0.368412722167598
-0.352993268025609
-0.271940871311452
-0.293279604480674
-0.267105507779042
-0.315568774928329
-0.375545629175103
-0.301572819870989
-0.405083159786049
-0.368458286938564
-0.399904244415257
-0.360105919884693
-0.410394704099445
-0.327499236592196
-0.277776011606459
-0.259715810369169
-0.241691257523438
-0.295276354233441
-0.294680899976512
-0.405481100932845
-0.377008259720302
-0.319337755251946
-0.403657496420811
-0.283722890307852
-0.175379924471343
-0.262360643624022
-0.461194755672457
-0.414080727430378
-0.338647027118943
-0.291779652806447
-0.283203131207818
-0.272277549364125
-0.2834676293555
-0.304403850850462
-0.227697999652822
-0.446976228006977
-0.335518528756271
-0.458049937422883
-0.290610457870796
-0.306505160308009
-0.243985190139847
-0.259819058491585
-0.348605501478528
-0.22696786487061
-0.405288091284125
-0.042449199688097
-0.217573379468787
-0.250142876496017
-0.284602809440832
-0.312147490601399
-0.298731634037988
-0.182692731085203
-0.418276781853314
-0.367714350010956
-0.300544776881301
-0.203637333777003
-0.283986558611283
-0.231467561770753
-0.328014175111541
-0.159966471340263
-0.181719594814847
-0.304902132160761
-0.20518065701189
-0.354416708667275
-0.266241865087234
-0.248987623868466
-0.281047590545309
-0.0924984500816946
-0.329123119957843
-0.123530303306337
-0.161950953261176
-0.297152020759159
-0.153325078904507
-0.184642619136157
-0.182582215243611
-0.163911012928952
-0.170957435443868
-0.254318613714767
-0.137890554796843
-0.196115002040852
-0.230432815498387
-0.151609671652267
-0.180854642243956
-0.0851584274345871
-0.0290420947143965
-0.390526165473034
-0.181676079005937
-0.0169701000924598
-0.250005515404833
-0.206614764829482
-0.316938910673324
-0.127998551458916
-0.141496518381105
-0.1727420742249
-0.187899852336677
-0.115748438508017
-0.182746337209934
-0.0586243776779023
-0.103842810434998
-0.128397131731691
-0.096047567230395
-0.137931779329889
-0.145564866920465
-0.247559429944985
-0.161433219135977
-0.0713527539837636
-0.000403554004699946
-0.0668081184491905
-0.111692910314065
-0.130944338347218
-0.172195975561773
-0.0751128451043233
0.0128145011831743
-0.105342006043044
-0.0271077816815281
-0.159897086017508
-0.229789351922681
-0.0196949424711841
-0.278406923793773
0.0211134695708267
-0.192818388519941
-0.104867813123512
-0.160034358240432
-0.0280653866068458
-0.102380791793364
-0.0730500092237204
-0.0614731066215492
-0.114033658505244
-0.123967951174615
0.0399878086827599
-0.200021731096547
-0.135124514628806
-0.129741910255255
-0.140881127195569
-0.0766152693588289
-0.0337801838990814
-0.0743436118876554
0.0418564083294164
-0.0453434878284376
0.00927380053186846
-0.172191519309326
-0.0707700934819528
-0.113634673704791
0.0303134195431523
0.0159416086673034
-0.112226976845274
-0.00664938989405738
-0.0419927913417665
-0.0286888729201949
0.0353185244709721
0.0374137329681113
-0.1881446620631
-0.013104662174505
0.114338476589233
0.0478340994001199
0.101314724767718
-0.0698998805718841
-0.0773766864545388
-0.00749065175577764
-0.0790055551653671
0.0411645079014267
-0.189632438102548
0.0608748069577094
-0.193247603160883
-0.144565432893961
-0.0434367613893423
0.0201124999594753
0.0819525763679036
0.00239366606094968
-0.0132529454093076
0.0387831780512537
0.02765160358151
-0.0137729413494409
-0.166401834422012
-0.116416593031365
0.0094462350642829
0.0618044161493195
-0.045615889313896
0.0855901662080597
-0.0228400348191057
-0.00344533407963315
0.0762600379205098
-0.0668144343103006
0.126180685586987
0.175555063058577
0.0716225549784608
0.0617259226844144
0.0400392081505186
-0.111234500028909
0.186451601410269
0.135975219724128
-0.0564039295224711
0.121599737127702
0.0395808999248561
0.108479573764277
0.0859381976801244
0.0470550689974129
0.157868657391816
0.0389777371496171
0.0957850263976471
0.214923067886331
0.00152262337283179
-0.0915461390558667
0.254426370936852
-0.0484857051503932
0.173867749656112
0.0982055384738573
0.201946030330172
0.149293370718591
-0.0107186648322939
0.123373708912518
0.166693197105463
-0.0611040627535591
0.0465028523056906
0.178982938868234
0.206603443512667
0.158030363810307
0.0536335048991189
0.0747164908070677
0.0892591424987869
0.0886751683944848
0.0892422712357632
0.267714051439805
0.0671009509830429
-0.0123713166642663
0.05438242440247
-0.0302658662319009
0.0314418054412847
0.11600968620274
0.173229539799174
0.130951499423517
0.0244344355602816
-0.0811104764042132
0.199003310170112
0.187132851230341
-0.0255756782774667
-0.0147377764674378
0.174879684157388
-0.0115991517760693
0.139691673267422
0.1681389057611
0.261235737024039
0.047450693518485
0.10396747008826
0.187886188933397
0.114530925098185
0.143468895787278
0.197031391070758
0.212122182674921
0.0687297483643292
0.164967086046763
0.183436488765287
0.1198646132655
0.0908320479301394
0.157597850210782
0.298338948015172
0.330319033029426
0.19257419918275
0.223127940991039
0.183213070284496
0.318850426934527
0.0612773925614834
0.255810192171765
0.187155218473731
0.185694750801931
0.219903728812361
0.209235013496146
0.313292365511478
0.167672473956989
0.261885463040488
0.279936129262514
0.244889684223106
0.097252896621411
0.199002115247084
0.215758895125397
0.172279899271915
0.202178744782331
0.198171517853824
0.176351464255661
0.204958163133162
0.133031980516876
0.347257961646149
0.159864997507861
0.31271156822569
0.229815138305906
0.229867548893289
0.175256735601131
0.210674119084184
0.0573268874024142
0.277815081183511
0.269207832659189
0.0547446926889949
0.397963582794171
0.216571408097256
0.273720487616805
0.389002837476914
0.160485768091211
0.190149010756329
0.215788439217142
0.336671379936839
0.237155475589284
0.232137326257654
0.230104517623644
0.348573940984385
0.200453100091813
0.342010828730791
0.267674238795253
0.200837293568992
0.299703569788262
0.219286127007619
0.410806445245102
0.34857749395296
0.2524467245529
0.375238079759117
0.525786387816306
0.357330405115037
0.311196796018701
0.228776462203302
0.468262316050664
0.205155082914649
0.410588974190213
0.389885206696031
0.278561152236467
0.298469178118267
0.277054676558107
0.302729262551698
0.460463677781125
0.330052985007939
0.427199242103312
0.223239506033455
0.393227970360093
0.290517669149219
0.181662260746853
0.297295302023629
0.319119625277218
0.366929687961103
0.348424560972773
0.222340255457036
0.321890566453299
0.386623888558849
0.48664398168919
0.272157530941934
0.365782362938245
0.295996945293615
0.199875031840843
0.270239531029788
0.523678619156944
0.373339464487965
0.554622829789535
0.299887469889612
0.321089188455385
0.203524533960073
0.370944511021801
0.235378325234108
0.35479754981593
0.35039569341467
0.539587313940917
0.378193007810822
0.373840326195468
0.410202467943452
0.458925327818493
0.437940308528546
0.456048133642929
0.519886943195314
0.400412773093567
0.408428463916592
0.336250844092634
0.378560927687605
0.372848062785707
0.644645287472054
0.430176772459529
0.415260279748058
0.218864386275952
0.430145391769089
0.490978634373332
0.533877435733782
0.241407953848346
0.39715953070926
0.354498248460411
0.318339898002429
0.260966211283364
0.389685699898177
0.626655695956309
0.260184060790657
0.463603437216393
0.348605495095567
0.348220872832543
0.463061134235687
0.440660547401648
0.377736988119551
0.580303526350641
0.398712912260481
0.487099243628369
0.41413481982979
0.375576200866165
0.564549709685722
0.402953993990774
0.377153936468503
0.518925346359811
0.229010698684732
0.478441646977431
0.569999874966264
0.348828116295535
0.385954623247465
0.555090438779735
0.337041001968942
0.507924613181501
0.468703341287705
0.579969999393794
0.432635739106051
0.471331743813158
0.452380402433158
0.556987233428338
0.504363732648438
0.541069176917946
0.339783125832062
0.439106532526191
0.557736214870549
0.542314070306828
0.506636650093564
0.339334105643278
0.552820736654058
0.603912881558539
0.601790606244605
0.35955692156635
0.3566311283231
0.514965921768542
0.541203159075251
0.638776672575927
0.47786551730035
0.454889612777324
0.613514064733087
0.698421337763051
0.464489690500623
0.531182356674135
0.620568303883824
0.718613807611627
0.550409706922055
0.610694817614804
0.434106832958042
0.391469677296399
0.600499236365468
0.493863635012895
0.554119705820099
0.411452070596098
0.683367655811192
0.643980340446955
0.520311996649353
0.61610512545349
0.566682526004672
0.497241126738946
0.586068193019564
0.564889511705317
0.482694578485053
0.502723010785159
0.550786541336706
0.614006792894545
0.619807443032596
0.636620101103061
0.578621978709207
0.612709999806349
0.669437537374903
0.578484881566567
0.462842041978555
0.589606518928973
0.630846212865823
0.655049061481018
0.624290917018546
0.652235676585631
0.650428383076822
0.62597091956806
0.517842236487365
0.601581649315295
0.673222100286244
0.639969459042322
0.739247769870094
0.453846806907928
0.615491990390185
0.682811579043512
0.775460931868286
0.591168412370755
0.611131926505016
0.665175580457759
0.692720546831914
0.562012157506238
0.641195827232979
0.663052621226166
0.701081625658013
0.82416769204657
0.522062470359486
0.573374990708478
0.648919417982072
0.621864243567713
0.790931562101477
0.710321567118603
0.618272170409489
0.635983857904071
0.664532683271671
0.666685220017519
0.584224324868248
0.605584961142347
0.599968556760515
0.804789404829641
0.728375333273357
0.654017567661456
0.708562846891594
0.747398461613476
0.73203987955484
0.661226434268411
0.659866616405488
0.607809545444751
0.578629711023456
0.735678739037488
0.70612674715835
0.627687872305126
0.532959320694977
0.924280592205228
0.718040824768048
0.725535545804646
0.673022922082392
0.774584434356152
0.713606804319401
0.616468064825315
0.764573408222489
0.739858481986976
0.833434390758274
0.813717167688795
0.795148609592306
0.723553934447152
0.641461997628422
0.807550682140509
0.785418614791608
0.681460441507739
0.86033125707955
0.596816398331536
0.73627875195383
0.682957490712301
0.762634170447002
0.516772036359541
0.626174378804204
0.591449984506517
0.783409676722588
0.662998000301206
0.715243370298979
0.70970071020703
0.674001209766946
0.689078941024113
0.755925970294982
0.648217744760458
0.717165006473894
0.999618229389639
0.674186454125339
0.795163675962766
0.737100684365896
0.830704769457847
0.738853101293486
0.657970222133739
0.866343980548434
0.743798574594654
0.887870937395515
0.91000185614243
0.709290674077743
0.851150946405112
0.903589748724788
0.741356016148898
0.866223151894447
0.646936641241564
0.677307291781688
0.769797520814531
0.804010238196484
0.817419924109783
0.619319720726363
0.696883773980321
0.651012418767053
0.822136162337701
0.716243804821644
0.761706765261419
0.75035182032828
0.917672054345248
0.902295621769123
0.777683156812365
0.794788960111298
0.867611434531614
0.720571393201662
0.891544700648662
0.754133580486397
0.774184697001282
0.897295638543633
0.815984061201371
0.813454260737998
0.912944365636015
0.729060552157808
0.719454740763319
0.971400922807755
0.781567070475535
0.871380124060411
0.866667314355871
0.863948666572551
0.947124651270293
0.930143072925288
0.846300607389452
0.719965318423566
0.968104878546763
1.00290486463834
0.94077351336066
0.764136317392498
0.869700106543948
0.775597919907295
0.775721499182813
0.93288187281167
0.802397675035136
0.809562612777712
0.975175567291931
0.9456454440511
1.04361094296852
0.989808633122025
0.854376858817226
0.963110574418437
0.78541329804777
0.89586212657416
0.95906337546002
0.915565292739754
0.887968914646344
0.90710673588337
0.912126746440046
1.04615302414269
0.887028020848647
0.891935817089782
0.978766929962084
0.880793675741226
0.916634531109643
0.984524327026198
1.07755689395895
0.96303166076158
0.934867412964099
0.786463337228326
0.891553728586177
1.05515160251553
1.05739780644804
0.991722390656877
0.9106589349273
0.865967380364439
0.813040407604771
0.946196635731115
0.886149515681901
0.967182458577073
0.912240387488982
0.843446150022487
1.08306479286179
0.861607817175197
1.00101284864165
0.810272429495425
0.787016090900135
0.973769837716974
0.930638490221532
1.0692780078572
0.992721141913013
0.716503758534418
1.01742777675322
0.925933832451233
0.960253412214378
0.974388622060434
0.94152108134098
1.03812283738447
1.05756243288997
0.89118889731597
1.08835405230742
0.952769059983136
0.973468396111577
0.903563809655975
0.991217242299949
0.938466969734764
