-0.0506745444515237
-0.963739094111968
-0.882115461460458
-0.945433959745051
-0.904098203529929
-1.08527167764594
-0.938806525539255
-0.979414811763816
-0.887725074784341
-1.07136492036476
-0.93018381483198
-1.01957796209569
-1.17893353702521
-0.961708796444494
-1.10066928316864
-0.942026076781018
-0.999132249952657
-0.957337244089962
-0.90878182713845
-1.06520412251901
-0.849206974756572
-0.975306254280926
-0.828526749341154
-0.924983452586634
-0.843601698997547
-1.02210340800498
-0.94686188598014
-0.907254122279878
-0.84454425693902
-1.13270482390422
-0.876034927874599
-0.930706620138182
-1.0563611088133
-1.12369244695188
-0.830891301188753
-0.836182568205338
-1.03015362462833
-1.0637515756268
-0.779298506949998
-0.90705938831521
-1.05074057498485
-0.87535505469784
-0.878456863990843
-0.933338112096608
-1.06952386551904
-0.860506970597162
-0.899135146660642
-0.974786503227013
-0.888032800188091
-0.839766237965581
-0.915609673396535
-0.929082927042651
-0.978828276904508
-0.792681809069373
-0.999616749902575
-0.99121914732138
-0.882306028553512
-0.833655654892749
-0.966773226874063
-0.949848543213996
-0.814765557901885
-0.851978429027633
-1.00613280611805
-0.824001343016284
-0.783217452692372
-0.763683197041568
-0.937816872145889
-0.745508967234751
-0.787099076500048
-0.861390660817174
-0.798840703086638
-0.742277144723614
-0.823640014584465
-0.94913714490611
-0.882300979511176
-0.759323168433107
-0.832922628236494
-0.899953285575325
-0.804190411828554
-0.91921920999104
-0.703850135580554
-0.950433594058034
-0.764615352330112
-0.832532690748266
-0.915959064977195
-0.882651028158067
-0.877025127039761
-0.834195066278776
-0.685273766708069
-0.742948826104182
-0.797206274066062
-0.647750606987173
-0.805340447640218
-0.705924115875359
-0.852702675858227
-0.924084799041029
-0.792486648529654
-0.877455982734604
-0.995338304665885
-0.88964663902408
-0.765040858241732
-0.73416622413212
-0.749380617391149
-0.910028607462568
-0.843821009081202
-0.787742514669342
-0.709351717913453
-0.671861468249586
-0.78903305585204
-0.927453795373461
-0.746504763244227
-0.836167512435797
-0.736820732610056
-0.758840800191142
-0.74442069091546
-0.712387394979776
-0.660711952010591
-0.626731516621029
-0.842446077865295
-0.688154599401599
-0.635360546587683
-0.890239267671557
-0.663748809946907
-0.82425373040008
-0.727202597165371
-0.618845854619328
-0.849956953640687
-0.64658281923498
-0.784544640847199
-0.854764512467748
-0.713599975189958
-0.817669439361872
-0.845132410495574
-0.749773148998849
-0.747282249372006
-0.679641269458374
-0.757840396908436
-0.874078519499563
-0.627495117843486
-0.771131011595764
-0.764078026737587
-0.804374947458747
-0.66484589227352
-0.695629479234616
-0.659652740192249
-0.723780913226694
-0.776937225481017
-0.691685096659958
-0.696052649209859
-0.816585510833553
-0.714226103107794
-0.77009079245144
-0.6784881061617
-0.66567910660807
-0.701644286999281
-0.902174749723789
-0.755679704171813
-0.681607035599149
-0.791977961539592
-0.62729094309926
-0.752004862242507
-0.638530313003775
-0.615242679854591
-0.680658372100235
-0.644130849704907
-0.587087152794594
-0.783103998932078
-0.625204876981035
-0.542589883188466
-0.602906458745599
-0.573071903421622
-0.591328089600603
-0.59669678544105
-0.65212290534222
-0.756846949465263
-0.624053453196532
-0.812021843010931
-0.653671140322212
-0.547413687569846
-0.69244637934897
-0.610081292530672
-0.581655453199058
-0.572196583335131
-0.702613482077468
-0.652654497898407
-0.545436489258736
-0.726771520678898
-0.6277388701069
-0.591517288474446
-0.53942688697136
-0.670947340193798
-0.639039670240973
-0.586246262399458
-0.644053667934065
-0.803368959472012
-0.639444874121458
-0.545459100951551
-0.56261241742203
-0.733295784541806
-0.712615566210608
-0.505543324036383
-0.462827181957292
-0.549863582489794
-0.533286324595281
-0.639950519502748
-0.65390060935398
-0.733602414640624
-0.593743697591145
-0.497456363000558
-0.495984954400706
-0.60491664444032
-0.602825470474829
-0.571328117801409
-0.553603504436364
-0.670547996095768
-0.720403432944781
-0.64388399856101
-0.499201600071443
-0.626841466410012
-0.51814172393789
-0.67520375886365
-0.535983134615692
-0.66853317916855
-0.596356628287228
-0.613817788633569
-0.674847712951215
-0.596319518566155
-0.524319797013951
-0.548807155180622
-0.490264439515334
-0.517468219263088
-0.628364282564969
-0.38820444920188
-0.558677710015503
-0.530284208047604
-0.635464381321268
-0.500142283793656
-0.568751921245735
-0.413993615785943
-0.45327497916968
-0.447376467699691
-0.398519445004409
-0.661960832292273
-0.599250710087865
-0.523592677579472
-0.513406458209284
-0.515897408046684
-0.468368890701324
-0.523179138154606
-0.5753759588901
-0.380103979467423
-0.557152946484904
-0.407572345026284
-0.419811084648984
-0.412857865467577
-0.534488130885194
-0.3427419064975
-0.444625915420346
-0.485511708863988
-0.525566438077471
-0.488394153911292
-0.429584930825518
-0.460851576467721
-0.462885961732546
-0.546219178934209
-0.529616913782747
-0.526914142697294
-0.29483631811634
-0.399662119673684
-0.401434390531172
-0.418160703190712
-0.576838692953529
-0.387622721833009
-0.464113651109915
-0.493932378108306
-0.461254972752702
-0.32264815239337
-0.438845408574367
-0.470130830724208
-0.459036748656748
-0.587003434914761
-0.489938194750658
-0.391364476543097
-0.43687188703804
-0.453068863433693
-0.219925748993138
-0.320644473353916
-0.414605323437977
-0.406109785428576
-0.420342063557884
-0.454979980076914
-0.347930560650591
-0.51091073847396
-0.498072214344244
-0.336716383254592
-0.233891810306566
-0.400350310080572
-0.409598258324971
-0.368811027772368
-0.3899992474716
-0.597741464218907
-0.499126841549632
-0.404603251845884
-0.429894561850891
-0.444604149273839
-0.36705036113281
-0.420659578039406
-0.385948758518307
-0.42586010827145
-0.358516134208208
-0.349410250832685
-0.486302617246926
-0.142178389859859
-0.291622619437736
-0.471767750748441
-0.202576198900677
-0.344733160139088
-0.344947391642562
-0.321436571146933
-0.324361165480997
-0.408893643006009
-0.350721611256354
-0.348184740934584
-0.329718057653788
-0.413987017989465
-0.378319884537343
-0.445011353820036
-0.434653079695502
-0.296466865068469
-0.34440700994906
-0.36086717910714
-0.349608269570848
-0.291164222348242
-0.376545081363244
-0.266598983209765
-0.244508882253425
-0.28635077237352
-0.361935741597953
-0.351057115470953
-0.370037886189946
-0.248388638672559
-0.294861020800783
-0.259653383282996
-0.322947519532389
-0.558926542889557
-0.220516436509923
-0.209866212778618
-0.413006916432904
-0.282185778080915
-0.448731864250178
-0.230593071709567
-0.282348749964352
-0.238191484716809
-0.455449856277427
-0.355528972642401
-0.369300193903448
-0.347564661183082
-0.502190202505708
-0.19977140495616
-0.428320226203546
-0.278088689555216
-0.36479956844448
-0.19622220288216
-0.314455268440411
-0.276083210665748
-0.138893212363109
-0.304989610473948
-0.250097742434685
-0.18162871562387
-0.3620047084539
-0.279955852660663
-0.232083496630425
-0.211373976591633
-0.26872512503123
-0.214466042941017
-0.239761835862287
-0.214830616416201
-0.277772329443825
-0.242261462074286
-0.0933760928661183
-0.290893032593446
-0.131594236767124
-0.261565643297344
-0.341131555993463
-0.25557019162348
-0.245677526043922
-0.0973599060281038
-0.21082110708899
-0.235818709604443
-0.198159805955874
-0.24417993335278
-0.325579767278418
-0.338062024352471
-0.241055888253435
-0.34272383138627
-0.348117927546642
0.0108941758794005
-0.243346776187904
-0.246743556954491
-0.253496518491419
-0.294547380532945
-0.124690824297128
-0.0720923589584528
-0.17553602801512
-0.100677939071313
-0.348346586196341
-0.432156222156418
-0.19273441347848
-0.151276995230386
-0.252709868178159
-0.141684430427649
-0.146518344696119
-0.160328356501767
-0.0540246142858326
-0.23898210009479
-0.0353582921262054
-0.340975319827053
-0.126121498906137
-0.181622594282794
-0.375773646982799
-0.218917101007788
-0.261173069334135
-0.067545740734143
-0.055146532643376
-0.162732108678368
-0.221917082884141
-0.337874106682232
-0.0599444721740408
-0.163624227362238
-0.0981539320093304
0.087154123549213
-0.196212051659228
-0.0555791812960016
-0.157925261683406
-0.0727942413117765
-0.162935634896515
-0.312567557077781
-0.181887156710696
-0.101992232524111
-0.242242866934042
-0.138434391575027
-0.120127407671993
-0.211745188860535
-0.034959266198569
-0.0628939172267591
-0.0211457658019174
-0.118419960485883
-0.189372691290888
-0.0538148982808774
-0.119051034702268
-0.140410011724507
-0.287191595660963
-0.108279686363971
-0.0164804784306541
-0.0310010255451844
-0.0530898104332723
0.0624522418054977
-0.142425114482846
-0.0455779502125071
-0.159657750381024
-0.0865101924576704
-0.0672449836932796
-0.127431412732262
-0.127640622662641
-0.169062811073693
-0.0179863051458505
-0.0149953852583312
-0.0172386432728452
-0.0700020131274689
0.037623815104903
-0.161156398163469
-0.0679905259202834
0.0319635245512229
-0.172381021332743
0.0415425806032096
-0.0968093978045222
-0.0432890960554322
-0.0265594082109897
0.0447362226441677
-0.0690347816306149
0.121973750855237
-0.0541603277550897
0.108531215559606
-0.134230133874813
0.036575139563644
-0.0405826451161433
-0.0233395489796099
-0.0824798996881169
-0.00257536761058018
-0.134036211306676
0.0378939008452082
0.0243673860555924
0.0884641979061226
-0.0162129639223504
-0.0428027289976215
0.0652013636769063
-0.13931279758129
-0.175069929703137
-0.0795616182102732
-0.0011568956086753
0.0283221297813316
-0.00729237639809641
0.0154782911682584
-0.0567589061890615
0.00073142112733359
0.0330312765243359
0.0316196066117671
-0.0645025360611679
0.00450480876780732
0.0467574427582809
-0.0171301810949996
0.0431170789926933
0.122637837006009
-0.00297114203501798
-0.0169895534952122
0.106567677016226
0.138361038069553
0.104982464334524
0.0430218060347775
0.0724781930006658
0.043908077597189
0.0990997289632473
0.0986558069584082
0.0578285238254409
0.0808651248830821
0.0225327014990413
0.00312335072695923
0.00945966165000191
0.0879800391401314
-0.0331627431339944
0.12931950811877
0.0667414714542478
0.115948142159948
0.170755930792782
0.0499296893683319
0.0754417616458872
0.065505341789762
0.0513244572444987
0.063432315613892
-0.0454138544590826
0.171087292716292
0.0608025780561309
0.0979204859441542
0.0427947317097942
0.0916376529060396
0.0420457146069035
0.0460457930638677
0.127899759381936
0.0259312666296326
-0.0100937417462092
0.148061408162311
0.0703496828846049
0.162134136102222
0.117054623874403
0.0725232091062905
0.135541144245533
-0.0501112855838949
0.176730276640775
0.149795943844547
0.0629595304580295
-0.0397060738986197
0.0484166630870956
0.187804122893263
0.0781849209601637
0.192065174405097
0.147890808432732
0.175236052557314
0.0675569308851081
0.193829549566488
0.230359643718616
0.0674175142460387
0.0781747728578832
0.147419302749555
0.154859242376326
0.0336257503493612
0.0481875726579759
0.0946389304979261
0.0815339001038538
0.107858547690663
0.225510744915721
0.295225113919376
0.123323438369784
0.104328118191137
0.173408001186305
0.185755990803152
-0.0739191801072753
0.200716531912412
0.257095237477029
0.246763794842846
0.125622083577437
0.393848181526272
0.25059837775712
0.224377562407244
0.297308576981528
0.17949940120418
0.114700178341893
0.205115998265197
0.138574506550764
0.318107323771099
0.109331426687596
0.216378909590028
0.286194135324801
0.275999245043661
0.145532555949876
0.211087763044358
0.11232290652757
0.297110391823317
0.240481666958302
0.207530919755183
0.289809649577858
0.210258418174606
0.139849378734251
0.18202487544988
0.230943039644164
0.273668296840133
0.127806952694394
0.16497177181903
0.265007868757909
0.225110659388628
0.228527601223606
0.0528505508822062
0.116572357716592
0.2079417451643
0.24084298978187
0.159219805909369
0.355736465354115
0.234190079757845
0.122634296064195
0.237542722814861
0.272249646023896
0.30749953315271
0.113219145519532
0.204389127677186
0.20058635360976
0.226972435959521
0.215852458038966
0.330655351941495
0.160879379164793
0.324275417149622
0.230722912190157
0.274104853555099
0.321578956726047
0.299351121765838
0.348964091870498
0.331177533702893
0.232814563613177
0.259960292696887
0.26290240693601
0.34526514959732
0.136876020849696
0.414441372174775
0.340901030239891
0.337028120552215
0.367546125629858
0.35149014053043
0.422196922446169
0.295522097661028
0.247623803114611
0.284630610892614
0.277454820658353
0.178572730132635
0.239513363669985
0.31619018960138
0.432736037893209
0.331514625089862
0.363622041909411
0.226110834769943
0.419387778966998
0.3724872526459
0.291677192387221
0.219352847163937
0.297098667048137
0.358302654504289
0.49428995192345
0.36212050476782
0.350774453246472
0.269711203349473
0.423024379064068
0.295022262888824
0.343061730074926
0.261381799042437
0.238423449339779
0.429245037749992
0.27158108487121
0.350721928837032
0.405476014043893
0.43381679460149
0.241855084489128
0.319499693098506
0.313903043928693
0.260087151241123
0.281175741843588
0.315749309079434
0.33554311194478
0.35840452650685
0.32059225964961
0.441840695156436
0.278149896614868
0.275402558091934
0.447523455654121
0.268006650885572
0.363013423159871
0.392551698732009
0.456136409925385
0.474062016362974
0.312550193312806
0.292289075753731
0.286931375340801
0.456079805697869
0.386294333320427
0.3798826101347
0.42501640623246
0.444137603127381
0.404345288988585
0.461696783901324
0.388820565862622
0.4033008080506
0.424144381761239
0.362934389665665
0.366255181409494
0.413097387082119
0.386644050299052
0.305438816148714
0.404672346556507
0.46054983432763
0.628811140824236
0.341250562676328
0.455490299305092
0.524614716267476
0.466298060941975
0.539598893286004
0.417620465038437
0.526146530241861
0.410705215943571
0.650361737915244
0.516882607996898
0.599764075556676
0.425964399067878
0.582488067322461
0.439796831495342
0.438134085477169
0.490032244489566
0.661827865195054
0.495340428974253
0.43852073836474
0.558408998341133
0.573960353507629
0.515522763110881
0.464531270636958
0.543085187242954
0.505022159877746
0.435787393094933
0.561120997336674
0.415710754517367
0.627217524214095
0.569325623758868
0.52349163728805
0.511159512860791
0.391403502936578
0.479036690329953
0.52447398476832
0.524855775934059
0.666651202720227
0.407861808077503
0.604605680826451
0.598520280190766
0.520327298172827
0.466673005604077
0.684034487624454
0.471449251836529
0.541489600768082
0.608030079465676
0.677296371103058
0.427682675042229
0.508700994526091
0.632765005062577
0.592058669649761
0.559438965125349
0.505502565619626
0.588163077251678
0.505310113964026
0.652705697583276
0.528661738085021
0.553875139369164
0.647876245094362
0.69121589907942
0.655502773262983
0.700365170260529
0.65908336841533
0.473673488928512
0.577798682831538
0.424756519216339
0.586012122416293
0.624660697212635
0.531388206328354
0.646430138859426
0.584352270217059
0.619732361394386
0.49932879796905
0.669022420860635
0.622935878184106
0.72531021221321
0.49099676027689
0.793493326202632
0.492646586281584
0.68917947563344
0.647429284467101
0.656436407582468
0.564403833871066
0.730185607500237
0.683052075162957
0.711426858448591
0.387814468770702
0.558016674921076
0.632847202202941
0.613916203671608
0.714884768330845
0.604290027447104
0.583693603390038
0.584586305427544
0.667603988419538
0.742620251581826
0.564341954899126
0.644963077708354
0.732139760651152
0.518639687772086
0.593928218400523
0.714071909164792
0.606374313725201
0.601613579639228
0.642324204290749
0.669265689041664
0.631008461351435
0.524863993537477
0.671883053559658
0.571313670497334
0.723235869367791
0.932006120071898
0.707452545170108
0.475984717211301
0.662628893361252
0.640786215092855
0.481797918802325
0.693488455126122
0.648237125588357
0.743274878435292
0.787145829920644
0.693373324004927
0.767810493312044
0.651047713412043
0.629407848613962
0.609936072342215
0.66075854912716
0.632324789440217
0.817485900433709
0.871952792435201
0.79268635558104
0.875597928706226
0.669024050325702
0.811056165697194
0.726147873705073
0.65881937208995
0.824235275155763
0.743903135619413
0.704309066121347
0.91996745731892
0.82933750769276
0.719984152471078
0.700683178401593
0.657738578299384
0.792129706481765
0.723703824111546
0.83621864388423
0.739024839249112
0.712094563448646
0.764931875508907
0.709207759491515
0.693644144271115
0.82297997513641
0.747971568868254
0.646229353224026
0.657602670089226
0.792702326253974
0.930740642926646
0.61622580274406
0.931128441726608
0.637922040684986
0.730138691888668
0.673533447247113
0.712590615477359
0.894365724975458
0.639009530721965
0.977294988192945
0.771199900780214
0.819356687458481
0.761340356505487
0.825214975204614
0.719323465930292
0.625463990044942
0.855753040142914
0.740356910362348
0.774143870366729
0.816732285515219
0.732421333391727
0.828026039547628
0.760169385925627
0.851102671581135
0.76258176887724
0.895199237546048
0.763667557650581
0.901813327879979
0.826258428818696
0.824379727420655
0.87891340906638
0.82332208555085
0.918915042521728
0.847339810550831
0.894178324343428
0.897260460629503
0.923094126263122
0.914486747272996
0.864990479296713
0.917604034798423
0.785646467535205
0.84000475271074
0.910003898421643
0.819865186534169
0.865337412978259
0.842733242111747
0.88425316915704
0.716841441532122
0.814746003602822
0.77765243637071
0.929675018245298
0.943743845180348
0.920894469389063
0.792486414118332
0.869072424971771
0.929989077358584
0.804005890566873
0.852283542893156
0.844886979779724
0.864258905214503
0.913054776676698
0.903606904952679
0.935311450157038
0.883172642147442
0.872758138422803
0.873917254236147
0.92278612176272
0.970370365704693
0.976990677970554
0.820969516257984
0.781248854334607
1.05011944272092
1.00154032485272
1.03454391132712
0.955932262962648
0.895907639721628
0.933155931699966
0.965476847788481
0.961422748024189
0.982977828482627
0.9752048356175
0.885614149727688
1.03738997138354
1.08991027659996
0.88055155442641
0.95087710495856
0.961149081452023
0.872243121342292
1.05167462762509
0.850307625117725
0.918810204140043
1.01244758884449
0.852784996122082
0.926188649264078
0.940771232067754
0.867582337423741
1.16545335192161
1.02147088629911
0.908395890113916
0.850276297325212
0.814995977693424
1.00713405512089
0.968166228582792
1.15969965876814
0.953927347004473
0.992041726835653
0.889602893240128
0.997070261361471
0.910317007081405
0.895852249031944
1.04071734130851
1.07758510858043
1.00698789710986
1.00160083249761
0.896751402674782
1.03701233531924
1.00684215534985
0.797144311926745
