0.0125697568194188
-1.05574776618066
-1.05126632548938
-1.05236570279636
-0.963167068046841
-0.981383610938819
-1.02443492071881
-0.952894743912746
-0.828078779149667
-0.921525544347338
-1.15397239677502
-0.968592689829095
-1.03305903203889
-0.95797091223385
-0.946560786186065
-0.813796893936023
-0.970954852337017
-0.952976504101737
-1.02591549676224
-0.952615463198909
-1.00206871678564
-0.888490569807774
-0.941662594418152
-0.879784799506699
-1.15266497476607
-1.04340384461844
-0.896011470749627
-0.976275949905093
-0.89626881567634
-0.886781076516489
-0.916607233580308
-1.00203970789865
-0.7859846923324
-0.829478669560392
-0.914381629645907
-1.00125624284251
-1.07009227312407
-0.912712286393448
-0.966341496122907
-0.958849464984316
-1.02148330947905
-0.921928078117454
-0.993870058968669
-1.03177318420636
-1.07082575916979
-0.776554857911416
-0.931472165295792
-1.09662692769644
-0.887705763746582
-0.976444510037778
-0.765809580139524
-0.831532639386949
-0.970949605756792
-0.920087157847979
-0.842138669874795
-0.74420144092772
-1.07023127171449
-1.13349517352364
-0.92826990018688
-0.902372750948137
-0.943157537566679
-0.687879805781424
-0.856443046282717
-0.913760545054725
-0.714817286521966
-0.919481520497963
-0.93981161202625
-0.817654427571101
-0.784374415500216
-0.923023428351267
-0.794245868117508
-0.986053702412108
-0.911055969688928
-0.788920113836697
-0.860545272432456
-0.726879805544143
-0.892284070850562
-0.944912398694727
-0.768246872238836
-0.882504229660532
-0.849749523211698
-0.715325255422816
-0.902932848309859
-0.880064734681901
-0.692638491387817
-0.686134472524186
-0.813401450315078
-0.80717225428166
-0.738683641039844
-0.863498336740044
-0.860357368245876
-0.803152996796344
-0.740204144083968
-0.767715961613215
-0.800414634933554
-0.663978537131439
-0.762010987990745
-0.778859005264811
-0.620689072440076
-0.740841330202256
-0.810964273106504
-0.854679860298541
-0.909798603810314
-0.741188727002975
-0.65117296633815
-0.878657170073696
-0.924045806537263
-0.91841472395621
-0.705061768358051
-0.850156388115644
-0.82725383396396
-0.68007067168856
-0.770361319529203
-0.743481280884233
-0.689470736810235
-0.77786315965703
-0.788837293743921
-0.812973038189171
-0.803743608607365
-0.66714456818794
-0.699179231823918
-0.823512520755772
-0.634233899517209
-0.565803557218133
-0.694398924896604
-0.66603172050281
-0.810057862988001
-0.656404600431939
-0.847748771116918
-0.754361470101195
-0.786296099004308
-0.68356223128981
-0.814017743272663
-0.688796989790632
-0.692682095813468
-0.852946317246221
-0.761074703820254
-0.713459596532264
-0.689499503637688
-0.741322520529659
-0.726290556428009
-0.690815600087253
-0.732194805471681
-0.629269097132078
-0.729343668060614
-0.737212174240447
-0.673785571423072
-0.524692415980397
-0.737819946174095
-0.85039687603669
-0.684867357073932
-0.607641996778346
-0.672536931283459
-0.668335154987662
-0.718211127649753
-0.784525472906848
-0.719195220613423
-0.74298564200301
-0.669584087745901
-0.771088092704506
-0.752211437583801
-0.610618178700798
-0.655285407299753
-0.709645962428464
-0.643160192170561
-0.70226954808143
-0.659088482803514
-0.570647950598896
-0.647606159072018
-0.585163390292309
-0.673223491345472
-0.624212639707129
-0.788923662965515
-0.707489065680849
-0.580843796645897
-0.553536381284043
-0.693928669531477
-0.5826219614382
-0.63424152147443
-0.568577943312268
-0.576980631471979
-0.629584655833531
-0.640570670240738
-0.647091910059875
-0.649983492824416
-0.694474670054612
-0.530218688005954
-0.637289685625239
-0.551103709713804
-0.688140010348961
-0.48265360354491
-0.640061338698253
-0.635538955829503
-0.603589470512524
-0.642646581260455
-0.528266566027865
-0.649675508029216
-0.695054678956013
-0.585516594497662
-0.604654267606838
-0.769771423405537
-0.575239192484741
-0.423273555869734
-0.588283378477476
-0.558435869700249
-0.767212936479951
-0.68741105965602
-0.596755290597978
-0.608320554306675
-0.66615169950848
-0.558621237162026
-0.671322462250201
-0.589772800511872
-0.503058978881764
-0.537234198371119
-0.563276883778078
-0.390593277530899
-0.502307837314044
-0.452153125448814
-0.652831107106083
-0.583237932098155
-0.639194169020375
-0.608993595071387
-0.413068927373826
-0.489846345243808
-0.596680651100987
-0.538696483357363
-0.519646610595406
-0.517934483194146
-0.522128704730006
-0.506696727919694
-0.540486762805787
-0.594606472912523
-0.498880147598464
-0.67544980351866
-0.491822209810307
-0.623677194354381
-0.439377836831223
-0.46497287179192
-0.524291993149923
-0.619770655245441
-0.492346587592732
-0.678819890812885
-0.563374898992544
-0.520618936587803
-0.589221499761158
-0.481513324048638
-0.573717984665922
-0.420287503714411
-0.580751902059015
-0.49607532993676
-0.38044018616165
-0.486785075456019
-0.533332670321328
-0.443663266153392
-0.455830170926589
-0.432126944496832
-0.475350145258985
-0.552696228482873
-0.263892081732488
-0.424996543317482
-0.467382883026884
-0.339392024351827
-0.509747915005244
-0.554455859370642
-0.384435215436257
-0.569392913818165
-0.525876645035527
-0.354131914065374
-0.458463576699335
-0.601985123190886
-0.334235544188529
-0.450659931248369
-0.399168810943669
-0.529584396303969
-0.379648319255033
-0.557519110485295
-0.538834913677562
-0.365699851476007
-0.422577558819444
-0.470936564959797
-0.344626685522181
-0.53014998225369
-0.442277240899947
-0.397323839338191
-0.39990709784028
-0.439788055902684
-0.561670532528454
-0.468764877376719
-0.369965584173211
-0.40522911690561
-0.449141786124429
-0.56042657164178
-0.523299444019411
-0.476877800988065
-0.401378605605594
-0.447952745949887
-0.43305654998672
-0.411207366224789
-0.30783456333456
-0.443568338493987
-0.421567565629299
-0.358593759665097
-0.235129915659509
-0.37722377751099
-0.273830397316091
-0.435187101886901
-0.564381308181015
-0.327200985128188
-0.38429684793102
-0.20093119571863
-0.500468691079976
-0.385992599771309
-0.487324087636885
-0.37247508016049
-0.492150670846668
-0.422441115465283
-0.34462681663822
-0.170510448782328
-0.3671986167031
-0.366645857943437
-0.428250387796745
-0.385154330702755
-0.461793737095436
-0.220599314989508
-0.406744296791313
-0.441333272051639
-0.446048012319032
-0.318928066577017
-0.463743040162865
-0.420952583259537
-0.340283969130432
-0.424487307166208
-0.325598238376358
-0.232729283271988
-0.0696054763156213
-0.364726841594902
-0.347380076998031
-0.269058740297729
-0.508064210025875
-0.325010794589722
-0.341616419672757
-0.347469385534833
-0.251964149130863
-0.343606598106145
-0.226516450041236
-0.271014621901968
-0.222538658922769
-0.303582455467493
-0.416621858037957
-0.145979417731143
-0.34192912695034
-0.265218767034269
-0.175600381884096
-0.210000626872495
-0.234164824404866
-0.3614541477979
-0.285570843557798
-0.370872274533902
-0.303626506052717
-0.428172361559902
-0.228625800775893
-0.271419696493908
-0.273608151804126
-0.167319105060571
-0.290074214266917
-0.225211639772834
-0.170049708425587
-0.360811091987691
-0.259550257065757
-0.116399350583862
-0.204697961994635
-0.0254759506706062
-0.249723997625806
-0.283776906722079
-0.246263809230425
-0.212663601334653
-0.340572866823037
-0.156633199048912
-0.231601361310878
-0.169417746780111
-0.302065538785937
-0.278777674097876
-0.211335325385693
-0.210546071374713
-0.329296072574414
-0.21643545086568
-0.350835726284764
-0.227551394708746
-0.135820126479978
-0.160767372860091
-0.25332625210174
-0.214406103803487
-0.0212774384476126
-0.223977517051569
-0.234211120263783
-0.214950774378269
-0.255998039127683
-0.342892295391052
-0.116965588777701
-0.29991199457809
-0.193721923585365
-0.266345647150084
-0.317505396031337
-0.130845071988555
-0.128329555460934
-0.179214841383934
-0.0645754707004021
-0.373929132815707
-0.124784574794441
-0.241729685826066
-0.225661595992616
-0.237656340684374
-0.240653855863454
-0.0650544033858747
-0.140564361818729
-0.0859885245994155
-0.227353083943226
-0.150989063820095
-0.195311298477286
-0.042386159815841
-0.212075611353172
-0.126704539151658
-0.250254304288339
-0.0274477121134675
-0.171713234979812
-0.150473649074197
-0.126932574911128
-0.194909140208238
-0.0345812373929659
-0.161206509149491
-0.0613265958904061
-0.141321398514032
-0.0824548652243542
-0.0997582572131891
-0.165201879583387
-0.0594227967277799
-0.127564166681456
-0.14267514962446
-0.0974773345419315
-0.00938956166414717
-0.106004155235854
-0.145318588104121
-0.20930433518493
-0.164219801614133
-0.197101337960027
-0.227629453208657
-0.159686847051271
0.016156314232239
-0.0754050417600598
-0.0832909433914988
-0.0390489106638191
-0.233340655445024
-0.272383205179348
-0.17305409061919
-0.0673162890134848
0.0147729258359342
-0.175161630886957
-0.0813591222263294
-0.0317670691658256
-0.0849861342358368
-0.167902427912536
0.00556723563958463
-0.115892678786336
0.0283167465956974
-0.14286620268405
-0.0241470643645944
-0.19932913610054
-0.00650649874039291
0.0492280937315611
-0.0135062708809268
-0.133920426877485
-0.111703810678838
-0.169562351969827
-0.0749514213864444
0.0186187420934758
0.0686251220135271
-0.0462934312915239
-0.0244951758163608
-0.0966684191792562
0.0569429557258008
-0.216680128659708
0.0404429900642666
-0.0958212486581004
-0.0202950623475293
-0.0204034320796256
-0.0748021564658105
0.0127884937792076
-0.0731292767234547
0.0381111266708343
0.0196319814901923
-0.0851969045290497
-0.00759880885739634
-0.00497871811256528
0.0224494065615598
0.0673465327641357
0.0889073534405108
0.00875705503885321
-0.0483538844746038
0.0873889206442769
0.0694826820887521
0.0535018838601976
0.0898541211458116
0.0151171661824924
-0.0189081846681441
0.290700491165901
-0.171455615167263
-0.0292729742461552
0.0130220736099668
0.0199114974031372
0.0874986091647233
0.045131667024354
-0.187106082999284
-0.0276271548659998
-0.0316278930301003
0.0723164688953257
-0.0873394581048713
-0.0122097852255318
0.00605417684576579
0.0285747367885722
0.0848568256678889
0.156750344639755
0.00705933770462329
0.000938103326381118
0.094420001165963
0.0380643075207688
0.0575711609424398
0.29278361889303
0.208963198372524
0.158041470062414
-0.0425855040891545
-0.0442197576756544
0.109008465738553
0.208960021691116
0.0813505991165395
0.108587525053501
0.112701552239034
0.2133071205666
0.0797727685091146
0.164815329807443
0.308670590949657
0.0948544238856733
0.120579848222212
0.0871789362908009
0.0875237000508082
0.0372220903853359
0.0616252721898641
0.0075030726282139
0.0744199309426616
-0.0333540283230449
0.179477904441874
0.0104382900403305
0.125121862805803
-0.00715960109330268
0.0653137833547628
0.111778850776232
0.0259896921676331
-0.0611316500946741
0.0268214395059029
0.10883340299085
0.132988381359868
0.203248408635218
-0.101713468517398
0.0484811225381329
0.294094790063907
0.136879522977722
0.130371584645961
0.198113857768531
0.17502822914013
-0.0443018888892703
0.264006947585248
0.116225846827994
-0.116170137452833
0.13973954313142
0.172173065458771
0.205527725479079
0.153150847077374
0.159508438092459
0.224022664316291
0.0417897488167768
0.102519169475869
0.119640892133074
0.179480499696296
0.198124929415346
-0.000804272342909911
-0.0148942372781095
0.153993104450387
0.24866597884557
0.122170467111036
0.100994862673073
0.203261691731213
0.196831081567191
0.304657483254777
0.184929226816694
0.296670581177785
0.204173450797464
0.138351620107727
0.278546535244574
0.313758730180713
0.110470341258501
0.22746103978369
0.134113075923654
0.168737716552093
0.140714276066004
0.321576053321872
0.1837701883047
0.350380097081547
0.143330976496607
0.286585346225788
0.205025781334093
0.40134732047087
0.131576787665113
0.254011140620725
0.260188670181363
0.292206579042066
0.346051192232957
0.346407582025148
0.349264421686821
0.242772842938884
0.277626796091565
0.0874900393511027
0.2033315950504
0.440917403358379
0.074632031262118
0.295072775475295
0.215080454545062
0.241677565895742
0.394281941950318
0.246901488513871
0.235409732786283
0.183306154163008
0.212610483010582
0.265231579750699
0.280957249337496
0.382665775591305
0.21188142402932
0.312872628453551
0.280531540130661
0.272586335605632
0.328038755844992
0.236895345036307
0.247757656362042
0.326151041313994
0.370370982544051
0.181824646164841
0.200963285536883
0.442351961315176
0.329625117529271
0.256950993420008
0.345234680110155
0.36530037722104
0.317514125454527
0.350109176544837
0.287683354122043
0.327765358393318
0.316732148486306
0.223283808365198
0.417365028179788
0.44677182296128
0.424524867288379
0.306110647126489
0.298040989386159
0.238969810505767
0.30069296622055
0.48578201399838
0.349361291593793
0.3588195216381
0.342422093191074
0.289903455685932
0.290047611980707
0.403034033296833
0.415536833312983
0.210831791719856
0.281547952154224
0.260872823875458
0.377368497334545
0.369246989741893
0.388932530004301
0.313385593490657
0.440043413531421
0.309852141665515
0.401773856704714
0.352257162072393
0.33634381720169
0.379299292786696
0.42538894636565
0.523138848438316
0.115660122324696
0.226145926407613
0.425965867143798
0.309142611306404
0.305510486927112
0.340269228477213
0.393902015032547
0.375162068187302
0.301500485427765
0.347516305659327
0.44318389450573
0.324265366422324
0.338712921935923
0.371849977457612
0.347692806870677
0.508477453284169
0.35066411710152
0.467748196653701
0.327063936800939
0.525379006210564
0.321806887272543
0.580061403392201
0.444128906092846
0.417649253016955
0.44485928917052
0.362407065210523
0.231647767155295
0.298226825478397
0.486623102858403
0.420923160734042
0.450042651468436
0.381918324731426
0.45916961992024
0.362266283311818
0.457859815298634
0.408535602953216
0.349966555627009
0.493050419602877
0.599779286935224
0.458128905313502
0.590132578390241
0.36933136634585
0.428943760178855
0.503333430622306
0.345344712209269
0.513888780253401
0.393452717439884
0.572051060683887
0.496110484574803
0.473358607298082
0.382320955629314
0.604665041967592
0.493473136440863
0.467617892644841
0.503495308707421
0.509848327226258
0.279976656117815
0.59632463631728
0.47852247322307
0.547915079797937
0.43496644302053
0.339730431326753
0.476386106950124
0.44620336570811
0.536595160884992
0.555379902680049
0.416738820293321
0.590073948467858
0.775937624777893
0.323556464193514
0.573055173573497
0.535931177553887
0.532594484281477
0.694419855705262
0.441324593046608
0.587504471795356
0.488418959911164
0.544611893624764
0.534730784038041
0.490089166806624
0.501380653046037
0.418177724382828
0.565073684276569
0.497776770835941
0.538717010919194
0.517700092643121
0.574925573294682
0.559105233561998
0.604449115156789
0.583389404073438
0.513632425934844
0.583680703743572
0.558806637975478
0.647255309114999
0.639894095656686
0.798065750740813
0.554024641672469
0.440605118835336
0.652970970753208
0.621200301865588
0.501057200895573
0.537658274943541
0.617777511260724
0.752964845501579
0.496649208887222
0.554699652065908
0.607276122893964
0.668481498643665
0.656523420698288
0.675244831109562
0.619923367338045
0.676321538156896
0.674792882763439
0.618990066399013
0.607317864310586
0.671549336629083
0.504280464677513
0.66927787125475
0.55380725965464
0.655662744100735
0.534518855040742
0.724016776555042
0.561371375373984
0.647526346874797
0.799881632205967
0.656028594713119
0.590901058762772
0.628673473738954
0.580979467357702
0.604455983820378
0.704197944523063
0.549285926532607
0.749245265481737
0.552276582441856
0.597650883224293
0.528218508936703
0.69283929959782
0.746419396778438
0.633758390243767
0.673973454602172
0.604683587526809
0.55924683866142
0.613520605774119
0.663514299458461
0.612069693552469
0.70672169594066
0.731454093103602
0.573727522034193
0.608007555828347
0.678976517647173
0.722770208654613
0.558307866611326
0.701104193172486
0.580311783623599
0.58384846162864
0.622042257966279
0.672739053925551
0.572505785914639
0.711444837099099
0.571089968180976
0.688944348335429
0.666421370802211
0.791964955384195
0.550956884070681
0.626721248295883
0.716129778248763
0.815250278658879
0.692283873705198
0.819396898115507
0.657526895089136
0.738580082190908
0.762650653301801
0.704473401129808
0.760286186329675
0.730100384209551
0.797578680563289
0.867952592623697
0.702779466851163
0.681772505941249
0.708164761666737
0.786684610938261
0.713456506615329
0.776905881894539
0.543344986143035
0.657284957263542
0.760555652022751
0.69659871734822
0.668381249569591
0.740254889756733
0.816293755816803
0.698212987121344
0.839791253806562
0.707444205003116
0.934569219712643
0.80803038887546
0.623423271879964
0.771086298100916
0.730069054794672
0.739684827266932
0.761809628189871
0.889885631685583
0.815750253796166
0.715933674188541
0.702937034584741
0.925008225553084
0.649327806012579
0.829009363648923
0.800123089603262
0.887080374252291
0.639934326305317
0.81340230334965
0.752360593966341
0.879656662285172
1.00562057359717
0.915176475001195
0.711348626024465
0.699919184585885
0.913444702272073
0.742055808983791
0.927027096566111
0.901959923452855
0.800901570884125
0.800848491116258
0.817191072729666
0.84276529034258
0.77877496322964
0.818021802281304
0.771163747716087
0.862279471887847
0.808912373695943
0.932809919397657
0.901913914229285
0.894930210240884
0.805887270198139
0.769162867379513
0.870816632696031
0.814690150748158
0.965975868513418
0.830095578767694
0.798946360718912
0.85038109576816
0.704829335629154
0.866099209518921
0.833745832582948
0.810308259130877
0.844677806908984
0.767236316846324
0.998657858780775
0.860494722157243
0.964438212832972
0.893474968092088
0.828143663536606
0.959676725278317
0.782216700900469
0.815254795896218
0.87087288509203
1.06151969632255
0.880320414826551
0.835512103207987
0.75224379686168
0.902682324890674
0.960146244489696
1.01535666218081
0.954534194640492
0.903047536575135
0.685144793402656
1.01356365425183
0.860271468187541
1.02285011431205
0.777884639290462
0.944554430652285
0.741957130776981
0.934251471282558
0.937990914720086
0.954943054807889
0.937913800779852
1.01461622126403
0.99118846355926
0.85607840526455
1.04006930573107
1.01733546578839
0.985963310399124
0.832343880350668
1.05673803024188
0.913030964766381
0.99061210067834
1.05347519649773
0.934389169937507
1.02305664618473
0.819927738618134
0.978423648759788
0.99439759727249
0.883343447263817
1.05507813538607
0.799639384748555
1.00104256788233
0.975555177509916
1.16992596290985
0.9079805763127
0.970623619570263
0.839262138869676
0.969598566186379
0.982167851164413
1.00479973001787
0.798675332277867
1.05459718844246
0.90515577031863
0.989672395551833
0.912891195385973
0.858265585151132
1.06620107842694
1.13899049245062
1.05641305263184
1.05569343031841
