0.0633222421950794
-0.876236672998082
-0.951863523070058
-1.11095808364479
-0.95819272317251
-1.11507842801873
-1.13716412217731
-1.06537214583346
-1.06182169018959
-1.01228463737906
-1.04128728269415
-1.10295152137595
-0.920686222381361
-1.01285021553049
-0.915647343889611
-0.801037782024444
-0.900979795091279
-1.07971607586374
-0.897319253376887
-0.961301729059831
-0.842535005227354
-1.076417152721
-1.0303399224611
-0.817160792439086
-0.901318837521156
-0.869664955588364
-0.901530002141853
-0.905580506061976
-0.789590074314519
-0.818773627503202
-1.02447921812631
-0.90521991037717
-0.86674604499214
-1.01360942880119
-1.04168391313854
-0.959213148216803
-0.868972359949472
-0.954828445283159
-0.894910410174038
-0.715780754825451
-0.837684476931565
-0.98104993535525
-0.757665661946467
-0.948119847239369
-0.827457919606725
-0.879474070477635
-1.03176860970331
-0.939752285525489
-1.02796620187141
-0.845667114809191
-0.815445398149132
-0.780135955765101
-0.722055225855758
-0.96919985854002
-0.904614977299544
-0.866432578185154
-0.908992211770691
-0.872158572439586
-0.858524630386846
-0.8263236719853
-0.979250787148228
-0.893651009707235
-1.0371067937013
-0.729235589519671
-1.00746933992333
-0.750527962687577
-0.791521824963511
-0.65650584809628
-0.880902885206922
-0.89925618442204
-0.827290378229577
-0.792370840167943
-0.86266219328588
-0.754282537591772
-0.844085693238862
-0.802014655024133
-0.795635376810244
-1.07154105357302
-0.889057120732336
-0.892674693593103
-0.761733952515914
-0.838687686504983
-0.799733872836315
-0.955330700942595
-0.979082794088461
-0.73175593780885
-0.779296301182879
-0.686989366248447
-0.946403012606385
-0.90614594728097
-0.781712229180042
-0.769235079651931
-0.743481251234084
-0.802873515101699
-0.926792824348423
-0.769377640370119
-0.771700124407009
-0.730006134002444
-0.867183001016046
-0.882398056227035
-0.81507655586748
-0.748234785386339
-0.8642115796105
-0.827787651713211
-0.7173426866135
-0.761194420886573
-0.547382489563319
-0.972869100971121
-0.747979906137502
-0.77081501465157
-0.800076342692845
-0.797229041585731
-0.745441096907211
-0.639022069772763
-0.803444136148183
-0.762578254780465
-0.872264866435715
-0.847682240973596
-0.750890064012492
-0.797446011943232
-0.756449633282088
-0.823464321491488
-0.770726624403974
-0.640229382944254
-0.752547623228452
-0.619424981327165
-0.815875318822364
-0.74576456332293
-0.885256154573494
-0.642990048510763
-0.754410386244081
-0.66187845945857
-0.792147420766727
-0.822429742596584
-0.909731627571548
-0.72744436428196
-0.816694368304108
-0.80286916715372
-0.801794631253694
-0.803459618812887
-0.764337439673883
-0.616508805709367
-0.723179311035845
-0.660079790962696
-0.769411072455526
-0.662517351468829
-0.595210965513198
-0.703645649331937
-0.80251158770141
-0.60102571467529
-0.633753844454584
-0.571413276005227
-0.73922697979754
-0.635154201620149
-0.829285285705598
-0.550033328620126
-0.533129235154941
-0.660595796068357
-0.808751487536466
-0.702238042038765
-0.668409714897409
-0.771843356236521
-0.443468734279089
-0.794555739553425
-0.572471799401596
-0.639822796088484
-0.850777760182453
-0.632218707386281
-0.586454099710612
-0.621670651483225
-0.671809201870339
-0.589665206444831
-0.69948366747304
-0.679315073457883
-0.622840648033482
-0.799369127855851
-0.662262395495651
-0.450622072437841
-0.576593647024728
-0.736592634216678
-0.761178805803033
-0.475115191189467
-0.665762788917968
-0.61605536362974
-0.627536917584075
-0.676842851481125
-0.530574847226201
-0.686407167752398
-0.655617258642867
-0.714956571847943
-0.571360227872222
-0.585707040660638
-0.697740736074436
-0.596239425241996
-0.791784656703622
-0.617803488124963
-0.664225910985395
-0.608683235317086
-0.648428043721198
-0.695307165141049
-0.561532409728611
-0.652778581276664
-0.616359346982295
-0.683554664077432
-0.471513629693661
-0.565590813924186
-0.543535270845152
-0.63653421502921
-0.404486024862464
-0.57949433728339
-0.672119238903549
-0.591314700408477
-0.67697414010143
-0.47869750662545
-0.584676886892508
-0.572144878866724
-0.537660146919124
-0.514854605516182
-0.468350515242695
-0.5912806232737
-0.500000321009781
-0.455404561531759
-0.624889126654866
-0.638561995508023
-0.451869742708678
-0.673445770332221
-0.649286902136923
-0.551196440734333
-0.413174393303381
-0.561368060928189
-0.572501034894124
-0.649115774505427
-0.391104806286655
-0.47916996863093
-0.42650237005706
-0.484292031525057
-0.499385227046569
-0.40808904348987
-0.42148336976059
-0.531136489406817
-0.610893436282782
-0.640729736973493
-0.563182626491687
-0.441628305031137
-0.49103765454467
-0.474170104379292
-0.658694312763096
-0.47656367223387
-0.505754805540008
-0.40318288590123
-0.429530163787011
-0.466014983120439
-0.458178749277445
-0.54106488937037
-0.673351405028765
-0.429028395855484
-0.426431043947804
-0.452495187501862
-0.486548195090197
-0.517281491829478
-0.440812844860644
-0.534842666729726
-0.433016757223195
-0.523003533592766
-0.569283989134097
-0.50131138473813
-0.493600237156554
-0.494476132085036
-0.580013810259839
-0.441467972638102
-0.339101885839385
-0.433112242226315
-0.559610861364449
-0.466663093822722
-0.46095792943658
-0.386790541433523
-0.414452217067896
-0.502243303429622
-0.455298530750768
-0.400078173655142
-0.444896327567134
-0.37029198679377
-0.411787495477412
-0.556133938773576
-0.431495945971192
-0.693506655675225
-0.511749709426619
-0.48521869395466
-0.566559670903539
-0.365264610538237
-0.489496454410535
-0.532755894674921
-0.453189684567615
-0.428588439072372
-0.36154643907292
-0.445486309394413
-0.363803192918624
-0.458362541151819
-0.610731913215817
-0.476949104757974
-0.154953476789085
-0.293399936225353
-0.345665932220305
-0.547319856594134
-0.447095529175567
-0.404796880912361
-0.421184779653275
-0.629511911973419
-0.321006765812402
-0.478981285999095
-0.391600527453404
-0.357405028424416
-0.126587991479807
-0.510893357569815
-0.357754990853792
-0.416730859765007
-0.408121417655968
-0.338300930670557
-0.339502044939383
-0.266592954575145
-0.300210590141654
-0.301663470789874
-0.296995217381579
-0.374821768732588
-0.487288551396405
-0.209041351751733
-0.524793022244135
-0.372864981159221
-0.412968743900106
-0.371789147291278
-0.175233695097901
-0.449985046757988
-0.461195641377537
-0.444846765617954
-0.250965692655966
-0.423442430194631
-0.269634584840541
-0.350377252520597
-0.36196292458027
-0.248606130457263
-0.351246243607863
-0.368823069446605
-0.247252399298585
-0.284961269949364
-0.292605455490801
-0.316388433483112
-0.39648852211009
-0.300596072725638
-0.332855866644262
-0.281537186065306
-0.368511557786483
-0.375770920654204
-0.216998443263497
-0.425401473943987
-0.219832375994907
-0.222811653115527
-0.216239864728671
-0.219618435282205
-0.262911184152437
-0.249643628210013
-0.292891812953463
-0.149094696065346
-0.247974920986332
-0.471318304768695
-0.267153086148351
-0.244689599035665
-0.326629337532699
-0.182434918280186
-0.273532327880333
-0.212557474697744
-0.21688972536362
-0.327876375861982
-0.212722040253297
-0.250173918922644
-0.486058935925286
-0.216955647769164
-0.249328920956939
-0.300712151774841
-0.476724549919188
-0.17379446630383
-0.0894901751198288
-0.221917037163406
-0.142242229114045
-0.195969338572775
-0.173745451893742
-0.17001365080149
-0.190178347661179
-0.139598396507131
-0.225052114536546
-0.264867657664028
-0.172248156647136
-0.34045904440522
-0.193733884659433
-0.241298075589645
-0.0327949788362656
-0.38166105221722
-0.239688054676538
-0.121430777685454
-0.252214074183352
-0.280612493310686
-0.149936776869382
-0.222312588441781
-0.0946136746915362
-0.230773778968903
-0.20045183648159
-0.162962875313453
-0.223552275267281
-0.180684258558235
-0.27395197194496
-0.0641398723391995
-0.236189353192351
-0.241077581165751
-0.159069967186698
-0.0962844033735535
-0.234663650491739
-0.170230831277889
-0.187470482819268
-0.17762283887652
-0.216244334438824
-0.0573508952470685
-0.280669080695137
-0.160605939158619
-0.151826601018972
-0.284703702048915
-0.0488125256207158
-0.271668693590003
-0.0658430770174425
-0.0576896203636993
-0.0671416845536021
-0.153574447220808
0.0565656763671587
-0.0490047348114641
-0.144180551223869
-0.126786434662618
0.00712770153257764
-0.25035924912486
-0.0231851396274623
-0.210947569796894
-0.133972030067726
-0.238276316972724
-0.0485400728171981
-0.0403449830708369
-0.187190241152952
-0.0682521265421774
-0.0300412847383111
-0.136444327756669
-0.196895885166025
-0.262257550288805
-0.17962452909271
-0.157195590512316
-0.107073707292283
-0.00330751661875369
-0.166927023919047
-0.189983248929047
-0.176671333437338
-0.234940063862661
-0.113983523764243
0.0143848283623009
-0.110830971659091
-0.00128455311705383
-0.0735176757272642
-0.0855116534208261
-0.0680021650453765
-0.125214668342473
-0.132167823269633
-0.251073767880525
-0.147152302224158
-0.11694429390253
-0.0688921486987391
-0.126070812127434
0.0325102051350234
-0.0282862498637132
0.100582809803859
-0.0459120743527103
-0.13722437626709
-0.213896542041114
-0.090803003559639
-0.00650650706781435
-0.107073825814034
-0.0449379064047562
0.0844354247116239
-0.191106660934779
-0.0512094717204994
-0.071833610567569
0.0573675982969205
-0.110360599114654
-0.0119268744206395
0.0629134058250386
-0.0933420500160675
-0.0105036253957275
-0.106117060708993
-0.0689957502782935
0.0647222406729015
-0.00989360067185285
-0.0140765058709272
-0.0198154187469503
-0.0177569560997339
-0.0286304203539191
0.0268524448222592
0.00610003167427293
-0.0800370602047512
0.161866002482456
0.01813718925343
0.107693380516446
0.0609875509261465
-0.102721538864767
0.0227356113138092
0.115235186594847
0.0816290705256086
0.0706759005678029
0.152508108569118
0.0978724279509424
0.137351905963759
0.00552106357669322
0.102029277100001
0.0211973165958644
0.063149045982331
0.0576018680589786
-0.0355902199283334
-0.0922165263117712
-0.0114095961430248
0.0412061950185972
0.0380739986257951
-0.0666236956587432
0.0471009106234269
-0.0236327806825306
0.135823390621356
0.0891287081909035
-0.0336915681737489
0.0373644150516506
0.0593883551855396
0.0021779041139335
0.0732392037654582
0.183089525343835
0.0169135760830596
0.0147160185263969
0.149216441366814
0.190251617517375
-0.020344467295452
0.121297069418732
0.00300760152769032
0.124411782114637
0.167612906324592
0.335899291048105
0.205733589457947
0.00665511539301162
0.193167461111272
0.0336809893696989
0.0678709353092097
0.0362694968641271
0.17609279771809
0.0852374395419002
0.0206464879691151
0.0487521451134445
0.0972253759644923
-0.00508544098911741
0.0214270444149117
0.0674960498335512
0.0835691035102378
0.150901567956606
0.120027337046717
0.193723947270663
0.0435131883534781
0.100471608707615
0.192064756997108
0.167108516111229
0.195684577562213
0.0144753617896382
0.199415563287569
0.0422860131083815
0.228220573368594
0.259932655899716
0.232100380736505
0.0927153124477615
0.198411231478734
0.140720594707554
0.253136798678377
0.105799404920878
0.109982766482005
0.213855415817837
0.091716828679553
0.175128953119545
0.0569800268136556
0.109632644858689
0.0371847276078978
0.269594610182266
0.175718157908171
0.18172638708329
0.094402986470751
0.108106758557808
0.216323030744642
0.0767821956726996
0.199895458402748
0.137731768848599
0.035674098263069
0.12606247208674
0.0901416261943165
0.17474247666489
0.035256117651383
0.00838113107333905
0.138995664216375
0.146984107982022
0.189215761650076
0.209424224720109
0.116866388580723
0.193987307658579
0.233393243855919
0.252581291280217
0.209499623663713
0.266804817534254
0.17053184102387
0.117155438015322
0.199433436506919
0.229048745783616
0.169485154881856
0.0818680376831686
0.168381306196211
0.0339671785456201
0.27518024405769
0.172793413999524
0.177336722260845
0.269617483428001
0.186097319059396
0.24009761140122
0.23745130740456
0.257618832230821
0.339984807155959
0.297117965270465
0.324648281336542
0.369468078616138
0.348652984551521
0.247782434990278
0.129346283597828
0.351900448465254
0.325897537819944
0.263699785174227
0.205322961163645
0.234775279979675
0.189277888240525
0.259206504736518
0.326452805199168
0.283602645637286
0.238064326727274
0.150550189358562
0.209680952326213
0.154145297772353
0.31714207437996
0.283495287942398
0.296811578822154
0.358968484055795
0.383309298020768
0.232302750538694
0.215800832203276
0.240882933626538
0.240775421425379
0.411038636945101
0.406375333175234
0.312316656048036
0.370195673969679
0.323777003112314
0.28478153270967
0.160813549069416
0.492544789449436
0.226064166131104
0.326632307151282
0.247252407809245
0.282419637227727
0.284600473797474
0.400473923913417
0.341970035198852
0.310993371287077
0.487437558736589
0.4294710197451
0.21307912953513
0.295565296864127
0.346566749052641
0.323966077655268
0.298686572878159
0.3755932333761
0.450001219320843
0.272942460852569
0.471482197734981
0.427813390370339
0.39661748430586
0.225081449751696
0.275003038519803
0.537901416951645
0.440963647787793
0.265370635447846
0.402110256337324
0.502124312436558
0.409315067483849
0.410267507628454
0.409925971288661
0.470037498010333
0.333365048598938
0.451162267783152
0.333193498860975
0.289469930471742
0.453042246442136
0.360447072990815
0.525672193887558
0.406228388722283
0.484640528853466
0.368875137208134
0.469389448995775
0.457356448536218
0.442141165668246
0.435383613453358
0.289964085906554
0.464599657646951
0.400662320282864
0.425792133661087
0.432080338239542
0.489933709437282
0.493410353837616
0.240726393710095
0.457282419400367
0.520308399608089
0.51475141182181
0.400208862128608
0.523721032770913
0.427780321652689
0.427227129528678
0.395020383454777
0.433961934948807
0.534110125232764
0.404801519246835
0.347227251026919
0.436234059960251
0.451523788587029
0.647534136899111
0.475941065664811
0.604721334405094
0.600501910516065
0.492741049816639
0.506872663184948
0.244647370421652
0.502641103036709
0.396368811903845
0.393481610352073
0.367515679243623
0.60619432094809
0.527601008115391
0.525834686125927
0.558869125606442
0.495984529517568
0.412965761185714
0.513913569402339
0.345309216663932
0.56619534527896
0.488573110680494
0.385686295698325
0.603535206038592
0.527919197473441
0.536601650329481
0.5288354313544
0.586093686666501
0.592051265134989
0.478908442092871
0.533442026255733
0.571924995474733
0.658986768753572
0.651350850962793
0.578969119257087
0.509566491779774
0.505593704507575
0.362726776433118
0.56425035769795
0.486246447945321
0.496714728737399
0.657360035225848
0.436167814333289
0.566370127200744
0.624393730629542
0.540128868613976
0.668899499369024
0.530475465750164
0.500057944170486
0.447544021959477
0.549522629280188
0.502059608156136
0.59202538408975
0.496569899180633
0.642488797086451
0.572636779561699
0.546427426557783
0.588668304611224
0.608688378565357
0.577129810270214
0.546811176511354
0.620875912372698
0.515477454695626
0.42407133348813
0.536140904012782
0.64850069526659
0.633288133882768
0.680483010061478
0.422965484522394
0.595298472101601
0.635716388531327
0.574937401439578
0.691955708812005
0.533267075822604
0.591312416883573
0.737518346892742
0.706946041843182
0.731811829442578
0.69977918134033
0.79290104825664
0.695729825966427
0.732493305389063
0.67613869051159
0.622901757190546
0.665690894632712
0.667906451805475
0.512294364141675
0.658749381140746
0.727220118130742
0.637164233309067
0.550926522918007
0.571453818574973
0.663164621237992
0.58754674455949
0.706798273565827
0.651904460147757
0.694426647182495
0.686261170179638
0.504397825245662
0.613244647476919
0.666159833673374
0.800645364509699
0.641108291172626
0.592696884518213
0.583478714097538
0.525181033508893
0.784234267743362
0.603824339375132
0.66936467230913
0.711513846788303
0.668046094335889
0.835294062412528
0.722170365156383
0.695613442911979
0.687253614598439
0.682461039669444
0.503112797805632
0.791536525801712
0.718697590062312
0.810669045137187
0.606880193296744
0.760168098336115
0.796260539994465
0.746760449965557
0.778172100528214
0.648287749788833
0.706703417216792
0.588550544428692
0.748089022633029
0.696543056742137
0.737620135429353
0.632082024413796
0.658641661141563
0.666261984542504
0.759358788089857
0.747636880046663
0.753351254039412
0.734707363494992
0.645896873544392
0.858843862736021
0.867812143910474
0.78267976632843
0.807454274270449
0.847453216997811
0.821493328567601
0.752309340048754
0.810940287837569
0.645359343390294
0.736616383903122
0.722954237602871
0.833516446482822
0.778134018997248
0.768442999544897
0.828322146433324
0.692614823754088
0.778309258189714
0.793558481158021
0.801650481106385
0.787950607801935
0.76275972450342
0.649208116485838
0.798585864729021
0.891828964467913
0.770929619340659
0.666311395380801
0.814048905582027
0.8063399599366
0.773709119628537
0.845412015208668
0.760506661128293
0.9846659038361
0.760476924592753
0.914417032524881
0.886380284084954
0.833647216241564
0.916741102778931
0.768692936787129
0.794839508276636
0.838504341665981
0.833892938851697
0.847651789459647
0.939890079076173
0.752911351179606
0.814164015022577
0.851831083499955
0.626789548123423
0.940207342959364
0.842438671020715
0.911541183557795
0.692384179267114
0.835115869301306
1.00499118092308
0.943346516211211
0.924944702503407
0.906510895956401
0.752299978501878
0.87510922424016
0.951996046540154
0.934155430518601
0.712078328840026
0.755980087907538
0.808052033529186
0.952547311006963
0.848579234874166
1.03093840456174
0.859869817622863
0.877323294500081
1.0102430179896
1.07893669948737
0.963011370576729
0.885161836642617
0.788777913881005
0.972917981074648
0.761595539789632
0.946110019916892
0.899537560334556
0.865912814508559
0.843845638577686
0.988583879904655
0.795458728621427
0.801337886672938
0.776383197011867
0.893325757548317
0.84468226047749
0.979425681015061
0.87644556100529
0.834295918296613
0.999179256104514
0.886788033573715
0.906203607945077
0.868134007983559
0.849954867472621
0.690120692645337
0.873918553310585
0.897046863703255
1.03398486874639
0.756825440148251
0.960457625280921
0.937072605942096
0.982013260236543
1.01063988183047
0.925145406623974
0.926504300363194
0.885008970634778
0.897591072561264
0.916910112220145
0.988407953621256
0.941174695693646
1.0414417617945
0.875637465408374
0.986486255711468
0.874017542527437
0.906097344367585
0.994567610387946
0.844045238183287
0.971411377727222
0.973643729239804
1.13554252997149
1.08126279356425
0.701668794464473
0.97724029195853
0.964269124900482
1.0441423477847
0.966841715336568
0.961072904206789
1.00922535695995
0.923579670570632
0.944787386200889
0.99183205403308
1.04306654520791
1.06405367367676
