-0.0261887711020334
-1.05402173515776
-0.890724360035119
-0.964930112701898
-1.00110249862864
-1.02346521474488
-0.939218633821592
-1.00962794675411
-0.949322522482135
-1.06607513565433
-0.94638285815654
-0.998324849813369
-0.958338984384175
-0.938322645619875
-0.893408531991285
-0.964240817253168
-0.923019700506856
-0.95160842597374
-1.03780634648691
-1.03430099268785
-0.977146158931716
-0.941435949824689
-0.953273061146525
-0.962114821036405
-0.947663110908851
-0.96768189052422
-0.90520503864198
-0.956710494142493
-0.889873768001893
-0.850505305523284
-0.913033246815043
-0.798569525095075
-1.15903106963443
-0.927097356880069
-1.07196820398112
-0.948284153119935
-0.876944702818487
-0.840078454100648
-1.01421893878969
-0.935170810670392
-0.768405323828216
-0.87032107632344
-1.03133080830305
-0.924395592981494
-0.783808427702822
-0.919150336727398
-0.866612682373623
-0.906699499395533
-0.877410321680327
-0.876182995191832
-0.92045465897099
-0.759274927768245
-0.863362927876109
-0.779669266276592
-0.898142796008574
-0.736015425231131
-1.02337150905522
-0.928430466604617
-0.974629368641155
-0.810499082893757
-0.840020796991607
-0.888889495376176
-0.817545245282519
-0.871140231044854
-0.957680767526506
-0.953324211016822
-0.92480143884794
-0.826361735898869
-0.883384682597433
-0.961746734553338
-0.793307045113862
-0.832384214292544
-0.885900868459616
-0.933276988713478
-0.84627499327958
-0.831720815434806
-0.91424849298343
-0.885022500473716
-0.92502962119864
-0.853166793748793
-0.72290498508698
-0.824043247869491
-0.923101498962755
-0.671355781054956
-0.906542967602421
-0.926745473296204
-0.741836497541498
-0.660401750638939
-0.85717633336879
-0.894579451312863
-0.887436828912855
-0.813050897938453
-0.802350361749072
-0.712743539709013
-0.707627573174907
-0.821019666496794
-0.637379154579146
-0.801237109345178
-0.950827571053304
-0.831066304832558
-0.791464009755933
-0.86680852859752
-0.633272145211398
-0.833995208718336
-0.773952823418349
-0.760999981726574
-0.781240877768694
-0.880279840034678
-0.711906975323941
-0.783065781572422
-0.80017960405064
-0.728020134161828
-0.880794833887902
-0.777114952284903
-0.750077622053296
-0.856841538995896
-0.834709255193997
-0.731512923861172
-0.823030637793398
-0.656965469042546
-0.7167884600421
-0.674848422999427
-0.845851045301692
-0.735845638798705
-0.878636319992386
-0.812946347559527
-0.615242176772824
-0.735772839039114
-0.588804214242537
-0.817551087784411
-0.648389322140912
-0.601057778728183
-0.760480494150557
-0.871531825758602
-0.71196451319764
-0.612119899071402
-0.77543206666122
-0.886834160791406
-0.79341118560769
-0.82479566559252
-0.681951188074328
-0.812700170991594
-0.609375603187044
-0.741742678339578
-0.775665345764227
-0.52370021862581
-0.548293635065949
-0.714900332333073
-0.869176306278537
-0.72992189331931
-0.673761358861896
-0.749459391399551
-0.655396306137309
-0.587654586852323
-0.835883535855013
-0.617273455426354
-0.617841274246521
-0.84328093027434
-0.722910670376096
-0.613841795373354
-0.725101082631466
-0.737277982661372
-0.511799561899722
-0.572841293629576
-0.702912728267689
-0.570229185266049
-0.685871745171805
-0.581542337132918
-0.719114626011218
-0.778106767979255
-0.577698211733621
-0.638912261175844
-0.517493121305017
-0.675264518608799
-0.694904725318206
-0.500670401296521
-0.545030178096012
-0.730287688615391
-0.621538133386403
-0.689607399095444
-0.539876837477667
-0.770759347468459
-0.641899518395681
-0.635261998945663
-0.615674250836336
-0.527061123149412
-0.641932087786444
-0.674191000010336
-0.620505024015166
-0.483032684981645
-0.683517366473427
-0.557452414789173
-0.557264035519148
-0.570724147249751
-0.594497126984296
-0.579690393156072
-0.533281064151588
-0.613295898353288
-0.522312772929174
-0.521811596891678
-0.719371934371991
-0.769823651060977
-0.608830926773986
-0.640887009434236
-0.602846334480063
-0.576493872497508
-0.622709366881867
-0.595441386997237
-0.630590900679332
-0.552489826459233
-0.489432274419975
-0.700888792634928
-0.637642546041047
-0.612226540556387
-0.5623736457941
-0.639274838563905
-0.502648457895197
-0.479970224939072
-0.618143036116634
-0.480550719452988
-0.476812910706802
-0.57548368680254
-0.541030259015533
-0.583386008415247
-0.679028951361742
-0.500212344762111
-0.602457979464845
-0.629710753226115
-0.545064310196592
-0.550132555636141
-0.425800861831648
-0.488122830646329
-0.584041147536788
-0.544800545807886
-0.481336078359185
-0.418526045356702
-0.528176448617794
-0.386921275834856
-0.559167575774226
-0.572825873277416
-0.456288781602884
-0.568924801781716
-0.544359896628137
-0.578956889003265
-0.48942543161544
-0.472992121558277
-0.390465511206701
-0.412770886897479
-0.689675600034355
-0.462749892684712
-0.57211994364172
-0.341302965316756
-0.624361454569373
-0.486117525264512
-0.470550910131739
-0.455760445559332
-0.464014554957198
-0.592465953012275
-0.525059602283114
-0.440497529500416
-0.56365631787563
-0.408846518668042
-0.522377573269313
-0.535357871521063
-0.478140219017423
-0.427739967565295
-0.575515177993617
-0.465815579621588
-0.512173143017417
-0.670531280213498
-0.544660186191314
-0.701545043921934
-0.431011329743246
-0.38273841757286
-0.469699672099839
-0.526386575109324
-0.437019122513383
-0.467131308421665
-0.427990984118706
-0.399410534230694
-0.485360524531326
-0.586251922939464
-0.36466119306357
-0.401064338228159
-0.493120857323741
-0.367074075633557
-0.435447882103364
-0.508102583765726
-0.530933505890962
-0.36742140974574
-0.407205505250076
-0.666264777397795
-0.333645478248965
-0.487081389933779
-0.350045939771428
-0.318957021325012
-0.459893261367669
-0.372500075290921
-0.322985611534103
-0.261929748829106
-0.402397910618185
-0.470468308389136
-0.381254882043054
-0.547955744321403
-0.532755124667326
-0.529089192669963
-0.256798177042933
-0.390830514702461
-0.326666829102439
-0.344245601658886
-0.268947868229536
-0.475868041776959
-0.408324931771195
-0.486182666000576
-0.496303538972201
-0.373463977051953
-0.324807346636688
-0.435870837577925
-0.357238011432521
-0.331805340174987
-0.390892278230884
-0.28947792354632
-0.307373341070664
-0.346813056400157
-0.335004296717398
-0.321838597319206
-0.390439994641005
-0.251701142212843
-0.314587754197982
-0.335661861664872
-0.410516324391187
-0.370178500998569
-0.407266897443343
-0.405803517056101
-0.492462919882374
-0.424735471063867
-0.362912363223413
-0.323327878230882
-0.245995719710841
-0.292384144332705
-0.353753704018801
-0.250272260250985
-0.286969258117979
-0.395023546868676
-0.462612591542431
-0.281363080872385
-0.228929742117741
-0.247999459402065
-0.317692732841761
-0.301795468492524
-0.245986398408736
-0.367542068938358
-0.27834716212397
-0.246572553563524
-0.161047004243251
-0.298014392846199
-0.268821788127615
-0.431400924602603
-0.444759280460801
-0.407601548895235
-0.357011650728194
-0.218553411537224
-0.34603046441064
-0.346189393281589
-0.303007151977318
-0.17665817043362
-0.309312585266591
-0.341655064385835
-0.288125887825085
-0.358468582884623
-0.278816042352978
-0.260649069533482
-0.16676263797635
-0.329390720700171
-0.225803718242396
-0.114029539832655
-0.302645888748054
-0.257038223270932
-0.264860725912787
-0.292240262564467
-0.327194019398378
-0.246609159796776
-0.246407453573229
-0.151918326792222
-0.14924589583236
-0.27339066846541
-0.207174759547219
-0.125188461971578
-0.235005233670191
-0.137459767415245
-0.113380638780556
-0.216054923246035
-0.113144724343325
-0.251753604651094
-0.374776988648662
-0.235376504009312
-0.306291435730095
-0.15912935933621
-0.412219262735197
-0.331733783293792
-0.246228134500289
-0.16343546885878
-0.253422008396709
-0.354410862985038
-0.36181033465955
-0.121953335518343
-0.208448199400931
-0.120085313325642
-0.279460916064665
-0.206607651629165
-0.149061255305402
-0.205147867773988
-0.200815050328616
-0.242713731690941
-0.14569480760502
-0.0913703051821744
-0.243486122181546
-0.101269485619025
-0.136215741089105
-0.110852756253565
-0.0808640129292566
-0.0132857162868231
-0.0480288470408317
-0.0980011026419009
-0.205700209039638
-0.340205280115259
-0.214985509945766
-0.21392416421856
-0.225676479313562
-0.219071293516759
-0.223786580203156
-0.297426273946133
-0.194319694398165
-0.0878311644167342
-0.146707691552526
0.0302645901311426
-0.10856197135159
-0.0378166699829648
-0.175366326567812
-0.217197866593835
-0.135059767306366
-0.060750083702523
0.0218284210580751
-0.011799281582211
-0.209413047263055
-0.107396959655813
-0.104137143043872
-0.281053875670525
-0.257976218298049
-0.121626995161783
-0.174327185369215
-0.208060575698666
0.0336245279684789
-0.256142652261781
-0.257084071864359
-0.0631214445810185
0.0652861495217652
-0.173102657250565
0.00106795660193746
-0.170079338484814
-0.0209554059974876
-0.0520501517894621
-0.154245058320375
-0.107204511347453
0.0108184768600107
-0.0431398244314438
-0.0445146987114807
-0.147978770221162
-0.031964965549719
-0.0688610127397695
-0.0467969180497503
0.0178192138087513
-0.132946201993192
-0.0768338350555857
0.0138271697956333
-0.0697419251799987
0.0646902952568271
-0.0807142029013594
0.0233730006574916
-0.109363522661239
0.00726554468481289
-0.152647057169105
0.0504200439838832
0.120134772718416
0.034506290174134
-0.152036615158421
-0.14196077734691
0.109484299904642
-0.0958523252170054
0.113252249018302
-0.0299972746657514
-0.0407949884183728
-0.0778054065145108
0.0963145365241455
-0.145999008896035
0.0479298047020403
-0.0408289446972401
-0.00235462584239802
0.0497002061073755
0.135300153083094
-0.154393225825329
0.128743118130475
0.0259458076485636
-0.0413784229837072
0.0422798522934337
-0.0569685147652536
0.0704143028431431
0.147033197718714
-0.0140819362136487
0.00313501818871531
-0.148045900391047
-0.0653832821772707
0.0933837912854579
-0.0104209915737505
0.03336089320788
0.0238380387265201
0.0786068462584818
0.0900863037356599
-0.0422385749030163
-0.027023919757391
0.155967997940106
-0.0521580979434463
0.115506172426671
0.0358679998865253
0.191620944938478
0.0594795072411772
0.110703210999373
-0.0198638347541741
0.0678538557058016
0.00932183670473157
0.0442400350554924
-0.0494234085519224
0.0372422023414738
0.0324393669905668
0.0663176477602334
0.194696382070662
-0.00537622762233708
0.107646214012368
0.00770900243233639
0.21395856072835
0.0223508473392959
-0.0330334591043068
-0.0124545487142863
0.0818417046898041
0.0874304063783681
0.142131509440613
0.0445992830747909
-0.0210731611270632
0.0132395434308812
0.0352920884835986
0.195578256800378
0.0293260844011203
0.206273758418103
0.074765906336649
-0.0091962995131565
0.0304598891595735
0.15083719494127
0.0640273486129168
0.179991237170568
0.103318913344703
0.0296425983843805
0.172273269551941
0.182528241723688
0.228030669010039
0.0638753128565714
0.215778745870249
0.277180465880472
0.235849560155926
0.13049881756173
0.117710299500892
0.0415601305345007
0.177143131798306
0.278828063341675
0.13364387733231
0.0870296127280722
0.21159066292188
-0.00600373332175631
0.166431600314803
0.214707271759334
0.0218695892307479
0.0688256312444823
0.219365626117194
0.103339726488397
0.246589829144782
0.0907259082312174
0.18909858756558
0.191675527840147
0.189813787600071
0.227103716231969
0.0563239050280384
0.237858168577902
0.218791567378311
0.285612550501586
0.315103652619017
0.256300896949524
0.274572834512507
0.166440238777618
0.242545654823564
0.208973852047259
0.250163447149906
0.317074436802113
0.284752613182736
0.311059761037382
0.106385134075705
0.272896086055158
0.0967574202910531
0.108296993404353
0.345811431746367
0.24555236539852
0.290911451921868
0.20999038392176
0.153720177969962
0.2496081702423
0.202391447118211
0.320502818640481
0.235672195386602
0.190159454826587
0.183584674801654
0.173926323895921
0.212127322343185
0.322330801014394
0.212678869701042
0.420766353172747
0.323705070116275
0.280319021949836
0.244965842124452
0.360632202927343
0.170771689085694
0.204347105200022
0.253126264442735
0.312694227273162
0.32075900655169
0.35690787558254
0.354478782766508
0.170285010390933
0.117220977561367
0.166700272229047
0.296560704195195
0.353048568481877
0.285803927105039
0.184282838125543
0.237085076605021
0.168768509748284
0.213395265103597
0.288513163924085
0.182129546731902
0.240177269410063
0.403388638711869
0.285375604963213
0.28194879137668
0.163792834875647
0.15756936416671
0.340379874997692
0.292125441259514
0.284970259528136
0.148159816261288
0.303681029897448
0.331019583579332
0.273976953194823
0.273969213452199
0.333108638678702
0.32620183306317
0.274093625138401
0.327819476319344
0.168068829530214
0.299020478036428
0.297683830839787
0.298058269465209
0.418277026604373
0.328559940421609
0.317440791532267
0.262317364314465
0.325763727625676
0.458606605443277
0.302002225069689
0.340495352713502
0.433605722831396
0.490198082691548
0.303852405184869
0.532675205361006
0.336882907181804
0.310970847249632
0.441709164648753
0.348294010377222
0.308912074989052
0.336744220914919
0.514424854989811
0.349904329938948
0.428769717029344
0.452588867837014
0.363777642894661
0.377467785988748
0.408098526983177
0.261398390172895
0.432456413197684
0.295709435012177
0.554997432825728
0.437361069041213
0.427729592997908
0.317528189583636
0.492788039804402
0.283371197777511
0.360247782936812
0.433680107711473
0.270870568443161
0.483982079679141
0.541895223580274
0.340474295117779
0.20072351600629
0.453347259248645
0.3351491400509
0.399715694536888
0.360413434823756
0.530380394356587
0.495972110410783
0.426668045244233
0.38844636331178
0.474826468666038
0.389561778322243
0.493003837823469
0.332881331156032
0.569389950219535
0.470498377606245
0.610275537155302
0.44489742433697
0.569278115227612
0.453579219551465
0.515419992092043
0.500367497613582
0.440646472406342
0.510556973380158
0.382217415712928
0.443728173378972
0.528895459844713
0.471868440641573
0.365406702169913
0.430116526006057
0.565408631086284
0.506950496845393
0.431959925078464
0.516638082060992
0.434073675377999
0.523375209699134
0.53362124560553
0.425460510002086
0.380271619296291
0.548088934184348
0.481768317716705
0.564776124233282
0.554802719823095
0.512632502078255
0.479770317738287
0.615728563160824
0.582421480998722
0.516682686326429
0.484996262140849
0.436667661841174
0.546569504797734
0.611249872300957
0.502044051947943
0.558497670431152
0.504073123531779
0.641901410216709
0.677634324716797
0.550545196955885
0.568392468458947
0.422550448349196
0.587247632432508
0.530902828026208
0.537602265289496
0.476498937635436
0.295302063760287
0.704421984684809
0.567259061163669
0.484976006781399
0.471178659894582
0.603745025882974
0.467255800763074
0.494217702601747
0.651931020496021
0.536181864807595
0.435772119283789
0.623466668251877
0.667217463307604
0.467161102590175
0.549786300873281
0.45024180714576
0.586679004033
0.569613558806933
0.467513242894583
0.488963825256528
0.623612908309372
0.549801497988912
0.593483861776718
0.554821867099358
0.609254878476273
0.53135543044943
0.623479372194021
0.648616802235456
0.496219409182021
0.619183208081559
0.476767835110559
0.520904228042701
0.57870152722334
0.611931400800052
0.754504389985383
0.534821850612727
0.746206760699682
0.559219339284293
0.597247162910663
0.527908039330452
0.600436100873038
0.632317580925353
0.601894250583109
0.530280271833951
0.752120562867473
0.774840578203011
0.770810104239238
0.546761794493041
0.690428468424909
0.696663651961796
0.555813205038629
0.52525066788724
0.791764581609909
0.577179320659427
0.618149505111858
0.583656812931335
0.639757479564677
0.668847257684191
0.663100636705114
0.610875340732208
0.477909125661948
0.746637829479086
0.686905443641438
0.587551803355139
0.524440850458473
0.686472649503626
0.756844023296184
0.652916833382821
0.700436015378721
0.75046134672024
0.75994302073107
0.698934208368171
0.649497048048544
0.768287703550163
0.604019206894205
0.621003586856164
0.729518146644993
0.902141460127483
0.660027208423839
0.71980115695274
0.704987355525509
0.719709592502076
0.685040598191514
0.692623442055888
0.793389641327211
0.718633265547813
0.636504482210717
0.574653611833618
0.587281311784892
0.725933177689251
0.602736441263598
0.622612984374947
0.688080279887976
0.643233073394948
0.604666963443469
0.539922837958733
0.787269577753052
0.766284143063303
0.626174737377423
0.820341374968589
0.605412864446926
0.861295410216505
0.724802871135624
0.622735159989193
0.738409978041204
0.830037864112782
0.604944423614812
0.888692686745483
0.669952512152987
0.628333311590104
0.686424317310262
0.718355242829962
0.859279523926681
0.67993954611075
0.858445260795465
0.817260780170227
0.801662717737931
0.878212861469535
0.648246905034088
0.76932592273811
0.587405372262567
0.638027794945037
0.734602010334928
0.932321034508808
0.783693193805639
0.908838441699881
0.686813961294859
0.774205446073655
0.906626091381547
0.823463204854535
0.919770749872459
0.7560770564127
0.785263126909988
0.799051470949203
0.831848713925973
0.822104080440544
0.979120810851411
0.789847208130483
0.884840233512405
0.863860656780458
0.846940795584237
0.826336150516437
0.825714654751729
0.868387221501403
0.856058510159611
0.727075735996701
0.946547712609091
0.80955233378894
0.973017130034386
0.868552882079203
0.971082975149358
0.864330606484981
0.958637280343102
1.02544010941358
0.914542416357966
0.894834730165334
0.860777620102062
0.83948645515927
0.849409883714149
0.817309735881678
0.912531074869067
0.830458692452858
0.926725367338629
0.95917759470034
0.979195151845516
0.823755362868751
0.963146578565824
0.877401572937097
0.857235198655024
0.827614240726487
0.808191042628192
0.814418577685366
0.926044796552871
0.952147086985401
0.918754003007868
0.860756071780816
0.900482625189582
0.827095751740571
0.847218170556742
0.74105034848944
0.989543638191121
0.857104218154837
0.96655035594186
0.882908883056435
0.914409552275559
0.917530385087105
0.931424061425696
1.08290032560064
0.879180897193024
0.908225217215556
0.916624120825221
0.881797368546282
1.08296711262059
0.738335584577728
0.914846812647471
0.865646525943178
0.987431891909103
0.974786272126971
0.986171991481775
1.03382099494361
1.09626568390873
0.88350605761684
0.905691497172824
0.965895410026401
1.00782062283601
0.977542942802029
0.865188720709311
1.01267622371466
0.99427100216482
0.933365614403666
0.875806643323414
1.01652945855285
0.957913795514779
0.92946537537826
0.87749520014408
0.907728836519464
0.80907060375744
0.980212538266406
0.908507172168685
0.93392073138831
1.09615224294815
1.12642473005223
0.971400810015576
1.14752907788014
1.13212268602751
1.12470763562776
1.04857048347062
0.982194380461875
0.937652969738671
0.966663308687009
