-0.208113854644296
-1.03999384365729
-1.02129714214482
-0.853489176743633
-0.847017877454908
-1.17076831441998
-0.849683643716499
-0.924014392486891
-0.89970966896829
-0.798662403813292
-1.01766804931528
-1.03915939584859
-0.938749195629191
-0.974909016595695
-0.982672264745656
-0.938542019269825
-0.99107504884598
-0.964387793419156
-1.12274542110871
-1.04381734785851
-1.0081570970312
-0.924744910611917
-1.11614624934697
-0.930586622686156
-0.891778293724825
-0.943945247283784
-0.897493355956224
-0.924783863811265
-0.974678541164215
-0.991227043433683
-0.800226431696002
-0.888197153642445
-1.11110213888697
-0.94484367963128
-0.958582807104247
-1.00284107811904
-0.970758814747474
-0.956728449192537
-0.900709304575068
-0.956986368880982
-0.985775694330963
-0.866377908877566
-0.795792245339888
-0.866899364165091
-0.996434916669132
-0.972707237903745
-0.951713407379927
-0.876043935463975
-0.700200028037587
-0.769799083629409
-1.05512535612993
-0.892167086075461
-0.908555550796789
-0.847440888359052
-0.93852795593104
-0.807435256206749
-0.758218272120615
-0.831651035969158
-0.849647363217623
-0.824584839029964
-0.799575235349917
-0.954354950257137
-0.908770238657526
-0.890419406992917
-0.943263867632721
-0.711827066860633
-0.841877741852751
-0.903176181859587
-0.802586650267592
-0.934787515531302
-0.993528747955405
-0.846756209652367
-0.927936238406161
-0.956173383536476
-0.940892387908625
-0.943590367894443
-0.802006936730965
-0.881697309989378
-0.82886343867091
-0.737575410927875
-0.861313634018973
-0.791626677839059
-0.847612132560372
-0.929468760964501
-1.00232653221953
-0.871036766669488
-0.817527957059289
-0.934685965186738
-0.912823999757372
-0.800070476520245
-0.686759687331404
-0.963271134474458
-0.831838528838024
-0.919172971917726
-0.712398556194813
-0.96085081881391
-0.748125697555017
-0.866350998204718
-0.883475106638047
-0.925117436172411
-0.829826776080996
-0.864808111469306
-0.761683262546534
-0.832795181329004
-0.874511019242351
-0.738958448823497
-0.712691367449278
-0.645097861348457
-0.793724656642795
-0.7463593646794
-0.833567272698323
-0.80174879763777
-0.886964631205728
-0.666347225658101
-0.804872083755792
-0.762336170942812
-0.637232749996554
-0.820119473154547
-0.778048630907799
-0.719034028358987
-0.647079793307564
-0.902768778330783
-0.643359779868334
-0.693205478686752
-0.79710085682524
-0.697140338287513
-0.719274096523416
-0.71697314676279
-0.616607492770304
-0.725524848383039
-0.737848522994185
-0.805663434032132
-0.684351462592628
-0.692401230166271
-0.732108826457687
-0.711245553100187
-0.803306525812986
-0.804262445883617
-0.896931202775918
-0.696007814523502
-0.572428841070967
-0.614542736677058
-0.757414724586529
-0.680385361165434
-0.728917557945299
-0.721865646950062
-0.444851735404575
-0.612070762473955
-0.753971310867465
-0.704065822554544
-0.771422808057609
-0.506177543328432
-0.706205565308757
-0.593933418918804
-0.777393404521529
-0.565391161140902
-0.735469817400592
-0.711255682698183
-0.778241059090574
-0.745140992939942
-0.851478804333019
-0.763925928017315
-0.672636809981621
-0.674369967771087
-0.645513550285286
-0.592696658156906
-0.584537353704234
-0.692869246377134
-0.607939525040663
-0.57715842699589
-0.652656861161798
-0.586417967534415
-0.788540487337494
-0.712836324558794
-0.742234514772898
-0.584879045354899
-0.674310319375467
-0.739756358177643
-0.677294949084952
-0.684622590611611
-0.656855182896271
-0.65603429322813
-0.653731403009321
-0.610899718953831
-0.643733343783738
-0.812957410761042
-0.524919149238982
-0.687917645436575
-0.647722666284852
-0.574146067793837
-0.536179779340132
-0.662539253113945
-0.615274164102236
-0.722333843324678
-0.672248882751691
-0.666602396149368
-0.520263112575326
-0.684022892544467
-0.658269554781251
-0.496737423636112
-0.621228778458216
-0.621704309218967
-0.525753494377365
-0.442436137485304
-0.459945701193858
-0.481341411753194
-0.695764920787436
-0.745274947559722
-0.588507626195991
-0.531326322569155
-0.606955164642692
-0.675472908521694
-0.429194751141298
-0.611996020755964
-0.480796535346622
-0.447556564872128
-0.722101959713071
-0.625303541205071
-0.637845291707907
-0.478190825933622
-0.601732886210647
-0.502238228265022
-0.482267809643298
-0.541574205047545
-0.625914705859758
-0.465695008635035
-0.531276287967117
-0.630262109458055
-0.489846833033903
-0.67147633605072
-0.497580472701261
-0.541918548934262
-0.556572180849986
-0.50303472060403
-0.668622327186696
-0.712845503710494
-0.378836504257482
-0.473274589755546
-0.315167161058974
-0.628936184140552
-0.593971296383712
-0.529523602679305
-0.472513175379376
-0.502986129661137
-0.614109868123383
-0.613962257047715
-0.469407128330696
-0.495748221207181
-0.324629958947156
-0.609616926489268
-0.452590263035788
-0.527919464004869
-0.644342950849165
-0.546171200506741
-0.506483888411951
-0.580945473404412
-0.392327411927605
-0.541109379577164
-0.422619214613914
-0.511993103138638
-0.575859006750546
-0.474214090165903
-0.309079838028585
-0.542074835781138
-0.435217403056945
-0.547008514810729
-0.615251495450821
-0.444312387030508
-0.47852421246289
-0.512889074764844
-0.5310061037295
-0.506197548720626
-0.415083400111584
-0.24858784307878
-0.352351250392612
-0.388712004369075
-0.455879861515482
-0.461252469267553
-0.478184743928838
-0.512523647145222
-0.435804457372262
-0.497213840561343
-0.309530320045631
-0.437290076365353
-0.409269957749331
-0.502205481781681
-0.338762051684173
-0.404238378494567
-0.50377805201585
-0.505401311432517
-0.556252903887613
-0.444169590095657
-0.506435505636489
-0.383775490270238
-0.357953165466358
-0.425770149305273
-0.37228581598792
-0.370562525399617
-0.33938662252096
-0.357166201545173
-0.288198243690063
-0.470894754397473
-0.339812453727922
-0.294861134575024
-0.51982843141944
-0.28165010183115
-0.403643262656768
-0.331131221318229
-0.368323831294957
-0.440110197166557
-0.293495016414903
-0.345572985136343
-0.417175262697446
-0.402882451681677
-0.407355302117912
-0.317895910198785
-0.422526903694276
-0.411165796736763
-0.519824005069381
-0.460901001975498
-0.266980863750992
-0.356555494783136
-0.579350841122378
-0.180067611458957
-0.402470353297865
-0.237065813772776
-0.443922296055357
-0.372164993602312
-0.321359098338449
-0.289050613856961
-0.309924311030346
-0.384490222799315
-0.294264931133131
-0.205030364676586
-0.245642248152959
-0.343872086314066
-0.369419298331667
-0.306186948737154
-0.285934902902915
-0.31564664168779
-0.405909763751817
-0.412887109978508
-0.311659076494878
-0.31029160267919
-0.333216227349749
-0.392732650068974
-0.218307683522946
-0.378180972013205
-0.357348797586704
-0.252874003890751
-0.161156821483285
-0.225797845980928
-0.155758929554385
-0.26862134879899
-0.190835018061139
-0.376256599867801
-0.329925278773221
-0.297047397271445
-0.232574588162512
-0.333737658978693
-0.290530112032459
-0.239757440551606
-0.2347440362535
-0.293520322761399
-0.321986181284405
-0.267822191779096
-0.199988138352073
-0.303992500043347
-0.354063439495609
-0.172947710372535
-0.265481630393603
-0.179579668464562
-0.108748138131671
-0.283452479452122
-0.247109165082531
-0.359136054104295
-0.281735007248821
-0.360888150086624
-0.067510865303353
-0.197356253165002
-0.113417395193834
-0.262866101820041
-0.182724606416089
-0.105136772977312
-0.229055815518222
-0.277343849797862
-0.518833155669631
-0.249233989126941
-0.29817219869731
-0.215569492366014
-0.338010045271278
-0.223019123257915
-0.14894227404545
-0.175720749832668
-0.23038081089377
-0.153688261457822
-0.385807735622845
-0.112274759038248
-0.17085345237376
-0.141534831688628
-0.22384263831773
-0.20325524315246
-0.20657340499102
-0.164576597592319
-0.285673898314674
-0.135688398003118
-0.324805934845799
-0.108849105057887
-0.23606776060531
-0.157663955726451
-0.26235714567245
-0.218024660398282
-0.218092868955641
-0.0724599321446203
-0.170164411680024
-0.124969693349176
-0.078400614498725
-0.221794599501109
-0.0828562923769808
-0.395074376645198
-0.331251919799483
-0.192142371113303
-0.250888908609066
-0.126368452982879
-0.233019408782646
-0.129638863953757
-0.131801521964755
-0.177030971922888
-0.222397436525287
-0.142137985034418
-0.13553026471265
-0.115653746093948
-0.0868110809189416
-0.205224083702905
-0.104056297576641
-0.108345232994477
-0.0741310424212054
-0.151435892896024
-0.0123254288158577
-0.0321853944225942
-0.0961974709140493
-0.103294525354239
-0.168338071886557
-0.0931266421047021
-0.083949417222883
-0.18115710652553
-0.0175702295788897
-0.193240995692009
-0.181762127619555
-0.00073882012698106
-0.00612972736968566
-0.115817641094562
-0.0682493332362003
-0.113666136986661
-0.237635846959408
-0.0685617518390902
-0.0958977865122509
0.0119472240274341
0.00535451811141775
-0.0961535348724122
0.0415023497226186
-0.17054808490671
-0.102631985044778
-0.148460231764023
0.00430045633234401
0.129773645834827
-0.223286210797317
-0.0830001168397684
-0.225711847313307
-0.0849986379488765
-0.0117847166871055
-0.0194345950519931
-0.0960867917007252
-0.162043237991294
-0.130432185063137
-0.150955666450465
-0.0236702385858685
-0.191474967888784
-0.0404785832086437
-0.107616969796507
-0.0165934506832506
0.069237500330581
-0.0205939512340573
-0.0278600062918296
-0.0604517253791962
0.157770486662578
-0.160081916082562
0.0389029010943256
0.0763724768020545
0.00129174334281878
0.0180258948169697
-0.0712930809303042
0.0039411122577083
-0.0903136254543102
0.0801559389007555
-0.162135683116871
-0.0484612097409049
-0.0534557791167207
-0.0332991325407525
-0.0137341918799808
0.133252446672363
-0.0214877546454746
0.243639927711974
0.01049956396349
-0.0895403447186787
-0.0468633896540296
-0.0365551666351369
0.0570386279642029
-0.0659598568406585
-0.122094651345906
-0.10829109619641
0.0711941743055032
-0.0249309586612641
0.13900803855838
0.0276135084953599
0.0392231770927496
-0.00613601281821745
-0.0186733825879981
-0.0615599241974497
0.0374513292638532
-0.0189979083555464
0.0984841425995083
-0.0498954406186871
-0.0148612620104943
-0.105194863179087
0.0835782559500447
0.0598404541025881
0.00585572538422274
-0.0349222237257797
-0.0349876460860728
0.0201988559483748
0.0692139832305174
0.0805265125237186
-0.0184176324736391
0.072372623336017
0.136916639730387
0.0970199382717683
0.0433183930393891
0.0267976775162781
0.0786219428137448
0.104287466336802
-0.0953037360790567
0.0212591322931768
0.150357866185065
0.171658838893845
0.0852093671730159
0.0561868619181671
-0.0346891407423023
0.064697495567845
0.117084769926237
0.0344606307890706
0.101092215781438
0.196855424720677
0.244104236871858
0.203810847410893
0.0143595236185596
0.122776614915647
0.103862679059863
0.167292685618471
0.0922015065046481
0.105321220305667
0.0116903576748176
0.175270380731876
0.000721631739619627
0.139611667273206
0.214210490619958
0.116418363443683
0.17959996659828
0.265118845894658
0.146743099102523
0.207245595396087
0.139643705974903
0.196441751531272
0.20178860037913
0.111010457780412
0.0622341012507706
0.238535257607923
0.137266558786008
0.0643963823910842
0.299469185210088
0.22684966131278
0.200802339107716
0.0527870333089835
0.070250965092143
0.176893245233316
0.127628402778585
0.0822405393859306
0.201330332469688
0.11368069210237
0.0586541186712382
0.231864317390638
0.112999016418801
0.333339797140415
0.214306990267911
0.117900299002524
0.298496846067334
0.0759587656903549
0.197324335465927
0.0957457414060389
0.231849414638595
0.230318039042087
0.267133703380548
0.183956155197723
0.0781596574707515
0.101194691051769
0.207931678461259
0.289056328182164
0.121320502763181
0.14028359240376
0.319176017203743
0.194500932472522
0.178984925061034
0.175559452536829
0.349751394675836
0.146168101130192
0.232676127650612
0.260372142365366
0.311407523875023
0.0981671270411586
0.24740337247024
0.300858941423534
0.201118726387172
0.23419575962907
0.257788411848929
0.187182135304141
0.0502815627990497
0.361789056302918
0.190552385853099
0.236901683432297
0.18327085227947
0.276972132209499
0.350148407867293
0.256412421563075
0.303358694237832
0.202058367148287
0.177011233242536
0.450388734278683
0.144763065586277
0.131798351033155
0.320293478683934
0.312668255837499
0.18159234608336
0.152260833816226
0.310072532927364
0.167676911360491
0.342832272394448
0.370340649553864
0.356006188952827
0.262090688538947
0.431799523509426
0.364223749683146
0.262818634395844
0.291886577960524
0.239664629434916
0.281721972882161
0.414546027243971
0.394528978888414
0.430079254486576
0.362694600057194
0.403385661968615
0.296198014161902
0.193550604077572
0.406818877756378
0.227814592392863
0.434115274103037
0.259590965179586
0.394148861155284
0.292179515745561
0.42270032765762
0.340442110426277
0.303415689267394
0.430444052251973
0.354483696258431
0.400837654973471
0.302475534818666
0.341682112840892
0.295928486140983
0.391542524709388
0.422066707644162
0.485940156723297
0.415964253490278
0.256443629436454
0.472527643176822
0.450744170352093
0.245549519419819
0.290774952312826
0.474625989276828
0.267026198152695
0.375469850318468
0.325260532485563
0.343759152355624
0.281727725257168
0.400754539066742
0.419715360371833
0.346484391917823
0.304101477717482
0.356493267782575
0.620882785604493
0.506992970597477
0.390685432679458
0.40434540295898
0.278137295034074
0.396960844999337
0.539108067396003
0.373603726259991
0.387084906677427
0.290656093477432
0.345853082527027
0.427412435538807
0.498784331274064
0.466147032030806
0.373046778559377
0.317326359922774
0.532721163274838
0.422812114425489
0.384944166816791
0.45395404457134
0.498470841543841
0.349256779911462
0.416303865610956
0.363408020743208
0.499169497204954
0.52898249561861
0.554032808314583
0.410253316205569
0.537891519146414
0.270747987380516
0.463879565478431
0.527395010027121
0.377964332747164
0.42132776474027
0.481918130862983
0.741570788442186
0.595803539929809
0.506472727998937
0.457951862781145
0.504029333882707
0.356588830215172
0.438206809644896
0.548978808563189
0.43389359947753
0.617141571959338
0.428031622905043
0.538548383829877
0.439844263616887
0.477683031025361
0.594298218938368
0.538134424990988
0.469095247498394
0.544082413406992
0.527499161866236
0.5701960757007
0.437764375298032
0.567995109676976
0.588124587901178
0.467281162525599
0.589930646401876
0.505486726557184
0.410725147309924
0.548081635424327
0.503272942307984
0.457539855468822
0.498431456469843
0.418018907935335
0.634919895332439
0.494645838612187
0.440566823355955
0.469057671921797
0.527010940478905
0.575135230206897
0.665356183702813
0.426374650715425
0.632749693171502
0.594406779807216
0.563604752897735
0.491761938761398
0.618251150697478
0.394023202133949
0.604815737522335
0.432782821708892
0.468759390098336
0.66712110191929
0.546485159547771
0.538940584770866
0.502486354903009
0.526449252618997
0.714801342851767
0.615422044669194
0.595269375167454
0.424305846374421
0.336411205623894
0.601128620426215
0.481131206355062
0.626885591841072
0.490958026463679
0.582720550560252
0.62730696717212
0.769460692861469
0.557920892854962
0.655388324307847
0.743500268107623
0.512445501426921
0.425863756332505
0.64732006321993
0.571866618012824
0.605647509395494
0.676998364276215
0.63522691867682
0.571455415729679
0.703503129796885
0.725243484484669
0.587217068497702
0.659854318109545
0.634071525263238
0.667713440529608
0.671512018033781
0.577530409286734
0.608586231992408
0.541530758360605
0.601523754689748
0.615545708401269
0.585666469179832
0.714518449185735
0.743910189387568
0.624435221027758
0.60517420431182
0.704173530535619
0.689090072213201
0.689012288401315
0.511220180241595
0.690728635841415
0.688412340167056
0.652744110259619
0.629320738754413
0.667453778393052
0.700991253408159
0.607432749934922
0.685890903854476
0.83136843670662
0.772918146073244
0.743978271003812
0.634774666239653
0.617393640630585
0.638193100719562
0.695512268997598
0.780003908602923
0.629318755356145
0.67751484943058
0.922767343731472
0.682943714674417
0.652665713361294
0.654745345290498
0.691942823866917
0.639547840308796
0.746113299148356
0.548779244719031
0.915264738834276
0.71206185092944
0.657580970153582
0.618114045513977
0.672084317935043
0.669612257328757
0.733151722774917
0.731237318897411
0.706125157685602
0.819736020088821
0.753710716940745
0.94476904874492
0.637667308624989
0.915166625957461
0.679725268951133
0.626344084926198
0.642006299430946
0.7055530948066
0.603537519715538
0.622115635514959
0.73093662812936
0.683100792199441
0.876380446086203
0.851846496081219
0.682965790737119
0.690085651885798
0.685742359937314
0.712679217720456
0.818366291682417
0.707483616540783
0.697997457149091
0.883864459154281
0.666216674598042
0.81678645590824
0.741843392138826
0.745006281959332
0.642629170063054
0.744054734796816
0.749504112118665
0.879862480742026
0.727789352727859
0.724168034905016
0.707278332160003
0.829567181410702
0.745231566854935
0.769977246057753
0.924399377205118
0.810237137502871
0.849135435693353
0.850777015477338
0.98634983606294
0.801904129393707
0.832222647975132
0.783785581066776
0.872253282035128
1.0059128004686
0.817221524074163
1.00169923029378
0.703830663877572
0.695396417432483
0.750463875882066
0.764732245591329
0.84669741795166
0.774972941546889
0.880154107224479
0.711095049352668
0.836619452492163
0.775661770260845
1.05348463148109
0.714735901608065
0.915384272684969
0.773824985653085
1.04657852891954
0.914359925669782
0.879417960405639
0.588102784991196
0.881464634575161
0.914108151953171
0.840290641809009
0.880638818405436
0.818730328324849
1.0166978083938
0.859753778294467
0.906208038253198
0.960715590043268
0.892661021006574
0.982057093227919
1.01106894574194
0.865816025327608
0.766322668673601
0.777308735572626
0.892869253608757
0.718107944556693
0.788752820502565
0.916184754097594
0.899111546360382
1.08670519029944
0.886884121424541
1.03192228317225
1.06531255124433
0.869728553520584
0.909173266650295
0.922142988450039
0.827215269521111
0.925567140205075
1.04179642295013
0.897018549642162
0.861718925447992
0.961911880748864
0.98280854667467
1.1037159776987
0.861424208453472
1.07647718260263
0.854427290098886
0.980659066939783
0.971551838795563
0.897291554931977
0.939778855974744
0.936313777560852
0.849582591498434
0.883420912547643
0.966810240523535
0.932183525156959
0.948231872692621
1.05606905799649
1.06471507069037
0.941825521032642
0.959509436778608
0.869158656231259
0.994640358365562
1.05238114929458
0.960807066900284
1.06000014181018
1.06100756321533
0.96691610418956
1.01318960442484
0.932559337981354
1.09760654465274
0.971517341296898
0.975544337311441
1.01081394491718
1.08673586181193
0.985298309196648
0.979694423820773
0.977502059813951
