-0.0783161638355013
-0.932257526433777
-1.13208933129139
-0.93961491665162
-0.980747452747603
-0.959247118003684
-1.00335698376755
-0.995753087850188
-1.13239212200435
-0.953838046022669
-0.928304792167024
-1.04146029701017
-0.929587725005712
-0.738861265559143
-0.9116649207978
-1.02421017947297
-0.905438865484185
-0.911342881291648
-0.961567895586907
-0.951543977082224
-0.967176595769971
-0.908698770405905
-1.01793735035995
-0.85293318059586
-0.91277266713849
-0.951244283314523
-1.06760946947741
-0.901106340700038
-1.00824244426349
-0.95476154135892
-0.887450228750017
-0.984822218284486
-1.05936010244091
-0.888885396729089
-0.961072647151735
-0.90136949951601
-1.00836081210417
-0.890552616316269
-0.990626156429349
-1.05476222996727
-0.93421797966373
-0.970666628432062
-0.796101444143636
-0.930025932514538
-0.971208883358892
-0.806134336629813
-0.973891777412854
-0.974008607516506
-0.843460636910262
-1.02245651483526
-0.958442424694591
-0.816375195177153
-1.03908217400015
-0.862941511229758
-0.763865235626212
-0.786322592780646
-0.842782151421767
-0.949322753650219
-0.815140428001636
-0.955361301313263
-0.913013271375022
-1.02445296407903
-0.803656067724608
-0.729241086024424
-0.99537348369801
-0.957009660754601
-0.996137434295422
-1.03084385674884
-0.814561239096982
-0.892865079726223
-0.797678434934315
-1.00179160325968
-0.757556596223512
-0.708680745683701
-0.919791217667613
-0.811401416748406
-0.835877198345471
-0.798178638684607
-0.840593135889847
-0.86985764533197
-0.831678660495251
-0.812332458786417
-0.804448765760671
-0.963744947439448
-0.838670162752748
-0.80985506073195
-0.886760223239797
-0.885518595024453
-0.983601713393192
-0.802365306340198
-0.683332812282169
-0.754427444766536
-0.879675640593529
-0.650268082310267
-0.729943623599073
-0.647582440644684
-0.831141627021755
-0.60892009412802
-0.873674628374665
-0.756531203254933
-0.762678625146459
-0.996163031136841
-0.810784753273446
-0.751730066182055
-0.755288784451476
-0.899236631675578
-0.723171505967344
-0.811302207475801
-0.819758811982452
-0.836663315013691
-0.749155322628601
-0.903942765557667
-0.700604069834555
-0.657508281581319
-0.895475194656288
-0.576022059235841
-0.751471830327113
-0.688559442300421
-0.817061382996019
-0.776464701418873
-0.861979802082544
-0.683896639348566
-0.588815960925599
-0.669090402557406
-0.778223210391834
-0.656030733932058
-0.818974232934887
-0.825626396148902
-0.612961136371146
-0.752988390412625
-0.757110092754266
-0.852101326374823
-0.651597265575851
-0.819460545530124
-0.753794754193639
-0.759571518010349
-0.824960419786674
-0.847787682955679
-0.639933542211664
-0.569094895461167
-0.73427769038116
-0.763804868760479
-0.652913767544761
-0.720806377499374
-0.722583091794697
-0.607189399979279
-0.717436328302858
-0.627012452964207
-0.806587577201709
-0.631653020005766
-0.662620061665988
-0.711423192485308
-0.639159696721634
-0.819829800957612
-0.762820999607231
-0.596813194936569
-0.660999295936696
-0.683779751151956
-0.595010329261837
-0.785795626217725
-0.662276746201424
-0.580376419068704
-0.681062103573805
-0.808945540480536
-0.639679538883991
-0.628641220787956
-0.550042779836972
-0.639158987484749
-0.632231340046882
-0.729622145531427
-0.761865387991138
-0.64422054669541
-0.798031152601872
-0.668350193099306
-0.718159453996106
-0.64695660113034
-0.641696751944671
-0.523133910419208
-0.804183048640326
-0.758412568711292
-0.393818147364925
-0.644125336903004
-0.61612495897844
-0.46253297195293
-0.616541085229206
-0.705718168206725
-0.690207418123224
-0.582532909491573
-0.577632552671152
-0.443278529834773
-0.613183017286495
-0.701953613281238
-0.747770550356654
-0.631819536379766
-0.733159328807867
-0.588192248900732
-0.521445123798835
-0.689482040030276
-0.764229741023408
-0.492839588989518
-0.502721135372591
-0.627530656154775
-0.556837167885257
-0.688899629784216
-0.58183966563559
-0.415766496794276
-0.500421999669944
-0.527202520683018
-0.63005135433203
-0.389212911679575
-0.520762991935248
-0.574082984439106
-0.733739548037239
-0.658310987959612
-0.593605999213544
-0.634682931014532
-0.549299531324719
-0.403940712474633
-0.533302727171111
-0.682439843958176
-0.653578433781495
-0.566602113376522
-0.5939089142971
-0.430478629839487
-0.42440354918895
-0.55737074579862
-0.571998228621973
-0.623279932473679
-0.389924665364109
-0.682840914740903
-0.409667351620719
-0.617834023012102
-0.496377325773515
-0.616101170821087
-0.661084756055496
-0.608882389542061
-0.544560443615974
-0.647152407203609
-0.512595055221042
-0.630538962667547
-0.384091739156307
-0.573080532502088
-0.539782052159606
-0.493496996875259
-0.49214516065962
-0.462002702012066
-0.615116752077562
-0.632130759040652
-0.534193095139136
-0.626185115839549
-0.500492458923854
-0.466255643127708
-0.599243623775634
-0.537275454738743
-0.575177098479807
-0.583044191136116
-0.562724611568769
-0.582630272470486
-0.34966860152249
-0.362035231160193
-0.550721019597943
-0.463278235636242
-0.555681434332094
-0.437941629894442
-0.548703988929441
-0.441299455461058
-0.448067506211989
-0.370992543346261
-0.376414608587464
-0.43725860284318
-0.453999542753871
-0.308624054285441
-0.524687748337246
-0.489510211691483
-0.461900541287597
-0.444047190490002
-0.407644860749214
-0.506648032829293
-0.335987462706221
-0.366284050111656
-0.535855092164228
-0.444421106324113
-0.492560134038537
-0.500760067179289
-0.332722976744454
-0.498245792940948
-0.528451409485366
-0.509255658124522
-0.456416538764715
-0.422212451203649
-0.35658329308182
-0.427315696100767
-0.352694188942723
-0.413978017840311
-0.350238514035247
-0.490788555042176
-0.385371553013043
-0.441411033602166
-0.357908204389262
-0.41752327156643
-0.353383076392655
-0.418791863335962
-0.337231197991427
-0.307151954634792
-0.268939779261859
-0.440384922845677
-0.413072207593617
-0.315858256758387
-0.329198384159597
-0.292560190871611
-0.3217422179536
-0.353095059723361
-0.426814563909294
-0.388197119934463
-0.395785826098054
-0.357157237679493
-0.366727937593351
-0.299515583773311
-0.27233416876022
-0.361313509313476
-0.502586632207445
-0.253003837478838
-0.331498964192229
-0.416828274033495
-0.317716217008351
-0.426130262624824
-0.431487578791559
-0.360818801169821
-0.342036646836726
-0.237252785395429
-0.464726579289253
-0.310403256333186
-0.376875747204703
-0.177277131895713
-0.38606442801999
-0.22888817127648
-0.232246563501829
-0.335666294020528
-0.186621776895269
-0.277726830356515
-0.348251810061704
-0.192150610527469
-0.304724218675019
-0.239494308794044
-0.456136360956602
-0.372394286307141
-0.162263169800716
-0.195908511772419
-0.313021591398247
-0.393011815747214
-0.281779911835138
-0.145510876504045
-0.358838316161097
-0.188553124149465
-0.194204392680537
-0.295865613734494
-0.233196259577092
-0.302213180963454
-0.3467905915935
-0.25380743819153
-0.116025690131242
-0.106074806059146
-0.221598419255158
-0.437899975506577
-0.341731062382447
-0.317486907661344
-0.278193806418249
-0.234426187624621
-0.288260508888656
-0.306942418694333
-0.233568341045311
-0.288429523978863
-0.266097052774468
-0.232333856271021
-0.175929096571909
-0.32301407192543
-0.150385697006798
-0.180666639877071
-0.221996668844162
-0.245296008012375
-0.199014543990556
-0.326775021293633
-0.279977421218978
-0.185156411184616
-0.227986850659571
-0.269271982532536
-0.117406824133454
-0.27696045644044
-0.174361107277514
-0.387370189795718
-0.132984208840717
-0.104296556692284
-0.160702038977458
-0.179647478067861
-0.320778086328644
-0.206886293753976
-0.153819655096534
-0.130960940723281
-0.14557170199033
-0.0992398141917808
-0.122632449241359
-0.228205429008168
-0.0789177524489012
-0.0304018023233374
-0.260331211656753
-0.0855202134976556
-0.185402601207472
-0.21619181090871
-0.335848855903812
-0.0678713219204027
-0.221696023165674
-0.0857149686578605
-0.0829069469729975
-0.143764798321925
-0.092770830406696
-0.152626664225842
-0.0375212994904772
-0.314738928612438
-0.29414894523157
-0.143041780805227
-0.168623126339422
-0.160967712524318
-0.238624335592445
-0.223637125778414
-0.176805188499013
-0.305629281263547
-0.0590907932740308
-0.264254308578804
-0.0762343997732609
-0.110648871871321
-0.163618576084238
-0.21624719112392
-0.0204703971293691
0.0713104370960064
-0.12326986052975
-0.125710000964277
-0.0979594143619799
-0.0773543476974266
-0.124354565034458
-0.128474539088385
-0.126992551804559
-0.115987001837976
-0.144824712388328
-0.132574671033844
-0.0639247283852808
-0.0921763024993614
-0.286159964938366
-0.161250955917087
-0.153835725400519
-0.063499089028813
-0.142667578273317
-0.221098851255141
-0.110390928567325
-0.0450395783574729
-0.218132994191029
-0.0686513953633105
0.022168307621479
-0.160733821315345
0.02848053437585
0.0806640496267235
-0.105355931107149
-0.108334230878842
-0.127355968646047
-0.10314667447827
-0.171556127452805
-0.257779446913398
-0.159835641786589
-0.12316074808033
-0.0796807702655431
-0.091881252347954
-0.0203566778271716
-0.133521557074705
-0.0835815251621317
0.0437010475467036
0.0415664770471428
-0.0426247931624677
0.00420737311427354
0.104652815116271
-0.0519851393962041
-0.155793827188542
-0.0100751431041611
-0.162318242846348
-0.0687885720639592
-0.0779557583589277
-0.168213701876027
-0.103534965420955
0.0944042546206747
-0.0723103996474182
-0.0702323061628095
-0.0127281334579265
-0.00323927703279228
-0.0199401847363722
0.0509110243111223
-0.0971219356015054
-0.147061857456389
-0.00468580555841077
0.180356306280948
-0.155043692576982
-0.011994056497174
-0.236988410371858
-0.0391545958629845
-0.0938283641365326
0.00460129755767251
0.0104491755179495
0.0633474505775584
0.0774803293815894
-0.0156671683079207
-0.0896956046321563
0.0550677452542802
0.0952730179101472
-0.0672477873360514
-0.0610892247006447
0.0467947580146807
-0.0400910740634117
-0.0912253912029086
0.186878835441544
0.0681930594998167
0.0514988160979464
0.0832906702934714
-0.0222632710933299
0.100949675593592
0.0908212221098825
-0.0668752548492666
0.200569233924099
0.0615585924599509
-0.119511559221771
0.000167417128409698
0.131907423787237
0.082368528861518
-0.0423905696807978
0.179867109863292
0.300863190649796
0.0467374691275148
0.0173638366350278
0.177773189431657
-0.0286190296167072
0.204561296517319
0.135895625990882
-0.0266957261034129
0.0822836370864758
0.118430691653658
0.034450733989512
0.201868708919793
0.0996635197177083
0.0490846496685189
0.0647106374068493
0.0875915809290749
0.228964040784288
0.104031042425872
0.161209362439587
0.0253210060034596
-0.0199851540469396
0.133476447416693
0.149346690110915
0.0704094635156178
0.0993920167797942
0.142293309891467
0.189881062228657
0.13926144488112
0.0147356215560564
0.165414594997163
0.144019517258498
0.17094679299773
0.214415463168957
0.203598351032344
0.206434654825642
0.113641972306413
0.132068713644176
0.157758443063304
0.123106661999202
0.153475090195347
0.113626677778677
0.150131548886078
0.238092128676101
0.0698193797603537
0.13963274621851
0.121684677659859
0.0586700075951135
0.239106432432385
0.264440336457108
0.229047052005407
0.184663931678463
0.0866844140352904
0.192162808610528
0.138841739619297
0.12672218522271
0.0417347319492783
0.165280007654225
0.180955960531643
0.0277297037192344
0.224709146325142
0.0909982645841443
0.181723736866402
0.110770915950162
-0.0195587210542576
0.250227795770567
0.144959161799953
0.180660286098083
0.15663756004724
0.297688805660473
0.17794294053202
0.175649446371385
0.406656533697493
0.12925928418866
0.332179057123143
0.182506122065624
0.120503117477819
0.125661511622072
0.1894416574032
0.123661620814887
0.318464779052151
0.0827819103859813
0.272109128096655
0.332268977015902
0.26934909479662
0.224697376380159
0.158509509084375
0.0462219177862107
0.183527665881032
0.251246145227885
0.304307857652544
0.182060273289348
0.211288210920824
0.27083809458899
0.174536747104175
0.211854281666043
0.279473292165816
0.359296549775984
0.305104907417003
0.362880343304021
0.131742148345538
0.0807191386110896
0.314389543563836
0.165140758968316
0.24855564888879
0.172125069053859
0.234501567662843
0.297675551441816
0.148360923598897
0.16551759892536
0.25456397853188
0.244924593942584
0.253637982614067
0.333938095597666
0.208427278175121
0.228814188163199
0.150322352601283
0.254279819005337
0.302507812196668
0.28601778900388
0.171450332405872
0.0950177856049619
0.359190729384441
0.310196627782818
0.313689826547339
0.42801039365518
0.345170622975654
0.268085847757203
0.249691606179306
0.30107428487386
0.337614574264382
0.343815619939144
0.164063072078586
0.235864684368832
0.479132771332462
0.282700562705576
0.363268392790498
0.321119262034467
0.230267571563882
0.346250907462292
0.306626869961581
0.334914840672924
0.215407721136497
0.298362531795565
0.348623025036784
0.458725017355977
0.27452677297158
0.230019616436053
0.390460720506565
0.454247257500383
0.314588081292096
0.437689579544346
0.556899612420256
0.310670566702782
0.219349814840753
0.545171290777314
0.225941951023992
0.440427699339834
0.42916109267748
0.317521016979742
0.336892503490001
0.313370415375611
0.519649586891105
0.325127978591706
0.306077063283582
0.342887312283388
0.343934567790205
0.461181102885169
0.367715856197421
0.493635839145622
0.514353803861615
0.475278152942544
0.443089409675679
0.364478918579091
0.402922259286013
0.552212280917279
0.405103074892722
0.208818161076649
0.468708698975908
0.493065093533209
0.476570146639827
0.532591312797694
0.349565215948288
0.610190549389677
0.39486761731056
0.321716129868254
0.449789326508982
0.387593829267939
0.332327995033056
0.400351318155803
0.455499185361934
0.372871619831359
0.47254914757205
0.433239289080803
0.440517247316599
0.482676897604748
0.397754330180925
0.478378253652744
0.559526808928318
0.484616928291146
0.41878092769458
0.360908501042027
0.376380034768192
0.522029418022631
0.458879592369073
0.593007731932401
0.449725305268624
0.674717894123292
0.478296121111174
0.420616933985266
0.382539699329353
0.655820392138255
0.431335749608581
0.449150326604048
0.449462786631978
0.377057354589589
0.494761069327318
0.554462282026925
0.49349348383728
0.468392401355297
0.593760561423083
0.377362949826402
0.391529281767139
0.652911739636752
0.288090447025238
0.600417513172024
0.6020909013887
0.547856583848251
0.568250249854728
0.600051831244903
0.585749518172657
0.493645241276674
0.400746360075117
0.426644675382228
0.54377010231153
0.581466936023613
0.517281796418347
0.473191929677315
0.4792835878695
0.488815344626793
0.513400323072122
0.416403634472121
0.526548136168328
0.453551404310319
0.602323626314937
0.686234685716342
0.487705039538497
0.641303481517465
0.551828563843994
0.559333680451193
0.629226596700195
0.675550359039354
0.664360208479244
0.470114674973924
0.514263383164451
0.577201800325477
0.584216060619031
0.540418927847179
0.564397355794292
0.566107280809252
0.511257698250373
0.717966378581095
0.513762485963993
0.498245997510839
0.59261458413435
0.542891633281454
0.617802783504225
0.703382017854278
0.503596376208176
0.718347986386964
0.658479911800082
0.572457557878024
0.705797657295985
0.583075395089953
0.538566213252031
0.576642846659447
0.466286710955077
0.536634990684079
0.587114495247455
0.629508282401462
0.641908684776819
0.726442595725835
0.531267178781052
0.653042911454747
0.599691094962128
0.642853037185098
0.622047068568403
0.736826970017128
0.530298510700096
0.535729845937218
0.581394530324695
0.547480180668525
0.688552810501234
0.625326187256563
0.77850810388099
0.591719086081636
0.712312099991229
0.670621371731004
0.602815584981568
0.701788975782433
0.698846120784952
0.769457093671703
0.747348877103988
0.70753010268778
0.560575990438103
0.599432260174084
0.651082907889158
0.759980039100181
0.65303398958701
0.734882941396001
0.565706035128504
0.69813346175302
0.608628282489509
0.641573469329043
0.461204589796018
0.594653096630181
0.727169795235537
0.669717002251136
0.561765044804502
0.707587846010257
0.67293764764306
0.661390086858881
0.914285540302286
0.563236888356167
0.581006222991284
0.77051607975293
0.935265229739731
0.642757119549698
0.68636349765421
0.576615258638685
0.78982889008521
0.741742853481265
0.653095133468711
0.71836348017096
0.833743418507762
0.680180343245644
0.80190116958149
0.774197328328181
0.724567859634087
0.793080435657219
0.730677301233219
0.733031764211353
0.61097215379198
0.809122722864864
0.766484013800897
0.768042360556708
0.654731982057111
0.803962453568267
0.783051694281854
0.703265341606003
0.700728413224545
0.795361413006131
0.705396202404392
0.788512104956659
0.881917899077555
0.768700163631711
0.803504930421546
0.838917798345331
0.714028833863535
0.781799966870391
0.698887392310267
0.767641132717042
0.609525463545681
0.745714139036755
0.996852508631031
0.737183387966144
0.81495701075351
0.798813702463303
0.641124315686097
0.860557462913723
0.921818409066891
0.644604181073474
0.758180802852047
0.715813707213812
0.965764720922765
0.712513887710247
0.86666188688442
0.757394569818291
0.747543162190577
0.802188518346775
0.702707717851833
0.774725613838757
0.818932827161365
0.73265387246055
0.897334540169654
0.777250233687377
0.887606764821103
0.824589870872534
0.799722222440357
0.915940324670117
0.935957524868385
0.966002986704142
0.705659507772144
0.887713150061649
0.851580290166703
0.840938530843133
0.953593021531385
0.902969217719232
0.86550382922178
0.800443944558847
0.779717586625817
0.75973483095249
0.897828655459853
0.927214740781237
0.880697102694995
0.867862780582325
0.902710770576984
0.680255836417822
0.962818663849848
0.960934197365627
0.880764767106117
0.862492340155242
0.892238127671171
0.898843169846029
0.810518695014857
0.874671011536242
0.864313403563402
0.814536653255153
0.78322087500575
0.920226006363423
1.05722475208562
0.821539099802949
1.05468953182074
0.867576761145469
0.846170514611897
0.972371136275328
0.94049959837306
0.856029206250572
0.935015787138206
0.96116457568949
0.796735100538659
0.944135259388224
0.788408049245367
0.923181664984798
0.899027055868292
1.03361109734333
0.847361447150507
0.875445561534873
0.90841392984439
0.917595024838169
0.870418429278213
0.85887201338523
1.02219164491874
0.839412606402502
0.896129478283903
0.904864724078971
1.00839385524339
1.03899026064724
1.00324993032968
0.960362115237646
0.927921815541971
0.916052726931986
0.967152500499314
1.03593112216787
1.05024002388888
1.03355646851107
0.907255477859011
0.879385431888313
1.01570816741243
0.944837731526671
1.03795325806034
0.950415673876402
1.06941911812004
0.964463708887395
1.03839724126401
1.21460781182561
1.02324750427349
0.896082249842728
0.899857143856757
0.995890060277618
0.906673152713808
