-0.182466906163748
-0.999511370956004
-1.0381341691424
-0.9462223033596
-0.905431074856865
-1.02528815522567
-0.867846377691335
-0.939264134565373
-1.13857530412508
-0.970559113035822
-0.995946540027471
-1.15117458772377
-1.15504282054013
-1.0081431600807
-1.12186611850756
-0.987915064476316
-0.899183104075225
-0.92017839509225
-1.00160253631903
-0.982759816937582
-1.00629183398957
-0.968949775658907
-1.04554405141089
-0.96396125200309
-1.12074480014097
-1.02176218649582
-0.905175928515076
-0.815846081219466
-0.839711529899356
-1.05483728581279
-0.886568986277021
-1.01383337855202
-0.908866018140776
-0.984937696213105
-1.10201983545969
-0.977817439485611
-0.974017956467819
-0.961239947661962
-0.818049424255055
-1.082559344378
-0.931095669567962
-0.951238255507536
-0.945026519574174
-0.926202319779913
-1.02968141027931
-0.889362559256929
-0.91009942632079
-0.887916669589298
-0.955268397052164
-0.996034383686246
-0.791730584443816
-0.889790067239231
-0.771019704142787
-0.873048455355409
-0.918481899737874
-0.938965501392793
-0.943417355405214
-0.767651868145013
-0.830293694054488
-0.886809919241403
-0.810482310499276
-0.809744954769339
-0.961684511026201
-0.848158581472612
-0.85082421950732
-0.766264208327096
-0.8156788872166
-0.798458280692222
-0.791976543838506
-0.892646296419651
-0.845248482707641
-0.978363555766296
-0.937066990123717
-0.901898704300118
-0.895085918049705
-0.825954828715182
-0.846117092623719
-0.864926000512591
-0.873399282983125
-0.929243509778037
-0.847975506491633
-0.879129705141839
-0.952751489777507
-0.869705286444579
-0.926080847153141
-1.03245055978833
-0.865718935678014
-0.896108200021238
-0.73154131335382
-0.744868347729416
-0.777766934822057
-0.725649097316918
-0.839168913734415
-0.714538005072477
-0.782809214239383
-0.819620722162774
-0.785585570193178
-0.721272429035174
-0.740002362864379
-0.888740848782189
-0.694927219773999
-0.824885630319755
-0.84496840823974
-0.921720909703582
-0.822376318083093
-0.764873364562781
-0.893414098247166
-0.869753007347946
-0.747584444713971
-0.729592520617282
-0.829334744793788
-0.621160264758516
-0.790318975268922
-0.741537544151172
-0.867743163877908
-0.7719037900089
-0.818104841751362
-0.624242160310562
-0.840982849026983
-0.756915483728542
-0.686921661091766
-0.673454042669261
-0.817505872720658
-0.689006069636352
-0.814807556294163
-0.799819712329825
-0.790432228774298
-0.703084146131581
-0.752031282917049
-0.702295456511176
-0.937721687994559
-0.767549190705063
-0.657015858273155
-0.682805992596767
-0.732269347392824
-0.722728367247579
-0.72423580984735
-0.645155748459238
-0.745244171390407
-0.705583119982359
-0.660760924526802
-0.726387020048507
-0.706916790266328
-0.631330532116851
-0.685599081663059
-0.82146533879794
-0.801286121536712
-0.74935347949639
-0.648652763039576
-0.803410491709359
-0.658438690501343
-0.686749187768753
-0.538374079238901
-0.655213036059903
-0.739957617956138
-0.761356240804035
-0.583286988530022
-0.785338852598098
-0.779350240054084
-0.755787478974686
-0.743043713349364
-0.813900511577759
-0.545679021338285
-0.672658886256835
-0.735469853949823
-0.789412397508334
-0.566738709356781
-0.482091556669178
-0.717504574740443
-0.725527575480624
-0.798505370281891
-0.650609668355678
-0.713121486471504
-0.671833098249681
-0.686127850030861
-0.611583427883344
-0.620996483663711
-0.618436699078283
-0.704884142657458
-0.685482302788462
-0.603736922626618
-0.688160009438191
-0.598185298195354
-0.711497414335228
-0.641724405660908
-0.610741508875307
-0.553093359036329
-0.833549187801108
-0.548403362865406
-0.630259555267978
-0.551980823453538
-0.469646742337521
-0.616177262100867
-0.538827434363382
-0.727969607912414
-0.602192753084244
-0.535459080025156
-0.658198725995092
-0.772525685462075
-0.473850078751611
-0.708602247346761
-0.542003854641199
-0.598130238204303
-0.53495114547889
-0.650225205403047
-0.732099082775937
-0.559075871357815
-0.709716123320621
-0.638233076286439
-0.668693794759588
-0.515417561351409
-0.65865531307695
-0.565412171963067
-0.536417209186072
-0.464428895881622
-0.589068332703719
-0.634599552505926
-0.627569592610565
-0.600597860900267
-0.638655248945296
-0.738554948209876
-0.500809802994616
-0.489299449042703
-0.449340655845456
-0.557220932780962
-0.442534420058907
-0.66404611773468
-0.507273101053562
-0.530461691680119
-0.553477694836482
-0.414650309678887
-0.589165924780621
-0.674943677276154
-0.590091006187518
-0.532110093186779
-0.576398782501235
-0.649495479286884
-0.548798871942546
-0.464559747915816
-0.53443863497379
-0.405745243209136
-0.534697503374732
-0.590027387064826
-0.257991244964516
-0.546639778163781
-0.558145532133642
-0.511555377203204
-0.507123627962497
-0.521009441258199
-0.633656117529564
-0.435688423609738
-0.406718477606608
-0.567309048778601
-0.54930772339675
-0.48434349053322
-0.594977277381638
-0.447020176644119
-0.616023047422259
-0.429150833199339
-0.496844592453184
-0.463338296335809
-0.495849971060565
-0.507060962088071
-0.514506244580824
-0.504339214889226
-0.43700416439369
-0.469393791876546
-0.358458346218723
-0.505884203938014
-0.466751795076028
-0.464640286672862
-0.519268172255579
-0.4848350442478
-0.511066225481901
-0.428039429022491
-0.530048852604586
-0.189558501864466
-0.508208513370446
-0.423650951198979
-0.391294229783664
-0.418065917513806
-0.438505666385542
-0.505315051757318
-0.38348752366699
-0.38655579085144
-0.452451855996613
-0.437443854143011
-0.371472025697912
-0.399886526519774
-0.384047380352158
-0.304640764819314
-0.53270749376087
-0.315990458383978
-0.512871584497935
-0.435480851497062
-0.310833896238863
-0.561087209135811
-0.435239565128679
-0.334547682834827
-0.353640368590033
-0.343648858106562
-0.311345591851862
-0.474431176773213
-0.377229415987707
-0.374739959602739
-0.39170214195402
-0.487128433086453
-0.494407344741478
-0.388324020887724
-0.233122143248668
-0.338710759891716
-0.476835420548173
-0.344566917306791
-0.387633133124367
-0.293412247621788
-0.38682251473188
-0.479881063758774
-0.357921268988811
-0.165623964862621
-0.414235381433984
-0.420100472562125
-0.165504825461082
-0.320340781611231
-0.440865361193003
-0.279194810379565
-0.313260805030578
-0.430207089803014
-0.41808543823494
-0.253576625194199
-0.40203342584873
-0.337738237250648
-0.410297387384358
-0.262846170861546
-0.338547799636845
-0.329006048179506
-0.332474118500026
-0.324928819840758
-0.312929272428899
-0.44899483462341
-0.382460417763332
-0.197337600656383
-0.477881462921031
-0.501777917386133
-0.174387788881579
-0.410171143843677
-0.23401778302207
-0.416458968038276
-0.469644573243045
-0.359842129599146
-0.286475283046392
-0.451088618448242
-0.328069386406952
-0.290540079051621
-0.247175336872927
-0.21795163700898
-0.31543335905938
-0.263474765824586
-0.296205853361624
-0.22911360628044
-0.349397668383593
-0.15464298084416
-0.226435996111891
-0.180143132408681
-0.261064326773682
-0.302460918990113
-0.397786961980177
-0.155371851836585
-0.117979678735568
-0.183756188505203
-0.465959137251188
-0.159487169876905
-0.304259225263808
-0.22890875143401
-0.25631595957378
-0.183028057819983
-0.298242281293909
-0.258755075146444
-0.24236733622899
-0.0950692957876066
-0.263171245359579
-0.128055236632223
-0.249834520057657
-0.200506285181048
-0.284797993912013
-0.308715105652667
-0.234385342722276
-0.333339142221272
-0.240977860451248
-0.323207081101299
-0.268088260607237
-0.125246268981133
-0.295113839371823
-0.219113270013369
-0.251683911869743
-0.084444027124753
-0.134269786646378
-0.247570093054012
-0.203456885762234
-0.165623700551557
-0.215250879449801
-0.277914146083773
-0.275236258593375
-0.169630560657313
-0.287596034027416
-0.272431827831212
-0.259313339642074
-0.0585293709178431
-0.179861608944967
-0.0993251741674317
-0.0742917698294462
-0.160896867183339
-0.200229671838677
-0.136378884804209
-0.204171500246309
-0.25584140172509
-0.270022538744316
-0.171856460148411
-0.169908474658484
-0.144986168810758
-0.231519647920872
-0.184877800829467
-0.132456335367949
-0.191973829920921
-0.136238687577802
-0.108103350655462
-0.129714779186622
-0.225145044195145
-0.158103628730842
-0.0140891365841837
-0.00512950610045779
-0.0579219200896227
-0.163723084767183
-0.150245804599459
-0.132997987266143
-0.211179647207111
-0.0807737470804501
-0.0928359938040837
-0.121031491052149
-0.179684751758846
-0.0685103212974616
-0.279259035367717
-0.243826345019616
-0.141599573734959
-0.0662097304045698
-0.17333742388451
-0.191959853179287
-0.155352024603965
-0.0979555458857209
-0.110183210163832
-0.11332882949068
-0.14213540129224
0.0137171113780894
-0.147427585777422
-0.112934176794847
-0.218364576106692
-0.0662785369917485
-0.144531966106844
-0.0792754588855864
-0.222735948312918
-0.173785925684567
-0.0875044624810755
-0.171978151304791
-0.20393130612898
-0.031712931082836
0.051426764340578
-0.0641722188806266
-0.00913765916369572
0.0388054484086896
-0.0652277519597866
-0.0451268649569815
-0.067085291080267
-0.0332842590314716
-0.113882772838356
-0.0180206839498541
-0.0546368843323101
0.0894226469232646
-0.0224242224077875
-0.0103524184874596
0.0418039544127161
0.0777052528101507
-0.123813530258744
-0.154496964317162
0.126230780972243
0.0656714769142027
-0.185478850450951
-0.0221270090528194
-0.169073918252918
0.0297338216114582
0.00761959310154814
0.0332342178928205
-0.0328450742644366
-0.0402747347574231
0.0599947333227914
0.00621022398650766
-0.106850072452416
-0.02465850286056
-0.0399562620190577
-0.106265320841486
-0.106513617809152
-0.0497988719965907
0.106951701977909
-0.180387892739063
0.0673140508391591
-0.0927740287094379
0.134198649968463
-0.0217940424136282
0.119285290197601
0.0540973808459007
0.121292668972698
0.0691186943988186
0.0655459222224246
0.0894800221787219
0.0122478537048657
-0.0172408067277637
-0.0647878032628846
0.0946148504458693
0.0292968148673304
-0.0327845246250874
-0.110245316517503
0.0876423798763602
0.067746401869927
-0.047316146565689
0.0430053355770181
-0.01385534961151
0.00802060479617151
0.0953671352040784
0.0280576550268399
-0.16567378292417
0.104678678985956
0.171029297071549
0.0495722791804627
0.0466852580259851
0.103719351974004
0.0143852217533775
0.168082529667102
0.102376553233591
0.11813550261725
0.0257215281183257
0.0782439804204107
0.0494915138051416
-0.0951100123341836
-0.0905595346320417
0.166641949327871
-0.0205517725383092
0.0306751181378119
0.338145294940545
0.183417119294202
0.130648225473454
0.2066451972366
0.0304825576723135
0.0995116829433218
0.152448917725992
-0.018342819483967
0.360859630495149
0.0237059779928129
-0.077021859077313
0.225940537041461
0.121921230099154
0.194736191993038
0.177818122244657
0.112518283295622
-0.0275337499791148
0.17274010418895
0.23797886719925
0.254573403728772
0.125687752124614
0.227733758289122
0.206091863179565
0.192594018885283
0.0746333092794295
0.117165195431523
0.148654041629408
0.025102771649546
0.151249022548469
0.0999738313023944
0.182765901336097
0.267069191128027
0.140634615320874
0.0797345533052325
0.198141259347578
0.146454352443262
0.171457105054755
0.113007588737722
0.24192540190074
0.120867008284837
0.125333603516792
0.190903936788167
-0.00445500219760194
0.230541579495372
0.105408191114291
0.198103816992342
0.0905341904659665
0.290605643928538
0.170600981322619
0.254611388294317
0.249884341447403
0.185319376385141
0.359692772152767
0.180525906495289
0.23181375437304
0.244686332205304
0.237442126518783
0.150080522760915
0.269595724387302
0.312100075974651
0.0655702543472086
0.0177489486195094
0.195779800730774
0.299125597152952
0.0978330460039133
0.147287073943239
0.214430192039094
0.138533663847446
0.264515230826333
0.298752522896839
0.256847088289283
0.316321830097543
0.181577233175554
0.142842272746493
0.172162749422251
0.347280280682659
0.317652850082141
0.290853215917278
0.222168632596742
0.400297463637746
0.239138757032848
0.225330714197106
0.193531794867499
0.193483356813593
0.176889241155315
0.335973483253597
0.114127022515722
0.212107619704518
0.184535017453946
0.280128634693599
0.336612908357928
0.232826488104308
0.289319205763459
0.297596035045564
0.181421600516227
0.326391074646294
0.260341030765688
0.161191257292284
0.187217928263716
0.379996659297015
0.314099472930216
0.263892177996925
0.26347988409497
0.173873747405425
0.289146834048557
0.30412626638924
0.347602107084265
0.137646385463765
0.247204109539138
0.240653319785782
0.367622942765965
0.29379209773653
0.370296943995793
0.303446236170135
0.219232917764501
0.378160487411448
0.367677690702714
0.229332579476191
0.188290641540985
0.314772951746265
0.404954402715158
0.28713162915705
0.3914399067164
0.423081049843958
0.424177190556798
0.23482159025549
0.242857525560002
0.47959948639374
0.339785861210879
0.415872301865137
0.367638253459972
0.47061158035534
0.422598361599716
0.534700943734039
0.313268487339481
0.389952821989677
0.4338100158495
0.245156235331239
0.589726350937877
0.438856379362976
0.339327389626183
0.341637470173478
0.445695273544509
0.302083573257621
0.460760290530227
0.465601048176059
0.355458885052182
0.355012869966222
0.284638901069063
0.348851339549987
0.337554669447307
0.362911713416758
0.353197502751543
0.48247138624044
0.314395495492393
0.249430851297765
0.26938686600195
0.253164090424075
0.483973384097875
0.394768020775134
0.46874453943149
0.510037099498981
0.211370286397124
0.540960558239482
0.373375899139547
0.42051841979612
0.407542987775961
0.259806081673467
0.302049889772527
0.325077380087505
0.459984509425677
0.379408630374975
0.420082306128315
0.322145098320271
0.379084038276938
0.508449655943028
0.53298757879559
0.483378925960667
0.353226781257851
0.374649749792051
0.455878398861396
0.475345003848363
0.580664596429427
0.362590777468329
0.537785548358811
0.396351808374006
0.470002866766196
0.403183843916913
0.381904296856276
0.459679735487459
0.495153804492102
0.484331067187393
0.556439499389777
0.435205500102534
0.37379866653981
0.399121585112198
0.613396697285829
0.569099067189569
0.581934337507
0.460866978240217
0.409453083116194
0.577650209934804
0.521030555441527
0.560689691583883
0.438051381815342
0.553661190900512
0.385107917646954
0.630682763556807
0.558858257988124
0.443008978405213
0.504688043584106
0.505016812547356
0.60807356350962
0.436951653948859
0.356343894648786
0.533004820007909
0.517273842571426
0.58823427384617
0.443086603185699
0.467422127805533
0.577526150908247
0.608348795124932
0.587776127468812
0.645268368749372
0.558937680106927
0.553584813213769
0.521431226116529
0.4924423927135
0.557150176423511
0.535082626406006
0.65764277950278
0.66561917726576
0.579133496193949
0.615775422666318
0.530132979015442
0.559764445815613
0.648230579573502
0.57701229802486
0.534259812318926
0.630519400005358
0.490114134679997
0.644185124675149
0.619487092749823
0.490109624634983
0.615914432171329
0.518383256459533
0.609617505324843
0.626718887867071
0.667060062605309
0.656387529918818
0.641848568028235
0.541724487838801
0.67453252575328
0.62984360531693
0.580882463443954
0.677761442432925
0.490963821734806
0.587632623294532
0.595373136354229
0.679969669469347
0.562439861088997
0.541367990201021
0.38294804631234
0.533950256465139
0.563501559702857
0.6370526642294
0.65220206185767
0.773006442598185
0.608968055477631
0.666280061125442
0.524447726445543
0.58163030304949
0.690361346183913
0.601760249208575
0.645996784669491
0.730877868060927
0.667975600535911
0.644879770523837
0.585278908747079
0.571270715113022
0.682945995746762
0.667338167431933
0.651090690061877
0.618566435039453
0.624897215566925
0.623198854905435
0.676923693641577
0.833867785146441
0.573139523354348
0.51068402438535
0.669825052049314
0.67911326302235
0.68020817741202
0.593855945880192
0.68973185041619
0.613171556778486
0.501318453315686
0.504530512751995
0.747773073302935
0.586501232871279
0.609228953461624
0.694580264090506
0.504062621079641
0.610127847790189
0.515325947367082
0.719463863140654
0.610826317459559
0.892019693975076
0.730717882123533
0.856766692275064
0.595713677793738
0.730094210558337
0.723812820247287
0.889325118102339
0.653513166230631
0.788411147257129
0.800239000925032
0.818917471913294
0.883322979785842
0.771216900106548
0.76897353812981
0.64651705125229
0.683811226945206
0.65110609020448
0.620787534317021
0.72984180590147
0.75332206473235
0.892825082236608
0.780167606362174
0.689684220053897
0.832198569428617
0.794004270172583
0.788628775277418
0.650931647639522
0.683095991056009
0.813620306962588
0.487288195208751
0.875476306534594
0.91755763385799
0.806375196488223
0.787779260918368
0.961656747614405
0.669952207083451
0.864904198804887
0.702430603425082
0.81554002656192
0.89833848850349
0.848478325096984
0.678044969117532
0.755066169608056
0.916887623184173
0.790442121704881
0.861700070957464
0.887517385357587
0.885542342069103
0.922116599139112
0.857522341249135
0.697851865267789
0.673535663422979
0.850722005224994
0.875955466402207
0.851198866455749
0.883708496950205
0.881863326639429
0.847194849545542
0.904428388370081
0.782660635735721
0.904013158129899
0.875017829069408
0.92387518757982
0.791451250676207
0.780671896026502
0.956100910474227
0.83481957160672
0.942292398769666
0.720409035491508
0.706999678464629
0.842893671548878
0.94085792323539
0.764880870064346
0.906682132156633
0.906801393555387
0.862240417730012
0.56793930283371
0.814897291943732
0.7893739021507
0.829021810651811
0.94506335958433
0.801876667113646
1.04628687286604
0.864854458931279
0.839745265837994
0.835781271752111
0.796630839139601
0.785625404596422
0.933672233958501
0.942517600630259
1.0521590059167
0.80762326477696
0.891972386280053
0.733269269358449
0.886748883291256
0.91189604513192
0.862573275382127
0.774176704270274
0.863831431187458
0.873772669445798
0.816558603988406
0.916526091934818
0.938582238826124
0.894507835842704
1.03630912774573
0.857644954163553
0.897847232551087
0.92143676047806
0.841746403415531
0.790054546440607
0.834740416663195
1.02558364479096
0.935124855016028
0.859888281532397
0.945833831262698
0.765394193974664
0.857609905088716
0.878153090921476
0.914277573738658
0.961980609113949
0.910970045320237
0.948994614664876
0.905205307244808
0.915392273515251
0.892559959847108
0.918204975390578
0.979126001782789
0.999480952799252
1.06409098255462
0.958222803269059
1.00962928725499
1.0565229594299
1.03918288732691
0.909267198108449
1.00592589709069
0.920371142251287
1.04406914836913
1.1332896967957
0.978029807604699
1.00466214515968
1.00744457884883
1.10170844263991
0.930414722071422
0.950247332693294
1.03783572831374
1.08176751048697
0.93413268744421
1.03556872699213
1.07500926584893
