-0.0333910460085175
-0.917909440432846
-0.885488695351137
-1.04580551092427
-1.09399039758319
-0.917763312554329
-0.996348161716931
-0.954992337604853
-1.06500259001909
-0.93857663940465
-0.878582360052574
-0.937965909673781
-1.07692769773981
-0.929117749275625
-1.09876636606687
-0.923806130397594
-1.05311046311157
-0.977086728582195
-1.02538175443537
-1.00365574169874
-1.0695063242898
-0.956834477669645
-0.91816834385887
-1.04896659168948
-0.99365758991623
-0.928945513271689
-0.956802548298942
-0.896510796736413
-1.01091097562497
-0.972597624885218
-0.919881005447352
-0.997190708580417
-0.831184428675479
-0.828362828723856
-1.07639821860038
-1.01407043070152
-0.990654743498733
-0.803942138176124
-0.800078395721894
-0.89501399409308
-0.964047862778618
-1.06310564850758
-0.795077523122415
-0.764831301018326
-0.80473798385791
-0.822881867981353
-1.01236368145258
-0.878622693698344
-1.03179137150956
-0.807649874002191
-0.854420718447658
-0.911579755751911
-1.00090881404501
-1.00762649166811
-0.784682005209638
-0.728331865173854
-0.976640190527037
-0.787437910476134
-0.872110407096738
-0.825446861317428
-0.959295378283176
-0.794013682167916
-0.879949792761242
-0.83784569407983
-0.821582508650722
-0.871995093245446
-0.835988666878354
-0.927583057426533
-0.76762000803701
-0.784047762145575
-0.869304609758154
-0.832309702830427
-0.862004922817807
-0.810765690866858
-0.904001046238929
-0.850372492953267
-0.752051295009257
-0.974088006805331
-0.837175394852886
-0.800391794175033
-0.754533446878496
-0.840095286447026
-0.67791905083617
-0.823847089564472
-0.821526826848605
-0.959733016521062
-0.962981452956975
-0.829097744560873
-0.912015637475851
-0.792960023803659
-0.83578694049564
-0.841695965874335
-0.82338844882449
-0.676672913930267
-0.607845956700719
-0.826272704298368
-0.782538816352409
-0.79075313172174
-0.816222531132627
-0.70467756038166
-0.815736350515479
-0.966475858083825
-0.855643693141494
-0.739456349345995
-0.842272581067247
-0.746535747532216
-0.768256491328977
-0.801916976593247
-0.747781476147443
-0.673342214960293
-0.709317643640473
-0.697558802990872
-0.812143675048668
-0.858924016956355
-0.701047376733996
-0.679173839484886
-0.812741728960186
-0.768983920539594
-0.690033877755776
-0.708148940511496
-0.877102799274286
-0.778524385379853
-0.826676667918438
-0.588921980961704
-0.752751743872723
-0.612333245524664
-0.741188295345401
-0.887136169365132
-0.645974649543399
-0.819038888522554
-0.66126565669462
-0.708002816074136
-0.804061009631296
-0.810409634637463
-0.702472658233907
-0.783290555725712
-0.768624218313893
-0.654806456136313
-0.7192340218062
-0.614690406420484
-0.679323203943448
-0.835523776467968
-0.657186188504187
-0.618512767972954
-0.701476227681128
-0.70307104989454
-0.650952558904194
-0.831826066332511
-0.508947328652674
-0.788447321363716
-0.852297069362654
-0.505340052581019
-0.65116638616247
-0.712618588774237
-0.880873524763667
-0.615034206540394
-0.716567293383198
-0.79648685533381
-0.615003937601519
-0.780071071970152
-0.695506716398635
-0.560767468246744
-0.754518903892169
-0.629824355565656
-0.747428739417423
-0.734193465520458
-0.698757872557157
-0.750461605543993
-0.734784196211328
-0.644646773654216
-0.593191461268017
-0.627031694790314
-0.669263719564501
-0.866963572977205
-0.712648572150876
-0.604319270158615
-0.776828186020764
-0.480288576728133
-0.718649046828508
-0.666843877983525
-0.59671003825996
-0.794572429559326
-0.698666906355388
-0.625137979527292
-0.609002085313708
-0.720656037784463
-0.690233530889925
-0.690324048128734
-0.60599743749564
-0.686476404567821
-0.688191999623498
-0.548164286111603
-0.585896928104019
-0.63379180993055
-0.535137354557219
-0.678520150650056
-0.633812097520929
-0.542490515610801
-0.62428672312515
-0.614111985423238
-0.644667676944386
-0.540089714994235
-0.599485332774989
-0.515308380659041
-0.655022122655892
-0.574767951967459
-0.588389988039773
-0.515157324797717
-0.530525604433955
-0.6694108205059
-0.66362204210673
-0.433377276239831
-0.564575605718239
-0.584955800839791
-0.57857908358074
-0.721283395028274
-0.632905119287243
-0.53498876741286
-0.497477780362936
-0.683386277439793
-0.587247107994423
-0.594043067556881
-0.40980509400393
-0.661343564297306
-0.510299825362601
-0.395394646591054
-0.453610952108809
-0.469736697140318
-0.566220846205744
-0.565080420743036
-0.526695266422076
-0.493596012345236
-0.47386432455812
-0.811304698808999
-0.499622326855421
-0.566163008792449
-0.591634431358555
-0.532986409671161
-0.516723799123737
-0.5618588511953
-0.385276773738274
-0.521189127948473
-0.608714650841615
-0.501412178416716
-0.413579923575194
-0.500348103702741
-0.5460743068035
-0.49210268967025
-0.62131811311114
-0.432971830295188
-0.465332949389243
-0.436363771561126
-0.452263466631801
-0.411261190760923
-0.457083652877911
-0.536412264441454
-0.499526647321235
-0.360116379375757
-0.510082793914657
-0.507112633025384
-0.708120818722132
-0.60153067063919
-0.314655919031944
-0.479305457036714
-0.456566362861721
-0.452545298228287
-0.581422164779946
-0.495375638034185
-0.558272566791501
-0.568244616887961
-0.41327224443154
-0.395950126846394
-0.360435312482988
-0.441649775461874
-0.607724717208187
-0.42680108756168
-0.508164433353781
-0.513221889205237
-0.33310522061856
-0.399988612543296
-0.522272018388017
-0.455590603412219
-0.534860809279334
-0.468314724771228
-0.411266529652196
-0.498492659852006
-0.503310329704503
-0.411103759244634
-0.444587409720233
-0.322280936053556
-0.341405326697278
-0.420372139965273
-0.375807115740034
-0.361914054686589
-0.409795772922796
-0.466759861986288
-0.512070409992829
-0.454059084746619
-0.285259882597395
-0.345986222564154
-0.418784029242796
-0.470530824676669
-0.506523637859945
-0.555611811346497
-0.366231487689738
-0.379035469472555
-0.385880546918452
-0.324214575880902
-0.339626517870229
-0.440742361324022
-0.315644224671944
-0.427927652639131
-0.433755891415106
-0.446181496909833
-0.315724240013414
-0.245255895267737
-0.403853989754849
-0.480405890159336
-0.391996558888646
-0.385768108941888
-0.397787860983493
-0.430218719125643
-0.372168408594931
-0.279311278566447
-0.263127261326133
-0.515397342383667
-0.341142567185867
-0.349866301021019
-0.401182502456988
-0.24198015085816
-0.428505517415874
-0.321146433800601
-0.367930273093198
-0.335949594247612
-0.322354656238989
-0.416280308701957
-0.27944403038886
-0.278390847431343
-0.384086194920914
-0.358550432485918
-0.225656371530616
-0.274905836130935
-0.218629911394538
-0.352961781874457
-0.347379395649729
-0.210430584556507
-0.203513068926245
-0.315985241833076
-0.27288261714485
-0.337982408372027
-0.243487346750924
-0.193483762548578
-0.252069570891935
-0.296450849487603
-0.399568642123246
-0.313237542579948
-0.305737274044607
-0.372616963756724
-0.361930446546945
-0.296728179932769
-0.239680801956349
-0.261616383145682
-0.310140962837174
-0.354232203540314
-0.0519271876446195
-0.320822419693422
-0.356193496962516
-0.37838065937743
-0.271124722311739
-0.281725531848489
-0.389930433088819
-0.242163247340124
-0.275120378766165
-0.190296189573074
-0.138799217481144
-0.267265179112214
-0.195171207344995
-0.321454276679023
-0.0992678720915609
-0.22442448411408
-0.297704502152826
-0.402416366782451
-0.269862315972071
-0.173269287573951
-0.335494649999804
-0.191181751584495
-0.199609179018459
-0.245897310208745
-0.282312256194631
-0.283668989657352
-0.523459353567737
-0.230017627139586
-0.19620803449621
-0.179249134591904
-0.388835880004889
-0.183277778704674
-0.244387840613592
-0.25028047379436
-0.308581259417529
-0.171258879329518
-0.209936943989466
-0.214996167497479
-0.214330047272885
-0.169083187602993
-0.042433326985916
-0.241337193653525
-0.229306663758384
-0.0308612632450209
-0.23834984856937
-0.0085581346555188
-0.0205918407691101
-0.00971893769570098
-0.186183806866524
-0.267696131905311
-0.18067085573411
-0.0743692384837191
-0.145695921430543
-0.0875425657187074
-0.343145792384027
-0.0931733650688902
-0.0952296986716223
-0.202142338350443
-0.154841651168802
-0.290724564573245
-0.129041058563645
-0.0962774546798258
-0.101038748930555
-0.239170849364799
-0.0644960359215434
-0.424252612055734
-0.158902572354582
-0.220273760037278
-0.013102516069039
-0.254195211042515
-0.195410426550713
-0.131876118287957
-0.259599513545316
-0.190939967670155
-0.0947957211802782
-0.258129972508375
-0.189278172171585
-0.122068576725486
-0.0902778585573462
-0.151728842063303
0.0007235789787616
-0.0465289121953736
-0.152488028220504
0.0396120314536777
-0.174743263248944
-0.176869734885314
-0.101907962032578
-0.168229194494547
-0.129396380390858
-0.131535965428039
-0.092770352729635
-0.276153679114919
-0.144937951565514
-0.0130890486774747
0.0374809076522554
-0.250333740154521
-0.155853192178001
-0.136914149726569
-0.128643575663827
-0.0719624411600295
-0.0501832129033927
0.134168471401506
-0.147000811160456
-0.0517551119479682
-0.0725829307276133
0.0670909620758751
-0.129377868017632
-0.189279440378902
-0.0912658623594993
-0.0279534347952389
-0.0527104229763213
-0.0157515467324204
-0.0876687081384013
-0.0558690948416011
-0.0660015659732009
-0.0664810407500778
-0.098733098161728
0.0328886384146596
0.0597163328912044
-0.170109464492391
-0.0387355425244326
-0.0982920321758235
0.0249516008082915
-0.0242532093758773
-0.0341002149401167
-0.0495167440364153
-0.0813246187749026
-0.0643373077090997
0.0435960567748277
-0.0793458173192937
-0.013710533356926
0.0630399744078469
-0.101241751692208
-0.0520074743513277
0.0599594354374047
-0.0709217104170031
-0.059404617113756
0.0666013550189042
0.0227583417548708
-0.00576638710536612
-0.0228061701167347
0.133188307875444
0.0223007201563832
-0.0385279982246938
0.0687609247084443
-0.00669176774121282
0.0372469629189917
-0.0158469662429051
-0.0831194435150183
-0.0188604755067372
-0.0144063976995398
0.0846268557054792
0.0394178051713863
-0.152324056960564
0.197488507370385
-0.025307631065219
0.195430643192721
0.0581379120529845
0.150411424103687
-0.0784438331332879
0.0356186433826241
0.209062876063177
0.0629267296314035
-0.0265068960728372
-0.00663449437965368
0.117460497875284
0.028462317976378
0.171505614660823
0.0235153442668753
-0.00699746155787008
0.0234964490170638
0.105301471115842
0.0700729194335034
0.158574289517723
0.119039552879511
0.056634921742448
0.0867167104526855
-0.0449058910400368
-0.0528468293996626
0.189364258804561
-0.0167691693967992
-0.0272536099141948
0.201584635358956
0.223591685117224
0.150696534138875
-0.0147854290793533
0.157174326499448
0.170243457510958
0.1442919843327
0.199671860042951
0.0287175301750433
0.0994797273439149
0.127357239729255
0.175877695234472
0.164369102096349
0.144078185295992
0.261357412516461
0.122475563901209
0.123161665279253
0.027750895907912
0.10210888265085
0.0308193311431435
0.149543529568568
0.249541969584651
0.0584282410180271
0.133151669320886
0.136202050288042
0.130895868003814
0.114817927740425
0.102772948608693
0.257500926601147
0.137196093384223
0.082854571083216
0.176175266491805
0.0174575565729187
0.161427675106544
0.254323135246167
0.0852173232508972
0.248911854496755
0.214675467797878
0.123503471526502
0.180389302492374
0.230547392320244
0.12687954057078
0.239548073369393
0.160884108536794
0.215696597745688
0.25139651784972
0.187257460762639
0.194336859102518
0.246934988206821
0.341556453998014
0.159994136057004
0.216062444731155
0.183059207203137
0.241604599199444
0.242302691367376
0.104980186643308
0.0414325344814313
0.214078206627152
0.159855448224071
0.248402957194094
0.206197269766632
0.35686171654042
0.261288090320697
0.217741955800515
0.172280197601813
0.217504450213025
0.299226937300936
0.142918479296933
0.334982353066741
0.107907113528111
0.199485737979094
0.246677879876169
0.196412938497686
0.169606277510371
0.137833025025234
0.30686076809754
0.273977748676837
0.210929549654498
0.214779108931932
0.181147441356873
0.171203139763079
0.211568541921403
0.277034166151845
0.311067291647985
0.181546163909996
0.167841842118659
0.170565787161058
0.234565601232356
0.293917957585987
0.300446816407348
0.295092211125714
0.236300872400161
0.227461410429358
0.193053388415789
0.346414170702934
0.25637939748065
0.430584674172467
0.328387635718502
0.347635105359753
0.333338874062261
0.400873521545257
0.260860681505433
0.272915962444132
0.286458750089798
0.357063392310216
0.375388559149107
0.243128503185428
0.266611675360703
0.118471487184442
0.183809238448803
0.250446136559334
0.173110503995129
0.298656499804687
0.223372807206861
0.405082637898411
0.284735558740828
0.15326435618942
0.42855353606596
0.213501166930684
0.302334361298509
0.315231647663782
0.328353122799927
0.218756677147087
0.433565596850247
0.339854594979259
0.356221820517426
0.362196366018984
0.390533751421135
0.286994825004996
0.219848404698829
0.331499042981709
0.254602536680818
0.423971734361604
0.322689439920254
0.37835705150563
0.442175201389919
0.318762609564929
0.503321371905222
0.295092399924304
0.428854371693766
0.541442614470872
0.288926535720656
0.391943384929769
0.319246299865038
0.202270015500254
0.336854592449475
0.409165107537359
0.327464620797598
0.361741890857731
0.510555149519514
0.354900772972451
0.378217380485167
0.268466852027251
0.292459047023494
0.366882197409209
0.401770036587183
0.400977400565372
0.453914819579726
0.493552767551414
0.419413754182255
0.319756450430249
0.386375045788739
0.398301381672302
0.307927299023621
0.344773187819641
0.379631846004207
0.465569626511003
0.311097438371638
0.407194047513097
0.377341919670731
0.430922740490457
0.378891656133741
0.41673401869646
0.520543066303244
0.378995239501976
0.528985674374906
0.478822067002487
0.466470176963004
0.391634234713245
0.357376779705993
0.386451463477912
0.573114844163846
0.501949121713622
0.394992304531103
0.495762480950782
0.537002278405409
0.376572986285074
0.424353419048814
0.430967961400258
0.401338850419226
0.431359234493101
0.365790355482101
0.54371012675192
0.510120051374248
0.553393345048556
0.60896058752883
0.366564426589225
0.433026660931702
0.452030111128306
0.625884161051828
0.334439673222985
0.513456639917965
0.570339132142331
0.484401655730897
0.394866375562851
0.487677956827006
0.433782840133865
0.479320608143075
0.469704313373471
0.457227551327109
0.528817764975301
0.564119217487709
0.556941076584385
0.669181664807013
0.470154460401802
0.442879713081909
0.438786184037929
0.549403966378194
0.614770533467557
0.536977995319018
0.507983803677902
0.607868346011324
0.426075777340148
0.412112081841879
0.506673534782328
0.585482071613612
0.606350105136001
0.682928809065779
0.719265787960842
0.457440043844947
0.513817384740701
0.664327620367681
0.620972679053567
0.591681413967484
0.629268191608144
0.506315815832911
0.486463245522772
0.512577117004895
0.609013322289435
0.791296726186213
0.675952431029138
0.575960431065946
0.561184194578075
0.517529638209867
0.581820521576455
0.471682828342769
0.61025171417599
0.608779623621217
0.586556940339611
0.565076074368735
0.562618715219618
0.462975124101632
0.509936638802432
0.579413739943117
0.605580075636626
0.595636625701045
0.680455795362688
0.625406417956305
0.641546484322352
0.486224890143214
0.633201355113241
0.686332377786269
0.670859435429976
0.495926139080521
0.849422788105023
0.659439457734615
0.672557895947938
0.577569861233389
0.608916594434235
0.671731385586584
0.730718126264838
0.707115650884471
0.73554116214271
0.875452552071483
0.669346005916257
0.699497438130689
0.571191730059982
0.695206484273113
0.619311537235807
0.574908813162083
0.494553659922059
0.664724310463839
0.520075118524888
0.710175715852581
0.609541094702954
0.657866072740971
0.654241068378385
0.615299675121868
0.60532753495467
0.614485642793526
0.796994152781525
0.660204365147719
0.635251320989225
0.612705832072269
0.797002148306687
0.604652228222483
0.843367695836524
0.579039362289597
0.606222699276941
0.581809355812296
0.649469590769719
0.894791805574022
0.754436671550263
0.667706790017886
0.773867175806261
0.621729138966474
0.820404908300335
0.606837020318143
0.608943801399941
0.747199506066185
0.852098971011628
0.599869844990127
0.696249034578367
0.643820842354326
0.568205096493811
0.692124241835764
0.751542177714012
0.882340775624534
0.732630334704166
0.727645977441766
0.641823133897578
0.647074239335738
0.664867870313607
0.707955657041076
0.625963140100699
0.691446396266248
0.702107087495342
0.678922569925152
0.735227788760291
0.644139235033428
0.815066519463512
0.779890234262626
0.812606012489145
0.839298230022683
0.811544469902727
0.693499276124858
0.701505339982636
0.751203905679793
0.782417725472451
0.680809409246172
0.704052608835872
0.899812962363188
0.926326954025558
0.727002382120696
0.798887556487061
0.912977104142874
0.850428451820951
0.817590854859936
0.694423657656218
0.646692987392265
0.811721541513678
0.794298104587061
0.694965855520988
0.79716008919434
0.791080376732944
0.768573581266871
0.764019232064594
0.598212037403642
0.796085103242951
0.983958172506283
0.667656797328509
0.832203847278605
0.773317130859312
0.792452086104509
0.776813079748161
0.85281872660665
0.658919729556496
0.706113937405066
0.830417956521168
0.867887938074445
0.887123717153296
0.780876810516305
0.775321309100542
0.83799814699866
0.707635892830348
0.87828014395376
0.864646241325864
0.96018376915013
0.704336619717098
0.852093141266088
0.952994674988238
0.898534321847259
0.88135924756709
0.935252306304981
0.899681264320591
0.813048154365917
0.835061822173632
0.88004267978062
0.988337891019731
0.7435708477772
0.844466049425526
0.893450768103974
0.830892470096866
0.853238565592115
0.97087268940945
0.881248242527467
0.787605599151087
0.859894317019181
0.81248112691915
0.948863756291668
0.952133190579022
0.765569949584637
0.777106161685089
0.864016340740611
0.899773451055748
0.809000063391553
0.725771356065993
1.00581808867563
1.03493863486458
0.960655812330441
0.886678425845736
0.964524887732495
1.02079615349965
0.872696625778773
0.887695932671605
0.938116394958528
0.906734662237669
0.98893834437347
0.825376672573239
0.913831619192298
0.875772848568541
0.788095956054613
0.954943987184552
0.942980135263537
0.860968981321991
1.09923680329939
0.997672317890645
1.02291305405275
0.915389680701741
1.0817584342003
0.803975454357756
0.969262226549112
0.855426326102952
0.965013970777837
0.905013350968421
0.957301031767384
1.1118391133674
1.11062216066308
0.949922392173755
0.942185551501241
1.00839415280817
0.92070652893992
1.08330663928723
1.08441853718725
0.996941293512009
1.19106724024274
0.97838530438476
1.02456294101269
1.05264313656365
1.03257847545068
1.03557790848093
0.960914143690366
1.04693190521255
0.963802288039244
1.09669314985847
