0.0466313444873905
-0.964085722096484
-1.07526527971798
-0.77423079136405
-0.900556384655812
-0.993270575583271
-0.949855499957236
-0.918330257576209
-0.98430440420275
-1.09264036089968
-1.00373077319408
-0.971166472631956
-1.08779731668923
-1.15779182879655
-1.14188857062637
-0.817388910734579
-1.06228491144144
-1.08136015612233
-1.04866507542214
-0.963541119886126
-0.917467335832246
-0.952994481330399
-1.05556323407263
-0.983558877351186
-0.945344658251366
-1.07079659449873
-0.945004849550277
-1.00434975704417
-0.788246594060447
-0.830641366164687
-0.91954240288335
-0.971967533414073
-0.953067804395902
-1.01810076856304
-0.887478892347054
-0.955632052823686
-0.928193238278051
-0.96064911368012
-0.970133363015034
-0.991400648193693
-0.825157459529284
-0.836636952412514
-0.946091158105103
-0.946330699811177
-0.927927888176856
-0.87964810747777
-0.948703701661171
-0.994076621774496
-0.920197181000657
-0.939621589733232
-0.925875184909951
-0.784974039168614
-1.0687307632532
-1.01271675205789
-0.821896855870963
-1.00164582318995
-0.852394494818082
-1.00954296337624
-0.809035542890997
-0.876088080454951
-0.979866239634611
-0.908733238038506
-0.806131305727001
-0.809254068172933
-0.793410259616167
-0.806135318217223
-0.967488487603189
-0.87768471258666
-0.83348990450399
-0.878204147417887
-0.794121329263371
-0.767691898869472
-0.803337685187456
-0.784126074471258
-0.970315143018041
-0.804150263093744
-0.931107689908386
-0.952682820847858
-0.874535979941874
-0.756230267659057
-0.914950799228074
-0.804244320865333
-0.791065862802904
-0.842947144568887
-0.755672521514492
-0.667764434458529
-0.869870311306272
-0.788487739597689
-0.791928095649325
-0.866267408155858
-0.933167947866085
-0.774835005137032
-0.797887950541712
-0.871711553045138
-0.936216086506877
-0.9442713991996
-0.890748805856546
-0.880371116030237
-0.81671391060484
-0.930773692001645
-0.723154406219327
-0.891086123158485
-0.860247344890554
-0.695648964265799
-0.738705017170272
-0.792169710878422
-0.717754151356003
-0.689088646939959
-0.800135586769177
-0.710795536838902
-0.8634440528172
-0.680829465866564
-0.631539530869981
-0.745284293130805
-0.623243103617131
-0.823348291523733
-0.742551622503552
-0.755409597544269
-0.90050211464923
-0.780515486782879
-0.657913437945884
-0.564496092736226
-0.732901632361012
-0.716684339079655
-0.716579525768424
-0.735772913473355
-0.742784283572221
-0.68298838178108
-0.664670295835501
-0.704466523667149
-0.834599972183618
-0.642505089835294
-0.790550164557487
-0.749888786061171
-0.882919199303536
-0.729028733983509
-0.674448687985256
-0.628858049366926
-0.7705019012038
-0.819784063302116
-0.729932899517557
-0.683500675081625
-0.74679122527025
-0.620310503403918
-0.741321986468497
-0.743724325444559
-0.65518816119373
-0.743821801214468
-0.713335064670127
-0.619233249013519
-0.760142205628416
-0.756962045249416
-0.575300181090764
-0.685853020456338
-0.777566513693197
-0.694974519806613
-0.614904391485853
-0.594775894466416
-0.804663241115563
-0.671644556835909
-0.732140846443284
-0.603326021823193
-0.586636564633441
-0.678793643467041
-0.593347007891024
-0.564105785634251
-0.745451706052822
-0.825821457267068
-0.552628861050597
-0.602585019874433
-0.666700812711476
-0.612897771315452
-0.758130583184074
-0.730014525853297
-0.61324892438651
-0.611979772087434
-0.702204433965244
-0.706559758543438
-0.610775235035087
-0.822910795637676
-0.483737059724568
-0.588310157944232
-0.752532606141497
-0.599353804263596
-0.600459358104593
-0.720464190434491
-0.802997143266643
-0.606083559198716
-0.692428624563663
-0.472187866154955
-0.611627783739044
-0.681097065694977
-0.609359801161738
-0.848612796763189
-0.499777101658544
-0.690647331413691
-0.553496774380973
-0.761635296510074
-0.671760025940894
-0.65068538505788
-0.778050345375187
-0.596146801876119
-0.461168327518629
-0.770193644187626
-0.611869647607037
-0.634215834326856
-0.621356858937514
-0.640757432442108
-0.527894696805827
-0.70267825272615
-0.640716730661369
-0.686687629709519
-0.445951881593539
-0.515788685786886
-0.4665771513115
-0.565047388829511
-0.520403292882867
-0.508829131512606
-0.543152194658056
-0.681830983348355
-0.608875333406617
-0.581310612087986
-0.596654475401817
-0.397284620304529
-0.495032385601123
-0.581966030641052
-0.493256794993193
-0.648131482796687
-0.450800905450782
-0.418077965287608
-0.529440721381724
-0.557902462175491
-0.450390087132292
-0.55439484543042
-0.51979157013083
-0.509283046411393
-0.501987950329284
-0.491382276453882
-0.524606379658475
-0.527581148036834
-0.535610759674533
-0.542250145055868
-0.592733279810282
-0.674987244965445
-0.566967653638956
-0.495168890016532
-0.499446234291337
-0.484506187433002
-0.434739828588892
-0.420896908412486
-0.460727084032356
-0.509701106251773
-0.443024556853021
-0.385428128197572
-0.387626989302442
-0.472111030188784
-0.47600447196777
-0.495135319217562
-0.304213963219198
-0.292531963994691
-0.54483831752213
-0.468031505764485
-0.485579314501912
-0.43129066360037
-0.34122265731631
-0.398401365083081
-0.419182289493673
-0.533158046498436
-0.380752087834719
-0.534361669214609
-0.455027664827944
-0.46018090245237
-0.390229538214981
-0.371823880298634
-0.393021734312281
-0.405614314502907
-0.328092002357206
-0.518389812878729
-0.375769262375015
-0.541642367666997
-0.386845812925518
-0.441555649714923
-0.493079515852308
-0.495089779059874
-0.360100164550444
-0.546379168567918
-0.43400038513259
-0.460430062882566
-0.61210184212987
-0.357402061569454
-0.420567135925319
-0.355815570881545
-0.530413138607582
-0.430423262756994
-0.407507519046177
-0.369759467418581
-0.459097000491919
-0.362979989002279
-0.426182346494391
-0.526244106026148
-0.38874708295066
-0.424284478012403
-0.383746729745843
-0.249548502538744
-0.51256638289233
-0.392288770010741
-0.392246521356641
-0.242414147582821
-0.423690122876852
-0.373520530720601
-0.385270869460698
-0.307184179907959
-0.425094412608756
-0.393230903691978
-0.454708191050883
-0.390990522793196
-0.49051306760231
-0.292169735701581
-0.407914076294804
-0.345357207105382
-0.404928418065515
-0.380733837898536
-0.244759230104236
-0.38387785783482
-0.251342137693406
-0.393923636432597
-0.356747783671565
-0.442490318438374
-0.354497647779628
-0.421192479425047
-0.401869768359131
-0.410051664412179
-0.370936035888358
-0.300736998994066
-0.326525588804414
-0.218268604247438
-0.368126237266662
-0.381117185336348
-0.379410427706578
-0.326823736474444
-0.241296593183197
-0.301669076138215
-0.157381280040003
-0.261963969187341
-0.326233070253673
-0.361759366885468
-0.287645689276073
-0.290609177152809
-0.268909012002534
-0.337005075871781
-0.235462730542972
-0.257166781222609
-0.274764320979347
-0.246466926911119
-0.245680261904393
-0.350779293629773
-0.35873562405803
-0.274855147601554
-0.330634839184952
-0.392237489124512
-0.18702301697661
-0.32911014557749
-0.16736705962757
-0.385540763113233
-0.372958631839822
-0.317437782444998
-0.318794280652643
-0.30787334951458
-0.277552135501071
-0.209952378235289
-0.422580381928045
-0.161103105247555
-0.327811757188172
-0.266635902699456
-0.201872605359825
-0.279253441938393
-0.285194749510896
-0.383719865456557
-0.262809406147362
-0.285374467226022
-0.26266368023813
-0.294018305365953
-0.267878460453789
-0.174021436623935
-0.267459153773049
-0.227665820899859
-0.284795184949831
-0.228857135722955
-0.261573066077753
-0.258254572639901
-0.199368781056989
-0.14210783959337
-0.123695292053051
-0.192751400374961
-0.192183334356655
-0.265022639221489
-0.0946784117331107
-0.0609627082704939
-0.127871566646951
-0.108531991858694
0.00892089386586835
-0.132182830978537
-0.215176142367973
-0.195834132457076
-0.0333389799512331
-0.344144054128427
-0.0108403163635744
-0.0184093588739277
-0.222882664585424
-0.112034090539045
-0.156975109847988
-0.27388757094442
-0.167239962643989
-0.163736836028696
-0.0891139119753141
-0.326290298558262
-0.203547160435201
-0.237590697980283
-0.168084582075755
-0.160607328115564
-0.0878209440604383
-0.276171462267236
-0.195293617987163
-0.155339314373785
-0.267924559992389
-0.0505414069844879
-0.130434186387997
-0.116640478385849
-0.136875130576392
-0.177014844043225
-0.150871781752606
-0.120969024379912
-0.0682156446703229
-0.238874512689415
-0.0194394449138227
-0.106121037058202
-0.122632954195996
-0.0746530223593607
-0.0796057127904802
-0.176419351089435
-0.0615595543829596
-0.163665142450671
-0.115260768262297
-0.0883894565449336
-0.0390230421658136
0.0116936481536272
-0.0660761315201558
-0.0175421044569507
-0.0233734378442384
-0.120704840163719
-0.264486308352439
-0.120016788732138
-0.0901001102924651
-0.0547560002131349
-0.112921066674395
0.0706721184322807
-0.0635873485987614
-0.188424048368992
0.0559036817985648
-0.30613188714912
-0.0619042285783737
-0.106913501706178
-0.0528798312152328
-0.0532276350799026
0.120665064953231
-0.12391550409203
-0.0307595019661176
-0.0908709247920006
-0.146082528793097
-0.0476819852598987
-0.0755521210630029
-0.0130656755904539
-0.0484607047850664
-0.0232969974889786
-0.120553292912341
-0.113154575886723
0.0403742751922533
-0.147678371928061
0.0761745166192614
0.0341746364293322
-0.0149255119756988
-0.167517973453719
0.0141368194618468
-0.0736632893083976
0.086380269938321
-0.0352187480624942
0.14893089725836
-0.0195968238314774
-0.00562387604960158
-0.0781109510478127
-0.0643876233498494
-0.0670451741430459
-0.0510252531213686
-0.057097483410142
0.0160730520978952
0.0495758356009763
0.0269858224752645
-0.0475706169039708
0.136947533130698
0.0202368978573406
0.0363712940577111
0.0104064356075347
-0.060084702523889
0.0455114978466416
0.161240516257198
0.099418987522012
0.00979791093848411
-0.065971772094382
-0.0367509894442953
0.0813027285924984
0.0180030099767048
-0.0997876389985545
0.11451490786209
-0.0408817019530075
-0.0145429527850116
0.0974547813451224
0.0817990305312247
-0.131600621173262
-0.00518401553632874
-0.0245559191612314
0.127638415541079
-0.0524501433788896
0.200744842651058
0.0766689763391495
0.0967836661824593
0.0525784792516589
0.0118297510724669
0.0731914742713098
0.083944428618085
-0.0570180656057738
-0.108858486919382
0.120870274540146
-0.0714043212158871
0.126225590802453
-0.0858420862445572
0.087836029913533
0.0279016741328411
0.0115274525809093
0.0938330974184438
0.126089332498581
0.261829200532939
0.0917196673520042
-0.0285760894146526
0.138847472883167
0.138411499657579
0.100609912935315
0.0663034406707159
0.0733709700891267
0.0514862108619398
0.0700761422950397
-0.00994020967063195
0.141517200542956
0.172804359836452
-0.0609936241515201
0.110809413378799
0.144079051446793
0.182670191370871
0.177971405995412
0.196532263871857
0.155703614823646
0.0412724904133533
0.11888428418738
0.147046040829949
0.116533037669859
0.184805443395381
0.232585502648718
0.0657527145531749
0.0871258796773873
0.146151041806442
0.15844218661167
0.245722091426359
0.218635463268081
0.0936670978869233
-0.0209829569931241
0.109666971191768
0.118403171897399
0.0304922050222705
0.176018857766293
0.193367758829443
0.0308074352407658
0.122536559790105
0.0423865914143042
0.130511420690852
0.0436642707117068
0.0729504405967809
0.116756020776131
0.121497701139341
0.129628907942407
0.146020259880054
0.239330545654527
0.287305868877253
0.13503934763627
0.0882125772866371
0.280204922922206
0.201012521486882
0.248135035791591
0.222584235760939
0.193929435429121
0.191372982862503
0.309021538081471
0.287342140978777
0.165053092625002
0.139946677601182
0.16254197881091
0.206492326866555
0.251827672935206
0.047337376920304
0.271619355591002
0.238647931282605
0.159796049456092
0.252898917930036
0.320202506339406
0.205594175016966
0.323577778786912
0.203130535619511
0.255950156584002
0.193335696190885
0.212884997484542
0.323704000717749
0.257914808886796
0.350069282503362
0.246683325394253
0.194909335069572
0.313474061023704
0.302836958315153
0.156140115935808
0.193003172177106
0.351930925775386
0.310235137842105
0.354502529623528
0.197954576816972
0.276515313171839
0.173902245977444
0.163858079223577
0.366524577061477
0.400077035389108
0.338569394859363
0.248743805659823
0.259531433458806
0.25467791254788
0.3032455591227
0.454575159763429
0.338215420081971
0.238579686102957
0.204588851608131
0.221471199659372
0.431246252540543
0.250281788649352
0.261872963620955
0.38157998757379
0.416786295780441
0.364603586868787
0.149075295253054
0.330849160357837
0.344240270475095
0.22848383573618
0.407529145653672
0.338912599512297
0.214155541708325
0.274144172199033
0.352697345579828
0.229469644712817
0.32069071896582
0.33734101061458
0.39352537285062
0.222414187690642
0.379683348480836
0.282381033858061
0.329623233219502
0.368335167410509
0.215649215058548
0.336492254176232
0.393049617262421
0.372137943680369
0.337106305172075
0.353099150744062
0.453648292476586
0.406670954324871
0.330920439711183
0.440698300942839
0.414316634818518
0.504744531584415
0.221145639194614
0.370540811515611
0.371702749410027
0.582759391329072
0.342236604350327
0.313019168484557
0.221269852304295
0.408490030567332
0.459771926832162
0.371645049448158
0.378275897354377
0.332123007703335
0.277100703423681
0.294983832316731
0.374416036440396
0.433071858269415
0.319121004999797
0.38521749811662
0.523594463841433
0.352292983095069
0.389090585233444
0.418283352492396
0.593277595383655
0.485013184702402
0.345635450076352
0.430804967305866
0.521571250350058
0.391449752629157
0.444174728057488
0.365539498459018
0.399924793265811
0.365575104309113
0.404843821765588
0.552370654962107
0.395792656044972
0.348000433966859
0.393683423639883
0.578703418623559
0.473466432652473
0.535850868760627
0.573721125779034
0.385679900234172
0.525742978194575
0.355976806888542
0.437339394011202
0.463082361839173
0.399560260496037
0.410122540659463
0.448404199355958
0.60820154100165
0.486533308357062
0.488286538869431
0.456668824219576
0.519885478703681
0.49007978229929
0.63045745668827
0.466554334506393
0.469121975889842
0.395445989042566
0.564430279131417
0.296970224085361
0.507169100952167
0.541306184136784
0.547582381807719
0.458594484118209
0.331991514736448
0.529332401898218
0.540868401952798
0.408814054642378
0.411296074889004
0.555487457305719
0.475075039926778
0.59890928310213
0.408173182309753
0.487266897127088
0.499596828448464
0.512986670685865
0.610253564846149
0.640753285353647
0.474128820084444
0.591497231877597
0.634844843008626
0.570060089657987
0.58903717442434
0.496543088988212
0.420748737591148
0.451494093575437
0.715749457484014
0.430315248612251
0.427111481794504
0.434341352245479
0.566405571980697
0.760770108859614
0.618097490608008
0.447781234822959
0.534224053673609
0.441695152918952
0.582398076227204
0.463783245201705
0.660055698038573
0.566509489899496
0.59499872010836
0.612351298387881
0.594716895288029
0.678329311401852
0.730881546659266
0.655589271395661
0.682684615303367
0.752041273733898
0.665305141246566
0.624012888027198
0.481440209197245
0.601543982542917
0.469675690146029
0.540611441609296
0.536774928261353
0.527988833798728
0.619872753108016
0.504487114232369
0.712636154596122
0.625578180881949
0.691694054918004
0.780227794115945
0.498414701928636
0.643004916932921
0.706945821660378
0.547946128666698
0.675111173495246
0.588994969714427
0.735337328334612
0.552006357423846
0.602620572492413
0.642604476931536
0.700346280168071
0.755133984949054
0.617504051566192
0.584513078554683
0.681697266842422
0.552465555597865
0.568855276417381
0.712211781232272
0.638894562465226
0.745234197615085
0.579801315376599
0.568991007695856
0.693657186991253
0.683733585373905
0.501277892061576
0.582425627852285
0.771777821590495
0.714516580873333
0.594809385632319
0.631628170287311
0.569759736930835
0.670569796602206
0.732503524285613
0.705575960627969
0.750934077043334
0.635777330503606
0.676420982169379
0.713503544193875
0.706575043203719
0.684396576168725
0.710344772555321
0.738162702066962
0.643853515433732
0.745417668476397
0.71951260151532
0.710225822981504
0.693917222426217
0.705778179371251
0.716579302977087
0.629714401316027
0.897491467472387
0.6665800076858
0.757760182364292
0.62195705946156
0.631223844718199
0.750042666173271
0.664692648571046
0.691498142987808
0.820478950135191
0.742724540153701
0.7134098301843
0.795415271473529
0.625191223025066
0.677288981551517
0.802648720523196
0.663775347780471
0.773633994100765
0.697415612383353
0.757033010296301
0.674869247689678
0.76245622905465
0.800932290588484
0.650068489520449
0.688177811588166
0.8613663934662
0.791428654786427
0.668728690601328
0.889939170446905
0.861780523793489
0.71001797854248
0.737737526661823
0.809414264833289
0.811946225521442
0.731088994027769
0.733135500019677
0.674443588881701
0.836235341375438
0.763787306901474
0.898836405265013
0.680258188173924
0.804275170436626
0.833035175102969
0.680856521345627
0.82958511587814
0.852311673001904
0.801439430277217
0.690345589990599
0.826969736701757
0.82015326889926
0.911109272568772
0.786079159942071
0.758208091149985
0.66343655728456
0.716407627929471
0.767261220456824
0.673017953417466
0.864212431023085
0.835892167726646
0.826689633352131
0.823690299036327
0.796792495121313
0.914445480691083
0.838742916327474
0.727505621345414
0.89417481578501
0.717682805775042
0.643474679507228
0.900411770873281
0.806800084671114
0.892144817636797
0.86943188499325
1.09825532127589
0.898408670594257
0.812133763795283
0.945233358186054
0.68017533885982
0.897397174562834
0.920664142168839
1.0261911096849
0.995982410643661
0.943428605623783
0.80496452315592
0.787100234564194
0.742227422929805
0.900397196531167
0.882565933440584
1.01731150910404
0.912102001330222
0.838346861390119
0.951534483476811
0.865444801450919
1.02544902613426
0.916483891393882
0.882132013036153
0.824234934830858
0.887434881456909
0.967405405592447
0.933863988814556
0.863815084095746
0.947488899073673
0.899484791968795
0.884941415814303
1.05554605813727
0.905918167063767
0.815561991266976
0.720874076175039
0.963685742799195
0.883523802857257
0.962773732753281
0.840679074915636
0.95100489874356
0.905022397067496
0.885685239723701
1.00362541856341
0.899562214164222
0.929803101353368
0.895058353655623
0.794758165306837
0.953256176846122
0.870937925426885
1.06944650019345
0.739987160764519
0.986458534628673
0.854496405871771
0.929499466397997
0.935746254934988
0.990725754902099
0.900148563810801
0.976805642779068
1.02336236158987
0.893052945653217
0.987003964010304
1.06562226222183
1.09250260614422
1.02441966182193
1.00105812605274
0.966918927350777
0.741088402812523
0.963476511667171
1.02136751706889
0.864966423549805
1.01003148608213
0.831391522960948
1.05515894524263
0.908261729534225
0.885448558257186
