-0.156601565069607
-0.923775020573111
-0.986131477005428
-0.989072843763963
-0.936988310445924
-0.95782620692336
-0.936598027662276
-0.882700749310375
-0.863761907395501
-1.09806783887047
-0.986681331749656
-1.05186801627529
-1.03559992626778
-0.996004446711578
-1.04738239304799
-0.989196922664235
-0.950321961667725
-0.899878452923516
-0.94669048502395
-0.999443901209099
-0.929086731351717
-0.92102186338863
-1.05286237292777
-1.00570178654836
-0.944429779938051
-1.00858358934971
-0.998278645512222
-0.938535175583869
-0.903915787545933
-0.99181201701837
-0.942880968636453
-1.08735260756434
-0.785362154121477
-0.966492941511619
-0.854210552086469
-1.00358673104187
-0.893339576052519
-0.911836770053652
-0.860569678721049
-0.899377547059556
-0.873918108005217
-0.912859538544472
-0.793514240456318
-0.919710320941342
-0.946934461620006
-0.901855850356715
-0.816487900970826
-0.652663086954133
-0.837299589101895
-0.880000257941166
-0.928856234498068
-0.927120312206588
-0.85313334398975
-1.0022595565316
-0.863801594956735
-0.820508818502819
-0.997223788659666
-0.9220121429706
-0.860388101765478
-0.913866463155851
-0.814801940552503
-0.86071863168051
-0.716637329050025
-0.696458597477771
-0.856162027949389
-0.73472927639941
-0.825086112889798
-0.790979601483144
-0.906393571618619
-0.894874182257443
-0.793527504257147
-0.793062561567109
-0.844949528843519
-0.831851912783159
-0.647359650157478
-0.835606267327015
-0.8258227409601
-0.941817265996834
-0.754045050193896
-0.811531325542115
-0.903637266855668
-0.802647170292778
-0.738405828833179
-0.878737361755943
-0.814282241151508
-0.863331464409506
-0.736504949044251
-0.857708129172106
-0.874417865229624
-0.853433685552456
-0.800137137553115
-0.787113499880082
-0.82483245768861
-0.868202472684045
-0.6620775840265
-0.927697114285248
-0.686560211339534
-0.718210073629704
-0.858229583197704
-0.868741354885603
-0.850196888658499
-0.875917324276373
-0.748515166192199
-0.738317499803398
-0.726028624202616
-0.74362641675729
-0.760642940919104
-0.786428898801449
-0.759715959111926
-0.820905989342986
-0.687453358070865
-0.699716790916961
-0.713776087130796
-0.762549403888078
-0.923603943408575
-0.731974803431975
-0.803812612877275
-0.69389378104071
-0.885792148472312
-0.707039353167281
-0.75288434533414
-0.764036483616337
-0.696732202394216
-0.686668094823826
-0.678363919293499
-0.839812003068253
-0.714968870327363
-0.859266144556058
-0.770950614744407
-0.801203893021531
-0.436625420964513
-0.763982724779723
-0.741676471836901
-0.82079128688546
-0.743188163042497
-0.761905314312101
-0.710808718996261
-0.762430354779253
-0.70114908460976
-0.738487779325049
-0.698683031945951
-0.673716181366556
-0.651595816253151
-0.579014369377414
-0.789008488771306
-0.636580274390524
-0.710461843473381
-0.754532540055573
-0.62731143590795
-0.719190640387298
-0.583190001769005
-0.654031649916786
-0.772181677419104
-0.713794816297982
-0.828068805741364
-0.703083020645237
-0.530892717280965
-0.727451055889649
-0.588334189371268
-0.751567814558642
-0.773005448884502
-0.735594284453847
-0.691900002077184
-0.781810779245259
-0.784666691725983
-0.519729450566906
-0.694434999786644
-0.657119029963596
-0.663993657888341
-0.658147275280421
-0.731011966645228
-0.668279755644293
-0.65033216222527
-0.585277382447541
-0.684934253962153
-0.675828286685766
-0.675705432488579
-0.635951893771093
-0.754899327106653
-0.660243061402518
-0.653152455188015
-0.670433791386014
-0.554758696192412
-0.571406023455858
-0.568404402263922
-0.680842340070724
-0.56141593061548
-0.747925996525743
-0.62529950128623
-0.698248933238815
-0.566407783838184
-0.696692961944209
-0.65503803600431
-0.499163680826051
-0.680587369522538
-0.599658344083364
-0.483764373725752
-0.684764179962876
-0.465832860046277
-0.531553492668554
-0.633487689642256
-0.506267830536071
-0.710653275295552
-0.513297275316137
-0.657179226005888
-0.544237516186152
-0.752176006174599
-0.600473224638887
-0.739386701720883
-0.608310860708609
-0.677434910498036
-0.61576749260473
-0.665724771936557
-0.644803666026415
-0.606412146988281
-0.61181960530038
-0.621861026983332
-0.484496595970668
-0.629462759582338
-0.64803434841991
-0.541413957311404
-0.541683734536431
-0.703254234435985
-0.712216844307275
-0.586104044475855
-0.652343386842385
-0.467565503279849
-0.527890051211323
-0.5886357908742
-0.403163065085434
-0.638121399095027
-0.656022291066227
-0.690584956237112
-0.509842847610374
-0.402737135437264
-0.598257860301983
-0.552557669817187
-0.459204680684496
-0.505173027288961
-0.483660358857978
-0.553769254935169
-0.409149426879066
-0.556611666742128
-0.515464551354396
-0.464815672453309
-0.51597084578932
-0.589642719983381
-0.490709742699995
-0.45861111116731
-0.511049898098848
-0.460103550749117
-0.497054123202482
-0.606653849359493
-0.533107574042896
-0.496103709702118
-0.520946650893923
-0.693203928204933
-0.435462525474155
-0.476852836120371
-0.492315921121069
-0.446442285281835
-0.511173877826144
-0.586137453653434
-0.455005961051817
-0.445209047303086
-0.621809297395995
-0.459690075145598
-0.453916785726257
-0.393755826766986
-0.429255588261382
-0.489775115461542
-0.324043664260901
-0.377634871214405
-0.500184079233106
-0.50830660036784
-0.414534472097562
-0.414945932902138
-0.556536648224318
-0.513762564411241
-0.419225408641653
-0.421425059198683
-0.55295897244801
-0.455502872473627
-0.447932946245269
-0.181818601073527
-0.364819833104741
-0.295380281820095
-0.406489501412324
-0.39925325296109
-0.517571821230261
-0.385163349680865
-0.419612011271602
-0.424743069096224
-0.52139055397702
-0.40630919795786
-0.319448462146112
-0.324396682834941
-0.451866192640493
-0.396561573792804
-0.372407595765002
-0.470780598596302
-0.401274991868925
-0.311164744574381
-0.362403937239831
-0.358986929175189
-0.326067136649732
-0.424317059810692
-0.396314713906165
-0.302287410226016
-0.218094169840865
-0.379362660760654
-0.297967816750717
-0.327247157312278
-0.304972949079316
-0.520381277333946
-0.352582751515343
-0.447895236327142
-0.407398763746779
-0.407712427328191
-0.350746679681876
-0.405840030813508
-0.458827094232364
-0.239789310991973
-0.3176534165276
-0.365402222500352
-0.320281632204771
-0.577941961209396
-0.361683153060815
-0.376620349755136
-0.537321234094056
-0.394107706474587
-0.393833341460642
-0.370796425976343
-0.327273989098111
-0.340981119492659
-0.420703381320937
-0.359868373501047
-0.17348165579404
-0.306986822931485
-0.177905133157155
-0.262971260660928
-0.358532120583915
-0.244505351451306
-0.272439558346083
-0.39792841578043
-0.286644248809494
-0.245785326093055
-0.317069211601674
-0.270132989316232
-0.266230482256777
-0.26819560830666
-0.29172309743223
-0.328380532060624
-0.224331309593471
-0.224912734813702
-0.265365454044833
-0.109732468714647
-0.212622434946712
-0.21452120453439
-0.233561838730251
-0.330082195147033
-0.31375369080377
-0.198640008946868
-0.241318849544033
-0.202604641575282
-0.295746006516995
-0.294920421574225
-0.346611064537168
-0.23077227515909
-0.311588942301725
-0.196839320437171
-0.339787109073977
-0.144327172942002
-0.132544043023861
-0.175619838893145
-0.253976973683716
-0.358591174637567
-0.323155076690709
-0.312383943690742
-0.296358558355959
-0.222773023279394
-0.250399921263423
-0.235270801027422
-0.167719683246206
-0.154043821525512
-0.247986929019188
-0.139953122740411
-0.269778290170869
-0.294527342647928
-0.130277119341926
-0.286898101134732
-0.0553244967445441
-0.131890057332789
-0.234213837509466
-0.307823451024495
-0.168966544200544
-0.161948153536459
-0.203795483203882
-0.195298715226934
-0.182900736926119
-0.331714854068384
-0.0493916824650064
-0.26171424368498
-0.211991204868159
-0.360911324032552
-0.28683269358006
-0.196207024878894
-0.125417375011082
-0.12456861555449
-0.0943247968290279
-0.226634878299131
-0.159425144113216
-0.220600054679618
-0.222634997879349
-0.141949362330449
-0.297552432486136
-0.164520742757767
-0.206192090295406
-0.0858949565937051
-0.176446902828838
-0.281069885812743
-0.146420416894076
-0.15702110568095
-0.286826962149683
-0.264955425845516
-0.0740113452967705
-0.172846059988915
-0.102779646604476
-0.0891378728688808
-0.0747185968412935
-0.0878703493536733
-0.175275974534525
-0.232850043176604
0.178908603513138
0.0293660813348332
-0.178344566077766
-0.10459744015164
-0.312476917529715
-0.163098885427946
-0.253941128289103
-0.196663830780985
-0.251978707832205
-0.181890011399922
0.0468399583171442
0.00810894100151858
-0.0562245036456343
-0.0677326068325983
-0.179022238483232
-0.157112564426514
-0.0281854237644776
0.0412599557645749
-0.214926106837223
-0.0373002848152398
-0.0861649373972671
-0.122743632005646
-0.03388058260456
0.0650499415894035
-0.224249432480829
-0.0786330528223724
-0.0898796711199328
-0.0130546718668603
-0.0516615956721636
-0.150760118702517
-0.192494973285368
-0.0517992781000778
-0.259850782832848
-0.0949273294059015
-0.0621750784579034
-0.109421893500663
-0.340399354232722
-0.0965320080308694
0.00873527503171567
-0.214385004164753
-0.16388682438601
-0.059829312335171
-0.0873250789484279
-0.129963808731045
-0.0240643208261592
0.111160545791536
-0.000935173542152171
0.0306919511617324
-0.0560728544619595
-0.00300709279333732
-0.197184928365552
-0.0653019778350931
-0.0334951873302432
-0.0347251318616855
-0.0321789938522531
-0.150969306065276
-0.0196789230408211
-0.0419207622131435
-0.0174400370583516
0.09312111992466
-0.0207442623644395
0.0420354149038431
0.0627071175228992
-0.0757431903012959
-0.0992338976744848
-0.00917288149012188
0.0433041388095977
-0.00902181745977027
-0.0127038844862042
0.0406845484849882
0.137763472791015
-0.111754150384745
-0.0558017193534018
-0.0875019997266793
-0.0471425186456232
-0.180697366871858
0.0956864629959315
-0.00647180866952433
0.0767905882515542
-0.046369359526284
-0.0106115626816221
-0.0196603177570768
-0.067518101472776
0.117505122778069
-0.00159336868910469
-0.125461050469573
0.110958120566001
-0.0453440172821595
0.107834033746394
-0.124966232835172
0.0794495231751554
0.198314030987954
0.107533761383417
-0.0191615707279881
0.121890954236278
0.103323634369159
0.0941737627525871
0.175570597138402
0.121326862421039
0.181624607039827
0.18820740702768
0.111982868596369
0.160257496372563
-0.0056314888591288
-0.042375117315447
-0.08125784035744
0.0975743067060379
0.0974484966569424
0.106397788494357
0.010154571844173
0.0420677021614632
0.0370465740334584
-0.0359423197550836
0.14819316048005
0.149687088166684
-0.00134368404292895
0.113955640112255
-0.132782216763931
0.158378110083088
0.00854957358434159
0.0940845458111843
0.0759501777322623
0.147513817241799
0.00117194587117849
0.0272176983847407
0.318195459818803
0.141748775943164
0.158792998753642
0.177227559783646
0.0792370637574024
0.127871544991134
0.0930622548352589
0.240109397344433
0.154140531496999
0.233049840365861
0.139260100931329
0.147079769140717
0.0573954435700924
0.206878563414643
0.0692309816967609
0.0222402693260891
0.0600625078118367
0.129919107660336
0.25075007244706
0.303793281766304
0.278661820617976
0.263264940934309
0.248746939260035
0.0912275123692029
0.217767848928461
0.224486639096061
0.146905147396211
0.291956923907216
0.183400611444337
0.351146251189797
0.196063930913913
0.146919007227036
0.170268498582451
0.302468992572195
0.0705627729543848
0.084550208446015
0.180830464042952
0.216220923751967
0.277548423011594
0.259366580934275
0.288430358082975
0.310318508724626
0.144959358282626
0.176089046439252
0.211807472139235
0.167057730703754
0.12911605735257
0.219475584933962
0.159061232184136
0.249146152277846
0.241309062541388
0.316935305900447
0.182356083180535
0.0893863409777388
0.144187794578181
0.211815832968856
0.175918438475494
0.299852507545354
0.167785155312824
0.169384523014818
0.144173107286834
0.231551342368118
0.155545443546405
0.356058017291385
0.26440186494478
0.291316912725307
0.2415345837169
0.27445950863426
0.370197693379853
0.202296200997218
0.402606186704601
0.308827916267849
0.276771030083254
0.256134833639921
0.377824603944741
0.146598421385593
0.134800392917945
0.129172595993688
0.379415463619404
0.363548332811578
0.0341813028527981
0.165860988262969
0.219453810509994
0.364409385600043
0.213077951776632
0.421212458828996
0.33701121062668
0.263869400457767
0.221997626233111
0.266953432207811
0.301105474274028
0.264075971050978
0.191743312540207
0.155224620891701
0.319109542218578
0.460925207381306
0.251893440799857
0.426471884054492
0.362150370535997
0.275928056418023
0.265783498713429
0.256334694752228
0.249583326041572
0.330944233851497
0.226921129116749
0.328421582415281
0.218793261315345
0.409628983293477
0.155762239586143
0.247905556883415
0.354126040311835
0.308289083100601
0.294221120713457
0.443125854636169
0.447460738842528
0.340877059550249
0.305953507592914
0.37024590712578
0.238903707522196
0.273813462027552
0.265445816029592
0.334626762764694
0.319933378320888
0.314113410038052
0.382489174106861
0.399282968183839
0.406611915704646
0.369727757372128
0.43915009659077
0.28743919153916
0.35870828100191
0.212097750568499
0.401912565571592
0.296956048047238
0.459735733327141
0.395163667561438
0.389815665224297
0.372534371753851
0.535343859185532
0.321339380456686
0.48126151971411
0.298409826592832
0.435570125936137
0.38865469149973
0.501493799227104
0.318046076945497
0.283117418469305
0.295565877442109
0.323429539744084
0.452157473679958
0.448985156185741
0.340415270884855
0.30845975213362
0.379260773158055
0.343707942531792
0.402182232552504
0.473919466349233
0.569949448683129
0.347260356001985
0.394786129619293
0.369853661339419
0.449744503976062
0.488570827622434
0.417837595181585
0.624659453019263
0.445609510195192
0.440597096051979
0.3930945886308
0.441499486805258
0.352488181559634
0.552724094773627
0.400647463635725
0.511754216527831
0.54123244734982
0.568619478220487
0.568421883357295
0.425555598686476
0.357483266071544
0.583532923429607
0.584920882028239
0.557375588423029
0.514699550602174
0.619574717888518
0.427582246430927
0.398708248933512
0.3873681057834
0.489319403927496
0.437418710465473
0.349794984017585
0.522205849554525
0.568215295056931
0.324985500674588
0.554325803470697
0.662381521924217
0.40215303068994
0.367519469638649
0.395248646905314
0.595316534772868
0.552625790615742
0.645256414205982
0.594350422069465
0.473237527312189
0.49896643081694
0.51184271786188
0.414765864616015
0.616827698764396
0.624461330981763
0.466433968434957
0.510323517923579
0.353410074965137
0.416324099076988
0.528040113551478
0.488272530915878
0.396245263451639
0.59505501113738
0.681298992083963
0.57457814704981
0.61508880594717
0.636850364907394
0.599931684915654
0.47962736777267
0.618546025943991
0.513101182046167
0.532931620755099
0.346651572957252
0.636283113610794
0.505917102604925
0.515987468017742
0.528431169510802
0.497274844302772
0.549779287792296
0.541144739782705
0.531693130691467
0.575326749782782
0.658251475394341
0.688815518784053
0.531837774437284
0.61614019476454
0.520761758570187
0.532524575004829
0.638672111626568
0.54400728614735
0.47678266320836
0.540871083827523
0.466316950981167
0.596232891005442
0.584856012689101
0.514486639587313
0.727176614351283
0.483930933706292
0.717281101825276
0.780450349126191
0.660336371796363
0.552496229622015
0.595886936659035
0.457000207857274
0.807260423649217
0.668554281783756
0.538259198190443
0.608020288337574
0.507414332022839
0.695042802759594
0.592565369107068
0.493672818087734
0.602284854458147
0.579212713662197
0.692080127320315
0.532531051603218
0.624768750653762
0.677732719840025
0.56135493321044
0.602744155574546
0.634298783632313
0.571686287043226
0.701912986177632
0.630306209605962
0.712252973083161
0.621632853085957
0.813206631594529
0.720312978029211
0.629490691813391
0.643515859853132
0.758159640651565
0.737085015190309
0.666288529553991
0.8094276990541
0.77168760747437
0.569334568357523
0.478007974192502
0.707574352201912
0.615330931421722
0.633437598233044
0.664076080005748
0.755750696758879
0.622795483702683
0.634413594555466
0.527295379683153
0.702313920063752
0.707533254174725
0.793034361578584
0.772038228375763
0.788496373200766
0.738435289297798
0.646415638751563
0.534005647545541
0.800266767154189
0.669610168720195
0.769325491048206
0.764650995847124
0.734320217130801
0.587808803100972
0.698085732861946
0.592365936238229
0.668995320687722
0.77627680293718
0.79315252961242
0.784148727704893
0.783825460177084
0.95326727815172
0.634079440268522
0.815582015811087
0.750782682556797
0.835637597911313
0.685564587700457
0.867991178756816
0.76732008113924
0.814357090253091
0.723253009111478
0.760915837589604
0.780222705433251
0.737276490336039
0.849104865015111
0.809569656697906
0.965828968317119
0.627778507765951
0.856571946862752
0.911101736955831
0.809545585479173
0.862312239155948
0.782967176232942
0.824924205140746
0.820179509556834
0.702559323733147
0.894507950959434
0.877177245731701
0.702132911871177
0.77256818447434
0.714377414252172
0.797383465749955
0.79847849378964
0.990468829890852
0.863028165994738
0.889327086780108
0.778272504865061
0.719975402592244
0.763776489709935
0.859380522826035
0.902130838080255
0.896974210688893
0.929233106354085
0.813227204557141
0.843056318668615
0.766241366737658
0.924154961609696
0.913913610765884
0.744952041357313
0.655866626196445
0.740286767282538
0.92032955656187
0.861620977876512
0.693296139668624
0.896109517867579
0.749338037043637
0.817444447486253
0.956804269703494
0.894743263508918
0.953553905292428
0.848111902485242
0.901370027360655
0.837807055239508
0.793119398809755
0.839583139086294
0.842495440039034
1.00580778699434
0.816750555586323
0.959582274721979
1.0444450255324
1.02447412020997
0.935701826474611
0.998875840358196
0.916823637442116
0.98842478505899
0.78713981692382
0.961201051958
0.953828649009764
1.0065932858308
0.907946787814234
0.929630560375989
0.862469649485175
0.81485056647789
1.10352546571922
0.899800464874494
0.890627298969094
0.912920147098252
0.929398143570833
0.929528567381888
1.01973504140524
0.933946400253812
1.00947127732203
0.988730566961653
0.841433788431206
0.850250487046196
0.949751852240877
0.873607985646746
0.893218086171962
1.01856848135403
0.816278974114375
0.751465882924968
0.81289932928906
1.04272942002848
0.960557811987043
0.917160986744805
1.05173102813848
0.959404119578238
0.969632336522
0.999476690655134
1.09096702408144
1.04328957012574
1.04689441541899
1.04781248095875
0.954109697316228
0.872161080289414
0.93601171884648
1.08775995655136
1.14281092256629
1.12183840315651
0.938704545888587
0.963059731516652
1.08184686581209
1.06787881930121
1.00833830777723
1.10011205527703
1.11054203828217
