0.0643212733422308
-0.999485172627207
-1.08744136128763
-0.906295350567103
-1.01661790692742
-0.938791397068437
-0.940567834614526
-0.933645621728237
-0.978036144083633
-0.945699885436358
-1.04029189112478
-1.05860933578807
-0.967205106213026
-0.983674685788437
-0.96949419068855
-0.994046782447378
-0.92852212133553
-0.970403106354283
-1.08867928315203
-0.975554903824666
-0.787714742746588
-0.991238771165867
-0.833924295044299
-0.887217352321719
-0.986823638353812
-0.980226923002865
-0.840768394642847
-0.920400696059091
-1.01963943818171
-1.04662077193009
-1.05741290807256
-0.974153202023556
-0.904546417529304
-0.961784666573172
-0.97337682683054
-0.823405497382667
-0.979177734030887
-0.913299592096106
-1.04998180317664
-1.05133875759977
-0.88705798383502
-0.805695474394396
-1.13338603248268
-0.88580117086135
-0.944019885990291
-0.916657769595268
-1.01326569359557
-0.919363968045897
-0.935307592479436
-0.760899735473894
-0.856747001154944
-0.844467719872373
-1.01234809000859
-0.836054729222851
-0.888607865569707
-0.888598668421448
-0.974160346658673
-0.929114974424545
-0.880665694388898
-0.78275135208354
-0.901999216014198
-0.929614839030247
-0.806762793630984
-0.987158372664305
-1.03904681891064
-0.846051588381252
-0.869075517525503
-0.782260042585941
-0.87876371066171
-0.74219573521238
-0.956008904218621
-0.747867515006514
-0.924422903731974
-1.03717542185566
-0.884257017247304
-0.790522063269104
-0.900023361445224
-0.828438283971553
-0.812103400397011
-0.839858887749765
-0.794853175736194
-0.869698563829504
-0.789304723047887
-0.667885739752972
-0.828380517868939
-0.757836647027514
-0.93657652503096
-0.845804408293784
-0.927329836137616
-0.832334000323498
-0.849983340300202
-0.819495656924673
-0.817854028991048
-0.80270209620565
-0.88959549797744
-0.881932436650639
-0.89682658206921
-0.760657598421295
-0.733886560385944
-0.787454024658657
-0.828691376305601
-0.827157699009694
-0.750501413366155
-0.60972056179578
-0.806866857138683
-0.75985275945446
-0.89785299127355
-0.770963968431342
-0.890443426718368
-0.889035729813798
-0.914019273387716
-0.58516204850435
-0.924545985000713
-0.584495203035998
-0.629221808642116
-0.788838060234722
-0.829480635975497
-0.648022427084338
-0.670021239553846
-0.65856811075378
-0.855365728460375
-0.797334419672263
-0.649553953471549
-0.736725213164917
-0.744755494579451
-0.672219318280042
-0.72743844176582
-0.613370761570108
-0.789154985893854
-0.684420648476395
-0.718826530500904
-0.772544243439664
-0.714117757814123
-0.870119323382698
-0.498943617215452
-0.77546181709264
-0.957112269277969
-0.863902243023237
-0.617161356537669
-0.750951796872708
-0.522103235037268
-0.789678279376182
-0.657527780565018
-0.724460835598085
-0.721404950610817
-0.676845516586342
-0.712857389026034
-0.699901989490036
-0.625736073064267
-0.569893241134536
-0.715248657170109
-0.646449317888747
-0.770007138857461
-0.793210995395106
-0.673066521615069
-0.61894818202955
-0.764456199778698
-0.762076377528854
-0.727770682635332
-0.69270889518445
-0.523472398817143
-0.714847738624145
-0.71823041515543
-0.696548086570962
-0.659616677675683
-0.680446577937556
-0.629361317638131
-0.61528067313732
-0.630088233970362
-0.735429374692205
-0.763334046356024
-0.666886561146598
-0.635515361313905
-0.682237866438388
-0.601008181029141
-0.688497725759187
-0.606859177849904
-0.613088729870286
-0.546612917002909
-0.818473456808224
-0.580707823411499
-0.529311461446406
-0.660114716669926
-0.608470714339639
-0.664218693124342
-0.718518260979335
-0.730229552945758
-0.553144756506342
-0.630864891421914
-0.545578752263754
-0.65486105171852
-0.661045082843276
-0.693832316096529
-0.66412475233191
-0.658145732882351
-0.636020172055863
-0.553369536687176
-0.731847349561388
-0.680098776366912
-0.6662901746603
-0.394527118371586
-0.491277752136378
-0.532289334739201
-0.655575629592723
-0.674193009489863
-0.539075099556965
-0.649241635450969
-0.659423122114805
-0.574491871699525
-0.577660308791474
-0.522533867657138
-0.610469737648374
-0.557482591233418
-0.628790118400237
-0.518235667035965
-0.649420729787182
-0.657812454966633
-0.550492283741193
-0.479453416776777
-0.613491991011504
-0.63803070802165
-0.582631446335856
-0.579427781100474
-0.591484217440552
-0.584866506254815
-0.620833464689937
-0.379688119216979
-0.500757662501368
-0.653701617280843
-0.667829068908764
-0.427863847575954
-0.377830155975086
-0.566803191577398
-0.554421669625908
-0.506328242203767
-0.689310814901163
-0.596553783770791
-0.611584246494061
-0.516454880453953
-0.506865762277903
-0.392177165839256
-0.553829929279383
-0.404289650343915
-0.626412168650134
-0.390123552975354
-0.494155223095369
-0.478806867064458
-0.492009235230561
-0.533265794493795
-0.531226406571076
-0.362901492436407
-0.399837359379539
-0.414203110765987
-0.305271130185155
-0.543454745888487
-0.52542913234543
-0.43994720691699
-0.473349733360271
-0.477205196480582
-0.425652302382314
-0.455965639102572
-0.528661025765334
-0.565059816947192
-0.492525559758656
-0.530570374441662
-0.545571957437435
-0.319932931296483
-0.581035285308041
-0.425254739900549
-0.433858053596749
-0.500636939212901
-0.483037140277263
-0.535409483734878
-0.391719806895938
-0.4146198118306
-0.362176732839684
-0.521752431895094
-0.261217172035063
-0.500106135697344
-0.521316435590581
-0.542694194499709
-0.341444426442654
-0.559188721545791
-0.629095791575103
-0.4964295604645
-0.450419992181323
-0.514485067682791
-0.601971989730976
-0.454102782200799
-0.516488508381141
-0.352772344784607
-0.463634854822884
-0.455107673419299
-0.469684034366095
-0.385804433011914
-0.274784775977772
-0.439352305343385
-0.476424080637354
-0.324674039258569
-0.445227891991514
-0.566066305659322
-0.40223393000857
-0.40684357676033
-0.436342350053099
-0.37547892616347
-0.436632423739481
-0.458897754650068
-0.334183877360985
-0.293081346189161
-0.474525240924643
-0.442802973151038
-0.368314395664416
-0.297912910496567
-0.480781668629968
-0.46589919189509
-0.393503171192634
-0.315943433651283
-0.307040645077105
-0.279276162224368
-0.396018055463097
-0.412332081532551
-0.446721251644223
-0.399986832865303
-0.286434095769332
-0.353273165633883
-0.24426094134496
-0.495711084191588
-0.461415210548216
-0.362687880436513
-0.394695369295015
-0.351972701441974
-0.499161638955333
-0.363068435824724
-0.35984114370747
-0.279145106371226
-0.33528428191589
-0.302181343777275
-0.247206872039641
-0.456084760829933
-0.283113472934726
-0.39013990579147
-0.500918906058291
-0.3015260903716
-0.274420185276655
-0.269772617152379
-0.343607993298584
-0.328590057350538
-0.270479000279436
-0.232229636011212
-0.379020821531332
-0.330135867739143
-0.2262693511996
-0.388225998815145
-0.164844601134253
-0.278388883545701
-0.366854632232587
-0.336409484079824
-0.234319271581738
-0.2282803822872
-0.185872272322884
-0.193719815975382
-0.217130908434222
-0.0705747186963754
-0.329231792516919
-0.314177867616686
-0.22218778509823
-0.296621143300508
-0.283046968634484
-0.186154780056301
-0.14754410583314
-0.410873597569804
-0.351175212849273
-0.362495086620559
-0.276267035967051
-0.142608536201502
-0.303877614186234
-0.255479517925432
-0.355483908167403
-0.255056455168803
-0.317671310751141
-0.263147190173422
-0.320632137780425
-0.193555485818658
-0.269486624539121
-0.250392284748562
-0.188307671019713
-0.345528240689788
-0.195209911245186
-0.298120969645681
-0.209973507382241
-0.473661852018062
-0.195117370712084
-0.206012431286572
-0.232491317704659
-0.33010638686911
-0.284327780018441
-0.231956707950652
-0.347329775036855
-0.276976328175241
-0.106548484733067
-0.0697828897290605
-0.277106918942473
-0.171688186434432
-0.263522613886194
-0.123902823057684
-0.260058890856934
-0.362680972309991
-0.106917218158916
-0.225444422856992
-0.0661644353412756
-0.222040463488613
-0.189705919308444
-0.258800260139769
-0.126418099904233
0.0375683060131627
-0.126843693833501
-0.0551982253811452
-0.0647441691194331
-0.156100610277257
-0.144451268331283
-0.263356684405541
-0.255837921710959
-0.229346711699041
-0.222323474091534
-0.155842432294409
-0.128912578374716
-0.173586761617187
-0.21492313621602
-0.0532461051528099
-0.0900342740027805
-0.0903314534869886
-0.244662545557139
-0.148736849420754
-0.182797556386559
-0.118738846355933
-0.180818164837366
-0.258919857840451
-0.219172840607813
-0.00685440241427246
-0.0560453740337006
-0.202676631898204
-0.0220836162203168
-0.348711311451374
-0.132460136721696
-0.118947993074601
-0.213811076222364
-0.134276510507345
0.0325273910336703
-0.102356343774427
-0.178377450555617
-0.0622605591733571
-0.10159882476322
-0.095790430023058
-0.216159895225552
-0.153171353582133
-0.0236968694468935
-0.0668230936683669
-0.120586209300239
-0.170217089730664
-0.242359558511478
0.0286822405838466
-0.151041708488725
-0.208209841186162
0.112432460699298
-0.0999857714519568
-0.0221411716568335
-0.0561113611682026
-0.0174453974579716
-0.0377800032221323
-0.136989974577813
0.0474611940996952
-0.0583516089631299
-0.0874624137520458
-0.00956515423805924
-0.161332478254529
-0.108893389726392
-0.0194873452822078
-0.0901730766194214
0.00152262971937092
0.0411657864307394
-0.0966217674258461
0.0880018942444695
-0.0465888721911223
-0.0406111154244466
-0.0542073835041127
-0.105602526715347
-0.00707160045588083
-0.086629120432645
0.0675928885648304
-0.0220350034225806
-0.0858768741186433
-0.0714634291820417
-0.0995354411515893
-0.0273544704094473
-0.032593875631238
-0.0518859329328276
-0.0543382971704169
-0.0287950601870594
0.05184345435009
-0.0527684081230249
0.138496692865072
0.0455305665870262
0.0912076734448739
0.10345586125426
0.0981041514724726
0.0346687498829011
0.130530085683503
0.13904449254744
-0.00120017605748198
0.0427769262719935
0.159552870765317
-0.0328724698287971
0.118899383722351
0.098355708315089
0.00224472671990562
-0.0294301636173323
-0.117888766179678
0.0929262226646838
-0.0398200738958891
-0.00958954814492866
0.106224985897938
0.0110057414518195
0.0320481505623272
-0.0336822429227692
0.0287471162638024
-0.0964150774148939
0.105142112390218
0.0310977008537573
0.00768612724419885
0.027819921908889
-0.040652849001916
0.0533867977545517
0.0209218403164362
0.0605045534656377
0.111227732066487
-0.127447208368429
0.0385706213794109
0.116819014640458
0.122932472983174
0.0348743577941013
0.0134695478030917
0.0972043166852114
0.0486054977803042
0.0327853450653829
0.136796738346141
0.102473319660378
0.109781032048696
0.19536548033258
-0.0685290214383508
0.129966371146898
0.0810420869403351
-0.0425794822148605
-0.0386415467603209
0.0366063218382836
0.0368624316287139
0.228676858687426
0.203351307337461
-0.0562865070250139
0.138945011904577
0.192708299903187
0.119427117074277
0.116225310483352
0.083354473431778
0.0958547939951621
0.159481090203037
0.0809856049118937
0.242309002842355
0.0495455227233733
0.152085639279266
0.0179727248333347
0.210282698339228
0.166885689078478
0.202996959004213
0.0902889924066976
0.192787746584872
0.19686027285829
0.0500016931782005
0.240252883460527
0.180724839726765
0.154566098271852
0.014991703509776
0.0894058061683956
0.284956667370078
0.116174454436027
0.162407100471072
0.176586784226273
0.00753104448701217
0.211928453220376
0.265967817482865
0.205119075128288
0.18769925604269
0.116113767275361
0.157507631130138
0.269562698887106
0.101694438326398
0.163428840599383
0.0808006780375446
0.106823601357704
0.253060048164156
0.204094970124495
0.18490422153138
0.013196303534427
0.179287907325694
-0.017885594689307
0.271631585398435
0.373848693965725
0.0960695858384097
0.0809157201956937
0.20189126319757
0.207892919789719
0.232346511826974
0.00429831451520715
0.236033646936599
0.143945558203843
0.182593350223997
0.225322240957892
0.30042376102163
0.319395929056365
0.269554201919366
0.26933135361434
0.185903114319867
0.168195382832706
0.418810568182122
0.291106422620955
0.299936964013652
0.207978437172938
0.241278840634047
0.398681707515674
0.26091451403133
0.228521646281033
0.235150158210094
0.0695546404838904
0.420075678878505
0.166318946623697
0.244724265922867
0.131803646916808
0.388407369815064
0.354886089442247
0.423209958283765
0.332579193226461
0.296552717957942
0.260433126840659
0.191965161235986
0.313176000186402
0.317045027044899
0.16979383015184
0.163002331579517
0.268235300313673
0.273771313132631
0.321633634388515
0.462737467438068
0.235426596496777
0.339154952770355
0.348485247819374
0.254653828946264
0.352918666123833
0.410417112474869
0.402506833044428
0.401892598245257
0.452919937868842
0.252953855111353
0.39165488052762
0.35181166345396
0.332455473795562
0.320606999552944
0.334692846577728
0.377383519237544
0.156164320295527
0.34940031564953
0.243346144068878
0.318183172333956
0.498789966816431
0.316491995588028
0.236546297697491
0.340398732651987
0.383433953792412
0.236369194265853
0.24233157700118
0.290081519520347
0.299173876424429
0.476721946647322
0.27631241687022
0.246616771644023
0.443470552950055
0.356539549392024
0.384744368374007
0.312761766425012
0.232026266032664
0.373518691105878
0.40110278772043
0.353787162676846
0.437786581097291
0.413917282923407
0.438585647603468
0.323616536307486
0.456053230814616
0.491885178165023
0.307411843820685
0.265330498806806
0.383133917546449
0.476266075874498
0.469001745407731
0.324796118218606
0.389149366543069
0.244310961722985
0.363314515743703
0.400708921388854
0.361855059382567
0.519197488099024
0.29482057695979
0.439336577475418
0.539184385236629
0.370952507601065
0.460423790588947
0.344840571556875
0.419430907263469
0.310162078974394
0.325490923593765
0.391098343184858
0.350441790883189
0.465845460974799
0.535214182842753
0.468252483741434
0.486282540660915
0.460963629983239
0.445228443736346
0.478456669117201
0.546611970590391
0.474582957961618
0.465870712543186
0.421199098958534
0.525033464076304
0.582733880254853
0.639780546085784
0.571843455761281
0.550943650239442
0.46815678456608
0.425269043091994
0.695466710488882
0.523380228339045
0.518864089604969
0.363753068649696
0.485247020083467
0.447365551937754
0.483643259580148
0.329767802055916
0.510124248283013
0.56933569415686
0.421854027035272
0.665610077638661
0.448589836482936
0.553505282715963
0.495187166658788
0.505530422518893
0.521263105540451
0.634652176413794
0.601229364544983
0.441163567870091
0.519459935874437
0.596226799619881
0.460951335315525
0.583432495506069
0.584250879627316
0.548473945627575
0.515215401946583
0.600305221006589
0.489338555294308
0.447719025001863
0.579235421112283
0.494569170878705
0.58428831924916
0.376373433828612
0.551779405186718
0.732688502983332
0.492229808062684
0.538372793036339
0.400732418181767
0.501040745987515
0.415446165656222
0.449753691740559
0.517157178489435
0.628770004790046
0.535070698810871
0.619933377166691
0.557830178149483
0.606651542520593
0.66577130689304
0.500706549882019
0.506739657950761
0.509664390363949
0.58370777443261
0.509056658300604
0.431694824160388
0.463717551717282
0.518103571983913
0.631219268932985
0.612167742355322
0.674064508756691
0.687312771639521
0.520099465940807
0.511516932521304
0.577396525409453
0.559664382048088
0.547517953631816
0.523710527026948
0.583596570802258
0.525780184612287
0.686624649378567
0.622730674968533
0.529318592114724
0.625276254977535
0.65377314606718
0.731059604222691
0.84103837849267
0.754150542487205
0.636704629353206
0.766205361899731
0.743294988593356
0.616812405231143
0.494050792607985
0.472958079937869
0.780917347392296
0.758685317985171
0.597174130261225
0.677261968419384
0.726822897309254
0.720397434989216
0.672095223417387
0.657138299879586
0.561362433271184
0.643241894942727
0.730193918978609
0.547706025653559
0.665695855591059
0.525148399022738
0.73993433004188
0.739058938246202
0.729031606477448
0.71369851173434
0.744657081609815
0.516168357327232
0.762420228865869
0.596720025201115
0.814383514897799
0.645581196642526
0.581992916553275
0.607545996806673
0.632237362403175
0.745980866924261
0.719483002795447
0.563976048632618
0.708266760174073
0.776964602647745
0.7921882269301
0.676253027514616
0.661668627009825
0.770751573365421
0.731778785504906
0.727543008125067
0.71979791784761
0.726920646679655
0.721221126465255
0.761949445370358
0.749335248355371
0.66910518885314
0.814675055456532
0.81469667545293
0.689307540174613
0.745396442064826
0.76049086582453
0.888773713245244
0.722981666954217
0.712483415931812
0.654734088961258
0.844637071128273
0.797944853953354
0.727365360360084
0.659192965968837
0.882756544218061
0.644082075402961
0.759497490872893
0.55897713732933
0.724648463241269
0.733101947624097
0.819994975535273
0.845405703437509
0.794145502317933
0.747380584315065
0.789772330827894
0.856079909541017
0.848493742115089
0.750772622102794
0.705826778187505
0.867896254158492
0.900702214946152
0.759305836473216
0.83301168624751
0.712570332274369
0.762707478799624
0.903889535606966
0.831529581054872
0.830484682235081
0.824354828922588
0.788214443234738
0.818004069990252
0.807283892208641
0.798668219898194
0.811296681415036
0.862737870770491
0.929862802396484
0.809505083584472
0.787807447546961
0.728686654628214
0.862393478596151
0.811192910066528
0.697605172018444
0.896726858318758
0.719993939292643
0.739944315735115
0.721821214555215
0.929665673546469
0.848483328665779
0.947197286330409
0.84434090487852
0.904846382369021
0.896564176089255
0.858965825385802
0.837422907326653
0.761186564576415
0.925153326313971
0.999273481117536
0.864935405131921
0.815462576452371
0.826035215224144
0.802552049961735
0.940295037420091
0.997384768747809
0.938984414811499
0.825497971226811
0.989451632038998
0.68415016784212
0.725023484162071
0.948187063051823
0.811675785121194
0.993159645506913
0.890506636469105
0.883400005065461
0.92013803553067
0.772596817940716
0.923124753609171
0.967561852366625
0.879898081027414
0.860722257286368
0.812368166727215
0.980611948603704
0.878553482909443
0.907799637270393
0.909377918658418
0.967429103169041
0.835396078871921
0.876127894600663
0.838658427418766
0.798172802339273
0.916550910895648
0.698744171506859
1.12642945345526
1.0073700369076
0.863954194518743
0.925867477374127
0.915102364022511
0.933941185134158
1.00866286901759
0.89876292001172
0.933089649785321
1.04874682276533
0.934506567878181
1.03810253918694
1.01748397700777
0.974145851266257
1.01151322733217
0.826391298385161
0.980100927256676
1.07094417785564
0.991869305237561
0.94989951716073
1.03343923483712
1.0696630365529
0.824448565831467
1.00612986759123
1.04051350902241
1.04521473585243
0.903576169068539
0.973689482822237
0.868942150357232
1.02412863990169
0.845977888480162
1.08867134843044
0.916641065375615
1.11238266520103
1.12608084889808
1.02018494776713
