-0.0497812396646192
-0.994854505137263
-1.04021734935642
-0.840068613090346
-1.04888118301
-0.979528670226884
-1.03211844720067
-1.00820153354947
-0.867913943123433
-1.00712218775662
-1.15774173283128
-0.949803570271755
-1.01236984502747
-0.895235644903252
-1.03891248501575
-0.918758808904957
-0.948623586324258
-0.896473412770047
-0.918667697804911
-0.942840086381786
-1.10713891959944
-0.935149732614178
-0.944853056724098
-0.99769748355306
-0.963729857844995
-0.938214148071197
-0.846029515361032
-0.898174076248241
-0.995418630750521
-0.999442933935956
-0.937085538111859
-1.01736156885331
-0.963392161523887
-1.019080128606
-1.10418742501636
-0.968432366108867
-0.977604347254231
-0.921767137107511
-0.98391200485657
-0.955532410614384
-0.881045024074934
-0.938274642795308
-0.908982071512979
-0.973189842679867
-0.966961693896339
-0.906523260472645
-0.85461867971477
-0.952644409166173
-0.979020455083684
-0.980299359549915
-0.891041949947565
-0.817975245226755
-0.873144772412914
-1.01131084108124
-0.76248836085541
-1.04607600839411
-0.879979571051439
-0.907536156844143
-0.893045710404989
-0.863312840015949
-0.953497901907642
-0.871632189350157
-0.929720054617563
-0.859599457769996
-0.914641209346042
-0.924628446823158
-0.909252207632249
-0.816359943726003
-0.867374422100387
-0.961815835464725
-0.713496292467303
-0.832432396107321
-0.899558471835997
-0.98158334880456
-0.852112996830168
-0.821128148380232
-0.793421910173801
-1.0231634594228
-0.955912714912444
-0.837022952099161
-0.921854088197299
-0.730166319113169
-0.802986741974388
-1.06083152532029
-0.770564196203123
-0.7327486763971
-0.836365299463276
-0.90766311935518
-0.715143700688667
-0.757545911956365
-0.834140736763097
-0.689148821730775
-0.803135970780036
-0.780412971450529
-0.792287463329093
-0.857419836619594
-0.919642149291908
-0.662636759389265
-0.827075238484141
-0.734162035874828
-0.747791894824804
-0.78484401961394
-0.878134656085987
-0.770292660268633
-0.868589558986906
-0.678221830030339
-0.731882135614012
-0.833113425673147
-0.918288348046264
-0.820750182293405
-0.745065997923315
-0.738492324512743
-0.838770391196928
-0.691794210576961
-0.736955094040812
-0.683577693971214
-0.6949233761322
-0.731969730426502
-0.83609552648358
-0.705458430749288
-0.812813851532781
-0.787664775578812
-0.888277095551999
-0.62506427055238
-0.744992799781478
-0.690881152706526
-0.804529010172528
-0.715222070885927
-0.759125287489466
-0.761085451404522
-0.824980023073468
-0.763191077669731
-0.561101181089344
-0.795700454966532
-0.715078516794139
-0.606667833349193
-0.717737028722888
-0.821435309555983
-0.716143707917051
-0.667945396786201
-0.563476650759408
-0.551532848063248
-0.726397306143936
-0.728484587165944
-0.852707062260514
-0.807526639805161
-0.695284883714598
-0.50332139285551
-0.667237252357992
-0.62876575058628
-0.766215418558326
-0.669898988055091
-0.657881299776259
-0.754168478703233
-0.598319861418073
-0.716062237754937
-0.673038300479612
-0.845593541728269
-0.629552265476896
-0.727905335814028
-0.747167576850709
-0.806755193831218
-0.629455404653723
-0.693443006471627
-0.72172213150645
-0.556057397837742
-0.668298628042425
-0.784526866363033
-0.552765542871952
-0.75523104573542
-0.720446388198399
-0.5841394182992
-0.86979466068127
-0.712793193692032
-0.73269492674198
-0.588396845162457
-0.594320426087431
-0.822358997897159
-0.680279178445355
-0.730276266370652
-0.759647595107044
-0.576971023145366
-0.589460427776693
-0.702420113604419
-0.687613212467172
-0.663490980980492
-0.616330689523944
-0.606120155493555
-0.754465969162217
-0.649198870990563
-0.778214560042225
-0.490988775041796
-0.428645119706757
-0.678792754917018
-0.55244876596089
-0.545134571211622
-0.638127749178321
-0.707824083322766
-0.703081018133711
-0.796350361157528
-0.628354614275857
-0.550085076440476
-0.682404426675375
-0.599214715289427
-0.719016277014481
-0.503734866973041
-0.513387970177432
-0.590424136505753
-0.597198182810484
-0.558305651687319
-0.638827741076946
-0.580747897992837
-0.52672806788687
-0.473550467539832
-0.442188883488608
-0.651430751577205
-0.737041941848189
-0.556675791330912
-0.517289828382757
-0.689608297129156
-0.606804340391533
-0.550006312243286
-0.485178848941982
-0.611118906159847
-0.593521838278963
-0.526762802977787
-0.507214079113125
-0.624759422489021
-0.563175402296896
-0.498510884903829
-0.494429352492209
-0.416834246855153
-0.552129052768998
-0.642391452413138
-0.573872197237557
-0.613900621730288
-0.470397756986873
-0.560455822073043
-0.560755191803871
-0.702153395865882
-0.513830550944011
-0.569356655475918
-0.500884369016075
-0.533795427529015
-0.530642359395387
-0.456457103220756
-0.566265965486825
-0.526763351389521
-0.576762201685828
-0.526611646468258
-0.506546690518011
-0.518777351184688
-0.469372231123397
-0.62417548681325
-0.402102378238268
-0.426996956856352
-0.30368336932028
-0.501262710391157
-0.389171747332242
-0.442594032583987
-0.662292198865365
-0.493859144068081
-0.418585100265315
-0.609563996864553
-0.45868519925983
-0.495239486747392
-0.505498270368054
-0.506473097958804
-0.385486081556258
-0.415582610999458
-0.546617040073784
-0.511613322275819
-0.442489532872757
-0.349802956869147
-0.351258446768387
-0.332929076653915
-0.452232693856857
-0.468733613458164
-0.551707066596339
-0.484781035663002
-0.591287180120816
-0.429938876130854
-0.407090586854521
-0.648898169449985
-0.38245848906974
-0.389392214676993
-0.479616762912578
-0.494336572624889
-0.545755097649718
-0.421659426435177
-0.259930611752726
-0.436262166639585
-0.376898792228886
-0.59802936556753
-0.30816949044155
-0.351725117064507
-0.588391838084324
-0.470145611727401
-0.27097782740697
-0.404302369140582
-0.405809568671195
-0.449484036321619
-0.340713171560214
-0.450836531298746
-0.469557816073404
-0.443359762931896
-0.310631394551771
-0.449430516592318
-0.30633604257859
-0.453992636348673
-0.489088169835026
-0.444200465557885
-0.346843098548764
-0.331478827831195
-0.480069645121998
-0.372352171121541
-0.340546413494471
-0.293897664548518
-0.383985722422665
-0.232988148869907
-0.516594276211224
-0.408573678929236
-0.378842773592438
-0.289911014473943
-0.376456550566655
-0.457122914692325
-0.226275450574349
-0.524230347396688
-0.354789539446001
-0.349397195707356
-0.454547855343217
-0.271165593572372
-0.245144021451325
-0.346821743207325
-0.390524342464294
-0.304439550860507
-0.405973332105194
-0.334882756637625
-0.205755130074966
-0.38793525878756
-0.314107630502795
-0.265698023056232
-0.193028054927888
-0.320880521932608
-0.496811049200167
-0.477248983035121
-0.268753445004189
-0.169542287114152
-0.39180722410978
-0.330601994040949
-0.344916475738144
-0.159373505011859
-0.236577563727646
-0.215554317170047
-0.340259875811349
-0.350297431664958
-0.180534499643958
-0.283138561442542
-0.326941835192015
-0.296306694408578
-0.329232036721016
-0.275183813522034
-0.296892943356594
-0.307709907040532
-0.20114847263932
-0.117477092624011
-0.299250703539878
-0.194706493720131
-0.167851515688067
-0.254507062442597
-0.306385377980046
-0.359811357234164
-0.444961379772537
-0.224724195396816
-0.282778976840072
-0.2546623152219
-0.269995687210249
-0.144559735993038
-0.336608101595498
-0.276661581752495
-0.191885027786799
-0.318499488026521
-0.283543799006133
-0.183921774974356
-0.319720452995579
-0.230542230969069
-0.35157677030118
-0.327630401012119
-0.114585443929606
-0.12112038801674
-0.153483081024534
-0.154191918022652
-0.183511074632291
-0.160233971265277
-0.134309924742224
-0.251625946249218
-0.133501679865115
-0.385939817439053
-0.27823427745708
-0.153649317485
-0.238628068440351
-0.165338980343913
-0.0538673873372244
-0.101616050624953
-0.176667315270432
-0.163022479395634
-0.215205969422542
-0.11410978479822
-0.126773103243268
-0.0432248117840929
-0.136941297616784
-0.350889034135911
-0.107526733252657
-0.145825773746403
-0.28130199760664
-0.411226005399595
-0.289426655294233
-0.132521636575649
-0.146686916088255
-0.127976499699983
-0.278472032190564
-0.00474079316777488
-0.179667246133296
0.00468503369518961
-0.127827720132403
-0.200332348601572
-0.162031778249121
-0.0596002118852371
-0.212218493092725
-0.0181273540477594
0.0197233412222954
-0.126588464884935
-0.182432423967444
-0.249507584669729
-0.114885911695183
-0.131450171963968
-0.0335489764673361
-0.127908422740313
-0.183601928606103
-0.200323496839741
-0.235350283388697
-0.254142188624206
-0.173687791507247
-0.0997771062206288
-0.200616057352296
-0.0302945010693071
-0.0698767056452004
0.0146558730909594
-0.0603592841468868
-0.203860403028097
-0.059243553242625
-0.172221174615105
0.0502095095886914
-0.13411722367792
-0.0947935032288946
0.120967622308117
-0.111812186279377
-0.173541991887103
-0.109153141103196
-0.0317250068837683
-0.148930704966485
-0.0825968346373934
-0.0812292588542929
-0.0183124552742869
-0.0688849501794409
-0.0921231503575056
-0.0686273513706979
-0.0434949815613334
0.0179937552271418
-0.136479420946025
-0.0549377979780193
-0.0347018347076322
-0.100432727040179
-0.0637920088621953
-0.0373093928958374
-0.256274143482992
0.0441005304406452
-0.0799192279058786
-0.0142351215716205
0.0329733695994323
-0.178197361137011
-0.0242778215619207
-0.190715476907314
0.0149656916033502
0.0942879661424255
-0.0390831227159052
-0.0403921040929007
0.117468148789914
-0.0476004047430453
0.0753488205658367
-0.0505891521287131
0.0898898864480385
-0.130339757213452
-0.0451731370113652
-0.0216618395520663
-0.0797474346471676
-0.0616640300258775
-0.00443684867964629
-0.0450492443697802
-0.0611533651369486
-0.0425872650003372
0.0635968470024453
-0.00303716635539995
-0.07007540941871
-0.00454510307363457
-0.0244843064786158
0.0732291155397442
-0.0479238566094485
0.135444152783434
0.072799364514041
-0.0151730554704189
0.184898536759966
-0.059373138623574
0.108460867086768
-2.3900693524168e-06
-0.10470411444875
0.00539760653200388
-0.135547047695062
0.155601507974561
-0.00556936665232282
0.0195353451869704
0.123893462331497
0.152417432917056
0.0613958148592664
-0.0404086626817669
0.144780336891674
0.0170739361523225
0.0501973819136457
0.035855685584844
-0.0344005628976727
0.0244359475725037
0.136248822606756
0.0982396431696075
0.0174647763896138
0.0903055517339414
0.222786526792954
0.295657889024894
0.125156801093498
-0.0625084424766878
0.0424733674649339
-0.0298833471117466
0.00970417884914693
0.0804578895193392
0.148221592174243
0.00741646751508972
0.0480758515813973
-0.00956706808201861
-0.0490945529923097
0.0706973969730428
0.174624457369725
0.0467017260574226
-0.104849978153476
0.182799069392276
0.0460655491461822
0.0982456665014945
0.0401063530210899
0.166498328087368
0.1070815069165
0.0140414906455243
0.0567863479856416
0.0890290833830749
0.225265995089323
0.344955951808617
0.282251508672341
0.107963600118143
0.230576113445181
0.132734038077897
0.185689454474581
0.2638211698103
0.111461363622666
0.119259429192508
0.156761294905392
0.276804811001907
0.118643685687632
0.181777246688391
0.0645021112584321
0.0355153727865091
0.0609434869203479
0.10783543586657
0.0649023566121252
0.0284732498245846
0.199367566956058
0.19096504328507
0.288483828119229
0.152064679791445
0.0902798544727673
0.174360074871467
0.101667083521914
0.140033567000093
0.0494778093937315
0.150624652875351
0.164931233216714
0.25061571418209
0.166819986201643
0.237087792171095
0.271158527794449
0.186589089497943
0.154332423316167
0.171089716738766
0.210480105705226
0.170678083733536
0.269507367764968
0.103199315222456
0.178933271469137
0.179383836296997
0.325383121851305
0.335700504628961
0.270352419116312
0.206135304196792
0.243603278184243
0.246194781458652
0.301213997138003
0.171978353889247
0.450726522772919
0.0726126236548944
0.268965846500441
0.0286940202031412
0.188575581063998
0.270588232526228
0.344494855997348
0.263287297654207
0.288892204870298
0.281435791295312
0.108059523070838
0.256013681436758
0.310397864192666
0.170617566563996
0.182382557319727
0.286611950612177
0.410459427839086
0.146491274877569
0.290673227553034
0.237853051653839
0.343781528698906
0.0731290792230062
0.313275326801056
0.217839028000435
0.170483313796126
0.311695966792744
0.300803351755406
0.42098685907844
0.450629633359919
0.136377468158451
0.137339234274239
0.181969042872851
0.254183833852242
0.261932302720418
0.22202760810807
0.257974844370541
0.316771498554009
0.275541278569953
0.324805048290174
0.432352292287813
0.284614224808477
0.404702036353186
0.382692620789503
0.285575003141145
0.401598052357306
0.53936503473868
0.222815977332954
0.339037764048076
0.303517326867285
0.413114055833629
0.303912068753091
0.430294078005069
0.277295842015244
0.376613050716481
0.360898332915881
0.368605864697967
0.41876340828205
0.392026109105657
0.281914152377949
0.329774878605785
0.365052719799051
0.331767131424412
0.420428962984497
0.380807933366575
0.367140046519
0.415031847411914
0.241581301658013
0.342816378268893
0.371005373808777
0.305705810213179
0.409901581701721
0.394513576096873
0.3664993254117
0.413052607015828
0.270831195204217
0.28159900275292
0.417298493598968
0.400189754028619
0.512660660116078
0.3562302209825
0.410942672896935
0.314196907847578
0.488802693345118
0.494934605992218
0.436340110326507
0.398837061904088
0.484174090344954
0.40758808801596
0.359451435114441
0.443350753813021
0.346947986427938
0.312528333060099
0.323077667111004
0.317180413780593
0.578287100157272
0.37996934361592
0.445989426451645
0.474794008611767
0.367331910156423
0.358349043002355
0.398435716803329
0.482366134215274
0.442350860978703
0.492489137226162
0.410380130745274
0.434023292204004
0.44891267660364
0.429825062224702
0.491936641023284
0.265651824494924
0.618988496807644
0.467428626918108
0.410018038085454
0.445074139095896
0.504969115357029
0.547099035415314
0.494887783620575
0.397643232568753
0.493916576405635
0.589888424190613
0.327548947339127
0.540941246377186
0.419504926588991
0.519413023021785
0.421657273630782
0.41221610947549
0.406287934866646
0.464415984914109
0.44941100954558
0.528123811757535
0.516177477668685
0.511461904058001
0.391697215909325
0.594990501586328
0.570988722981948
0.516209865288191
0.563416687714538
0.606778362213085
0.434109798895593
0.570754556553194
0.39371967124649
0.461555117835626
0.604556292061104
0.45253199954406
0.428012371989294
0.543976866055139
0.487360009270651
0.525511936632834
0.575766681006675
0.538959000869982
0.465848339337831
0.630278035767228
0.473440971545395
0.44416448877376
0.614223634340234
0.504173565854906
0.74412136810734
0.626731705852647
0.564304209303577
0.479419757160379
0.597379341987548
0.686433008626744
0.582569053797143
0.495335295276263
0.446974165530893
0.43589230094807
0.537254439725789
0.540145503371043
0.488535091304426
0.566421177772468
0.554215973649045
0.505539765173593
0.44659704766509
0.551238568986374
0.673156752600147
0.537373685654349
0.4730460839477
0.59886377429018
0.510850226509813
0.519756609830673
0.502491493984141
0.555789242192009
0.540997804801025
0.718134744925745
0.443704264619496
0.570491773518629
0.595645366676345
0.502308676152936
0.593477404476046
0.598932156776675
0.593807875157298
0.683818633158364
0.711551938442733
0.676097938272915
0.493587733106992
0.629500880786429
0.675278740203084
0.557482160991433
0.727797301886297
0.568983903581255
0.613151731029166
0.626368448773903
0.616058008199623
0.62727575810573
0.588426812911656
0.612362377553293
0.607980630008486
0.613182723714952
0.574417661407953
0.427132257567387
0.565233441348441
0.626886465948472
0.580775033325672
0.673556806892585
0.753699894421927
0.632034473395176
0.627275422847235
0.526426799512678
0.783874772270612
0.632623824596255
0.654958824648823
0.591164677644049
0.739848207610735
0.690135914066017
0.760078646570871
0.641459214118932
0.834903834048369
0.603818198064543
0.572422985387722
0.710844627553712
0.64480969821607
0.711043143390237
0.494374628876447
0.499307226603475
0.705026339980734
0.644762626566753
0.614141517306331
0.65328516117546
0.488633532089436
0.651957355769277
0.714029292949409
0.817156127952243
0.81612159670397
0.564695121133389
0.553037117705148
0.698199073346855
0.610734446460025
0.855806793922317
0.673717537834245
0.647064665182802
0.636877912524004
0.67232706128851
0.821026314310411
0.78426597773083
0.8842543178781
0.776542886040872
0.761158180833066
0.821894406744389
0.747889168275522
0.710011495169684
0.708756985262216
0.772890191773875
0.867250804066432
0.79644462005277
0.742266878449039
0.781886808237267
0.794812607456411
0.835879587170484
0.745702125000624
0.592663971102686
0.800968575325023
0.681425025132675
0.679068182562414
0.745929194699845
0.740001023849278
0.661335726447367
0.832106237234257
0.829655440152261
0.708459433927146
0.78474474107582
0.72965118820463
0.812157038350344
0.671856148944471
0.827222498325921
0.769321411611007
0.880878205224404
0.848143526458867
0.77584865116101
0.749054138490211
0.909447637453112
0.742342083536421
0.821616894974853
0.714003069097434
0.79552466701584
0.885214500059395
0.768110644919823
0.659624910574582
0.650506296010279
0.818172592809569
0.932078253630849
0.773581645562603
0.79206431482812
1.09175450276064
0.877921733210512
0.775932058772683
0.733748856242784
0.903486452754591
0.772490438896736
0.760077035677187
0.895293757282365
0.992414061091576
0.912468127414699
0.987985905090553
0.856278638188408
0.861982556143275
0.755476880441637
0.767114873564031
0.909177796914344
0.856997210095609
0.87200769255286
0.752407173337606
0.791724442654271
0.914938262481212
0.907070670628555
0.926185945267686
0.933725216813627
0.878270782118852
0.994252076953365
0.73668100875858
1.0369537768619
0.788280402294984
0.892051520483101
0.92551185491839
1.01629207248418
0.951737498450066
0.844481759353168
0.933698729872918
0.967201839135007
0.962372488279251
0.87422334310423
0.78440603860354
0.815075709923004
0.831662151041842
0.830066194069758
0.900203348481912
0.987248905523652
0.971032591511962
0.986075258211193
0.910186573079195
0.8361555905092
0.853075965389991
0.928235731907573
0.882459672140264
0.927724376734199
0.925337384713101
1.02497234961549
0.864470164216156
0.887975678029683
1.08460061971184
0.991759767077159
0.874914886446308
0.89753667272796
0.764020285279438
1.07338008826258
0.929066162297669
1.0192958956931
0.90072949631029
0.995358003552828
0.981856468873636
0.891267885113413
0.858400301703511
1.05834446580474
0.99668173563811
1.09958989952787
0.979188981520724
0.924849203233905
1.01869653930236
1.08921954342533
0.997069849876838
1.01609064513475
1.0444918930458
0.910017524591603
0.996921728779519
0.969970670106658
1.00767925711521
0.988016613078255
0.911622254584926
1.06896900616169
