0.0706886415802127
-0.834609864828063
-1.18636460988128
-0.893985122088178
-0.968438212277749
-1.08511103328005
-1.0543627687361
-1.03896378015734
-1.02978194476866
-0.994427996394571
-1.00285566629051
-0.892764691536199
-1.13363264519073
-0.988637442463017
-0.950093659124736
-0.957744425139268
-0.818759463827435
-0.978210208368713
-1.08495554462131
-1.00843124729615
-1.06287519522668
-0.990369254286395
-0.873599945987769
-0.941394313796213
-0.967391835459736
-0.976268212206969
-0.950539806424961
-0.942499113164189
-0.939984289012919
-0.789840490040111
-1.02327639286037
-0.866544005511899
-0.908857876967311
-0.94410236395607
-0.96344874308274
-0.980205411122884
-0.881628524552609
-0.705739243390763
-0.746638144708679
-0.801649843374506
-0.936571655005821
-0.951135697373567
-0.994381807254503
-0.841884470288514
-1.01026874009696
-0.704418157054669
-0.747103956920866
-1.01816208278978
-0.883281105089866
-0.889630994610897
-0.843433254312393
-0.84933029195492
-0.849078508923788
-0.831616399924771
-0.83714473246154
-0.812564625029544
-0.810171334792895
-0.969158317677634
-0.834009795462807
-0.82597648532723
-0.772193335295537
-1.00686441311003
-0.873614914341466
-0.966019522141493
-0.875798117693287
-0.759478519496624
-0.979818861172283
-0.926689470516375
-0.867265516409718
-0.868333568495274
-0.763194278907751
-0.803216472244163
-0.781123285530305
-0.76320595889373
-0.918130325307778
-0.862942053837211
-0.847193872621525
-0.803703258567021
-0.661301274499629
-0.740029118910895
-0.87033856562075
-0.926929318534561
-0.84804176526307
-0.858967623399136
-0.848003793706487
-0.929133942026945
-0.82400892718007
-0.815240886146655
-0.824416998564888
-0.765444871117081
-0.952732310783305
-0.851627239358424
-0.704924861688271
-0.793752718610424
-0.768500027330227
-0.884920842339523
-0.768731956080457
-0.758502215839182
-0.805133159649469
-0.652575390431042
-0.713775945871865
-0.716828021412018
-0.851817570734523
-0.768754998982883
-0.728808899951401
-0.806321216173112
-0.847601393306597
-0.672098670452897
-0.622629883931266
-0.826751882163428
-0.709346467888489
-0.795074391076326
-0.864448181760988
-0.692093279340917
-0.652089525472159
-0.7056072800615
-0.751872122645152
-0.70322269320472
-0.841529795871904
-0.773802212466733
-0.87954920495005
-0.873007632837311
-0.728232104575713
-0.792882728421064
-0.743403325336048
-0.856028475993387
-0.793939649048422
-0.799784308478852
-0.695064834091755
-0.701089559956648
-0.700880313035221
-0.691180278536015
-0.748244818039286
-0.702046783033699
-0.879261371385534
-0.744449555410212
-0.775189072201196
-0.617193005012566
-0.703723869511588
-0.767756986071704
-0.6976434407631
-0.74562864593562
-0.720922661976175
-0.746817055849581
-0.836638733582047
-0.723404890141614
-0.779897870555144
-0.695656694364649
-0.763258937716671
-0.712082342207638
-0.663423979301996
-0.780592786634642
-0.573426014279179
-0.570898649346439
-0.774199356318784
-0.737020595429719
-0.648546981000371
-0.806432425687573
-0.670374316571896
-0.592301537347707
-0.651923558611632
-0.727721970916062
-0.780566078758399
-0.62558981116864
-0.695215011926454
-0.752175849201448
-0.648679966049014
-0.579887947387578
-0.729755567506674
-0.639956102275319
-0.709356960771602
-0.62873265277929
-0.593012514295839
-0.707210196420231
-0.574789078967856
-0.690291515185772
-0.446268683430066
-0.71984604856204
-0.567239369813823
-0.789624531500116
-0.524910344962868
-0.596950607526994
-0.654233432616021
-0.563040712454272
-0.643449542873996
-0.558094267240293
-0.74118658330263
-0.478527606541281
-0.730487778647343
-0.654642722804263
-0.678337607052962
-0.710578475812356
-0.774886948341419
-0.656476710314695
-0.668592411963582
-0.640306746116704
-0.563417632468886
-0.62995112025815
-0.769127327848331
-0.542303721888785
-0.699099283021927
-0.633917398770579
-0.629605635589516
-0.659307094403022
-0.676497958052208
-0.636870664699438
-0.597967998686987
-0.438275771238363
-0.544155573311844
-0.5069030187866
-0.594351623439365
-0.687057594144882
-0.398944045813721
-0.537463305648179
-0.530206374960064
-0.504648620473949
-0.740178450986128
-0.555619489899892
-0.603535655037709
-0.629921122095849
-0.584396962811031
-0.563706909857342
-0.606214223523119
-0.489385851350862
-0.470210533587305
-0.639532481346468
-0.549699347941365
-0.502865236421342
-0.63819193895252
-0.546255853862448
-0.289187326903487
-0.508734050647121
-0.576187158467859
-0.583919247675802
-0.558191084339932
-0.42838437855429
-0.62766782518844
-0.646729175384827
-0.593753943990286
-0.644125944628255
-0.403837611978911
-0.434901765194841
-0.603343609929456
-0.494483303152594
-0.433510333881885
-0.590261918964519
-0.520607489211756
-0.604180430156532
-0.481100992528725
-0.479606195830084
-0.503768215158198
-0.426195301487219
-0.492064872674921
-0.48584876184357
-0.58325066063991
-0.507850496478404
-0.403539822639177
-0.390880164371511
-0.506472734111552
-0.474131075528876
-0.424709662585053
-0.516553932989417
-0.56991198523643
-0.462993867839451
-0.462347041902892
-0.460364581145297
-0.477810869339429
-0.563553261217256
-0.378233880879491
-0.524658610390836
-0.488774758817727
-0.504948687369114
-0.381960459946005
-0.41551051000376
-0.438572597379912
-0.30941957600754
-0.308139218209993
-0.414770182892248
-0.461879354145229
-0.453468585250604
-0.467623072724358
-0.511224422503341
-0.469933975073922
-0.380194300389502
-0.559384214789598
-0.427289888202462
-0.35322813551492
-0.511273458626291
-0.480086701499785
-0.485708707820976
-0.46225174301098
-0.431568231100077
-0.456324429911541
-0.320891119927519
-0.321112052214287
-0.488607513812675
-0.402590227644421
-0.423878064381523
-0.410985288962581
-0.519691783816548
-0.44082824096263
-0.324989194653157
-0.470782167957101
-0.314423236213665
-0.333100112157164
-0.370002754523835
-0.416900579119163
-0.260081434746853
-0.510210108177557
-0.38573434424416
-0.466760961918569
-0.359120492905865
-0.370685660417343
-0.325212100637502
-0.305918540226352
-0.422884093042337
-0.32223165498143
-0.411843522336218
-0.304318375048302
-0.385851195473415
-0.308346292336573
-0.258454369424403
-0.228023936339684
-0.426238965764123
-0.372854402308535
-0.303594533034638
-0.287892818718113
-0.346515526316554
-0.431104407963427
-0.369565488159878
-0.483383134994537
-0.232949779482672
-0.228853768860068
-0.341169819803741
-0.262049887798146
-0.249269039917645
-0.251282402167236
-0.238540921548537
-0.128134124985732
-0.294302906497924
-0.280941170635799
-0.245414764144274
-0.229078898371683
-0.322824258239822
-0.467698015496149
-0.250298323970284
-0.199200947151008
-0.519776579392551
-0.365706197816125
-0.261107793813179
-0.324490626996503
-0.257026942865999
-0.399279684597533
-0.1799081617826
-0.41046208211242
-0.211213287823169
-0.268181666441827
-0.247269146519497
-0.332556082822887
-0.387526611486705
-0.201487064233967
-0.245237964413721
-0.335501762375114
-0.326031115565991
-0.211224731279395
-0.292167506767106
-0.250086342761519
-0.22153066543551
-0.248762156677751
-0.246604463256612
-0.243786172438224
-0.250462670008962
-0.26893911084017
-0.300321021665063
-0.298721013527476
-0.243819563664421
-0.261235965859699
-0.167285674743473
-0.235772441595692
-0.209858696577398
-0.289188643238721
-0.273383645289907
-0.312181044846741
0.0702245643673096
-0.216569020764993
-0.224458763296242
-0.231472821450747
-0.187023662747056
-0.100412046795108
-0.0185520192128332
-0.156407461233314
-0.210044748475471
-0.485135204343904
-0.206171238740277
0.0339801962299356
-0.188062406385109
-0.271118869741058
-0.183923283019625
-0.197666334326742
-0.185465180323198
-0.259127317096616
-0.198557071851575
-0.0832791936465722
-0.324997441190768
-0.0467097190113772
-0.34673214742941
-0.097402815141187
-0.201949296378851
-0.301532335379878
-0.203424968717594
-0.157432887840055
-0.298772776723304
-0.143716357821936
-0.257810793214446
-0.130933775980617
-0.238141617296494
-0.228027442192836
-0.218972758627857
-0.249876682750777
-0.187143427942122
-0.147287788450297
-0.12319880488571
-0.12802471713152
-0.24583752275371
-0.133435017956442
-0.158422649155105
0.000595750533127039
0.118566331643083
-0.272245238822265
-0.026160185186696
-0.066139769483384
-0.253571908657051
-0.270553784297161
-0.094973303043652
-0.0406714974782012
-0.151529669174659
-0.0659470577725598
-0.0747420224074061
-0.0875776668237036
-0.23114410138812
-0.124144473370544
-0.124919884910302
-0.326710570829928
0.0118723631996485
-0.122776720242696
-0.134850065014265
-0.122628613866455
-0.0441803491202517
-0.0852872982728184
-0.0766779783555559
-0.169283232148143
-0.163041701746207
-0.155800074193953
-0.163112072084621
-0.0645197987370315
-0.113803053507869
0.0851560953516398
0.0352561080531077
-0.0291928213177174
-0.212689532347459
0.0913848775413032
-0.183553168415324
-0.0297685270562894
-0.0536422647196214
-0.06047270429215
-0.00495086325273187
-0.039794174437365
-0.0961073951002843
-0.0590052339258842
-0.168883089274187
-0.0305130559409991
-0.0146225810700086
-0.0175932131687975
-0.0712394639880187
-0.078791677344665
-0.152426446856154
-0.130518684256254
-0.149516811898895
0.0542186066840795
-0.0550907324151531
-0.150677405941174
-0.0996348840204879
0.00398875657136431
-0.125794499440919
0.0220937224840387
-0.117485149841901
-0.0963339679010746
0.0147466519653551
-0.0399087348492481
-0.00723171062049207
0.0342391193963614
0.0284339835679491
0.00122992143240642
0.00928835790675294
0.00124448861289416
0.110012273571789
-0.11065845408054
-0.128011543817551
0.0165697867131913
-0.0372213004555079
-0.10263133027958
-0.113262277776109
-0.0593691346646922
0.126916927127963
-0.0483707789326284
-0.10082652759332
-0.0733836923981156
-0.00119036263871205
-0.0472615622277948
-0.0279975360523607
0.10465192057018
-0.0177629174019526
-0.0415280481024393
0.00475054135566937
0.0647640151840708
-0.0334493870922844
0.0206415279671833
0.23544787897954
-0.000344327555662737
0.0558290834140781
0.182615504005724
0.0543233464696023
-0.187358659331445
-0.0647822696735933
0.00554010048193715
0.030028162249163
0.127854908263539
-0.0381177768110656
-0.135544290654032
0.110085934620462
0.0595051932190651
0.0381868370626003
-0.0995509035078149
0.167352967659009
0.061476465041479
0.135902153813192
-0.0284009243480709
0.116327389955008
0.174539867684975
0.0163252319056331
0.0565916518180083
0.103015735570968
0.127042901011648
0.0785971619728768
0.118780286839554
-0.0789609828363274
0.109333558060651
0.00345607045367311
-0.0670500023262826
0.0696975346772362
0.0191034589419181
0.126274981048822
0.114749084119411
0.0430301633424344
0.130924483688968
0.173453062972797
0.134399557727175
0.226043756125897
0.136902666223511
0.201425036678626
0.147933571970174
0.0980341491571207
-0.0416127152984701
0.104863749106907
0.158158752323189
0.0223357588654944
0.0946938784321725
0.180439082903169
0.270274518710912
0.13277016268482
0.125930416677239
0.156554306120323
0.0205961462831883
0.0794667083019856
0.327995204873993
0.0944044881925049
0.00536818062473577
0.283801040824364
0.0757154432472222
0.132953258730299
0.218424739919806
0.138912447298582
0.0628530332413022
0.315152641263763
0.155174386676635
0.412992086138136
0.196726824540421
0.169327343603674
0.136567669989627
0.134595157041336
0.0483423670682237
0.277218960902699
0.360239842289212
0.238169030400573
0.192995242949027
0.212815798099893
0.159118559319046
0.183499938425968
0.205338927473417
0.0251506122474643
0.241055356271261
0.16586430946517
0.18855190042402
0.178420421973586
0.323908987359743
0.151966402829215
0.159261965293921
0.149205686983975
0.135666929149739
0.219444971827899
0.13397165777314
0.215730664769335
0.167521226509298
0.176483839844019
0.404183715629158
0.200301045733731
0.157658804898763
0.310968360444835
0.304660014920313
0.232304981109151
0.215150694780107
0.0761257471973381
0.303893866639681
0.321533649791612
0.205029499570934
0.319178672347057
0.168601311441803
0.23002829278799
0.315146808835788
0.229880058111435
0.106190409561422
0.2898719480673
0.298107280210155
0.307451955295004
0.381185873178293
0.281268292654521
0.241804089144658
0.394741730604701
0.466796743895437
0.282494652350817
0.279073471755077
0.422673926368201
0.237861834849969
0.314675861616608
0.276210580345173
0.225532451347499
0.329867970446997
0.330417422244668
0.341072342796562
0.420635694212207
0.21243677755011
0.257655372052277
0.33434439979006
0.357557053102953
0.329684695503192
0.373023727707275
0.159231887041356
0.281851831526113
0.318587632823783
0.356469163667653
0.25820200581492
0.348565906946234
0.231891135186246
0.203002768733645
0.431124586995168
0.344101655356754
0.310030849845303
0.456196142941355
0.0690464195444256
0.366645970547119
0.30089936362357
0.453477085254509
0.393726690250343
0.217932622148815
0.413966982434105
0.436790959617676
0.371411726718013
0.419852861372093
0.239069192264858
0.280948313946602
0.33315570065297
0.191515296594723
0.285579010951627
0.192046249052815
0.257292095822091
0.304529661077763
0.39062451585288
0.484190010368812
0.362489986597753
0.426493736647131
0.406318882290742
0.26125510282274
0.421785617099055
0.455197701816056
0.461800670918512
0.457943131594337
0.418773683063322
0.295276295821299
0.385669135493707
0.298455360764335
0.235101662205553
0.355570840600591
0.403450349543621
0.322634008011121
0.286637446013239
0.442067555348828
0.339696175494291
0.369587016488853
0.425293119644722
0.424068610218162
0.430223035997547
0.372670835827245
0.306495276001409
0.476935940620774
0.239401165928438
0.416176026675616
0.34895416961492
0.487466030908761
0.380409729207678
0.513153587172561
0.450168409323797
0.359739260757901
0.399728442896872
0.447376888101056
0.311370572748915
0.4043384019526
0.379296758452851
0.432888046127133
0.437028443752961
0.374021594673729
0.449209232572775
0.518300235799671
0.372573086285307
0.410982353238918
0.4057167240913
0.522798353480062
0.454726809828735
0.516793401024425
0.420716523931088
0.465922706367557
0.40140503804766
0.552144933912194
0.493943389306815
0.486490692022054
0.553172883703775
0.700607854989648
0.459752725710326
0.557674393772858
0.504310272688407
0.457325401275131
0.566707629301174
0.53097236395487
0.474294208122317
0.549866195130456
0.500031351858576
0.479902559178532
0.52035683429708
0.62408316575627
0.500202978890226
0.399251217719527
0.51167059407708
0.535931853917173
0.558090349383384
0.581365261777515
0.667671773855269
0.517986330678638
0.384960102606743
0.643402828283661
0.5752363402324
0.555862845163647
0.608770856901185
0.601370145221256
0.612928077723981
0.439091894985053
0.603619489528276
0.564894491985716
0.562927312559917
0.380538761159452
0.490492950963
0.544323312176487
0.529907847290285
0.563531284369743
0.548098893160515
0.646189996240491
0.684067616147868
0.614976939612586
0.584701132578267
0.56246197169221
0.571966940488572
0.493484231474272
0.62446861773049
0.602720936709117
0.42057016975993
0.476385367028525
0.586386697456905
0.461649695796018
0.646476365851445
0.645071852569264
0.46426682401196
0.582924251544407
0.642004998909465
0.598518237017313
0.610008262519649
0.655193018428332
0.540306817188472
0.535868616180029
0.68805336937286
0.696020492238344
0.525256689516563
0.404868805370364
0.523075503291171
0.664309401735414
0.614339034191148
0.780661078830545
0.682306647293451
0.636559660106303
0.611917581608625
0.647609865032653
0.581020552909138
0.609795501927244
0.716243835383157
0.585197641123756
0.696255303532034
0.573616271830614
0.636460367218485
0.68882314645565
0.557752222988344
0.592786497746589
0.510138560099805
0.718775335619947
0.625441460908845
0.717272046551933
0.75465947484532
0.654422412794933
0.586893807620729
0.769227892348125
0.696782736671927
0.570678405833848
0.629640752624059
0.647393454553976
0.74211915559094
0.534551797827554
0.719640989265343
0.671044186241943
0.572915013496765
0.736650020646972
0.685279956414657
0.614455486107288
0.709866268000112
0.636584610282688
0.831971065192546
0.766229673472523
0.650434744238638
0.874211358447635
0.702820945711706
0.656630528748203
0.672673566206487
0.8806958115111
0.787539864594316
0.701359767163308
0.733683477960848
0.680891832555908
0.670198675629452
0.773657633190985
0.746589642683479
0.773166207960003
0.729982727490589
0.852335771488813
0.596939499741839
0.795696470643493
0.671666582188497
0.659983071510613
0.730857351793029
0.791153914729271
0.685091187039506
0.737173833961096
0.606615004844167
0.658511647800554
0.959801390578324
0.675755583482374
0.734192543575375
0.76629176104436
0.780380793095447
0.698740571348191
0.521256222932646
0.920712369851979
0.782218325853496
0.720160556731642
0.684714793241881
0.844878844712406
0.817843220868029
0.837515126197543
0.872417708470116
0.804501438630368
0.698698425653585
0.719981698769309
0.65666841880049
0.743014420283617
0.675436127234224
0.724324375850387
0.890603507806905
0.888853112026852
0.748487177797983
0.664883919366665
0.888956584114364
0.800746080265241
0.713235285880836
0.829351620675137
0.829333434017389
0.865640541518757
0.914416985188951
0.814753332186843
0.859527912603578
0.740666925308563
0.738836802083566
0.803165125775105
0.878688158086359
0.918379153047415
0.839623460195724
0.838658878252739
0.910454763138518
0.815653440470782
0.735594767977456
0.988729516088379
0.939310742887444
0.774124681277997
1.09274904963937
0.967037561330396
0.743753046094696
0.852603619677408
0.754642054889277
0.941611069356313
0.788632054182015
0.929113777980147
0.794884764480306
0.967065971274958
0.980001950720447
0.833460571744627
0.898765239053637
0.908775178397051
0.957742506296018
0.862643116889996
0.838136210385813
0.81115761455026
1.01989965129474
0.812555040190842
0.807941971744273
0.90808652452516
0.771252518553178
0.852533753371703
0.795565454118734
1.06725109885614
0.882008966483899
0.791769699412729
0.915766072826715
0.835577511260347
0.856840787123731
1.07316523026242
0.759584706073086
1.1673906201478
1.09402596938121
0.822210435200142
0.964667817499251
0.953706149873739
1.03415014601233
1.00815506606851
1.03816960924715
0.998123388597822
1.00078749590241
0.90628323054105
0.756901805957905
0.871829129506738
0.840060822175428
0.905096149857691
0.908915887317889
1.04485454061899
0.722027586864635
0.910829442469965
0.911085482458681
1.00349613389184
0.960246956550041
1.03325962027392
0.983915054680894
0.905674545172982
1.07430902934012
1.04869360857166
0.992117880729756
0.835712126753833
1.09939743008869
0.998185306721245
0.842303883216752
0.940052887720799
1.01147450192245
0.9900246274227
0.987808456391156
0.972715410075003
1.10725766684488
1.03967839330161
1.1201004584408
0.961732255390022
1.02205440781075
