0.0875494231102064
-0.997505168947619
-0.95834386444787
-1.10479308192908
-0.862474431263428
-1.08688380508019
-0.996409081051758
-0.92910226111123
-1.11892437933173
-1.04365262321621
-1.00197594285401
-0.896456650876313
-1.03030403522023
-1.0684387599919
-1.0008071646983
-1.00337182009351
-0.8313907947333
-0.96652266775022
-0.958165147666316
-0.96218545782864
-1.05116106692175
-0.907326918553406
-0.931941469237526
-0.990497565708118
-0.863257467090279
-0.915829510650242
-1.08643442833687
-0.969691905077439
-0.929839975372393
-0.910180796764398
-0.93530462018221
-0.973803786376879
-0.95550968500809
-0.943277800978687
-1.05845542634887
-0.948573662735811
-1.03047247851964
-0.895122032811171
-0.833392763638174
-0.847840034776308
-0.911312211342452
-0.900256321689114
-0.853886700066531
-1.00437675590419
-0.918629407022282
-0.955318508860741
-0.944233002012335
-0.807250911030584
-0.885264230248348
-0.926505282681347
-1.01921310566915
-0.741646738050802
-0.971877392262265
-0.903017274496904
-0.880044271587073
-0.904854141649238
-0.772186833131435
-0.909806132413102
-0.895989011246971
-0.898330652862665
-0.917523866908574
-0.845461950412655
-0.975612672189011
-0.78266077546906
-0.788887516295024
-0.859287992425549
-0.973466446566167
-0.938905408005913
-0.928151869548748
-0.68720771598809
-0.864186456225128
-0.945998500896784
-0.861987746185914
-0.897007743590514
-0.947967802054895
-0.786930799879664
-0.748802563778125
-0.817373854929405
-0.752973979118851
-0.741993072686306
-0.882267101230041
-0.905170421128839
-0.893116158823967
-0.633730319268074
-0.8967348731671
-0.78163591215994
-0.850671831379674
-0.735976246776088
-0.842892192346849
-0.717411253646208
-0.6789430814207
-0.855800126180138
-0.958085843118079
-0.890652698329984
-0.819745101337435
-0.925132903686716
-0.849446766811458
-0.732310999112025
-0.906125503123858
-0.846536058093753
-0.733061738609666
-0.775142181612134
-0.900727245012669
-0.922969743446774
-0.930001562672375
-0.808199764915883
-0.929855133801472
-0.615407805226169
-0.813420009145421
-0.787237847323866
-0.793646495399697
-0.721461179144097
-0.839756129144368
-0.790502095775127
-0.632290780835443
-0.854908566342382
-0.793579888941216
-0.77604887665433
-0.757307830645336
-0.713129312692098
-0.719109898525149
-0.635884870115872
-0.787691363327138
-0.79143405172032
-0.600215912480485
-0.741768089616163
-0.745120353092896
-0.675071312673898
-0.712574824604245
-0.698041861232771
-0.801507478740092
-0.869610398356693
-0.848434719345541
-0.792101221827768
-0.710619915249601
-0.828489720318543
-0.787605493857001
-0.875146206905199
-0.71174524133401
-0.610112153442483
-0.672745781930495
-0.737322112465978
-0.850854519801506
-0.733900986594887
-0.733521562958059
-0.673413957177064
-0.757069866167883
-0.703399682821579
-0.672545939035916
-0.706845170043586
-0.765688915661223
-0.707867025791575
-0.810179415073448
-0.718430813443292
-0.753881112182173
-0.459592015184516
-0.743640352598677
-0.766308768091202
-0.790940719724755
-0.707723330618315
-0.761529589787239
-0.649233882482858
-0.790202749772393
-0.755779773410795
-0.67760172349445
-0.607919227006204
-0.722175036797899
-0.705442015996228
-0.721680465847124
-0.63645602573912
-0.651732972095159
-0.544785849835662
-0.659806266779695
-0.612628404280495
-0.614546210437543
-0.629380491265525
-0.666468043652973
-0.688811466845218
-0.838906776560114
-0.679856087695244
-0.765927705266566
-0.704541598027819
-0.428005309441288
-0.739475527082952
-0.579045053064864
-0.62834169617979
-0.657816685943341
-0.604103755229186
-0.663448726417656
-0.78204186524399
-0.703260031009929
-0.428229042452406
-0.575152262952841
-0.603753653741172
-0.541282875243968
-0.559489240963763
-0.602603077428206
-0.758979126801987
-0.509007891373104
-0.573640940399889
-0.656599353074111
-0.526373962461797
-0.627912480857455
-0.590628487507795
-0.509063591201162
-0.538146854370876
-0.697743021614452
-0.525380574348468
-0.53172687290959
-0.572570178752047
-0.49330114716549
-0.439007711358718
-0.495604181779698
-0.53952110055902
-0.526632860857723
-0.517717357357701
-0.637319078240236
-0.560455611561025
-0.584776148330075
-0.652089528332561
-0.492760392371872
-0.766413677533728
-0.607776725615191
-0.564375643692014
-0.597528143636762
-0.381108640068312
-0.448273394428864
-0.550803571527599
-0.624848516341608
-0.588091047810893
-0.404244334296081
-0.575871935880621
-0.600001344364213
-0.486857973654382
-0.55111051976825
-0.733172285787264
-0.573737421422212
-0.486304710440298
-0.528795014502823
-0.551497690399891
-0.566290288615987
-0.421239641752623
-0.58000517769067
-0.465956115455064
-0.402844976031913
-0.455369681570798
-0.462573716760217
-0.506089259948876
-0.499285573186946
-0.505864613623353
-0.537290760115707
-0.359822258726969
-0.410862241588815
-0.60105506383847
-0.482580738488275
-0.598399288529649
-0.429144135838157
-0.638956712133123
-0.554251669625166
-0.330085208839273
-0.435138377240261
-0.499200372330482
-0.476913788286326
-0.401768534667255
-0.542917154512932
-0.485102281153345
-0.402676253934074
-0.424935398712997
-0.368574380060795
-0.450153692197704
-0.522425773354325
-0.493320058796212
-0.355484463837679
-0.58536446335696
-0.534855359148631
-0.502720285158171
-0.541521263230504
-0.416475967596308
-0.288676182170071
-0.442320622601772
-0.363038225644233
-0.412052640073536
-0.500394103018621
-0.474059919782131
-0.501352922719519
-0.498350517825415
-0.294854577749746
-0.416307711090326
-0.372031125246091
-0.466312751919493
-0.50249854070413
-0.521356617464798
-0.44091627449071
-0.355818390709873
-0.511077690506626
-0.205384909495391
-0.437257826935919
-0.354958296327294
-0.477704772543229
-0.535874905782849
-0.344542727790048
-0.324893836274104
-0.393579253895978
-0.551813693123261
-0.308573710830427
-0.346587203124114
-0.418728829663871
-0.436544540776222
-0.41559026039091
-0.329800108811028
-0.413724437785214
-0.451200647461219
-0.219997759295921
-0.413159289095612
-0.477932295548784
-0.19724953735175
-0.403437600371448
-0.391554753679186
-0.377863242958382
-0.493362958019992
-0.386487367593422
-0.344878348370883
-0.267408783627995
-0.468679773122032
-0.396169039960774
-0.345357358771058
-0.397569428420102
-0.416160850885915
-0.258564843438937
-0.320451022728898
-0.409641005244801
-0.360585632283435
-0.369716762494569
-0.45733536586944
-0.448011785058398
-0.239328485648193
-0.229740041566387
-0.160738892987629
-0.421709755145644
-0.440637204613722
-0.344964625514208
-0.257129237343103
-0.355216465016316
-0.331092470527676
-0.218356396588961
-0.282120825180718
-0.209899994228027
-0.263036155848909
-0.207284589460918
-0.376440643430301
-0.270079652273255
-0.285360718224599
-0.247380570499015
-0.271969269335967
-0.295488246268761
-0.434030370732305
-0.228085631850914
-0.436975084648818
-0.291275848427509
-0.312342922017064
-0.36166756689608
-0.322232558037017
-0.290712540583198
-0.437089939893545
-0.279610123852835
-0.184549653081714
-0.206781075525216
-0.052600499775644
-0.229621685553396
-0.2326232158289
-0.263081155803596
-0.15545957704179
-0.227774090162004
-0.263658113791988
-0.395421212222779
-0.23134447611909
-0.370310914085365
-0.228959452711457
-0.116136535807649
-0.13318387116346
-0.157919253828419
-0.265002988435547
-0.305974131370001
-0.0755102572094548
-0.332630180759026
-0.340362091992698
-0.143810564518687
-0.352355082186247
-0.180954281111895
-0.268246017297386
-0.156504461934791
-0.217210754653491
-0.285376004055292
-0.22025601214618
-0.172666188633193
-0.094469152868904
-0.38420383295518
-0.0128256773642362
-0.156604767959751
-0.141979092708848
-0.329918502686386
-0.148627918471574
-0.219326762988074
-0.0547512771817811
-0.105827048010703
-0.242193406841467
-0.195243437768008
-0.157763997165754
-0.335957165227017
-0.271683226160897
-0.0705644360874683
-0.191251062181564
-0.108888285365585
-0.205456838361955
-0.106119025200946
-0.174504320754435
-0.252286649649218
-0.139500016374198
-0.162354057062499
-0.317006219938135
-0.175763274694217
-0.365699865750772
-0.312863165262049
-0.199385137665058
-0.264006770765502
-0.180057516895914
-0.133210187132024
-0.136383063846687
-0.287907296707275
-0.246971299580284
-0.175667409568622
-0.0873132062310658
-0.12025869262214
-0.125636667844528
-0.0575816735706706
-0.198461126293229
-0.252127332893667
-0.0316831872360422
-0.184188070871488
-0.132183573378026
-0.132441337665462
-0.168389588580703
-0.178836026854451
-0.137090560584353
-0.106246442057619
-0.0247683031363598
-0.193860350273679
-0.0243177503425971
-0.312172787503837
0.0618571739375864
-0.270840623538333
-0.232801341110682
0.0058113220814684
-0.242509918612776
-0.0560062522198791
-0.0927757477082489
-0.109880873359017
-0.160652533469293
-0.103964932403931
-0.0895927328591983
-0.00593603717139517
-0.159232156670243
-0.124319500701924
-0.180761031072397
-0.117348964438814
-0.183249508556665
-0.0718594943430348
-0.00797284724417894
-0.194149261599218
-0.070279455919822
-0.0608143325674717
-0.239153366856175
-0.0841120765767277
0.0714034429927636
0.0444997654859824
-0.0629850850696237
-0.0391692339472769
0.0406852758934598
-0.0595316041053438
-0.129596829710554
-0.0774069704243134
-0.103190803831983
-0.102415687248413
-0.0174368555430712
0.084527271469687
0.000979172018842676
-0.0436594652694962
-0.0930963430973619
0.0154704590855595
-0.11605792835097
-0.092699426966162
-0.0315332794889135
-0.063749710496869
-0.0248545683930893
0.0392274612449689
-0.0231426473303511
-0.0281274457992113
0.0303454625623268
-0.0680546448755493
-0.012924826793801
-0.0446463476640234
0.0475384679749261
0.0751748027835272
-0.00129528659561784
-0.0267040398540412
0.0296822417773772
-0.0305219547887704
-0.0192984887115386
-0.0806988197647503
0.0654383206946638
0.0397914307285624
0.106028608943459
0.128762803273381
-0.118054771896755
0.0675331947640987
0.10252825499382
0.000391875654306902
0.00322525359595888
-0.164051533550517
-0.02627843493638
-0.0520389977543343
-0.0898837703044102
-0.162780330795297
-0.0633927710024537
0.0893451286866186
0.0874026935719736
0.00929415229924069
0.0566851614009742
-0.00436494201860861
0.0479809400656887
0.110267623948989
0.155105760747477
-0.0201709795082962
0.14339945717513
0.0181168064335088
0.115994750210155
0.0186332055248707
-0.029708066954594
-0.046227482921772
0.0465258179361227
0.169321870866026
0.127068356031111
0.0416101894579215
0.165494874430216
0.210251243325175
0.16580011754144
0.208162680006236
0.10496690592172
0.248824050445896
0.281190266165302
0.0667548283834355
0.118087447650997
-0.00817616784016605
0.122171845452877
0.266282098857566
0.0371758355597208
0.15559356874669
0.194922018284789
0.0629334395707192
0.0551799249920627
0.00358138836850432
-0.0546041616727345
0.240885198499896
0.155164010626871
0.0328621277755786
0.164450681463369
0.244298127250895
0.146726288877682
0.0746995391111113
0.234888512291646
0.176795978148594
0.123590492585382
0.0727250139927103
0.123155463305846
0.0548137466373788
0.155707749413131
0.141597234133136
0.141473748036508
0.160459857215001
0.0774477588518784
0.11066707889453
0.170857341320264
0.311008688513401
0.17376423635234
0.240137444752093
0.166669381691904
0.278655873025719
0.158218875593729
0.282875573328221
0.078011512396558
0.110403021852746
0.204148370079405
0.245275559803242
0.0870303993574929
0.162069569009251
0.0258174258502839
0.294149288604979
0.158124853008956
0.0864732596962196
0.233837853812206
0.13265641600871
0.253158324387595
0.143295356127825
-0.0121666465451357
0.129255947104862
0.182098412177189
0.262774526968163
0.321481554556392
0.24042262270439
0.206680598699959
0.338123764262821
0.224540256537293
0.157804235238871
0.287661128299863
0.069536383809819
0.232123924817252
0.288724454862459
0.228763859752169
0.366537197444841
0.328201767235521
0.329695615020129
0.396090338251822
0.140591818675709
0.335813907665069
0.357957616494241
0.232115003002423
0.250149541921811
0.144851009518764
0.358917788201751
0.364820222058842
0.387973391018069
0.237916290168238
0.316183616938832
0.279707175892551
0.189175852634604
0.239518895239591
0.307724068122136
0.369425779698512
0.105682206176774
0.326645113790429
0.250968500091801
0.44357154221145
0.213731392540008
0.21447156302197
0.221654252415822
0.279280189861781
0.375471074494537
0.200409304127872
0.175866487682362
0.223549021330231
0.43927026728124
0.301481676741303
0.34647248677601
0.335783744748122
0.311066483658949
0.248949872451669
0.288665164454582
0.164926883360745
0.314442168326095
0.281175555725076
0.246936687824838
0.17378552505396
0.292517959550742
0.323652379474864
0.44017751192776
0.469049287247118
0.39537412642652
0.271218854906993
0.25546466917159
0.142311325138112
0.347307735296869
0.290977554967589
0.15184453859629
0.273323060546138
0.620527819243271
0.334610713023588
0.313239407565305
0.332415072593496
0.314360388487458
0.294082535644568
0.253676471065568
0.312858034544621
0.248764233288562
0.482326473401991
0.383249547896804
0.173843044572849
0.101400352021063
0.382041337153076
0.294333723785159
0.522354190444286
0.42482197136485
0.407361985172759
0.713319260926994
0.453987238204999
0.344764461100574
0.555171507678856
0.421785384005527
0.244258425247412
0.400487576553925
0.202805736143458
0.266099319042239
0.395875159902042
0.273857370476923
0.243514213059465
0.32264210649436
0.319179883149104
0.528239201201454
0.485290365304795
0.52271098669945
0.519452518272959
0.503631584810352
0.351237941619158
0.339480073318192
0.292755813827254
0.376117493414523
0.480778786929067
0.380863397930869
0.431796923799982
0.4909936264016
0.544299885527855
0.42105357352562
0.332628014957392
0.44939564351815
0.300460936805903
0.454223420500066
0.306620081900996
0.368735086396472
0.34452289626598
0.408848830853003
0.532105806139151
0.470633656530775
0.328534264328644
0.422666721245113
0.469660911242181
0.500630666581158
0.603971689767875
0.609877950792902
0.593638912623251
0.649159930927626
0.448008274882665
0.510512352996578
0.634547279409505
0.673413149765464
0.352192558428087
0.405896972077115
0.626101663536363
0.720249661701824
0.637105142611469
0.507225048526222
0.533186997524305
0.502410703108975
0.579488127760098
0.541473394213145
0.611281571720283
0.365853685358064
0.486272889153852
0.534924287633693
0.612361197137703
0.519055381309042
0.563015543428173
0.383070567785641
0.575234746611934
0.560373006773435
0.455202946081953
0.562740963295
0.648065271801131
0.621546575884126
0.428339651280053
0.633713416893763
0.407507616985021
0.55592516127239
0.337295377420342
0.462270451897028
0.520382799025645
0.639470441491067
0.442131257381748
0.548364218975276
0.652799306521535
0.572364308069354
0.566323735923993
0.598703475651742
0.517469213934789
0.516858176507712
0.574742864586683
0.669950131450405
0.583659043842793
0.513816643470617
0.600750883923994
0.426890777539096
0.63658035531521
0.500981414559172
0.649235681996759
0.635034108223517
0.609119095694168
0.696193377463142
0.552554138247781
0.606110370441446
0.725603995078148
0.604947819116687
0.710656019784642
0.617011628468596
0.65490421164841
0.49811262671519
0.589500978852245
0.593011416024017
0.738188172265986
0.543927328940435
0.663763341981174
0.745238094404458
0.667722354881704
0.730477807422069
0.589455493374497
0.613239313766148
0.55116582618402
0.526906729765469
0.53752453190241
0.559305980092312
0.699901070487024
0.584285945539718
0.654369750717013
0.744771911828328
0.502915144779571
0.508176892621396
0.567566507433228
0.763199054323224
0.58529906341319
0.590399516987229
0.699369283868115
0.823860902594298
0.596497707111388
0.668300624522824
0.840717008321525
0.747875685967526
0.632913696809731
0.575049810356637
0.632968150807131
0.609095638806963
0.723566053614987
0.741260640020596
0.778647462541601
0.579840566271632
0.484302118477632
0.693704877871531
0.792816221505059
0.652439991846991
0.692679468298168
0.727896078092168
0.750564196094569
0.502589672330772
0.560524970147152
0.776256163696049
0.603808842428618
0.736138648946478
0.760809577970627
0.695422408877955
0.807690436440421
0.766461762601215
0.715310417666672
0.666345915643827
0.648919907092715
0.745249964904587
0.836609938242123
0.820538639772952
0.804610267620114
0.813617674153163
0.776582152165362
0.654275311809282
0.795919737444134
0.649141070785228
0.89332502072464
0.580164251644853
0.734562343912015
0.691998617709673
0.766492824834802
0.705122307874152
0.833704762906674
0.65544940169093
0.860027517149335
0.791756366733794
0.841638899231893
0.644285553792623
0.631125561946931
0.767393838396653
0.754462188517229
0.650004386083136
0.724175173211915
0.737959597887681
0.694474811362057
0.840437516750561
0.767014177534114
0.847913755965677
0.699248002401716
0.759259179865563
0.805519316447726
0.8900999425906
0.722763019135601
0.705547937860182
0.785773802484568
0.686618691971439
0.800393716486248
0.848349160320037
0.799224760063865
0.848035907201453
0.773531722685986
0.823120846974277
0.786526975133498
0.802169410348586
1.00848437204838
0.882428380235151
0.865919353291115
0.6762236093776
0.784816527561007
0.723636980274211
0.804799274990884
0.829563390559549
0.803474898710469
0.908037967493295
0.923156228747859
0.842824593233009
0.881149880574431
0.964909268700595
0.87689092156121
0.967244370884869
0.931830029522475
0.943443489688259
0.757632592090968
0.823549233998168
0.82519080093642
0.761366572542923
0.766721329927757
0.846621533829064
0.744886983406519
0.907702121001315
0.897721358598483
1.00000783830158
0.787988315060766
0.90667827149977
0.963533025065921
0.960083546288242
0.85638954538551
1.0128661271719
1.00769328951766
0.905965468435851
0.892060110127056
0.790353999362715
0.866777156064069
0.94970633050974
0.852865330978659
0.900529230004091
0.808465480468236
0.967747282122722
0.993577677579852
0.91123762227177
0.980561128269743
0.947516127227934
0.979480227729995
0.801691398975654
0.826060112436628
0.761971139402421
0.898966265416581
0.915328993371177
0.913039241802935
0.84752794748476
0.970850148897158
0.915695944690358
1.06921315920512
0.924843742197982
1.03411656409526
0.816358146186409
1.00301394314479
1.06983238130456
0.948399544065743
0.842159311822022
1.01520461238103
0.973983218169057
0.818961602439483
0.964187000713885
0.914972002111535
0.896728866013117
1.02845171939203
0.884118777131274
0.93886300652595
1.00720818324201
0.985715460977246
1.03665471596649
1.0275094068999
1.0024538316747
0.86505164224432
1.04524442649075
1.26626548347866
0.994316782366963
1.01707558260098
1.00006931144466
0.943701478904607
0.981979045643413
1.02122514039259
1.07043691169836
0.985313596395449
0.961711733989856
1.0860151661326
1.06049195377779
