0.025741161362627
-1.00429757481322
-0.960037683353903
-0.887025685231048
-0.989403261357477
-1.04069136331041
-0.962582953349179
-1.01058307000989
-0.917703762795388
-0.983657242547116
-1.06102367721301
-0.83105828715192
-1.06417470324754
-0.913673236232086
-0.976212779767996
-0.958956368817515
-1.0662362372611
-0.927026718457564
-0.83782350928123
-1.02143202981059
-1.0636865359079
-0.959991564880934
-0.931255376241242
-1.0215810272616
-0.922650309726492
-1.00685450805745
-0.81165308664359
-0.784700085431568
-0.852510882740041
-0.935419997550188
-0.856956588895256
-1.04125294302334
-0.961457041329548
-0.852961785688529
-1.07578868909137
-0.752003828049257
-0.927575461615833
-0.903964745714091
-0.909344376846122
-0.841166041451089
-0.843785953278201
-0.811216198803522
-1.06284331924238
-0.992119145687301
-0.945952047081386
-0.915794969478987
-0.946075088270287
-0.888996474079186
-0.974070640015817
-0.796570812736203
-0.897062275003382
-0.924747427530891
-0.916048672847495
-0.746870026311007
-0.895125580738851
-0.782282357690472
-0.924871874515667
-0.861688285513695
-0.914608868116297
-0.894391226850638
-1.00506282837171
-0.73630472606524
-0.704939604495331
-0.921527258236732
-0.901484009488107
-0.855330599765224
-0.780607744641373
-0.719151947810379
-0.858307815868098
-0.903931943976578
-0.778372900507182
-0.87782598621535
-0.829018760879526
-0.93123525796858
-0.834339663201525
-0.909136171029669
-0.896673258892638
-0.820181281037279
-0.804809987493074
-0.759891761267609
-0.866629031805943
-0.783043389936276
-0.86473748950188
-0.755426624871955
-0.801967784122585
-0.707536672232073
-0.683107365399682
-0.910360865466759
-0.925446577077192
-0.681275288125056
-0.801186021685623
-0.941275399930377
-0.692853427920391
-0.769639308816964
-0.744980319702441
-0.928230017980952
-0.923409739720046
-0.834673887563327
-0.907204529161217
-0.880741220144255
-0.80101533515118
-0.888612118031666
-0.60844563230721
-0.796034023343024
-0.901422950841237
-0.800194653348199
-0.925964715819223
-0.833119277857411
-0.837924861241284
-0.75914525753117
-0.83120111985397
-0.770087917269424
-0.808948971762869
-0.791614449388212
-0.704543974546355
-0.678387907219263
-0.79294771237712
-0.70325070508013
-0.718033256563123
-0.591829179925758
-0.638161862989998
-0.896988575383454
-0.753989219229084
-0.765923691958984
-0.722898812664181
-0.649658373909374
-0.656805289848019
-0.524918619850416
-0.716680676216451
-0.596155671643843
-0.718791949020625
-0.783280606129156
-0.814416480641585
-0.816196024972575
-0.787581789163844
-0.661307347233674
-0.706022880827591
-0.676624018139201
-0.677333417090274
-0.689761660619329
-0.632334372413638
-0.645381907172029
-0.665619588136212
-0.813400653113772
-0.646957794179636
-0.79430167833088
-0.878085322490203
-0.658271478732296
-0.781807789832133
-0.727783981140351
-0.762017773003495
-0.698994640164253
-0.57088760562826
-0.589618144004027
-0.759461728612465
-0.621914074178614
-0.548778975120897
-0.642386932685607
-0.626257421066264
-0.783489185192912
-0.602040396978046
-0.905937023299157
-0.558553400189318
-0.651546809735813
-0.644369469888167
-0.752950542076955
-0.6554209607512
-0.687764356142377
-0.657222566563638
-0.615120269276225
-0.60142226181701
-0.596573446601073
-0.719278541825815
-0.614131816460946
-0.64780689419886
-0.545290907929429
-0.671656734989249
-0.552480914875385
-0.569988425199377
-0.710753062582359
-0.62017245740557
-0.654026702134951
-0.673439770910071
-0.664913802117128
-0.59234611935193
-0.605038378894488
-0.662976505490533
-0.743999586116186
-0.521110041401328
-0.655646023412509
-0.609655293331753
-0.689777098176226
-0.59960840110509
-0.631589151358104
-0.632594152134005
-0.639780957463881
-0.573957683405129
-0.745352533365679
-0.643378148421447
-0.68651909575894
-0.735534752845285
-0.508855916191189
-0.67307614206835
-0.674873603288014
-0.674230801346096
-0.614865380133468
-0.592496824026165
-0.435505340743148
-0.68581177996823
-0.456357791215298
-0.776872119158613
-0.478748087196513
-0.484536868567067
-0.388088083342944
-0.709630069339241
-0.628632923486554
-0.630776581462519
-0.452990536426106
-0.409120671694502
-0.552393761117172
-0.419483043696836
-0.629087017739248
-0.714032167530859
-0.641369510022305
-0.515279393057484
-0.425088053372409
-0.486097524438038
-0.575504201462146
-0.445635399269996
-0.490826423782385
-0.629208709312142
-0.329715444842615
-0.360708804954279
-0.524928302705224
-0.500112864213529
-0.649914686584579
-0.58894257783008
-0.597778837652789
-0.389282286413928
-0.620168278297056
-0.462686044623942
-0.57154915878056
-0.403252758339282
-0.509708699851207
-0.527539389085697
-0.620571462098607
-0.511420452072314
-0.491168065384161
-0.453561533963708
-0.475144342907459
-0.346405822637616
-0.512553803847383
-0.368226521765625
-0.486095556710634
-0.563437888063339
-0.482667828970193
-0.622734915571072
-0.352949647430968
-0.485102887089588
-0.487425990189613
-0.412867125264389
-0.53860717213777
-0.559859703084954
-0.475482961667896
-0.492609619802467
-0.590150368540767
-0.534603701355212
-0.413248493801554
-0.490292604653218
-0.433919264187156
-0.448291338932578
-0.490903947213194
-0.372418240274955
-0.45412422673482
-0.39879647190627
-0.284739189526588
-0.370953843025964
-0.465806459509372
-0.322949135149954
-0.497461436077773
-0.3998883190297
-0.442761547185326
-0.355097749698294
-0.424324885215698
-0.398513006749142
-0.560150038727531
-0.374169554425814
-0.488641006065687
-0.367759042720102
-0.377870525350537
-0.360438414783364
-0.5169461202373
-0.498748513674611
-0.602267582557327
-0.438294496215445
-0.359034419494243
-0.441778072002781
-0.440526433463919
-0.277289203955091
-0.383321256047495
-0.484924642567332
-0.351797448126495
-0.406453282012245
-0.529422332851719
-0.276762774259143
-0.369606918659346
-0.569343576064117
-0.270900670828257
-0.43442798534335
-0.479949892947376
-0.515138553012017
-0.349734209670511
-0.407860039342251
-0.266148293834929
-0.540099393645339
-0.435265947957149
-0.355270155252405
-0.374415722886983
-0.441691941178755
-0.304699005047989
-0.419121216052431
-0.349672091714142
-0.312169608091624
-0.503442281709083
-0.259526231481561
-0.164344585992582
-0.284686344169145
-0.280111875188958
-0.35509323622131
-0.503950606010525
-0.439824181060892
-0.327618868948436
-0.323905402985653
-0.18988845805914
-0.44835674800519
-0.440478756992199
-0.352559521146452
-0.314932285559573
-0.323477913638514
-0.192056313120053
-0.421968878366145
-0.391259638968485
-0.432440935020967
-0.318157473895892
-0.39363044170139
-0.32912752744019
-0.342203621863495
-0.178912648412483
-0.395959090934963
-0.305574042934095
-0.242513265848193
-0.260501551448991
-0.289450929726644
-0.224143598689021
-0.259155993345223
-0.251762029075255
-0.299257826653936
-0.400086284428808
-0.303048121242121
-0.286842323312742
-0.264056632277279
-0.432565327084847
-0.38445593269218
-0.407027093329729
-0.3715146189221
-0.311276519078713
-0.101760177090417
-0.315002162185231
-0.322332092497163
-0.22113196666314
-0.187549262083468
-0.335878382553405
-0.218559302775115
-0.318979032627468
-0.20713389030122
-0.0764372069490545
-0.456940481234354
-0.194613867268962
-0.363699415605614
-0.33125139100878
-0.210137183918656
-0.0934158015115134
-0.350990254148311
-0.340571274481252
-0.201219547073558
-0.243013826293095
-0.17713166930099
-0.252009616762382
-0.211275049730902
-0.188954475254724
-0.263800773688125
-0.354745929372312
-0.295767380024543
-0.211002490042072
-0.287250621937444
-0.104643076486762
-0.119952135003452
-0.320135713039178
-0.227479437525404
-0.13498143221053
-0.332915564045953
-0.121429439923463
-0.218115144853636
-0.160356996744295
-0.118948287827121
0.0018942504365439
-0.148114398523018
-0.149147595335974
-0.226141409982402
-0.128408077067594
-0.351641261863767
-0.180109628772042
-0.162228653664514
-0.28783186280102
-0.24678699647844
-0.269126140821914
-0.14558771814302
-0.208541493688383
-0.147105122374617
-0.0794011530413303
-0.172612601878279
-0.303168485142481
-0.0837814157035152
-0.168749618256407
-0.154620376148051
-0.314713577901663
-0.292959167423913
-0.0652544858936865
-0.231946285892723
-0.0337391862751487
-0.19622318233382
0.0320473836989855
-0.241271763134256
-0.29485859140763
-0.0789068737461637
-0.09418807052888
-0.0942395177022759
-0.154942309655533
-0.0628188093024647
-0.0769725446503836
-0.077123063387449
-0.0673063112327656
-0.132303652179784
-0.203497906277272
-0.196112844272876
-0.0613240863067197
-0.31566521306647
-0.141447352438934
-0.21637291618969
-0.0471673646272497
-0.163299981653948
-0.151393957077548
-0.192487367118554
-0.12927077719632
-0.118379588969562
-0.242786591776242
-0.0340787013064629
-0.0667553799502759
-0.140755831507492
-0.100502583073019
-0.0257706205668155
-0.145530517449982
-0.108291934344561
-0.0920767410824474
-0.086698900398979
-0.13607665238524
-0.00491536840993546
-0.0910940780707759
-0.0218316568811408
0.0311966971785796
-0.109682652951476
-0.0625364588022466
-0.0559907915884182
-0.106054111133396
0.0664959394996314
-0.0696002553945224
-0.0481177146540299
-0.0252169634149387
-0.057510426768948
-0.0264575632231681
-0.0528330020583255
0.143082560869525
-0.00426198759156883
0.0159578623338096
-0.00612041168552935
-0.0610246449363068
-0.0577138376490561
-0.0369558777142405
0.166035309240469
-0.0859416759944686
-0.0802398759900781
-0.0463490454476392
0.0246759897864669
-0.07421229647649
0.0233119638875217
-0.19529313134731
-0.137259430997098
0.0545633324412055
-0.01765281970575
-0.147201169080352
0.0437437720730175
-0.0233199478455611
-0.0341989441975884
0.0159061312811919
-0.0152849876334498
0.0233164190418699
0.109570067647324
0.0159082940529561
0.047073288001134
-0.074546157915228
-0.040351994064471
-0.0167581439833665
0.141778366428321
-0.0502280344901896
-0.0589825965840994
-0.182279324626078
-0.0404921775258223
0.015467113193388
-0.196100957602292
0.017403040389061
-0.15344357684908
0.0184005248322478
0.0673612311419858
0.0387639610266939
-0.0951181617309522
0.0769094800245166
0.158440585109936
0.143510338820061
0.019293960242693
0.0521746364686909
0.0883727238486526
0.0984252801748009
0.0374101608574654
-0.0395456135368616
0.124174738144543
0.000931732264452553
0.075266894638517
0.117748119734529
0.0322202184272352
0.0317868919359303
-0.0198819868351409
0.230599028407186
0.194508508556291
-0.0172559307662867
0.0185894389440712
0.0372895812576948
0.0940781475003762
0.092021360213092
0.0685356501832798
0.12780519015671
0.0260954245302446
-0.00301191901065644
-0.0618471388318086
0.0898032769477434
0.154607551471516
-0.034279116133113
0.103963941414357
0.150078636953504
0.214432738611176
-0.0166925712503103
0.168277964969442
0.0376425670520048
0.0365130498199159
0.209604331288523
0.298180569223737
0.0554825880421582
0.0941245159504175
0.130963153934679
0.0992200328687854
0.225229847708355
0.204573371780378
0.0842778099779487
0.219976053468426
0.10910858704732
0.00666955758732717
0.119273786082883
0.0699714674985723
0.147934227590134
0.246434485543348
-0.113895212230018
0.00387810799802272
0.148837792039291
0.0183290377963653
0.115173079576114
0.201064917748659
0.143080767064554
0.178278518530455
0.191230623194621
0.217963484403191
0.184411305684019
0.176281303546771
0.1214762216021
0.216043018403276
0.141093504042445
-0.00395206370360127
0.115877762584944
0.157274032451634
0.236016043417857
0.182066463342227
0.239529652390107
0.239501248844249
0.237728094306795
0.188177292145345
0.309958148106632
0.271750996801551
0.119531370364918
0.0578416906052033
0.251647164252567
0.221859905094641
0.0391232892481876
0.322135632564017
0.203963453487402
0.0731964062647192
0.410691991279239
0.183179547770229
0.265179149333661
0.284348665643618
0.157316074447519
0.160582779496489
0.195715471891369
0.179051293521376
0.184320368531928
0.235212570654179
0.158518017424474
0.235067961745591
0.240398622010679
0.389274864132827
0.252517148219885
0.43544363172449
0.278818053161845
0.0195965250481644
0.258964122723778
0.248971072034224
0.134308205078596
0.151453583244149
0.219189929481045
0.256068724291513
0.275313827401207
0.25461977121717
0.22367808340868
0.241849409732862
0.257246014579739
0.2305332441321
0.31592652557815
0.240504474699261
0.0893043289159868
0.179771399626766
0.392288543464966
0.43553422159427
0.272271709790955
0.278778687838387
0.400946561166098
0.303778978495067
0.108615294947586
0.35744653165656
0.153521256645785
0.202805935737953
0.349865872898005
0.278036833596379
0.256336177969303
0.297714611128123
0.319516786795742
0.382674639346468
0.374580097330542
0.299880776714655
0.431832890147833
0.333873975958336
0.32115455464897
0.222215881420274
0.206521756210475
0.34956382346536
0.386123730682799
0.366456728084736
0.482903573979226
0.437986076753369
0.246245397081115
0.308683907500224
0.285657449965772
0.41890983473196
0.323116074315873
0.395393304968343
0.525133853391942
0.292822465413833
0.357355589257809
0.485517787774389
0.456060522145476
0.399964072307007
0.322538530452176
0.240374156086023
0.412024058514661
0.450238248978357
0.431058829871383
0.325234249426324
0.450894199626596
0.325738777822524
0.294051929779074
0.243167015647713
0.37588077140988
0.488371626847269
0.304615321608419
0.39745075653389
0.407888527160121
0.484016712232708
0.173106747341061
0.493164883281417
0.356604201952322
0.448865525157261
0.323788173095697
0.426274731320432
0.338688579196113
0.470253869594882
0.480377390722568
0.481625567191428
0.538253255874078
0.425217728042456
0.382217268192532
0.394686244521049
0.319088132711375
0.497451999652654
0.464627066020287
0.346049949759072
0.410278654068022
0.45644645106736
0.404055688929926
0.33983080173486
0.557912912604895
0.432899417235762
0.344212686955614
0.421714145996788
0.415086788584729
0.469223468708299
0.483788138102212
0.418743934635281
0.314645879155824
0.548500964416036
0.500550385974826
0.569080790902075
0.554030424920107
0.632615254496375
0.433088211657375
0.484822376036729
0.596131123722893
0.646487965563195
0.528743652708708
0.393744326800166
0.424574453782478
0.328155245553314
0.42519524593891
0.481862207004166
0.581875470499072
0.555425670822787
0.440859889649552
0.453912258324786
0.551916099148032
0.554574823295697
0.571466381490801
0.558037893819611
0.573000340767204
0.511752912538492
0.401094223432686
0.513538863228109
0.637627898640854
0.546435307279855
0.533758334859005
0.417838576048388
0.459414018631981
0.461443668482053
0.430942867534501
0.40889155931941
0.583573767104111
0.584134819910362
0.558577639427145
0.525038242577839
0.532361343002336
0.633877465121967
0.644174436104635
0.43976033070178
0.608711523992772
0.506571685019968
0.398429804068841
0.576490031140894
0.648738214340512
0.546537530938162
0.527034822846191
0.536901721664638
0.641497598976519
0.478513250221569
0.623354868237179
0.578681544516631
0.611767055649484
0.477787109182014
0.664646356059783
0.527154211836872
0.408699256683559
0.52891378260076
0.517094497634958
0.672860285770518
0.650867477823891
0.599790865695193
0.599646895766677
0.627814750020526
0.590549854967727
0.636028913802894
0.51411041406011
0.63988433203204
0.558230381516432
0.485613003379157
0.644192178340804
0.63710807996488
0.480483007412549
0.525983835664408
0.724071241678184
0.671215224684176
0.55355918314256
0.584150274674117
0.806100159570524
0.719167657788439
0.646508262844634
0.656494718574919
0.588829041131188
0.662122546707544
0.588332625868129
0.605857642971007
0.430086561939042
0.556651527554243
0.588702086703758
0.642794262625736
0.791515356975769
0.668088594280322
0.752715525511943
0.56758081428547
0.737509371073512
0.702319467216766
0.673003677637703
0.786504023330913
0.73683442718786
0.729442654166782
0.629636726889167
0.716830331937747
0.6626779173354
0.497318476587808
0.606274870669136
0.661568022452998
0.823975906909841
0.582836234786801
0.550962704214732
0.630545569671881
0.591664593656193
0.690198092745043
0.706678176623221
0.667595040432388
0.639121792653291
0.678647309599803
0.860475375296012
0.747101792184089
0.555279388978324
0.797769446133491
0.795722885335537
0.779351489678471
0.683310105726862
0.773608436340448
0.798919088487072
0.760667051925281
0.615699035576891
0.736109987938227
0.829908285749753
0.773969127927291
0.757087448984865
0.860710104966079
0.74365868149049
0.643535305026548
0.674427782583843
0.818017072206548
0.675071850474938
0.770433498287885
0.788653515045997
0.711547188779578
0.764589120980983
0.66019181522628
0.764850785238829
0.706876216524444
0.744751136377998
0.835657572643889
0.759287226104283
0.578832551429528
0.896708010971059
0.832678665427137
0.661900498444099
0.726745037914461
0.585083249319958
0.720657110171991
0.883549875558254
0.965377436595402
0.789864538250197
0.796397861375654
0.760888877827396
0.84579049939797
0.782552106080844
0.76607523088238
0.873929771235944
0.780918659814547
0.977555754797502
0.785518636585442
0.79715726281811
0.700051867151529
0.644748370782001
0.791918725216117
0.722784103820854
0.867368953074943
0.773186935759808
0.771293957407723
0.772214963193557
0.804573030136228
0.917238224325711
0.975849947258658
0.876467304052616
0.832104002164653
0.892121735649138
0.796898681344415
0.800911300803983
0.903673101130761
0.896942010652743
0.873545551005877
0.909999648940276
0.856338464269091
0.828226475972255
0.963425698049037
0.883462466090972
0.866902873367928
0.972131888222481
0.84952278367739
0.992379127649375
0.786701569714992
0.916700067962797
0.883046023543888
0.878895211467334
1.01089731677921
0.882476984380591
0.908606141644491
0.9078570616404
0.754885778275763
0.860285348910634
0.973785925703155
0.81219473919323
0.858472379633674
0.935713562752286
0.821228528846286
1.00663672404825
0.884700641928609
0.9246523687847
0.884530996011539
0.913132233067798
0.751744188876363
0.671031242539408
0.956698511560444
0.867181412059155
0.897217582559771
0.965209549373853
0.616549309154697
0.889129669433153
1.00361579172213
0.863282450221293
0.929589276305767
0.775732684627172
0.918719440235005
0.893850420934451
1.0366262934922
0.924769190833863
1.13019748716241
0.945515661851075
0.846312732471257
0.971928084191184
0.961479196271914
0.99197726200445
0.803469994132592
0.915636818057811
0.969888897948468
0.896735333664732
0.913241748179226
0.886016782935303
0.975488264981751
0.952261141015971
0.932598446370619
1.08496010422148
0.940720684628494
1.01064280861407
0.975766731675541
0.956822728206955
0.885205723618363
0.882410460259174
0.974390697823992
1.0824417161556
1.05210673907232
0.926358121176021
1.0439120165093
1.15615176296917
0.99001935568964
1.06742450065455
0.964235538025676
1.07323478083465
1.11298855595657
