0.0668119399641434
-1.00849181682502
-1.15692059933572
-1.0736938793332
-1.00655252241846
-0.868832184880381
-0.969692534913961
-1.20573270050576
-0.951127477023116
-0.986618331079404
-1.07367845861097
-1.04311314248786
-0.944915963963978
-0.974062971385712
-0.911909750810581
-1.02046374521903
-0.966847008680961
-0.961616228883549
-0.988108089545236
-1.03734939833662
-1.0676264861333
-0.922856229182016
-0.982927805885608
-0.81113637418512
-0.941132751624135
-0.962752442797623
-0.856354786525519
-0.989858129275796
-0.956942760186645
-0.951575580420394
-0.883452161989735
-0.82439241468624
-0.956018511089798
-1.01238661476852
-0.901023318080575
-0.939775844222711
-1.06891385877839
-0.851400079633948
-0.834675288113163
-0.841856631478641
-0.948002066592637
-0.917920398688434
-0.962402978805854
-0.771907072996619
-1.05660472113904
-0.895678418443212
-0.900524022373494
-1.03129880234232
-0.801729474020161
-0.886314774094496
-0.88734650944633
-0.868351735414338
-0.828567947929887
-0.925109238562256
-0.904467197061434
-0.937940874566561
-0.816119181315468
-0.791111417317817
-0.850530936899792
-1.00081786905932
-0.797064343097075
-0.839270066206023
-0.84047122033557
-0.897317449023675
-0.762019948660406
-0.881578521433366
-0.898093322504636
-0.828296429016391
-0.781150872400436
-0.814057720694111
-0.719496348665922
-0.915032530674204
-0.811756467127237
-0.974575208623771
-0.740315391206481
-0.821381370121301
-0.768501877091621
-0.900638697622816
-0.764457539195135
-0.851562936383434
-0.782363846789341
-0.776346717918192
-1.03832408402233
-0.94167100156005
-0.821332680268195
-0.811489710701071
-0.757256944127663
-0.670134335234728
-0.811741960247699
-0.924436502055375
-0.82740031135711
-0.992871490593519
-0.965777309023634
-0.770167323396843
-0.752365630893809
-0.741922247246146
-0.757378213121261
-0.814144486770248
-0.832007725347492
-0.779878849600682
-0.796386643912222
-0.80866383737786
-1.02507662308524
-0.774520543488424
-0.793544592921949
-0.678170459100404
-0.7156849838055
-0.785738419020385
-0.738609948307927
-0.724616102043276
-0.85543979068924
-0.704678060565847
-0.829345209135824
-0.769964862529615
-0.531489638307015
-0.762346220250858
-0.827664214022886
-0.736286274720205
-0.751407559480817
-0.65103494404503
-0.801646208694903
-0.804859095573099
-0.718436990590767
-0.697139335797828
-0.847036191076074
-0.654445055723967
-0.85268159083428
-0.795133393739308
-0.711079945773163
-0.768043077608787
-0.754601169976831
-0.913373516492252
-0.879557541199387
-0.670206911707316
-0.872444973399568
-0.721750386765471
-0.823252472779717
-0.880037799987726
-0.561355099418512
-0.779895458492756
-0.68408606988815
-0.75076162844419
-0.724760293881298
-0.817442765582453
-0.7704341563601
-0.60261333151519
-0.790050254696913
-0.576801438805756
-0.651397188959808
-0.710814947063339
-0.703886829944085
-0.673008449492856
-0.711227645036658
-0.770116194614496
-0.664822332691736
-0.692862180287964
-0.690655347236853
-0.64809014630788
-0.751874555756525
-0.804030907147977
-0.635300391354716
-0.752212093788949
-0.6952516171285
-0.668275287107888
-0.638643690162729
-0.761374589602464
-0.679335838783741
-0.648952393326227
-0.775090500428286
-0.550000337832787
-0.617020565829912
-0.625373732085334
-0.701546950305995
-0.64389336486062
-0.590321959286092
-0.633469748233613
-0.772221569641301
-0.660729789281419
-0.642716074771452
-0.565551095612578
-0.508990468700176
-0.58565466020798
-0.642642036803304
-0.626539226448715
-0.554800822333326
-0.516871077132408
-0.749405535842551
-0.622483984282862
-0.599750414632376
-0.639468611606195
-0.551387018176963
-0.589714128047157
-0.506775516279066
-0.58900773110354
-0.637429319158442
-0.685459195292254
-0.719356850614681
-0.720057089536273
-0.684865235114521
-0.548552241869029
-0.717574566608958
-0.669335711860802
-0.647494096410044
-0.766546769803034
-0.629122922260979
-0.55098283124657
-0.696571308580048
-0.612658238719244
-0.529946361876657
-0.608073555710426
-0.632801598864799
-0.587602708663433
-0.544792101136704
-0.693316401671454
-0.719146226278203
-0.571148365215152
-0.604016002661187
-0.562198747450787
-0.55956721590646
-0.554199014119415
-0.744419691863426
-0.611022835781485
-0.648653922726307
-0.605341191368214
-0.60389819597523
-0.619795042959493
-0.503461718659702
-0.604741380514264
-0.524701542703942
-0.671852332492292
-0.523566314830402
-0.421300725842222
-0.59755165522226
-0.386190437121929
-0.66608162564549
-0.490625333133797
-0.603442467830213
-0.546504420716969
-0.532779694167596
-0.545272139934179
-0.471281794958753
-0.527991271867544
-0.575397408211503
-0.421644037876148
-0.463406654722694
-0.692306833988023
-0.59129366165344
-0.508480443851801
-0.546616082266799
-0.548957140412354
-0.677450351326054
-0.631299530590348
-0.556004344519078
-0.442709829483031
-0.680120339144593
-0.450103111805797
-0.574984373694927
-0.466381800264427
-0.596487171803493
-0.386576580500754
-0.535319995598133
-0.544490809581399
-0.482806237012297
-0.530444041571202
-0.460745303766835
-0.453995086800685
-0.487514202732557
-0.455694190469105
-0.366309259963098
-0.292862858322134
-0.379101315114603
-0.471567024359801
-0.551597039732319
-0.412274870085848
-0.518198509795875
-0.409386516144065
-0.375281801780935
-0.497569350631694
-0.206128297487144
-0.496152360081296
-0.459069474783629
-0.444651287178449
-0.429245627026755
-0.457642482004271
-0.386933106731643
-0.414037145713884
-0.274482979282679
-0.405778513718099
-0.418962557126638
-0.538757810506615
-0.386695436829362
-0.285489425502892
-0.271289286074625
-0.278439477087305
-0.391065497075079
-0.415944003014746
-0.368458797120501
-0.441776399577266
-0.394021746038723
-0.2456872039893
-0.358713700530597
-0.508269474238244
-0.461376020798983
-0.300393609479434
-0.530285707139451
-0.297603934551442
-0.388477601705729
-0.285306394703968
-0.428251907320297
-0.369345995169413
-0.309192252607993
-0.30424205368689
-0.32256538802475
-0.403553379491047
-0.449912871082907
-0.347435378121237
-0.39564919929321
-0.273082366161969
-0.448207475261629
-0.45736650631591
-0.452908445798077
-0.37625990656527
-0.420591743196131
-0.467789724727521
-0.37731231430246
-0.537583609830332
-0.42368013804927
-0.319571382861236
-0.286854852830035
-0.429989810932606
-0.312002104564014
-0.406227061239966
-0.263694298170283
-0.313775622706981
-0.351473796935194
-0.217876525269535
-0.440927805833175
-0.277862688433388
-0.285770512211773
-0.20165905693493
-0.21665524943106
-0.325418846307207
-0.407570272416979
-0.269985864273261
-0.189424890957547
-0.133898966361491
-0.260635970228108
-0.171615559354866
-0.412581677506836
-0.278917310759539
-0.281172083817959
-0.223640261732556
-0.29968520449334
-0.48128630037376
-0.318308344102202
-0.383405738779952
-0.249014423113859
-0.226520627784991
-0.265127742948924
-0.202625554033746
-0.36528520955043
-0.209373487471933
-0.305461855797003
-0.242861026531537
-0.277293612548819
-0.338237832081038
-0.234803343364464
-0.274938972372624
-0.222189862859992
-0.379958693364337
-0.258934663705418
-0.316472722532971
-0.319984435877921
-0.245218008747325
-0.287668174105908
-0.175121455195899
-0.351035468717259
-0.165459021051848
-0.200376199721228
-0.239990306548488
-0.249659808097652
-0.192997200723288
-0.0914502733991706
-0.209923910181956
-0.281241295357729
-0.298325751887185
-0.264468368562665
-0.124759567902101
-0.242623996765227
-0.180262630745402
-0.126028517355916
-0.292439773952192
-0.143893921378506
-0.300245488123025
-0.285761855792965
-0.281014154287401
-0.145541626988925
-0.169711801618245
-0.153400808368134
-0.162768854193259
-0.0855820578076913
-0.258416006549364
-0.327242172932651
-0.0706037488097069
-0.202230270826451
-0.173651820880744
-0.228274373212122
-0.197074468106499
-0.313119233428914
-0.235950657742124
-0.095225334057896
-0.300409091673122
-0.108656499576933
-0.286046252448796
-0.321167310652944
-0.292941959349177
-0.117861244205676
-0.256820223501185
-0.00855836769852305
0.039402977465845
-0.193389713004767
-0.0627326711936508
-0.119488413652315
-0.106287931988276
-0.260379284394594
-0.0998369051137324
-0.197172575659709
-0.0814626044058491
-0.000855276706431762
-0.30220413141115
-0.0207552286102494
-0.0945539542600635
-0.197811677536044
-0.0781932040422434
-0.143637353160018
-0.0531189510812752
-0.0285450296331248
-0.116401055344781
-0.024886592702342
-0.176027087308514
-0.206214192935994
-0.0317692342179282
-0.0796216986801213
-0.122884195557981
-0.0751331083486075
-0.199094254612874
-0.0820067605937162
-0.097186060690202
-0.197834190625877
-0.091418731418819
-0.0627616554045286
0.0678923163500657
-0.0931682600822102
-0.131846159823267
-0.152784427809933
-0.0514600648981722
0.0559450602795888
-0.0648165200920428
-0.109872488858557
-0.201222810894199
-0.173245151604244
0.0619747880158213
-0.149988072092192
-0.117676252642289
0.0284510884634231
0.0360828268136761
-0.106088573893101
-0.0180751018967823
-0.112562760937609
-0.0827608872316267
0.0201728976264017
-0.00740135638119768
-0.0222881420862295
0.084074809813291
0.0869962776311887
-0.180437538790417
0.0267956687041395
0.0775037031097401
0.076471073809171
-0.0317579053466854
0.0450455596890373
0.00280522390121989
-0.143375340605673
-0.0721729799800743
-0.0936456234073708
-0.0327745908291342
-0.0163212373779177
0.0657724616052802
-0.0212058774628264
-0.102143628710467
-0.0852972662590128
0.114491024604567
-0.0827593288182002
-0.151277232281596
0.0250573463439352
0.0278535330367434
-0.109608550005714
-0.0150399138183027
-0.117265886519949
-0.0668613979280522
0.0759367557302044
-0.0675240413973539
-0.0628103234198761
0.00544827913005425
-0.0107649399978616
-0.120033059059404
0.0275698445505493
-0.0133809626514914
-0.0622110029566073
-0.0324284977421859
0.15356447868803
-0.0570830717961831
0.218640393517911
0.0903535448751107
-0.105161207320059
-0.0516440428233946
0.0326373578470216
-0.00947476180969255
0.0275895508084131
0.000523730364945795
0.137154221056506
0.152032568653442
0.0234887107532508
0.0239074258544617
0.0561907890824752
0.16715918595504
0.0345101597231838
0.0641744785895133
0.0784350351768913
-0.0547383932459301
-0.0505536665990142
0.10747319549246
0.138740438767372
0.0237035187746445
0.0471137860684351
0.063107393627835
0.126107620088153
0.00154528704553149
0.00916899305213948
0.107593404565764
-0.119118947466331
0.0939584520465513
0.0336750046888279
0.110139915600296
0.110246646798401
0.170935498220732
0.176846340335165
0.0178327027464445
0.0784456423343192
0.170087458305744
0.207162473666142
0.0286988745291476
0.231858535808556
0.0301410524417506
-0.0148179531098552
0.329808890804046
0.237086397500265
0.0931789116659343
0.181701082926001
-0.0851811273070934
0.0703654638610075
0.0406949548313707
0.184517440653948
0.172104287053729
0.00512503061520285
0.27679908328605
0.0226306879007707
0.135136840354553
0.188978505221895
0.141700620522713
0.07172313855088
0.13458938375999
0.272653228788906
0.105473232490061
0.197035104698433
0.234229668435171
-0.00409168580338301
-0.024555010398832
0.101371660215719
0.0855716152261726
0.339227991220303
0.047606481802986
0.185029026009053
0.127703202529344
0.13880174411109
0.170893730004757
-0.0134257582898188
0.189909718094344
0.190589869902913
0.209455505756211
0.179221070821612
0.131967959036972
0.167579570258663
0.250161064744428
0.142025535742472
0.191842950554149
0.477273996397613
0.149731247469566
0.120205703088804
0.115965227805688
0.263995142615514
0.29893664638947
0.0438972072498485
0.160208304755451
0.113004610110867
0.186918670526581
0.18861105005555
0.26099769121336
0.170085051635825
0.0899147770514094
0.15851471082648
0.28164411175238
0.255175398069168
0.324110839203969
0.26368070481593
0.265921345804939
0.310985920399143
0.296937131750885
0.117903152697628
0.196196857505779
0.164473581310126
0.318256534558119
0.302064408260912
0.284393920130319
0.404052233278729
0.182322258217223
0.182784801694868
0.241002369166805
0.228220696212675
0.185111889419288
0.276176902754348
0.235899479101998
0.382237706784815
0.268562735793301
0.172040371877094
0.222183428693939
0.226157455342839
0.245084130667926
0.189806046536752
0.314939399478395
0.200025230501226
0.184993714436263
0.295039992126342
0.315392971729543
0.24034414025321
0.235661569882096
0.410504051600529
0.388080199660502
0.319284790059207
0.336547877541306
0.370185764705714
0.237906869112024
0.486039743398002
0.328251312186764
0.234772707722222
0.362661763002319
0.330327116770151
0.36713904212237
0.403620525350331
0.391346695560892
0.367337439113349
0.166726425199819
0.309899752872121
0.342053987550211
0.316998376372712
0.210202406282512
0.359123017797292
0.408885913895589
0.33009264939051
0.374386060009499
0.32949517467513
0.425823400215067
0.387695947933211
0.298281032364129
0.332965602456797
0.440450266310099
0.512219451456368
0.366220899983321
0.257440580660456
0.400130123465998
0.318695844811201
0.255702107438665
0.406293232021211
0.29682290777215
0.339660467114904
0.428009797392832
0.36470478793008
0.243329352794418
0.416313420153569
0.304879468416585
0.343517565727194
0.242263692639395
0.391861276216882
0.425797514355386
0.393817132556661
0.399824312302626
0.43507600300483
0.388479186329255
0.382049390947378
0.398114968443776
0.388921752015399
0.383460402497238
0.377266108449608
0.455214080221694
0.297982520189626
0.427301690862296
0.347816184743809
0.479565350349672
0.563502656076798
0.513161905747784
0.441269875253974
0.461985503472834
0.507819209561563
0.413739058011995
0.481910796392611
0.487962193299751
0.463559909661601
0.435601407944795
0.375202161669168
0.46421194242537
0.438889399446948
0.338088148971852
0.437950392340412
0.447022980116566
0.465712949491936
0.618892135134634
0.323620098165551
0.361382129463578
0.427386393590153
0.392527761590081
0.560294044825918
0.491422195651314
0.470020869326394
0.489591938209858
0.453626471224849
0.231571719718702
0.396102095987952
0.503344953507533
0.557997247068679
0.408929201315638
0.479545578044218
0.635600437468458
0.475019228470229
0.611338158818288
0.488682008984388
0.536283903654514
0.612946801288141
0.433493427926516
0.422098420719702
0.318057598670392
0.525796704650822
0.438348721502483
0.514967208388639
0.462912322050669
0.419956516520489
0.476544297610993
0.504044551327591
0.394472233326708
0.544010436897067
0.621494956578224
0.598633859688389
0.472376642970856
0.515422761209672
0.36965416729354
0.39534730233181
0.551415516857414
0.528416277941916
0.594791074289689
0.579868904069749
0.655976426597156
0.445296460550529
0.306903359317176
0.556803053207877
0.648168090314093
0.571721385910202
0.514828022139867
0.576176704870416
0.586889892076289
0.522618231313812
0.672976573583507
0.738963214711946
0.502537622378537
0.725473204221093
0.448902137861071
0.655518559967713
0.58024510308953
0.662959865607634
0.616730782613523
0.585040496063514
0.72554631174486
0.619180474578874
0.737734147842355
0.541365824238275
0.713744027943203
0.51180809277976
0.7740449702849
0.636710068338898
0.551413789907338
0.6583388769959
0.564184815380459
0.586856394267179
0.634812771216133
0.592458789010237
0.555603678301454
0.612599946670576
0.508292625284636
0.610601264072502
0.571492534838473
0.612305718662507
0.527638252084527
0.782809077783792
0.670273724803474
0.694945295231684
0.719078662932841
0.464025605502562
0.493806442748064
0.48547071256061
0.620116601347804
0.648073114644042
0.545816062406426
0.622550944859759
0.583899759717206
0.727973593181567
0.597700034936247
0.571115836483845
0.670694913263674
0.600435202772254
0.613668829114289
0.815922994304921
0.563311740996195
0.684697944695973
0.756426829513184
0.746226481140896
0.641722656290764
0.489018757912429
0.727149139522291
0.627909525681652
0.621212393972622
0.88644337000808
0.729615901902977
0.833966775778829
0.718312044833978
0.681129638210453
0.632968428676139
0.724697059987086
0.682993587989058
0.7227269378062
0.626547128045983
0.768064930107558
0.772816510680074
0.545156929638789
0.702749111001466
0.817054177437157
0.717307030109709
0.745931824093892
0.577044729339882
0.709744387515058
0.623969355717344
0.694584237997209
0.705825320699782
0.814767067556507
0.673754977877546
0.739088768346238
0.840999888150759
0.755842593992267
0.678890658935639
0.689285747085227
0.80671465073563
0.643848161877471
0.638511892796864
0.704089308208594
0.571973833216847
0.623140604055667
0.570478923561308
0.875630035484019
0.807292436364969
0.79416476844052
0.840295377555986
0.643709516674248
0.674948152040058
0.744057285570498
0.962746559952124
0.792394463380131
0.910054125802269
0.790041598265166
0.721959274345432
0.778046810169851
0.743265991858556
0.742235439496337
0.74368956217738
0.743523856624679
0.829653178045334
0.650364427772419
0.787405822306954
0.84482011527328
0.731734849056918
0.922748126878467
0.723232278173582
0.829566895821414
0.877954611319943
0.866840193514631
0.79716687944781
0.830860680059986
0.858297467480132
0.902904421617587
0.708465392003061
0.725324922187527
0.766995661922724
0.98330302158821
0.860172564737805
0.945716599860041
0.877689978519648
0.881169041614487
0.793459711559005
0.838731950581484
0.836232521245233
0.69110669697533
0.928530147472273
0.852922798157762
0.784453617568868
0.853443981760311
0.815639210794033
0.922466448926001
0.86151455682059
0.878885422914803
0.800935054705696
0.725987178543331
0.9278711967695
0.865454893785047
0.958116906387535
0.888892856112662
0.873545351959706
0.696272416303876
0.876624285908893
1.01760025059768
0.847619301141546
1.045672371296
0.953122544122011
0.960450001792262
0.898551222268704
0.768108903437765
0.835589908279323
0.879293684970039
0.979708194332156
0.992410381150741
0.891153929728903
0.888635645652783
0.937581076692274
0.832097365022311
0.953256270214585
0.821775295306038
0.865865838161669
0.891851200392363
0.945100058000613
1.0673432807404
0.820844304460625
0.723001376801226
1.09559421025914
1.05560892513065
0.900427322505933
0.890405562316169
1.07793832532177
0.970861489053416
0.909526948655426
0.887919562716699
0.989340269694512
0.941452992437964
0.860478188304132
0.950785090980345
1.06780388694461
0.958761520783515
0.96083990189345
0.890226666939126
0.861450675607545
0.903892140426338
0.965976092066404
0.872464921612429
0.87877614658687
1.0116258020608
0.983033822351051
0.869271295888968
0.909662698872167
0.891172765178048
1.09882736708829
0.968567014763593
0.926286599261528
0.920618516805215
0.965837715940451
0.92516757170805
0.957744155968394
1.10693077719973
1.0309174826788
0.879838306783649
0.906859591813981
1.0270151776127
0.982637975270965
0.988006978123678
0.798856857695952
0.957075611408475
0.944519619338326
0.920663739552866
