-0.075493834308023
-1.03977462119676
-0.884068350052446
-0.814650516807038
-0.889967113246417
-1.12933724212321
-0.901411030811102
-0.971266798400894
-1.09099594892136
-1.05556814589328
-0.963368761626149
-0.975813872754315
-1.12175283199384
-0.922489997338297
-0.95258730307702
-0.977611557531266
-1.03264722572195
-0.90923456241559
-0.967606823921261
-0.902447188627072
-1.00683478077011
-1.11923914645939
-0.959629047216703
-0.876791657932824
-1.0295953064682
-0.914647994416777
-1.00990098860768
-0.915676871571307
-0.82037801448113
-0.867886258808397
-0.945305845385688
-1.02099043345772
-0.972242753783387
-0.928427778161593
-0.923972319034235
-0.968344444375408
-1.04213988289223
-0.933507018940687
-1.01685504002967
-0.911135238419328
-0.933751545980678
-0.987934259016821
-0.870430275224503
-0.990886541773831
-0.905306761630331
-0.832242377285689
-0.938735534252064
-0.932791966972328
-1.00736105382254
-0.892743209396073
-0.865803376710028
-1.00356094129352
-0.909729116676984
-0.920689626588149
-0.905605435370918
-0.879830087661617
-0.819380386102046
-0.97251214159927
-0.792974547385846
-0.993430038883149
-0.843493179430173
-0.846590516625942
-0.813541390415453
-0.973751141807773
-0.837770955565439
-0.853607803314398
-0.888152272871904
-0.789855044261449
-0.931746586504885
-0.762128677152398
-0.805814788934156
-0.802755022196541
-0.789456897325455
-0.904338091252041
-0.853459642372963
-0.844532539942314
-0.874420536280839
-0.900060754594267
-0.829286742907833
-0.770644695155779
-0.796327691062202
-0.804347053183072
-1.10271378318676
-0.802076785692235
-0.695513217684084
-0.970863882362168
-0.663015941127697
-0.722203521793234
-0.846592389898613
-0.764187009078578
-0.904173847360656
-0.797251515496882
-0.828804977305494
-0.874705315823995
-0.724143059912516
-0.81187369205153
-0.821578576743386
-0.843844432513236
-1.02453870713151
-0.828280805487838
-0.806889996994091
-0.89999719620895
-0.994751694200139
-0.668019164969652
-0.678659385107953
-0.77544699460603
-0.812315908588101
-0.748303002605407
-0.889832222713451
-0.752709992774431
-0.747736429624514
-0.896572591827828
-0.718147248201078
-0.889931592340963
-0.789349278711074
-0.835104706933804
-0.886245372562662
-0.684696216491235
-0.780470310686809
-0.683889125779489
-0.796957655462746
-0.864942730168714
-0.797027479484047
-0.648157004113804
-0.662193492613801
-0.78720600504704
-0.660266372328482
-0.691916763049674
-0.773200461684379
-0.854614897932455
-0.644902015440536
-0.828670016982929
-0.74112112750686
-0.688750769024181
-0.704644052098353
-0.649055944228526
-0.633095517603573
-0.808095654812449
-0.700058040455703
-0.789300946939455
-0.684540505209761
-0.748423456766094
-0.744515010495118
-0.732561867679662
-0.693176965749463
-0.810802461396663
-0.531222553712726
-0.743764690324202
-0.714387927532383
-0.759929659008449
-0.582001684550798
-0.607777650718172
-0.728106306811166
-0.699359739108055
-0.671682028076854
-0.752331341453299
-0.552710279678089
-0.67052193836485
-0.585782192948828
-0.776992527640271
-0.580250668675273
-0.79692554313958
-0.662648818972014
-0.65456533555418
-0.712513743768685
-0.741743042318668
-0.594621381672339
-0.647607934111837
-0.617987024578944
-0.556357361506027
-0.720876044628019
-0.682310647224191
-0.567311366635774
-0.61159068114274
-0.763914426690887
-0.434601592241828
-0.611510058179002
-0.717699015819487
-0.664232405134187
-0.638132726998373
-0.647211345968718
-0.546597356407639
-0.473344761274882
-0.502394313020734
-0.626985748495116
-0.560551614800424
-0.725601005880058
-0.622148020185255
-0.498534641914463
-0.589846142470224
-0.655947018166518
-0.561512129659832
-0.628226705615774
-0.590430685375229
-0.634348925847663
-0.548963095001751
-0.679561126023703
-0.619309754429187
-0.687810308207023
-0.604093380881184
-0.498248172230813
-0.469039768755162
-0.599310781379544
-0.412534396206722
-0.671505831767566
-0.649940227182192
-0.620455811166772
-0.55419880315235
-0.490999239747171
-0.612128744404014
-0.681676492518861
-0.445764986235909
-0.648493924790338
-0.591911755612903
-0.687033209855254
-0.61869232187789
-0.524604017069887
-0.689930164456217
-0.562047485726767
-0.421052459972619
-0.523777916954747
-0.595898510447192
-0.537916112479893
-0.483094673236958
-0.533498977229764
-0.557433968795011
-0.519598944931575
-0.656981500825191
-0.65681037239673
-0.391064328412634
-0.617153977359302
-0.632536842807344
-0.634613502698456
-0.64441517967532
-0.70852433141892
-0.478270599508687
-0.534754988013426
-0.435567223227707
-0.437491040514307
-0.471111630646112
-0.450412692594374
-0.388761145749396
-0.398460871807217
-0.800031023051198
-0.710682230332036
-0.572057782442543
-0.344853699313055
-0.571334741004315
-0.506454949375487
-0.372753763049098
-0.624993202253483
-0.504151988161079
-0.466908521878383
-0.444575928738124
-0.484153661635543
-0.571545585712171
-0.451997197012709
-0.485121117040247
-0.532896904795157
-0.347681190598653
-0.29178788850412
-0.390260884736004
-0.340335539255366
-0.344017935389557
-0.416044860525365
-0.519594826903812
-0.610259949158553
-0.509401519727274
-0.479882384200474
-0.555420329795281
-0.492098053108563
-0.343782623387664
-0.502373563848689
-0.367618693734982
-0.462582294296174
-0.525124666489853
-0.376424305344178
-0.486596968999184
-0.352422818246011
-0.452729711755337
-0.352904517763709
-0.490366788416638
-0.577416129154002
-0.414040046968204
-0.557084404685364
-0.476807242161242
-0.279562068024937
-0.48542757921336
-0.457469082349685
-0.360998134800786
-0.64256770676298
-0.326077605174177
-0.507598385340203
-0.444507957745353
-0.444235468448607
-0.578249356711286
-0.459121050405566
-0.604176050815185
-0.396287334640891
-0.456325806064136
-0.307056909695079
-0.359223991835857
-0.408742100842169
-0.347862226637169
-0.493634080596652
-0.389023415111185
-0.373647306145167
-0.31327610332973
-0.422142878979721
-0.354923075407845
-0.550260664244856
-0.282948216430761
-0.238964027753077
-0.442715649494747
-0.456027112875562
-0.513671480359704
-0.516140269025969
-0.310765535615384
-0.416221824863203
-0.191120074820311
-0.249033929068952
-0.444284340037596
-0.357270104200821
-0.397996396310455
-0.361421327441828
-0.360132330555442
-0.283465640079983
-0.35430722902642
-0.398284422482708
-0.311094368240226
-0.341277289376775
-0.445186748078218
-0.378420408751269
-0.23060961950834
-0.401779991365369
-0.287614069892313
-0.195994553983805
-0.492183089168882
-0.227940678818627
-0.330051180797895
-0.174399371172038
-0.206234485722224
-0.142061225517042
-0.381467271836874
-0.176900817362684
-0.279116979784959
-0.323726295392891
-0.302320880896826
-0.367570886461054
-0.289781288829836
-0.262390581818435
-0.285336408299648
-0.341402516033952
-0.289432995322171
-0.271655349834995
-0.23207522607394
-0.39498347024861
-0.165750087295261
-0.242132386793254
-0.337086095986746
-0.264703582804907
-0.360283047612121
-0.25937851126574
-0.392453731951814
-0.260349995279751
-0.115688051904472
-0.22541262621689
-0.340962797376723
-0.156847543687287
-0.168678952763247
-0.314259667844713
-0.110028828790818
-0.308969995983948
-0.103923975312009
-0.161999816966507
-0.306163563675996
-0.230858764189325
-0.329786309795271
-0.19210377942545
-0.156084747099226
-0.311361001687481
-0.211752081959105
-0.396737934867279
-0.14484508334706
-0.384512712187029
-0.193370538874174
-0.176576377960631
-0.26238449072348
-0.308231667784373
-0.275099718767395
-0.224956778388218
-0.146266621239733
-0.167739872540069
-0.22625868823039
-0.261843360832962
-0.209896265338444
-0.279871266806651
-0.225881619134942
-0.141893985562406
-0.208192734922281
-0.309758979923176
-0.0247293631870859
-0.231984588841348
-0.294616260840113
-0.0955646880618827
-0.15989356351071
-0.146835352682976
-0.150052688823462
-0.270691622009963
-0.101834381065107
-0.16560665112521
-0.16346283511518
-0.308615993860992
-0.172517145349803
-0.0606081243369241
-0.301590670692843
-0.0670474408990366
-0.109734704177756
-0.124216497191628
-0.338504571655398
-0.146141852088753
0.0315166501624179
-0.0878640701896718
-0.302190176895065
-0.151391861771911
-0.207083447810478
-0.161523610201427
-0.170263814429573
-0.206551661717159
-0.0676871841735246
-0.107839648553345
-0.196925707579103
0.0141444611617024
-0.177212241855254
-0.0671112152899564
-0.178355395857694
-0.191793698872231
-0.0440616830059108
-0.166558914376341
-0.191981762731663
0.0121196665274395
-0.139668366690748
-0.135271757512206
-0.0621012006442339
-0.160940930308684
-0.160805266710836
-0.0966657005081987
-0.240121966910843
-0.215445939762394
-0.0612698717309429
-0.178704356034051
-0.175971118171045
-0.171907170132874
-0.0532718820925387
-0.143017251951623
0.0133934489357328
-0.0386330630739772
-0.0816060040951552
-0.0591386828456162
-0.080986006509191
-0.0568030384766432
-0.284494504749558
-0.156095833116108
-0.160473968592425
-0.00926010533694136
-0.0437615796291354
-0.105600982851108
-0.0398065837763138
0.0422697142660654
-0.0290479665706255
-0.12296923491912
-0.0300806030715099
-0.155580382457665
-0.0022964939499203
-0.0445531724107141
-0.056760963873297
-0.0740711301214311
0.0165616049867053
-0.111142750677931
-0.0494989787130973
-0.151064110664132
-0.0241247558904488
0.0675245850359849
-0.00868132655126931
0.0208089743147995
0.192502201825966
-0.121765510296883
0.0117674593087161
-0.0171563980805772
0.0052420377308271
-0.0937377709097339
-0.107055935407498
0.0581095494845345
0.0854872739334305
-0.117647421539962
-0.00364747422094742
-0.0840472081638021
-0.0275794812171809
0.0878026724444201
-0.0538751691815047
0.0249750982758533
0.00900345390195885
-0.0439557694664537
0.00177268688445457
-0.0521333535839193
0.105324470241398
0.0554219830363285
0.0140303184453277
0.00609778850021548
0.0704383579909308
-0.130529757085418
0.223813562151514
0.173429991825571
-0.0215004978915656
0.0197559991644794
0.0328064448874227
-0.0546428392229878
-0.0351778026396179
-0.0442576024471488
0.00255237244467276
0.0244430110569542
-0.00567398144313514
0.0431147371339762
-0.0693575829778143
-0.00351661093609508
-0.0126898739521342
-0.107569058276789
-0.0746994531486863
0.0646563890137167
-0.0243386169417637
-0.004710613332366
0.176059284277609
0.165906059763729
0.141259190806248
0.0941502830889498
0.0797790679273558
0.10744956441625
-0.113887000977821
-0.0612188823328306
0.156008492329562
0.0820561169879987
0.0838426766324014
0.112041923396551
0.0625422026781796
0.159060094613096
0.144077416521684
0.255368546559048
0.0158412800412813
0.161682030917465
0.0946612119713923
0.136589495578068
-0.0441625090317719
0.27085857917377
0.067475535398996
0.202519484132672
0.17924228485942
0.176589931334888
0.111425071617716
0.179717622070395
0.299805485556016
0.0282598912751528
0.0697466617251501
0.186869759211912
0.0953242957708492
0.0334588830570107
0.10403193696436
-0.0202828591271375
0.0742697733382812
0.177534995945252
0.05446055758588
0.193889590762909
0.207203644744627
0.0841981200128207
0.0492253389781563
-0.0443378757185118
0.103443543945713
0.195820210569786
-0.0135050109966967
0.0848454998328693
0.215918325108261
0.143350304028939
0.181165654719692
0.298782584958739
0.263744742116431
0.388948684884572
0.0168847376146569
0.215013482578769
0.0846327294224095
0.156133659051473
0.171433790055102
0.226702884576657
0.166869412708699
0.0618517230252523
0.160140538938278
0.191192654517445
0.174616897188749
0.147627672833055
0.194251907471834
0.209604189171893
0.254986444775629
0.079830385605248
0.296948522864365
0.0873714101686025
0.245831244498473
0.271428490457691
0.296280968346859
0.111596993236682
0.387167978389902
0.114494981014738
0.275568407301013
0.214279642072929
0.0910318719870334
0.102252301862981
0.227346082786833
0.1316079746195
0.204635382015113
0.283722510489796
0.255990303097721
0.323020607505585
0.242649673158964
0.287811752950934
0.321862953821743
0.276220564466374
0.172755255845788
0.295297992264534
0.175006019853882
0.294490437322399
0.269782468104144
0.137015898958326
0.122941281205012
0.126874901067089
0.267873818420132
0.12714846217952
0.376115959815985
0.252683969085304
0.254749202103304
0.1929966479835
0.306556684048693
0.320304174591433
0.390230261068763
0.210379498802662
0.294802539827692
0.208484395742302
0.236238555962594
0.477173308675093
0.419777539626143
0.389990153507469
0.216987631102509
0.330594305933424
0.297414874356913
0.333257661211921
0.260984009350067
0.360577530843946
0.27316591850949
0.326364900351336
0.393456468784634
0.208172737710867
0.403951202200798
0.375014228663152
0.255816053050123
0.103864822127128
0.287750548853812
0.356982024289086
0.319537536874588
0.355846642425738
0.427785215408717
0.355862968459144
0.2630818591911
0.339257981093739
0.333322856392205
0.299985729288828
0.247629923096626
0.277564326765906
0.307845236141535
0.508801354398011
0.207158321218542
0.250528374447492
0.349346248724577
0.26051578069457
0.361836584124059
0.376998848150871
0.270123582971185
0.350298335651823
0.330651798680214
0.308136785898181
0.379014480317517
0.381844966152425
0.436203548214153
0.342712741533286
0.496220035678157
0.38119171655513
0.323003472296474
0.381339127363713
0.450268245252074
0.336604401244617
0.440333797353971
0.399591594240489
0.437983465398921
0.268427301245415
0.291062095878812
0.349088856267996
0.444770423422321
0.540397497889598
0.301565288484908
0.331461177693623
0.287522720798889
0.449598128192613
0.392320532426338
0.361296935547099
0.463608627764271
0.44006513960222
0.388161936375212
0.343141343619253
0.428290083069769
0.323423967588233
0.306808100200352
0.335462140628064
0.345938517569332
0.451976310801755
0.505727670791317
0.393359260094761
0.514505095737985
0.509799801713815
0.463091635174496
0.369952108865155
0.481113484419231
0.423359468087292
0.580542093442224
0.322640104289455
0.397236883584898
0.377982657127025
0.466844039830286
0.423491521625879
0.518216917001388
0.544887066975444
0.525049440387477
0.545275391822855
0.433939089614052
0.429550364336339
0.389633673303073
0.429247707044729
0.599916413130961
0.516604076036107
0.37045423080755
0.661975303391286
0.411509783305186
0.564345982121135
0.520210203292258
0.445064668851605
0.563771931351369
0.271281715267125
0.554694747725629
0.57999920427321
0.641386357760613
0.589744931125852
0.564203563625788
0.402065596214299
0.5247756859623
0.485804704834259
0.522238093028245
0.623368048552709
0.430569469798253
0.534284431051612
0.45498379283493
0.574546055685988
0.558510462063269
0.555719981865848
0.488778953245934
0.604525813632303
0.569660204776485
0.555877561608761
0.558137323016412
0.565695821702019
0.40232530015719
0.506833604430366
0.603707315583032
0.48611659684963
0.571669686754779
0.628509292841904
0.63124311290732
0.568581425572104
0.573688184759272
0.69167167543192
0.675569004696557
0.554792702675661
0.63219057683931
0.586056912332921
0.544098695241247
0.638679944790246
0.543965165081326
0.520510230011934
0.560987287208356
0.513651819855931
0.711230044862068
0.689950436071517
0.507784738190287
0.398662722033352
0.552887650919479
0.679642213806478
0.516338076306771
0.594392563714037
0.750636796839513
0.613897871055759
0.388578327801593
0.527838262885899
0.658920252931985
0.442666754013259
0.634783094803223
0.539298249107873
0.677302131858639
0.648167182887269
0.659250267556129
0.633611217703414
0.608585913390699
0.619553342139587
0.508343129943237
0.596842246495185
0.747089122243939
0.540418328978373
0.602547678674551
0.698096935880216
0.797757342260651
0.670381859569787
0.685948666402003
0.641345216756282
0.773902643357708
0.602758027787209
0.70026380148817
0.558876752965779
0.611661441100634
0.682417202262214
0.721907744921878
0.696073449072371
0.672322746775694
0.535022760803618
0.66627692238642
0.580208199361929
0.669325983321505
0.614571790010961
0.673962074354206
0.64052250591848
0.668373031913295
0.684637058469864
0.629024300667285
0.643202931454799
0.65766944065805
0.744668723284586
0.734021551687041
0.677579239487417
0.670026286679227
0.762215314907232
0.622292014773025
0.599973173723934
0.553480270695379
0.607491423875682
0.798829037408705
0.737081587737643
0.692390590532979
0.865622958896719
0.68773467341357
0.701904142940888
0.679195400601753
0.699656851103914
0.711243329014997
0.611965472477541
0.937209875235599
0.745175936689814
0.676770765899497
0.7256306800642
0.713868663414269
0.89235160912208
0.803712141200417
0.628071839478029
0.720870413285207
0.793437731128434
0.741273027315797
0.861887301760165
0.687270263483015
0.574305353409047
0.656567643260601
0.689233487359858
0.760896865104143
0.801489276280729
0.766272261875582
0.746343781729126
0.713121490241389
0.814094989053419
0.829619135451204
0.786354303675982
0.70852689702516
0.916752464249171
0.771787328263636
0.961482380398488
0.668474600099602
0.752271369570509
0.801272723700834
0.883076133887289
0.873812017059611
0.632930193179578
0.767755055694868
0.981811638494528
0.778014386121683
0.743432535815477
0.999488172689309
0.755178989420294
0.918777676442004
0.905954095458049
0.784486636518081
0.812105440470796
0.719836148101402
0.717137755827133
0.701401927628567
0.768235790027868
0.876265985186616
0.801471344242816
0.920944048252841
1.05375062114841
0.798412175965463
0.845820838832029
0.821436216810527
0.996443396871037
0.96177905837484
0.778914133318018
0.873761785890995
0.858261340217739
0.633048526552134
0.870826646921399
0.989520265404641
0.802159707532667
0.84552925882199
0.955689378591433
0.981334928637101
0.874216787434583
0.809124696614232
0.912615509052281
0.857620394446832
0.939657841804615
0.775885482874342
0.980660718507064
1.00185411767859
0.83882964094089
0.744500753293352
0.9106270596903
0.936314730337329
0.864232170737759
0.754844030312675
0.857668997478604
0.856412948601151
0.87069006901915
0.986314526317501
0.96337822565559
0.922824920926381
0.851844139798368
1.00392447769066
0.904849118587007
0.874611618879992
0.937629163883471
0.937862403667424
0.858381491417015
0.870629092111065
1.10706054523012
1.02809361458895
0.926587679353645
0.911125925710152
0.85934300093163
1.02573556546913
1.03677092350993
0.942560525949093
1.03469339958712
1.05338887210348
0.902200794795323
0.762590630114947
1.07493863743348
0.945571971146668
0.874659540452399
0.880537541218292
0.783313617421534
0.876141939982198
0.828663717253918
0.956630711313332
0.922201191567474
0.816910015780084
0.953944650654527
0.916117871856239
0.888899003946342
0.950259028522344
1.03644175425265
0.914992973745845
1.01702095702703
0.952021775141964
0.971999474699673
1.14074483894583
1.05468391517865
1.02061363931828
0.956763387024358
1.0444755433427
1.00241901933698
1.13981114995109
1.09515079373396
1.03878469857894
0.992219198859142
