0.105031171245497
-0.885564864405352
-1.01441690002371
-0.969122121596763
-0.976743225335621
-1.00865699523333
-0.906536840234685
-0.922036941343534
-1.19684548999541
-1.04347925584515
-1.11054973640725
-0.966551587193201
-1.03343131666003
-1.03079774047037
-0.875366263132982
-0.959701661692263
-0.961429411422517
-1.00785155467632
-1.07096706094138
-0.994990234749642
-0.95896309455872
-1.03398148489411
-0.938687277368087
-0.898212679125402
-0.9956436882368
-0.908499253423352
-0.801554768234806
-0.951251594667213
-0.955696819178663
-0.820699595460921
-0.817077708326942
-1.14463358230469
-0.913082152170051
-0.835388102964206
-1.00510974156496
-0.976322428214824
-0.85162735712571
-0.869674727109316
-0.864731485375899
-0.958546718342174
-0.926796284687623
-0.948143878849123
-0.91243930312449
-0.895150776232743
-0.920075300303214
-0.867511300784212
-0.947515422659732
-0.906978269944719
-0.963314493202704
-0.901803348479568
-0.963502340701819
-0.987337146188484
-0.826366630507868
-0.904318884208537
-0.954654723526305
-0.742550886548295
-0.8874084462016
-1.05551772918138
-1.02593596837074
-0.851190010271052
-0.9937191025553
-0.983291515244128
-0.88976105091244
-0.84849919192205
-0.825916656361505
-0.914667746543505
-0.862208723597327
-0.944646288047424
-0.827886427373472
-0.809017750618435
-0.746298049621456
-0.6919682033523
-0.771709223792776
-0.897098523877453
-0.806032776473798
-0.79193153196419
-0.858494512864527
-0.807325209993143
-0.90049953016453
-0.774011273342688
-0.784229159622733
-0.89235578871325
-0.915840069327901
-0.926374758205827
-0.876053629451253
-0.759392393353982
-0.913042103287351
-0.808932013859139
-0.85655919631237
-0.808463950187494
-0.849416995880472
-0.728848094271713
-0.732923601312556
-0.857856097409771
-0.61289834228772
-0.808439524506864
-0.84859743975635
-0.743862172907939
-0.698703573610173
-0.794458868420708
-0.779005569199803
-0.856623586089736
-0.760564762854767
-0.738548109342067
-0.769786585478279
-0.713841360674722
-0.638228574269988
-0.713543040250968
-0.809955792589341
-0.862884459859626
-0.932781778789416
-0.937519752051056
-0.772614524213281
-0.578792686728664
-0.70696801079159
-0.629669631495032
-0.920727506749983
-0.646143966909655
-0.738208849858407
-0.683341024045193
-0.96652765127604
-0.73411088271107
-0.717509974519238
-0.807415197796878
-0.609603716569418
-0.752051676675326
-0.611851709228565
-0.792804012048264
-0.792249375112592
-0.672205246892007
-0.587184517540087
-0.751416991834176
-0.833159405362954
-0.794677229268568
-0.722979444720338
-0.653005848402644
-0.888473213434292
-0.769532439073558
-0.64977153560531
-0.954752497742245
-0.666954968149786
-0.768449313269328
-0.599306333321421
-0.750356190248994
-0.779487631520626
-0.915515115435325
-0.80401486300141
-0.645807711012812
-0.734936361521478
-0.60576976692952
-0.777616771764499
-0.756993994688991
-0.835959076074374
-0.876078365750989
-0.606527760277406
-0.531250368294921
-0.552401875878434
-0.661116591072985
-0.583864578333936
-0.653320607987779
-0.714028644868592
-0.676194574071083
-0.686495798635123
-0.68641784462286
-0.732826080276061
-0.703372548326395
-0.618879888174027
-0.672170132649053
-0.662336871913543
-0.56783685633546
-0.759893327755834
-0.584720475353604
-0.682349415783768
-0.612157568809758
-0.680116590409089
-0.582209791610075
-0.608172071718634
-0.651220404458224
-0.76318650747821
-0.648571097814407
-0.377077645125359
-0.565480639704302
-0.63341058186528
-0.563159152750974
-0.628253132879151
-0.626167147948152
-0.547260266944775
-0.560126337993922
-0.611584380705478
-0.583270234135706
-0.728897385958034
-0.664094212665203
-0.617339506345654
-0.616100562529168
-0.535649531220032
-0.700185024435101
-0.604587833238234
-0.589637363828116
-0.751814053085526
-0.4874531971185
-0.687812634756465
-0.70878748566002
-0.664664524942471
-0.637414547792342
-0.504286945265889
-0.621407675305043
-0.792899214056002
-0.553995170861284
-0.55270708094285
-0.589222004571944
-0.395237533505921
-0.630083450978681
-0.538239387881655
-0.445421870510838
-0.612520738143271
-0.561842352218702
-0.459570208222786
-0.553577288056853
-0.618268815011505
-0.511089245775148
-0.592243434686571
-0.699272519732967
-0.489504082191611
-0.488736500038019
-0.586025515535126
-0.680871309663068
-0.435192968567348
-0.652417706160284
-0.529097473805542
-0.58385790911666
-0.733859811602429
-0.550627233309269
-0.523492319873759
-0.646134026563705
-0.562827163633003
-0.458797611002256
-0.447560225228024
-0.452841774823055
-0.488795683357528
-0.442354487482493
-0.390632286988721
-0.535623268907456
-0.565419620360701
-0.536964234756646
-0.564980583774595
-0.510394855137259
-0.412513549183626
-0.556896270842602
-0.54297586032814
-0.365648610909379
-0.633426661207217
-0.305220747232698
-0.568336840170604
-0.614234492339678
-0.58529100001437
-0.52613783234968
-0.663268294776949
-0.306445887207749
-0.663104746930231
-0.490659677902185
-0.495256522210283
-0.579249100169721
-0.481363315596709
-0.421352136350565
-0.487618412372375
-0.543518526252306
-0.333330197552598
-0.464310546353753
-0.419900816660266
-0.64928002627171
-0.36682626463394
-0.371647243393636
-0.578491854422994
-0.644307534373579
-0.494763832243122
-0.409703665709527
-0.40886322621307
-0.371824941802151
-0.496255321354871
-0.461302598960859
-0.595622667256142
-0.459099438425046
-0.547444275818214
-0.358612995928041
-0.408720637772245
-0.308170046586867
-0.248271031440165
-0.461834979383028
-0.260514707575371
-0.499208747316232
-0.235727024416609
-0.598690122664119
-0.320774613547674
-0.343761363758608
-0.522937555975921
-0.341150065954749
-0.426533511359356
-0.502323522772995
-0.525725106164574
-0.360798652748344
-0.505184733635926
-0.471651091074585
-0.468077543927058
-0.308894141678895
-0.435674980346079
-0.40799744693065
-0.428170371011375
-0.528059329222309
-0.468496774209894
-0.419787296877756
-0.412174379347892
-0.406953978419369
-0.343119886984164
-0.518744219762611
-0.319728960184438
-0.385707026211799
-0.394444688563392
-0.550707331161272
-0.379352774476946
-0.314079323635595
-0.486443447154759
-0.356699513453193
-0.412875427274582
-0.387893212205328
-0.392188991793242
-0.371669592722283
-0.243369925878315
-0.438023964319005
-0.42696795694234
-0.382639240719322
-0.141263095241608
-0.315201111221787
-0.455485914231331
-0.257847578125771
-0.392210420618857
-0.354685311528577
-0.404975230538098
-0.362043901274721
-0.320996306652818
-0.178466220973353
-0.450962822005034
-0.344780481465782
-0.369043803079129
-0.313369670445062
-0.350937447890779
-0.25075001886405
-0.234429526076303
-0.212831092131794
-0.305704262092826
-0.260831644558975
-0.157366061474083
-0.413236465115502
-0.342266513926165
-0.341918055564197
-0.293118070387838
-0.16926432144369
-0.279354945873121
-0.173425262686916
-0.264724418696249
-0.246081287364903
-0.27404804352067
-0.073189383838353
-0.41187586734309
-0.284943159014736
-0.327856376884546
-0.21090653104426
-0.280326599273857
-0.298307790026643
-0.23106734771954
-0.379820178478361
-0.296923959242188
-0.237851045206269
-0.242782434815073
-0.134822361350868
-0.258207621476312
-0.367323934339171
-0.34272830835812
-0.339835234507766
-0.118496372667038
-0.267169478309526
-0.125030734562165
-0.204789284291081
-0.271821429869778
-0.278455844744997
-0.111579638030069
-0.0484527465182504
-0.414227204506774
-0.124502582634186
-0.328631255746465
-0.316939422141084
-0.223185846278635
-0.287924152498903
-0.318353235939178
-0.171621878299822
-0.0859493867919118
-0.254518343663584
-0.22310235666862
-0.286852009174154
-0.162083667382932
-0.16700034526903
-0.201874894965744
-0.152414445481522
-0.169026026175691
-0.202126482134748
-0.19258916308311
-0.160111425205238
-0.20608348581228
-0.206307544357239
-0.206060075488427
-0.201831428005243
-0.264492063220761
-0.19515955651209
-0.130552399334411
-0.164304903711336
-0.109824493547818
-0.345982362130239
-0.121223098115843
-0.111409314450307
-0.140376018149153
-0.262003075287734
-0.152799466872493
-0.0776392832609938
-0.208980233427296
0.0113884331726433
-0.00807815408698781
-0.242280894029617
-0.0655712075259631
-0.140842385196827
-0.183797494044319
-0.0689798959726189
-0.085498156143736
-0.232191002028107
-0.189468927554818
-0.302813699024802
-0.0999007770673615
0.0542898101537365
-0.109819816586455
-0.169284427004257
-0.0445972997341445
-0.0966518751525414
-0.157648652634548
-0.259271531754495
-0.0239860246927822
-0.118843770995405
0.0171806421219081
-0.0348319268886509
-0.148431108836834
-0.0822403243752155
-0.210640408965996
-0.151227291065935
-0.162750571930363
-0.241089558260424
-0.141398492795946
-0.105706880212413
-0.0999320790668505
-0.103764336735952
-0.0914728053297068
-0.132448881625738
-0.197164306038095
-0.0402722068302256
-0.0357284394980818
-0.0553801791574079
-0.0393376184736706
-0.0160773772989128
-0.166352232984991
-0.0885015468400192
-0.0381944383322372
-0.0508769052215407
-0.179020638780308
-0.0122556368817162
-0.0805930625545062
-0.192893924660718
-0.116145775488213
0.0721439410901357
-0.171809204552295
-0.252951625662151
-0.18048650264911
-0.0307558572259727
0.0867813566395736
0.0674134534205462
-0.0892592871151739
-0.0303198411151633
0.133077759037491
-0.0972537990967386
-0.00957799103334172
-0.0651132905915537
-0.124231388972224
0.0013340383844889
9.32627317126606e-05
-0.0741063739806826
-0.115035819660295
0.0534031666312816
0.0542681444453568
-0.0726815369687525
-0.0131103747904813
0.28242967121517
0.075140592904109
-0.0143620553366172
-0.103927975014208
-0.180763743072398
0.0182644843362521
-0.0207023971812001
0.0397228985645395
0.0236428608789502
0.00695454510006335
-0.0199115915017388
0.0183681618268185
0.0899252732219812
0.0922687383260025
0.0768934477443438
-0.0375131490080365
0.0732818825568173
0.0677444183450971
0.151882940105375
0.0723983027950562
0.129282498861312
-0.123295669638737
0.0978811408720128
0.0366446425600186
0.102859842697898
0.00918566171369747
-0.0744871098931664
-0.00735809975178321
0.0239918527483566
0.0369921645720044
0.141799805503445
0.0388198521795031
0.0262592633346937
0.0309302853732426
0.0556863731065389
0.0600447411212645
0.0859051407177956
-0.0189156341772957
0.0714702828998118
0.135279894608999
-0.112031016108204
0.21414228991597
0.0130116634204626
0.100852399689061
0.154515637010467
0.156493978123114
0.15044635345108
-0.0361868406598513
0.102240735424021
0.0629253144208135
0.0391892663300435
0.192530710743474
0.0489810112901558
0.0467694719426808
0.122905197079027
0.0497303184459323
0.0657467862938061
0.170309524797473
0.0242264150335724
-0.17393247238712
0.0144175277982753
0.0963067363953934
0.20204447301829
0.107540058937916
0.100534966287236
0.21400078055989
-0.0442238212442243
0.110567746471968
0.168654130200314
0.0911883953137774
0.230943440215477
0.204499333803474
0.239134707637007
0.177816324332688
0.122955122582
0.213118399093238
0.0593326926628273
0.132214488814649
0.070241283011873
0.262726645027142
0.152768698240324
0.249493739468207
0.238695431836344
0.150774138351382
0.076039122227929
0.0712556974153502
0.20191711742411
0.0588326818938474
0.21005401044827
0.29552935203298
0.101713998075772
0.125142968201928
0.25517190603286
0.270043122434746
0.0718411090938497
0.194101644266171
0.241500057436016
0.1666466807605
0.300626806164882
0.204181438705677
0.154717024609609
0.0157491899590713
0.226298332098449
0.107092207138546
0.234688585460119
0.248709957267787
0.15492654065487
0.292179081207075
0.151296145498444
0.0343842119257914
0.0965676185685902
0.188779982613965
0.231691577704181
0.226373069692958
0.041431755010208
0.156685400003252
0.182517050741898
0.271235272619546
0.193649914542991
0.313134000507734
0.174849034755344
0.275646069596263
0.178533309674221
0.208632860434426
0.239384419261351
0.215253807624617
0.282531050231499
0.270529238764671
0.184753290818459
0.267358535935118
0.292616269322744
0.298759134563815
0.387404119669854
0.272516320950073
0.207305631282946
0.311680928879
0.305857996398571
0.324873516378482
0.276220126096913
0.303866754093341
0.251412514509622
0.31349979995436
0.199377729899683
0.377644639319138
0.195702866222574
0.375670401159634
0.320502976929054
0.29252308809488
0.307924924106903
0.201552546691671
0.272173181354345
0.371139159389404
0.299275580561768
0.258060843659085
0.317027972729965
0.352419996804899
0.249927053779185
0.391030884578467
0.427468606492086
0.334162224479485
0.273155694975117
0.305579152409381
0.24641220030544
0.219464724793583
0.265008937167598
0.227863127272348
0.290646542597529
0.392603907345894
0.21232560824603
0.422004202846985
0.371159142486474
0.201712778043768
0.289232816060169
0.233981493020874
0.240954129603812
0.371651904667105
0.380431309189746
0.473062630500831
0.387638608237874
0.283083122924172
0.351424636673992
0.349411690589385
0.35349377827045
0.323124634237857
0.408052637529118
0.408886038434201
0.363783989864005
0.411234513978711
0.45659226780121
0.394773048193581
0.370264480415444
0.418848418605905
0.345286459432423
0.214619196945574
0.306177328918853
0.416657443640401
0.224053403108747
0.529341101024428
0.493424539251557
0.257638927542909
0.419652451629134
0.458338611094004
0.251004338854281
0.449724868819498
0.377751370371442
0.297669554441109
0.39822416968975
0.303195029941379
0.428762284794105
0.405613120757653
0.421638481323723
0.423675545473399
0.339826373956693
0.454375556065877
0.577418972350208
0.454720789596895
0.539225744793464
0.563633080990439
0.437308902563586
0.410720812014092
0.448564253441984
0.420677335756313
0.478168327866182
0.365215042272314
0.463816138208115
0.440941905205205
0.495623463797769
0.496195974277506
0.445882905926851
0.48348570896437
0.500638486050467
0.500390194394805
0.554133233000989
0.377830452693683
0.517750246761625
0.297551098153753
0.358207979064786
0.569570417740373
0.472047682342159
0.431850186403044
0.447343732137559
0.559022444959665
0.374691580440585
0.539211164289542
0.525596442479998
0.62175640411989
0.436998047054747
0.508155723451218
0.467480178043938
0.576012649559137
0.493960672003302
0.603400509363056
0.471834998034871
0.525110404677844
0.370656736554152
0.660315964023501
0.491561050416111
0.442518328055726
0.596706017035738
0.421042865966685
0.515704630305984
0.451715145735734
0.355828138019274
0.620435700706026
0.497539763729004
0.356113969156447
0.283833351547943
0.534048613083482
0.569870234664338
0.396415776406014
0.362288434640459
0.664269895479858
0.482761536719338
0.579251643693547
0.53742509992654
0.401327505311345
0.479742648606477
0.636976864374262
0.444726823523165
0.475833212400148
0.637653272377731
0.388882962422892
0.48568203812209
0.689862018716348
0.59089251075476
0.553963832444508
0.458892359306414
0.616892776805598
0.638672127958034
0.665899334027481
0.444566437322094
0.546081076474305
0.595001575024778
0.595229393868581
0.418499841306748
0.577172930774569
0.547199800837191
0.495171464709533
0.669698369882314
0.676217091768877
0.434425030539129
0.678213259785028
0.610996128995233
0.620516322562477
0.587965775400919
0.524533296691721
0.572120025207048
0.529087647306546
0.651551402484066
0.490980373866246
0.64227899314968
0.768164038923705
0.719093513756173
0.656784441442206
0.360932413037877
0.575149167482303
0.749950478908109
0.608352417429689
0.388075508808169
0.585729231935313
0.658178882048582
0.552280210715405
0.612714670963078
0.543613409223071
0.755367361322015
0.603875683096564
0.653570380574189
0.724592961686719
0.817557948911048
0.591889096566008
0.675529837743613
0.482017208358891
0.724181049491569
0.730897925683637
0.645318113866952
0.637032463095633
0.68975351384725
0.658031267916342
0.661924495285307
0.67003320444533
0.578681125570177
0.678356745690034
0.725964683099733
0.820405447541012
0.64716228062368
0.777284758801248
0.672447113220937
0.747257966565864
0.562119587150404
0.712922841404643
0.665034736723345
0.626631583449264
0.931223996074342
0.700803346657789
0.694644922834713
0.762373604228394
0.675929361669244
0.584946105624704
0.807284109441879
0.860982285358804
0.695371294829847
0.697021726622286
0.630115882292094
0.677600148782462
0.50720216045049
0.700021156761516
0.749560971321241
0.694979681397159
0.704446900013202
0.732376419352685
0.687638668243106
0.696446915238983
0.716368813445948
0.786905956707844
0.755897347705119
0.798176409239357
0.701043229410239
0.825743962362685
0.686218457750553
0.776558699026933
0.738295693824109
0.627695015907578
0.769190077279234
0.72674950815551
0.767081308292082
0.846558895197078
0.872769753690966
0.672944456581771
0.892169210046986
0.761628896425795
0.880276982444301
0.7782562353352
0.66834961526198
0.740297782088908
0.637571427356761
0.671243498533497
0.863641237244366
0.703291347054949
0.858243778007319
0.782600618755098
0.89729493785062
0.705345717122796
0.849200670579184
0.77397173983783
0.758295791948031
0.807266328074874
0.706513098392818
0.750197756762606
0.874928934046609
0.711912619196503
0.765697720688886
0.861692852427337
0.85681472258984
0.91833557361496
0.794628174267014
0.796405865257615
0.779061322719043
0.973208420804619
0.750528925899344
0.82900660235538
0.895199043431385
0.767214088332613
0.797607324612245
0.879453024178867
0.908420208070518
0.788124600636904
0.956922467056917
0.904818461458178
0.863130207950951
0.929720642246564
0.697120124967809
0.80532956164847
0.882903218600469
0.776970749278677
0.830192044392882
0.691583102208469
0.875767747523981
0.829081382158714
0.85066666592176
0.945016960832418
1.01457266916978
0.92177904568922
0.93251387372595
1.025052276652
1.06097674856937
0.945737076544315
0.916761843470629
0.853163458170432
0.891482312282986
0.798460840894206
0.975997007543048
0.899870388624264
0.904078973563702
0.848087335300188
0.962069703710283
0.939601595901225
0.8268153705904
0.839756816885518
0.956143947236844
1.01392174159222
0.880397092083476
0.767131529551415
0.903223148756515
0.875654783606689
0.875851384331618
0.949701883661261
0.900401024313498
1.05964656962278
0.809848655440523
0.912567680135287
0.970074837221835
0.924654227969581
0.944888287757493
0.946669665031528
1.17873445205409
0.996913703639137
0.820903756711859
0.862777174699626
0.840997831094976
0.952828997772905
0.846438111472968
0.956141365051009
1.02489374128316
0.949419927262538
0.908556951794572
0.938584443377468
0.912565000811446
0.81506251813952
1.01815817663263
0.768841615988527
0.983970679897732
1.0103768917298
0.779010944465489
0.960547944364467
0.969637503101957
1.1575138865455
1.04776765136917
0.944653787652814
0.899177590194322
0.977101944678962
1.05908276019317
0.977501179198796
0.969323157249278
1.05746815111443
1.1170292307982
1.08683993297872
