0.154826478123826
-0.943900802269178
-1.00459578310033
-0.954921465004593
-0.761180859019798
-1.11197436451996
-0.92650068846872
-0.924362148374507
-0.95773797418955
-1.07796196002597
-0.984767389008627
-1.04775945096665
-0.930718900263318
-0.899229517516959
-0.975334252355059
-1.02145031319467
-0.954261847293224
-1.01264763328451
-1.00879635698491
-0.971218197134109
-0.975081662519669
-0.912118861982829
-0.866733838796732
-0.992897119953525
-0.962893414829754
-0.9329792684084
-0.932590849587482
-0.820898283221536
-0.903321235525114
-1.04862912621146
-1.10730879584799
-0.868964928679233
-0.894560001728434
-1.03379315246042
-0.989861812382563
-1.01692183631054
-1.17326155017102
-0.867879994579835
-0.892578835416431
-0.944000958496809
-0.957511142071079
-0.825642327038713
-0.812272207233212
-0.945678080716136
-0.855066402704343
-1.06918515995191
-0.890170348796734
-0.919599560124762
-0.971871969612036
-0.871979874010762
-0.901296900937456
-0.922525527082144
-0.783153750712402
-0.988395179869814
-0.955127690593554
-1.05816206559123
-0.808416670125139
-0.81705899276527
-0.927388614674221
-0.816469062486872
-0.789161308406616
-0.862265648264072
-0.739838339902909
-1.02988897102995
-0.82879025860417
-0.8484032293366
-0.901525592304596
-0.815182210773238
-0.829286137245074
-0.856574796365437
-0.954342128433688
-0.856752349584766
-0.955511516769297
-0.895747100837155
-0.857181804129832
-0.883280235508588
-0.748267714112317
-0.855245784686126
-0.655619183520898
-0.777993703137464
-0.656694534181162
-1.03558469454251
-0.807149990341768
-0.884664987202411
-0.884825418080015
-0.636642163634053
-0.831623561222226
-0.812669325298386
-0.735856793151324
-0.927638333785698
-0.797986697633025
-0.714728147478813
-0.723980372354607
-0.800547611736497
-0.75337893903417
-0.829813903903388
-0.673833081713267
-0.929555503149056
-0.775430182254133
-0.93070959860042
-0.868413124256126
-0.719589564626339
-0.901476561506495
-0.680935513230031
-0.846434714461509
-0.70118444432339
-0.708580139192003
-0.799484259338497
-0.755377976575442
-0.732034617028861
-0.731013374253481
-0.854904247151
-0.823674334448784
-0.837617455181229
-0.897827257513781
-0.68045388695579
-0.849911622737957
-0.801571553943708
-0.762692844669834
-0.769591866226725
-0.745268067352206
-0.665185038346284
-0.759851721521592
-0.777299004839107
-0.806231675659671
-0.625521474509168
-0.716982910316613
-0.590223006320078
-0.719071274589791
-0.769847463530154
-0.697115984633951
-0.700759310158663
-0.754411341137395
-0.76463996730304
-0.642836958899982
-0.792902540812906
-0.715652283303453
-0.618620349226847
-0.591965253645044
-0.721269343011749
-0.715298125521477
-0.704929740760032
-0.706957231734105
-0.757352710650588
-0.71847325820347
-0.664861437376951
-0.844405477423505
-0.787909203027384
-0.714099851208466
-0.647879174679269
-0.731889377741641
-0.617543383907373
-0.82079527667911
-0.737964275757092
-0.791727135006497
-0.601570616964756
-0.75057719143462
-0.483654238631315
-0.616300175983373
-0.669569952968106
-0.725080590485934
-0.503765723516891
-0.662346242579408
-0.720772200524754
-0.557896742575681
-0.593728709968206
-0.634657136134292
-0.535845493146637
-0.552536700296843
-0.568617885440043
-0.643929247127365
-0.715758758719427
-0.62163028676621
-0.565145563727883
-0.798901243661554
-0.712788603771531
-0.648324366531447
-0.634415044858545
-0.56223429245238
-0.771382839718122
-0.694637462883262
-0.55600817028784
-0.532019059927546
-0.601427357349256
-0.628668857355675
-0.588961898564861
-0.407031347978275
-0.646990995218923
-0.60698019294644
-0.661412722822105
-0.705377718466292
-0.624726487874202
-0.552610216337138
-0.576510256467564
-0.567009532112404
-0.702330225067175
-0.610099308625102
-0.66310090813443
-0.626274751827676
-0.541127503265732
-0.598927737174925
-0.586829364178475
-0.734590561412948
-0.641256013347958
-0.559580603379334
-0.689726695538667
-0.6164352216481
-0.655581325478173
-0.563399587236513
-0.623693900273251
-0.47857957331781
-0.531045435541885
-0.596390178514613
-0.570217544847398
-0.694635803605572
-0.528445622748552
-0.575646982924116
-0.630323381425114
-0.588303806429436
-0.549406513800632
-0.468121806451594
-0.721692670916441
-0.545776726373225
-0.506858227446045
-0.674509450873874
-0.444231700116453
-0.452733448562994
-0.593155632065597
-0.566239411907189
-0.389485583461732
-0.4768926692858
-0.526414659023663
-0.70943809823784
-0.424932210072709
-0.610962524350895
-0.612188281046986
-0.544936326079299
-0.506236588039855
-0.445341290227317
-0.634703815089554
-0.348619028347758
-0.542571528081258
-0.609854970843272
-0.528191762044805
-0.532447181620571
-0.529147799156199
-0.387933081679901
-0.611132466678384
-0.60183076401691
-0.568708789638421
-0.506766985348162
-0.484114677301777
-0.488321087149032
-0.51319700997874
-0.369887617592432
-0.46915125157985
-0.309230829844965
-0.394997830510843
-0.594654402251148
-0.515232218848616
-0.6767095421459
-0.40541734448956
-0.456991145452328
-0.472911564404157
-0.43925863075042
-0.419686268596691
-0.463587316037998
-0.486519502779617
-0.495505832545314
-0.568369452394486
-0.548207502220208
-0.394586855154816
-0.398560529019502
-0.444082074427398
-0.382459658566135
-0.529830889206229
-0.53728902823933
-0.572136724469806
-0.501335500324053
-0.433683180987216
-0.457547495641365
-0.349230487866344
-0.348447721142269
-0.313183759016235
-0.519261062585652
-0.391670154979857
-0.378112620759199
-0.433471461218211
-0.433557362142773
-0.419917625314137
-0.281749128822336
-0.376394002190178
-0.419217301224495
-0.479527858347645
-0.446029360720216
-0.379341462035607
-0.342839386688394
-0.265619691081694
-0.422414584934005
-0.465824189771173
-0.440808073212348
-0.330250902886443
-0.37605166726272
-0.458373996227619
-0.354826331471468
-0.345663591146953
-0.324674734788595
-0.294587343429648
-0.38943521161038
-0.372766252206989
-0.362422929363526
-0.411391637369786
-0.497117845117693
-0.371546833560181
-0.340909717111586
-0.413320426117592
-0.535651175498002
-0.371607475099382
-0.454199191542425
-0.321874715009566
-0.350049753532416
-0.323173655466866
-0.463389097117029
-0.260306024612168
-0.312677447064836
-0.473136011563932
-0.240300049522885
-0.428463040473134
-0.49234744555866
-0.348603070257858
-0.377038088728812
-0.426813623502298
-0.338095138975071
-0.292502858958123
-0.307673413657027
-0.408818437788034
-0.214930731848564
-0.310784458943307
-0.343060353062365
-0.352711005221199
-0.191740215339127
-0.356921943322507
-0.18791193646526
-0.269363230020619
-0.431494902377146
-0.511610417493911
-0.330076537097866
-0.303666436056145
-0.279655892170229
-0.466802777622346
-0.367358211206414
-0.199692938903524
-0.347698786744114
-0.331130569520675
-0.22463555292418
-0.458662008751454
-0.181921475287812
-0.398746522956649
-0.309496051085913
-0.334909781900735
-0.323407813158167
-0.193322627933972
-0.281674166844568
-0.312801505967983
-0.28618509666512
-0.161683470316373
-0.311098681127448
-0.376479699129152
-0.23501584075009
-0.279578353578769
-0.252785721493053
-0.332454304097594
-0.380651344181489
-0.210321778938568
-0.309070122240245
-0.331622512656796
-0.136940375534929
-0.379748554562645
-0.0923854090497952
-0.188777057440427
-0.446243309374674
-0.164723786463299
-0.34814127506606
-0.206864802679729
-0.120497600002838
-0.26424735561147
-0.192919386250788
-0.211653408440202
-0.301197808861348
-0.185538785205384
-0.140838348944288
-0.222388219639456
-0.269954886710195
-0.266709317094771
-0.234142730848926
-0.115814718467009
-0.066741721838865
-0.0847676517248652
-0.276933012739727
-0.308735793251727
-0.188354220771006
-0.19629014726172
-0.273464838231351
-0.31507193240822
-0.187736146870388
-0.0833895227835478
-0.272477567465926
-0.132346513726565
-0.180919561582847
-0.160552885933397
-0.135527639351927
-0.132526679409887
-0.265209768495749
-0.26426961732197
-0.126054432248441
-0.207446970537074
-0.378092019023567
-0.126608389756547
-0.111856644968785
-0.195178179487737
-0.224452073294884
-0.187579551703928
-0.124723871924083
-0.151565957455603
-0.139037594622849
-0.213069851467167
-0.135131195995308
-0.227962460098072
-0.282725458697505
-0.0866122081349356
-0.241606943376317
-0.110907617214618
-0.243550535811518
-0.078889402493259
-0.0898613894708573
-0.0937529299634147
-0.154399011565468
-0.124187870537191
-0.0942120514489713
-0.254137232893778
-0.053322213703088
-0.0848891505546879
0.0610369807108037
-0.0268207303089384
-0.228850802501464
-0.119405944218719
-0.201371769564652
-0.174467644901969
-0.239168660568532
-0.0857306649085555
-0.0505838310813148
-0.0114960644791441
0.0401989733157952
-0.0762249952640932
-0.155191371184299
-0.138515541116256
-0.00325167229508187
-0.105878554616619
-0.0211144647558052
-0.166617414244271
-0.0375254190130615
-0.107642081267923
0.0207788699472924
-0.107168095453548
-0.0938778846269099
-0.194173556914355
-0.0793958976251437
-0.134501539252325
-0.0413301835839707
-0.155573656271912
-0.242886867605453
-0.115621530240962
-0.0641929972127196
-0.0991630176371176
0.00425585366349894
-0.115322811065432
-0.0439478728039749
-0.122901367794947
0.0460617537707887
0.010304558399617
-0.0539638840445411
-0.101135795023169
-0.0681560054410929
0.0151403523242236
-0.0152231305434058
0.0223118206310601
0.0431396733828914
0.104358671997034
0.0149217628528432
0.117817059707907
-0.0807331884610726
-0.0548626939986095
0.124010534788738
-0.00844965460391462
0.0405008181097798
-0.0898080133956833
-0.0945032436441784
-0.193535483001345
-0.114541588857388
-0.056476322737849
-0.00401049089036685
0.0387732261980245
-0.0726372306817997
-0.042735189739406
-0.00651421441433189
-0.0894559320028553
0.0777319079402405
0.127383128269765
0.0554648856417392
0.127581564311974
-0.000373601853035291
0.0688469741357409
0.0238617394555364
-0.00375311610786487
-0.0812354940180108
0.0836902488014951
0.0198580516357624
-0.045337515133377
0.130103553428025
0.0042053797268221
-0.00873048137081271
0.0716959987550453
0.026446265734616
0.101994944446747
-0.0305577582852718
0.00245367673672915
0.0166519536551889
0.129354485498674
0.0523400718900215
0.00763673689400554
0.110122344174281
-0.0359691439882609
0.0632329133605987
0.0161724486889153
0.0913849529660407
0.344126252896043
0.112019125178219
0.147126771581373
-0.0338056426604819
0.00839371720659678
0.268077161400631
0.0593587615336791
0.231991423057026
0.083037489636735
0.0701727468557303
0.0419208427086617
0.0720676181171064
-0.00833197539666617
0.0255622093083568
0.0595454845086837
-0.00263023360267736
0.047467645672394
0.176721297051605
0.129849675800861
0.0882447039246166
0.126389781145363
0.16652063592062
0.195637846796344
0.231507023317444
0.192178032129813
0.0704746123996679
0.0314070809326195
0.255282320616111
0.149908307795073
0.0600499612295742
0.211295420937648
-0.0175281751870337
0.109513268536717
0.203267814987011
0.094648271698641
0.286750139096023
0.113061010986104
0.0862609994162032
0.0698275618729165
0.148116967927762
0.179539989478444
0.0189565395922618
0.271199147408785
0.246146486136517
-0.0204560831891611
0.10039258159828
0.249193312532812
0.135633337371438
0.24738460839611
-0.013278574957552
0.181519198538857
0.204796545156434
0.151283882898867
0.0814576233987212
0.0365237895137502
0.17765161258771
0.235575993762931
0.129459904946479
0.114796384812911
0.248978722787493
0.358244501447172
0.200325377229883
0.350913949529908
0.169781558531749
0.193001325690299
0.266766708923337
0.132992819904898
0.259123802004934
0.151210887674461
0.219942143734341
0.204272979306838
0.112324639236989
0.191538312605454
0.176411926160382
0.21460776550135
0.368994602770208
0.349625052482583
0.133903958040862
0.337233324981371
0.224639663276658
0.0675959209412203
0.102072194270373
0.269171794610147
0.407554492542805
0.0752847292146345
0.266021443531496
0.117396580026568
0.175627774092713
0.273546212521491
0.206983619182759
0.230203056429636
0.27590148944368
0.229776201476148
0.113356429255468
0.309386394312439
0.351053254374298
0.354313335384101
0.391656484337393
0.190867113797625
0.0614720046659964
0.26729454704304
0.277816517478359
0.249898300041918
0.348834504196161
0.375113438443108
0.223283081897025
0.227598969571615
0.237156926006398
0.114741422963581
0.328743570078175
0.287873086995298
0.272883806249981
0.302070591932629
0.326076227886338
0.304785398293551
0.226164193468584
0.356168902959525
0.199462896414935
0.410650387170238
0.244320464024899
0.2582627273093
0.28123491805254
0.323755940018535
0.218376473163561
0.388748193748152
0.341260460194563
0.489369054471608
0.337015202104336
0.45180616849331
0.300644836214145
0.247127913538126
0.370387044863778
0.27882083230274
0.459525816164717
0.300404314611654
0.309999281180613
0.433761837218316
0.239103562899297
0.235667383028147
0.224138588635719
0.325777626377256
0.428959846961244
0.190728660557022
0.461893713917302
0.330442402662955
0.422215485304623
0.35971263831178
0.243212877120148
0.263814248412763
0.250074424725318
0.502965492107476
0.297903322115445
0.249196244734447
0.381927479837091
0.261648116611631
0.542927265313343
0.424018395593486
0.258839714531015
0.306114450642411
0.381714920440141
0.36998800252402
0.335124240329666
0.351979614048288
0.182955722012395
0.329169682746828
0.484007849022376
0.332226483082186
0.458676260172042
0.406969946370044
0.321453061882859
0.460653986636919
0.332389271662527
0.484949039060128
0.406326902306476
0.361818285691486
0.59076963131419
0.408822685659411
0.636581949786491
0.489394676465069
0.366658774494867
0.41141796593166
0.290140553372073
0.644936406462311
0.288328610829306
0.417808726307068
0.483550680210528
0.620609889161531
0.38057613420613
0.485391904418793
0.49658501208324
0.497097861706713
0.511010958513327
0.400767157719238
0.347318034458047
0.315478205628038
0.470707821795679
0.406686993285899
0.515523992019781
0.46642626831275
0.585094235070764
0.327572910642096
0.520942800435362
0.604147514200631
0.508172812895396
0.299865607972827
0.527576565036563
0.471639168258283
0.446892871465342
0.384542961798131
0.459061489723908
0.56380031853801
0.417917482669999
0.551952493759856
0.542471451260113
0.439791713648191
0.522985213686952
0.567913912916059
0.458897817353499
0.625348424740285
0.560338561819266
0.50556174617384
0.462940948872708
0.338797415006
0.42371190192432
0.511893343639186
0.690538562835024
0.567940942563944
0.426099288969431
0.463271641257884
0.491210103812245
0.674587574616816
0.575722496638322
0.448145677769849
0.438011849122593
0.495724606226759
0.485234896576795
0.597283628956806
0.555977817651399
0.561625218191491
0.527524239635737
0.580199676960269
0.420162754121378
0.438462663361418
0.443526258952493
0.512437196417408
0.475768032878903
0.626259570137846
0.75974661104827
0.586943302287748
0.554644919759422
0.703802329706538
0.607268531867555
0.626605261076465
0.574157613786971
0.456356026113941
0.664631330022124
0.53143447148816
0.601233697527806
0.580971607427879
0.64366858859525
0.648858598207935
0.647458715032864
0.590183562664774
0.47158654348101
0.589252336833793
0.774670615330084
0.569752638344984
0.571756052494175
0.623857821334703
0.617269002691234
0.494361281682826
0.553951550606918
0.73901443007913
0.605409300528783
0.575858911317207
0.713963667537276
0.638524004306535
0.738303209593372
0.599849294976111
0.738558330469683
0.525536659293248
0.746857696474541
0.611269003897164
0.650608136164759
0.721490138866308
0.623086997740308
0.674872998093766
0.693562480449994
0.600160049945541
0.710123585281897
0.712495833799015
0.479316488439212
0.747696944202402
0.533786935195576
0.868282565970325
0.731081817405914
0.659471790746926
0.672274588421474
0.757254249873801
0.748168402461022
0.707934579239489
0.566773826767642
0.735733858206941
0.650740346715251
0.561667332972457
0.642610487288607
0.714607940160446
0.668935171227302
0.751773442381198
0.662581413265967
0.571340507794534
0.820924495241708
0.88999872278996
0.837103185119481
0.656063671502409
0.584296235040296
0.561626659807118
0.760163096936313
0.824548848503563
0.567107150552047
0.635879894981248
0.579271974517357
0.626816476261767
0.747152663210881
0.765374934151183
0.73553537897156
0.735941551385946
0.723881898185606
0.6867689570527
0.733157644557027
0.635984185514089
0.813638673766523
0.70485164987265
0.691835626907069
0.783022913018485
0.681258856865087
0.741594303312026
0.852876569807791
0.916070401027063
0.585775169879779
0.766725914332951
0.664295776707148
0.824125849973695
0.731535894482371
0.674803939987151
0.830470523257145
0.647075683911092
0.651387400712948
0.84090561577818
0.740327142853375
0.641895841498753
0.715127212601188
0.62608474906962
0.802262831163151
0.788420656369967
0.809179317262674
0.792998271116959
0.721743174760443
0.917415194474731
0.761857495107724
0.773756659944356
0.671400240181184
0.702945816354923
0.704855171900445
0.849558054954861
0.911909203386281
0.68926138003606
0.741210841047269
0.938355160074002
0.839002199768098
0.847182922979531
0.700394245174138
0.786153592362109
0.792045532021316
0.912827883490621
0.892695608049252
0.859843463510203
0.875614183166037
0.844699055748328
0.833462467681922
0.76094747094557
0.791270715968749
0.871683771599394
0.770364135025863
0.882171890832552
0.789415050295419
0.837435023544426
0.694474667828283
0.966103808925228
0.916013424258639
0.87135327800322
0.976723005932808
0.891347094632928
0.865241785259775
0.806195109335814
0.901360516126386
0.646081871148093
0.996133008334568
1.01350547519069
0.825995901864073
0.886188856051402
0.861746290286094
0.849917523887012
0.859821626362944
0.835964048079539
0.947158108954574
0.798095278505884
0.909705236912964
0.858781378068851
0.920446308123083
0.9526440637132
0.885536905465943
0.92753829660752
0.84318981782746
0.889619192513573
0.887828138237826
0.85404668791426
0.826370720416141
0.944659625892881
0.8686871264842
0.956521962440276
1.02157132230825
0.895102629149851
0.871543647900578
0.975971979932926
0.965361901666819
0.978347450534168
1.03693173033457
0.873566037278797
0.914618484444928
0.846609606620569
0.918019525496912
0.869550714691109
1.09293119083552
0.918058870842135
0.860001557309211
0.991674324388134
0.782534397001814
0.907969410867506
0.843830975929791
1.05434766955811
0.929049162075101
0.827255615315125
1.00146521722387
1.0793015724424
0.882748285493725
0.870266783592915
0.887734267854768
0.857826872025369
0.956955507928359
1.04078261668405
1.03952117779464
1.00815521992887
0.860145342813104
0.936667921810591
0.898893827223849
0.826141390455371
0.971835264353616
0.872299374225089
0.9778359471915
0.838720229014981
1.05929684891307
1.08877987233848
0.94708413267306
1.00741602256066
1.08385765442078
