-0.126979166502121
-0.979610462880547
-0.961694533583858
-1.0112506120986
-1.04289338693076
-1.10861210275993
-1.0435351319051
-0.978891530968121
-1.01097115200081
-0.983137221789292
-0.895551417821596
-0.947563846836091
-0.972456791067919
-1.0898152772741
-0.978395127096629
-0.916283847208174
-0.898754730137729
-0.966796391613514
-1.00379228659896
-0.978374203654852
-0.9049737705928
-1.0321714075716
-0.863219524246914
-1.05111051241856
-0.875658696618024
-1.10538392328516
-0.961530666572647
-0.796588385403021
-0.881086017084071
-0.962040415882889
-1.00801702024355
-1.00604000333223
-0.900696672616694
-0.925922274686773
-0.874286503496243
-1.03699021961004
-1.0662057958894
-0.873599656423967
-0.880728449695361
-0.97457254590938
-0.72619747684415
-0.86027638129774
-0.860428859323364
-0.926405324239516
-0.995558915830424
-0.953326207691728
-0.774476446110702
-0.929727085256833
-0.999707679745184
-0.910390248851509
-0.912867489041055
-0.799463842799739
-0.872723467403332
-0.889911880508621
-0.945568098231424
-1.05061751450735
-0.868679785578909
-0.887905009464723
-0.927733563109508
-0.907453945420142
-0.988987769565364
-0.880305682833225
-0.831951430514318
-0.93119510635923
-0.88164907837501
-0.839209588286384
-0.90447891531051
-0.747456884851449
-0.87983749941341
-0.807168614254569
-0.95346899847141
-0.796694316079224
-0.821098179263193
-1.04415775480419
-0.864197414704165
-0.902888124903194
-0.845134138638486
-0.872595266067354
-0.899547161843294
-0.895434716350549
-0.835443320091458
-0.77985220854695
-0.806110376044884
-0.793168043995008
-0.923915502038184
-0.774223728405829
-0.922232550655331
-0.785320320162394
-0.848065534033955
-0.802765808868689
-0.89080401436243
-0.952088965193825
-0.827616297946957
-0.827150518758681
-0.718301340634133
-0.842570494090675
-0.908542219031214
-0.77589420634239
-0.953306964351192
-0.82697186983744
-0.728278683962816
-0.748450116026551
-0.859145050476554
-0.778054794966422
-0.844825329613177
-0.860674387804171
-0.733229161081865
-0.782818737719456
-0.810011265920962
-0.961926743221418
-0.797935017794769
-0.779972319847478
-0.90702323471744
-0.73008891029499
-0.59814721134135
-0.71180385562036
-0.691216417567699
-0.805106320187438
-0.717800503709613
-0.882688859508227
-0.949095715842927
-0.724752669825291
-0.849565292837552
-0.781183269701476
-0.622824583383313
-0.702873035856285
-0.791797320943963
-0.689164349696682
-0.714119960189257
-0.837661551649207
-0.672440329317244
-0.851425884104504
-0.795629119839837
-0.788344938969995
-0.802313034733999
-0.580597774307595
-0.814371739810476
-0.722993928179882
-0.882241177845161
-0.578982533248214
-0.672683357122261
-0.759567679274328
-0.632820659955006
-0.683308759846565
-0.724749014428896
-0.773910802829614
-0.614996694402939
-0.764828506065081
-0.537604362837225
-0.760261451748572
-0.580485506555411
-0.625515069768075
-0.498546903639565
-0.657940907964054
-0.670672694633348
-0.873491683216555
-0.665259966549227
-0.729987537025795
-0.722228126538214
-0.62506951843325
-0.791302841415327
-0.620458299987641
-0.650940192526706
-0.461805089278083
-0.658768853109857
-0.573804255510099
-0.644207499257572
-0.755883337144768
-0.707889124128724
-0.523356109622992
-0.68512824966094
-0.796300524134851
-0.601485157436536
-0.812216442185863
-0.728953602888157
-0.785736702931376
-0.663867195583745
-0.661560382018745
-0.69020179610391
-0.703589936025163
-0.6008353273819
-0.752743994568503
-0.548670288643923
-0.736274581417918
-0.717908185511333
-0.471635845297001
-0.583863523077004
-0.61420453056023
-0.493910186787573
-0.445333616321929
-0.529299057693785
-0.611030690631922
-0.642071235239677
-0.615300116139462
-0.620037186187336
-0.510689421814784
-0.708714162333542
-0.510307932956896
-0.665769505248898
-0.68353127911775
-0.587895305264254
-0.627593018595408
-0.663377519711425
-0.644586075081184
-0.459908927283705
-0.738921970163407
-0.590500588572762
-0.50925695568177
-0.52734247359873
-0.716656701003817
-0.538093419044762
-0.605521025626388
-0.516321625180401
-0.521257852202575
-0.515393861489968
-0.536903012451493
-0.635759944736118
-0.614306322897655
-0.5713195226901
-0.493325064753967
-0.476797496622689
-0.498713610906974
-0.529791841920442
-0.532093523159472
-0.580563506975644
-0.559641598013567
-0.621645714353674
-0.567489282210181
-0.406018506986008
-0.551910956356694
-0.419516067526976
-0.533297557399379
-0.437703892624533
-0.686438586963712
-0.511375505128227
-0.63835740406825
-0.461660747862076
-0.538504683532452
-0.425110602329004
-0.695246579781865
-0.527673403692469
-0.5189421971323
-0.434780672925823
-0.535304571451279
-0.597789411293511
-0.383034922515612
-0.448488720619289
-0.367571982844506
-0.503935239680653
-0.49035236998612
-0.544181076789576
-0.592219963939076
-0.535932903402968
-0.43450562461264
-0.642308583347952
-0.532671221087463
-0.451794030513509
-0.55867845306716
-0.300326633872389
-0.454074359552659
-0.606618679937564
-0.432353298003477
-0.507444668162269
-0.501429405047246
-0.502087927013174
-0.542094060593253
-0.501016262742418
-0.41803029150389
-0.471344210292416
-0.470597996674351
-0.551973361958141
-0.406288379926943
-0.434580788217378
-0.451288720666497
-0.455313415596879
-0.470610270227892
-0.372197870951362
-0.618016688299776
-0.429363390625709
-0.423690038266055
-0.382943543294514
-0.452645970720988
-0.291676919775874
-0.411292539002025
-0.446464545238124
-0.337850686041742
-0.417766456296926
-0.369238506531393
-0.551438377312404
-0.454206047184481
-0.384269609571196
-0.481841036812584
-0.502049384911289
-0.449114820158085
-0.282056088504071
-0.31907682341307
-0.438463679151207
-0.455469575881886
-0.511678159891589
-0.401528216518549
-0.446834424942112
-0.373540044519673
-0.397416248807267
-0.409688851113602
-0.346849823162398
-0.399679740057304
-0.293760692419023
-0.435317764246649
-0.53337074211924
-0.390588840390018
-0.332584656997154
-0.330429390513682
-0.356047123040305
-0.35746602895331
-0.338898067922226
-0.322647884807207
-0.464941533615423
-0.45993083075507
-0.428565041083534
-0.504111391503947
-0.370408970757851
-0.295082852105729
-0.327667290352584
-0.299344076400263
-0.461840864985794
-0.32138785309289
-0.286111913087852
-0.344111467484284
-0.271932283427109
-0.286194495226801
-0.233620485572518
-0.260496676508721
-0.358361579129489
-0.539403097195702
-0.354245141746401
-0.388188564008017
-0.578646845594458
-0.356522147751589
-0.301180228395409
-0.229752228462295
-0.486124010046563
-0.312248117099444
-0.400663621923907
-0.368381487463672
-0.0461537129026866
-0.363013406397727
-0.17397475052251
-0.376046873658086
-0.338967380409476
-0.285736044975514
-0.301985462601677
-0.303516188321882
-0.253667999889963
-0.291468646067327
-0.426901761701761
-0.228730845816109
-0.339184107209336
-0.233675998732391
-0.305442490731492
-0.306083431402675
-0.296074141695691
-0.402214696426825
-0.209776849490855
-0.350603000640103
-0.302400469558534
-0.0932707932480939
-0.158948127238752
-0.28113769902945
-0.448737838074344
-0.296380560256486
-0.261090424682549
-0.175175898128662
-0.292231628924306
-0.195938574893134
-0.320064720691907
-0.354825895130745
-0.230268127906676
-0.058886405417228
-0.0746419471486131
-0.282871889193782
-0.126399990033396
-0.188617386373862
-0.357925171290073
-0.286737712046791
-0.207678720159024
-0.189630976628056
-0.251197930035089
-0.112027431294746
-0.288142594537034
-0.21056627747424
-0.258217736247684
-0.251422230078918
-0.199773112615835
-0.215756906709104
-0.20977070959016
-0.240522537160943
-0.168160825646178
-0.240431098861235
-0.238005458630608
-0.152482628239445
-0.20543504614368
-0.127914958532894
-0.131471623959442
-0.0693418657755872
-0.0841541922322428
-0.126694893970851
-0.172280496431498
-0.08117799725254
-0.183999639082764
-0.128635994220182
-0.247031886510335
-0.184779730333483
-0.143199061324076
-0.181072997316294
-0.168213808691459
-0.132595806444228
-0.263804605822835
-0.220291118512881
-0.271825847995116
-0.260400494396357
-0.206743194286038
-0.0481636477818147
-0.247892839831013
-0.075412966684212
-0.0878794286560579
-0.198659470411064
-0.0450848979461688
-0.032759417944408
-0.140114953994761
0.00765963580758616
-0.209631494061169
-0.151288789090151
-0.248613651359016
-0.185857947014344
-0.11736413099958
-0.179091993707464
-0.0438011388800904
-0.0822000424288223
-0.0910687862396871
-0.176153225286333
-0.101544427174357
-0.0867883437491549
-0.281069599818705
-0.119517571259646
-0.0743753776031437
-0.0382767276038478
-0.0203289467436744
-0.0220842493646786
-0.0519107407509196
-0.102543302512598
-0.101523678616272
0.0638937358382113
-0.104125178008272
-0.113209897749203
-0.117357412949124
-0.119611103997186
-0.150259994419696
-0.0842447766280292
-0.0136820076619299
-0.094614328648983
-0.17993179359238
-0.0612975828397273
-0.189747225709725
-0.148569939145224
-0.00920295185838017
-0.00898622993275324
-0.0178170476422372
-0.055978710182137
-0.0736171836271957
0.125439753512179
-0.175546364404887
-0.152188531738086
-0.0633517174260097
-0.0610524427418061
0.0697339319851944
-0.240821221120554
0.0726043777072359
-0.301792420486615
0.0303990426074657
-0.0604400740619382
-0.100726014381596
-0.0264976372869758
0.1063913456721
-0.0585067684626518
0.0538285382845435
-0.121262656366711
-0.00749293028389021
0.0704600074750145
-0.0417410711418841
-0.222828608490918
0.0352456109660221
0.0147939969270822
0.147444801291092
0.0859481111045734
0.0860034952824168
0.0562560269896304
0.0406867893266455
0.0545262097710256
0.128568274410599
-0.11486658795234
0.0125472340453718
0.0568458143111367
0.0990213215654805
0.123411197896441
0.025028623192207
0.0924255301794585
0.0179650465198882
-5.9826534835521e-05
-0.0713570283149883
-0.0535844536303332
0.0100246202769001
0.036589774571977
-0.0212647267378633
0.0378771392496835
-0.017056349864255
0.0204120695859077
0.0304005243682337
0.0314075566041204
0.152722651145842
-0.0164130261711378
0.0713663496329693
0.169747751410389
0.304338199711919
0.102242289687486
0.0271474705576016
0.0114335610484295
-0.0760653817847944
0.0149516461716112
0.115133652321368
0.0729052808095486
-0.00859325987883911
0.00468637887247744
0.0207512220927793
0.092983765767943
0.0990337555704624
0.0837350216338302
0.130515432039654
0.144013990044122
0.133602095751241
0.120837242487101
-0.081752668077917
0.0479936068917041
0.0878618964073852
0.164270300530075
0.0890102129298443
0.0873575037542466
0.266937861476182
-0.00495746199804001
0.130302158083896
0.053718988056183
0.232006469216911
0.303550711038408
-0.0879649606498641
-0.00191172957953496
-0.0587577916950814
0.194203309574089
0.117075601996601
-0.0158422876688543
0.0763237992782598
0.023706310410793
0.124005751727398
0.235151963035303
0.0688000010162195
0.122608122902069
0.113953311585164
0.0484776143899709
0.114927799365859
0.135076850282031
0.238627735671034
0.0691985382035334
0.0850650678809833
0.208136098009008
0.269833839731079
0.241395903127948
0.0564795271219017
0.125306225434155
0.258866867428397
0.337975088433937
0.148249986935275
0.14751085888343
0.114262442389528
0.129773317675608
0.179123082458724
0.105879644904756
0.0158149887226543
0.138511313477359
0.183484997116124
0.127788755875404
0.150836795598463
0.265349155599217
0.119076495267977
0.0942055081426727
0.144499827647074
0.194688432468032
0.0545506068101481
0.164659524646964
0.144142328144063
0.135818197241891
0.0857892162633733
0.132469370570179
0.183074420466817
0.0872139011520844
0.262250299772729
0.298558305500787
0.302909529636489
0.129216828407663
0.240401646739435
0.20801873939362
0.283523044169837
0.104726451548265
0.176985568245053
0.174037706439909
0.247185107221544
0.192058114542832
0.213112187922353
0.29156305246611
0.241274314670838
0.268609051391507
0.413924024310525
0.267029831408691
0.271279019144065
0.170532561107221
0.20675739941654
0.278125708045333
0.181753732846234
0.120046798640198
0.326893156057657
0.292871748655207
0.320134490348223
0.229474324723435
0.2438617413077
0.334767929492705
0.326268775726805
0.309180567135988
0.336122322290447
0.256793346994946
0.236924306589683
0.27446673290199
0.210653935896462
0.236561719499844
0.295636691786418
0.414027828452384
0.287687555274454
0.427404299937184
0.329752327155265
0.0821687250642127
0.421488023036581
0.167466435731428
0.205669053625755
0.264612274791769
0.458190713759164
0.264548855959623
0.223732899944278
0.46014267885439
0.359492482566925
0.341139367496285
0.335449241611924
0.264001578938031
0.316328134004593
0.381824256711132
0.372706007900358
0.344784185731544
0.214734859117636
0.226843101700319
0.43714074163118
0.361511046960123
0.282072212574625
0.465944111601924
0.241696268764364
0.26472005664839
0.285102586864354
0.215301800190707
0.21838126567738
0.429756825724601
0.392974819371511
0.322913174586266
0.133864236052575
0.386728172237817
0.366829583049205
0.506874068420894
0.551213262496352
0.497969571909336
0.497833645797802
0.528446325216513
0.476090254712907
0.297870618123784
0.418427967867769
0.434313828914641
0.372653589769089
0.29031593340243
0.518351325127458
0.345140243101744
0.35540428175442
0.337170656784704
0.419794561294413
0.35569577286946
0.275961236435835
0.41821637487756
0.347545902825856
0.318008542930254
0.378039726543035
0.407599527475555
0.448844972514763
0.511061609645472
0.332133397383114
0.403008891778089
0.389028202236103
0.442607443782374
0.356656521760721
0.375570149673838
0.377768190512416
0.353634075467177
0.498777134135921
0.444141660335183
0.459806747351514
0.543801488483079
0.589461548928661
0.180239021800424
0.409212442295335
0.414590597357136
0.312471731154618
0.33820560725998
0.404703229839208
0.573673943604518
0.351164043519606
0.365535904822473
0.502652453454747
0.49340449291729
0.383016244469807
0.534846151251844
0.389823010304028
0.507107193390404
0.480558918802381
0.492152140446697
0.486614679471497
0.511958714307606
0.501388479491352
0.399825320561014
0.553632656361036
0.345899880511984
0.330733946702847
0.562457716012172
0.471033482164973
0.499314593731492
0.40013803065713
0.423899969081055
0.415665043142447
0.467601071219767
0.484122550740433
0.522290824129192
0.413028788217078
0.576919010654972
0.523882128180461
0.655387783658974
0.502710671729259
0.386891742892831
0.517300250195648
0.536636526040706
0.664913179143832
0.578680025846326
0.546360625185941
0.501979214289505
0.466022900765446
0.481596594135973
0.551799723056541
0.533933431265186
0.343226302226326
0.397460114090297
0.460502102702888
0.488649366355238
0.511639686547755
0.535359827217357
0.60382672649981
0.643408053518288
0.63855125456823
0.49217769818902
0.417422233103521
0.455157871855859
0.626454162587529
0.607675863359638
0.539261965584698
0.498688531068831
0.598867523683457
0.626109142269728
0.610833667286017
0.468661314837996
0.689813956542737
0.70960521351976
0.56715973658501
0.470504499919112
0.623644426587732
0.786389267085429
0.641106108076595
0.53112982515606
0.53853636298429
0.58460815607704
0.679012038787144
0.573036536583213
0.697967131403367
0.520074631047418
0.512341688941531
0.566359907547931
0.577591957369056
0.4432253600147
0.751717664850765
0.63190396453606
0.69685304112638
0.727459624969281
0.638110099349795
0.637609368289203
0.653564802755603
0.684517183925275
0.529038037245636
0.576185800727752
0.597587651858032
0.438362553924794
0.534129281436064
0.653966355563736
0.562367993223771
0.584269957028374
0.600679722740482
0.554944307226804
0.751216081561753
0.47788408173508
0.66858561985723
0.719017381698637
0.473572955826816
0.570953588877099
0.618282766828395
0.64749051767054
0.769497885580817
0.69334551451861
0.566002512641076
0.724019831656043
0.72197086334965
0.611316170446934
0.63354706485078
0.58425268088574
0.717840618019365
0.721664051170762
0.661670316453904
0.519535787231316
0.66770996411359
0.531888969833984
0.713150246706945
0.626107115146532
0.803352615497549
0.752158889781184
0.778405361694504
0.664402872126457
0.662660479636805
0.614990137099386
0.635385802578127
0.790287317190834
0.752573897069765
0.592060862286422
0.777766265955207
0.768313342234779
0.652605853316984
0.61161033146975
0.666654034965703
0.788043225552372
0.680692130744063
0.582718993941779
0.846275480964429
0.654023828782668
0.683874972441967
0.517117679827379
0.75014847594883
0.80533531054024
0.823386015161962
0.645941743299927
0.698819237835035
0.603498202623182
0.77944658201995
0.696292292451757
0.636056698184699
0.696776818156152
0.781200295033506
0.653231098861778
0.82777263072881
0.630853853597551
0.726188730309293
0.712401798842487
0.820803069298565
0.814399641602378
0.786267104940695
0.751486803688256
0.755989701343433
0.725046981101673
0.693080754714011
0.798353463377472
0.782708621830949
0.693813961503798
0.709027543086249
0.796024838260347
0.881881996771848
0.722962363641029
0.750869978139548
0.791450042569494
0.817037665991674
0.772473425325305
0.943942674993709
0.682756502778571
0.610815376964949
0.901909921392258
0.817051159805774
0.847355141822714
0.843308341346215
0.918849442233061
0.787682896637755
1.02739015259417
0.73289022684472
0.829084268745468
0.793189416148904
0.793507898172449
0.755482599083981
0.891220579235919
0.865929978415244
0.75335071497148
0.926236087873294
0.748721465754911
0.925667719634442
0.862988493963682
0.855220934588609
0.801800521644542
0.960752533501425
0.870535684546116
0.791720671372075
0.883729345140654
0.800157214498606
0.950466072760629
0.919542609235213
0.74914317130789
0.740021369070074
0.743103039429963
0.82038415498983
0.927989995224587
0.909884436454705
0.951470689630315
0.847837414330602
0.855275953332216
0.80707783999639
0.806966182980101
0.928592604084686
0.921725832475812
0.794308677104778
0.96414363530648
0.911821491321696
0.846392396908745
0.995580687273965
0.876268474416966
0.988343956136987
0.875129613965765
0.841670803020908
1.00520490411522
1.01975342282245
0.920794349213867
0.906893954602793
1.06154202935689
0.969524273392007
0.891652111108956
0.896399473177801
1.00647985151241
0.976143866077696
0.981676977398591
0.928592994853719
0.940269404298303
1.0092853287537
0.903467285101723
0.943311746745904
0.984247697708248
0.988235542779374
0.91839402927392
0.81984063655916
0.900964670875866
0.984686015688882
0.931596021466235
0.988331894115569
0.904278588494647
0.976243152427197
0.919781847964497
0.862200891005156
0.821712928275814
0.812349538427565
0.872144983381316
0.922968466327621
1.06957935689248
0.981203801252267
0.91474736708114
0.929202219694075
0.837825986805032
1.08062719559972
0.914496957015959
0.998237366396274
1.0477099665153
1.11379025504908
1.14516304744598
1.07767824696037
1.0283613646224
1.01466987656687
