0.0903753004330247
-0.97157843650935
-0.989123390246298
-1.07198776439678
-0.916321386844857
-1.04479400095481
-0.958359517166975
-1.03634134839233
-1.02935603350187
-1.06199618889348
-1.181831823498
-0.811493685281802
-0.899604875155668
-0.882401451359271
-1.00929072498335
-1.00900352533033
-0.846777417772176
-0.883973784121004
-0.930088529102691
-0.853316879186263
-1.09878655070754
-0.982306416964366
-0.80850688404247
-0.965269607671874
-1.06136064957606
-1.00117858511254
-0.89970708287707
-0.903213571464065
-0.92502888674666
-0.970314593589587
-0.945516576411753
-0.838799330284075
-0.960563139226097
-1.01363152794147
-0.974665786456309
-0.96458487209222
-1.05808900233294
-0.839918032093974
-1.05582560853742
-0.848906266169503
-0.942881990721994
-0.90668011467721
-0.897508602159598
-0.914643776074552
-0.919588321306301
-0.955421114387103
-0.955894195301942
-1.01220839386246
-0.890952299753046
-0.82530471317899
-0.825953598676159
-0.856631903962279
-0.949729156447544
-0.912734994988553
-0.789269871032975
-1.06391871623219
-0.941921088161666
-0.91748003184993
-0.955851001235309
-0.852694203769393
-0.7035512138742
-0.880509078787175
-0.973273290059707
-0.900000099625065
-0.757401470640799
-1.03161654393806
-0.771264960611714
-0.988051058087251
-0.90529591679147
-0.78779007051242
-0.868282471373077
-0.843325214892062
-0.978933724704439
-0.756156902152094
-0.863670867801909
-0.896299680658897
-0.869864733716625
-0.803491630251223
-0.965442564305323
-0.852824495712265
-0.827145161033747
-0.77229603603676
-0.897015140352438
-0.94550441696129
-0.866427737387154
-0.70607650003793
-0.826710338216181
-0.743656681289781
-0.981285149184251
-0.767774302907872
-0.753607986165797
-0.837074664363485
-0.906503664799836
-0.951636848029254
-0.794057932778012
-0.828579981126274
-0.887268301334055
-0.949746206638389
-0.853630916787399
-0.792832355871288
-0.828626220638654
-0.864889189112817
-0.715002691480645
-0.889663149829629
-0.787610566614423
-0.873872281210475
-0.78133606488243
-0.775408421683492
-0.722252621921052
-0.855583549945856
-0.685592385113622
-0.724433891581346
-0.893963746224989
-0.789382456218211
-0.766042216159786
-0.703583856616567
-0.782084248387378
-0.682873430035368
-0.671264192834533
-0.822125475154192
-0.779558109315099
-0.749278024487257
-0.729518587451893
-0.638349033126717
-0.771058985865324
-0.832344999940039
-0.691456870562169
-0.702144696480006
-0.840176534106907
-0.74085734228965
-0.681597870779373
-0.757541693532175
-0.473419019683093
-0.744928034110017
-0.716611919636043
-0.832142118436301
-0.819661518467782
-0.921243816611812
-0.715644220253766
-0.451595822420696
-0.708304557101202
-0.677166628727942
-0.776835735807858
-0.750142479732252
-0.770148576537175
-0.730778813720298
-0.738896126314408
-0.760558457154006
-0.649905093570312
-0.725376750834437
-0.715034248845435
-0.712667109645499
-0.580633267971861
-0.613218055632326
-0.709195314714448
-0.649887181757984
-0.601122521621895
-0.674507024422407
-0.701739529952877
-0.60662609121011
-0.617073617858201
-0.592934454232267
-0.639342021008435
-0.682678188271271
-0.781507962802906
-0.681240349508635
-0.627514900694761
-0.545971540195164
-0.677693990583512
-0.678984768215394
-0.717328597781597
-0.6132805716681
-0.638058746394281
-0.720013593877124
-0.633912068764214
-0.58536077633974
-0.762584614047435
-0.706979801187298
-0.734778548165205
-0.602920626344245
-0.477154490631569
-0.562381449691714
-0.651285417553569
-0.565469496796042
-0.647345091753403
-0.669169715202021
-0.652676495878783
-0.779295738237114
-0.688754231843893
-0.698038506949002
-0.567782251489014
-0.656370159341196
-0.659438516455253
-0.499886482801209
-0.576264520948591
-0.535836831373211
-0.596208430204161
-0.688089644499205
-0.832565558882369
-0.589723163306467
-0.669664211858748
-0.543893071973604
-0.565373058163926
-0.528717539126667
-0.699675561911377
-0.466006917907792
-0.690539670776717
-0.646486802768529
-0.549594502998328
-0.605872613410976
-0.673993864957184
-0.445345334241899
-0.647255197031578
-0.614930788359179
-0.496144700914261
-0.473416943875165
-0.481684948598588
-0.602249088314324
-0.676617628112291
-0.646716915591116
-0.492952974053192
-0.474410030237247
-0.503380088967666
-0.625434365320838
-0.484557166473615
-0.63528823019974
-0.604166597809875
-0.486002100953325
-0.522078706180786
-0.580544051799509
-0.634603242147295
-0.544174150471393
-0.525235142434224
-0.530335958447757
-0.450119825320766
-0.325151261211395
-0.542731092886588
-0.435395651801824
-0.484084055252088
-0.60810352201221
-0.466338623364599
-0.561695976920651
-0.637003823771016
-0.422729178139973
-0.572938545407087
-0.51961832436588
-0.454155096597595
-0.437699428880368
-0.537469398161007
-0.400945178875054
-0.449137750878843
-0.452418903191165
-0.583003137010359
-0.488969502603759
-0.481141971259227
-0.468187121565014
-0.3511358239995
-0.400574442394626
-0.489003168983985
-0.637683276614064
-0.557059960680469
-0.56692999350892
-0.554693220587234
-0.544651017096593
-0.492285057490142
-0.357735617741347
-0.504185796564494
-0.395486895411887
-0.458991962055932
-0.356566524591259
-0.478454367637421
-0.383889675926638
-0.352368284841819
-0.498787162105428
-0.434252130287396
-0.562918202814724
-0.30861996881423
-0.435487041305762
-0.429332031923462
-0.353093427460203
-0.489543035679536
-0.516720764000448
-0.484165687891541
-0.293642225459566
-0.489113687556788
-0.646485136605393
-0.37837776844558
-0.236612240357506
-0.352162054565522
-0.357495693527184
-0.490948749674587
-0.459676069115689
-0.424000741753493
-0.342139815941021
-0.464112688736803
-0.408895763213887
-0.421401299437672
-0.314107545377574
-0.209946616571113
-0.431959085447145
-0.35862699222559
-0.53971112252354
-0.252676784898486
-0.371752084332683
-0.305339399600064
-0.470988362631513
-0.309966439357891
-0.299181221290885
-0.370634069193681
-0.474958069996952
-0.44901118141095
-0.324709462538838
-0.516197447730266
-0.500942196937572
-0.513355587630518
-0.53189295045137
-0.381393776575758
-0.33243979168373
-0.264803102409037
-0.19489530053688
-0.388077440511619
-0.349527513742292
-0.373077058259167
-0.264496349759465
-0.264638718064647
-0.388700808285294
-0.356255070896598
-0.321261840762211
-0.389915129515611
-0.334451127554231
-0.365396175683995
-0.342946683467489
-0.297132407689933
-0.424831850105659
-0.289598277851557
-0.30197764888381
-0.370963043427758
-0.478285951611249
-0.339236017237916
-0.262013056030507
-0.283256161161602
-0.349537971874347
-0.445525987961489
-0.286788656148462
-0.306218726728066
-0.357719700476091
-0.495546460587315
-0.410043767475337
-0.357247422097117
-0.260881680524856
-0.210395416899241
-0.330394982279904
-0.332141739861335
-0.287982982845249
-0.305510513666987
-0.270707125782976
-0.336226012544493
-0.305037613992148
-0.366769961408036
-0.300995158493685
-0.373538725444905
-0.358031373309517
-0.310337321000752
-0.287293095816617
-0.279788878134857
-0.284025532173634
-0.320859603149014
-0.342550797130041
-0.226988521783776
-0.12747128988492
-0.314418226978613
-0.18036281091576
-0.325700132874811
-0.105298636388884
-0.235239100136131
-0.248028276741662
-0.40845334474441
-0.293973064654439
-0.202306842923941
-0.158850545045958
-0.18117441703138
-0.412342996679472
-0.240433553613427
-0.256713672516692
-0.365099382691946
-0.200890672684321
-0.210613495902606
-0.298641846585166
-0.342251379254591
-0.0244848041581958
-0.220509439056946
-0.23756848705402
-0.244725234420202
-0.30509938666854
-0.125883123057442
-0.310204517948891
-0.129765621218428
-0.184938265948023
-0.146008920619498
-0.357005614804112
-0.0548566197365797
-0.327872287186023
-0.191849048394515
-0.149318578903955
-0.178961688683526
-0.148594532584814
-0.194816865396319
-0.0659447293263171
-0.158179321830294
-0.231094898222835
-0.0209755750101989
-0.250712384542086
-0.293271711295065
-0.231314406482017
-0.133248951645609
-0.0634157630235092
-0.342662323169872
-0.113149869568391
-0.186775652946705
0.030238264393301
-0.0287811632747416
-0.0159661017133343
-0.106638343547887
-0.0483134001991222
-0.177857845667694
-0.116627390378004
-0.167373189671223
-0.0241596401800243
-0.0968391022289932
-0.146252385256968
-0.174933175890707
-0.128398445885266
-0.151637715517724
-0.0811195490313118
-0.030895592649944
-0.0827999691761704
-0.268663480830086
-0.156513531411739
-0.211014901646955
0.00523791147034953
-0.114832119906207
-0.174964496127176
-0.181386053064561
-0.032773068821956
-0.0714713149769492
-0.239627371946129
-0.246597268616975
-0.0626939938728215
-0.167941777749266
-0.108545844350091
-0.0845380570490348
-0.270020131188173
-0.0450429925225846
-0.153013454013763
0.0159288162730458
-0.0263713107158554
0.0149815560761226
-0.0598945504123468
-0.169490898981698
-0.038031747369628
-0.0634076182304468
-0.154183553455804
-0.198464922111212
-0.185225543217967
0.0984961566547603
-0.0171644725158953
0.0223428155615095
0.214515802029318
-0.0847104908124785
-0.0981978974920552
-0.0605470486407286
-0.0955501668337101
-0.0830988362754678
0.0540715518389081
-0.049197579410673
-0.106543196707527
0.0402744866107911
-0.0554941877047246
-0.176751022040773
0.132679921213393
-0.0809448600013072
0.130082481184597
0.00926226777177012
0.0168754415446959
-0.0753140737618494
0.0139425209525009
0.0339407830405132
-0.0298197330584114
-0.0920781808652945
-0.1055797784199
-0.0195206085400534
0.018296624587413
0.0996887789657721
-0.0758018820509924
-0.0722941521170559
-0.0659453201076755
-0.0175446764005805
-0.114915825369657
-0.0507603358875476
-0.142372011165483
-0.124774570372095
0.142253580196558
0.0902614832611606
-0.104320934413304
0.133726132849536
-0.128886272920979
0.0316263867784687
-0.00835272799480066
0.0300892099560854
0.0640553909830554
-0.00575818633627154
0.0443161160348916
0.142574537697914
0.0646602475479435
0.0725530566777419
-0.0301215355626211
0.0974413308800978
-0.124925575747476
0.057852692445337
-0.0201406956918317
-0.0590371093995498
-0.007222445466087
-0.0460297761453923
-0.0680601760353189
0.0471319914033279
0.121145920711671
0.085371179457939
0.00474247819671242
0.0267182477203656
0.129261400701478
0.0387022338802327
0.0265623630721403
0.118393383539413
-0.0461346814268137
0.0980973129244548
0.0586405837199777
0.025342990195587
0.157800007237218
0.0208564721984792
0.0565393688669307
-0.0195531923855941
0.0486174649578066
0.10463240578753
-0.119636277588469
0.152411178938445
-0.0963492941010251
0.36611603310296
0.0440808740983376
-0.0735543204241052
0.0191018793527061
0.0509630390262512
0.237227827314342
-0.0220520593607294
0.114657065540414
0.0417335178994862
0.122740543254236
0.176426115650164
0.185930151749369
0.147090878391171
0.139827372220997
0.102572500487126
0.0870420476061803
0.000845845252867263
0.139936623388559
0.0999240445684954
0.222162468910063
0.0844002346153336
0.157234430361228
0.0177816977953031
0.0169317336631921
0.251401839437093
-0.00500067220293733
0.125756458445928
0.119978949329266
0.111339664635909
0.0531687160623761
0.148610766602376
0.109767701080684
0.305171089186125
0.129454297580313
0.273240568411639
0.0823181160223537
0.0725660530724886
-0.0550580964994051
0.086535458945414
0.185734348683671
0.220570987940683
0.211561574435703
0.071556776998064
0.210994981699512
0.211351751192567
0.124594314832608
0.183831516610911
0.153675415558063
0.182925430493433
0.0329898291090061
0.0775051225018051
0.232940827496137
0.240007985107146
0.197462441952867
0.374217590641629
0.278888618314044
0.0634277603048957
0.190105527871161
0.31302244793373
0.168410763494331
0.0816553729495208
0.136611542817826
0.14494256073382
0.203874770681512
0.260520898342104
0.15241903928535
0.187742417268999
0.182121993295373
0.161499507124764
0.187903101782186
0.18583976407294
0.240703808698886
0.388610535006487
0.231153147748039
0.24803129750906
0.28496865305318
0.199977540387016
0.289505183164421
0.107066440657372
0.346475114314737
0.272809896122029
0.184056231260786
0.25491945025728
0.387658536619085
0.254306515429694
0.197769833048936
0.327532894344505
0.29414878793215
0.295583201543983
0.281456212775642
0.321859959110492
0.351383645257308
0.298509516821148
0.158867726717448
0.376427830685088
0.387844748723272
0.377637130297412
0.344664594014132
0.3522903994676
0.121446437734223
0.326811564792953
0.256065600116221
0.229682149999259
0.388437684662014
0.323493485248187
0.150896100071122
0.338766965192148
0.324937694774821
0.356963411741422
0.218868511690036
0.27362473865314
0.299078805650865
0.318728046029691
0.243039196560978
0.435066768520257
0.121673601770936
0.229759084964243
0.333128362788324
0.350092079927568
0.405626609559753
0.245823679846587
0.388923838187967
0.313934421526859
0.255259062031894
0.250267209098639
0.38622393449774
0.319032822215401
0.440248863778665
0.308658313445271
0.501047141132394
0.410801308341308
0.236572802340393
0.319597501036159
0.373497481656099
0.268620451165896
0.407698963522971
0.449623818993556
0.249828198674351
0.243926529167105
0.459929689776466
0.403012856330665
0.376659498090863
0.432525386225233
0.48758740646321
0.546714873647549
0.350714307783123
0.36009372756352
0.263393957666603
0.387734618587696
0.506986641824428
0.492467845970217
0.330080540427057
0.470332767814476
0.399688663912463
0.485715807533619
0.455619205127944
0.37383308744857
0.315548925875753
0.460263621319025
0.473516943422413
0.212139474722782
0.364977322668569
0.443737979450624
0.276818492791765
0.386115706544411
0.464372955894614
0.437727422185935
0.431065605390746
0.433961158902888
0.387588449373158
0.526585101656787
0.396668017680629
0.48502650322784
0.286667575335337
0.487958915050871
0.347786760984044
0.492801988263358
0.406716882895114
0.436335139014864
0.606075560352886
0.271965004334327
0.492921046132307
0.457612745716926
0.587108288462367
0.535223971040149
0.24191478486248
0.480143948453387
0.341824107803168
0.293809061475806
0.420766164514227
0.337544598934146
0.420211510043157
0.501564682346106
0.521248057241049
0.440558747555593
0.521793329333151
0.517315523210075
0.467970043213248
0.444938697202207
0.46136113696803
0.655336984432719
0.570146329835691
0.494703337343468
0.581415078882215
0.587610649039705
0.505371144572911
0.557285452715269
0.609825694360211
0.562942816758588
0.473288400100027
0.542746653495066
0.413006163634379
0.45039356354231
0.642724996947423
0.577339821078785
0.476699598724789
0.533218376844122
0.453115375561412
0.679247767119785
0.49821112269855
0.545694186841983
0.54361189041343
0.607756937547072
0.505641734765288
0.51444260880119
0.508147388743884
0.584452760707668
0.586854739516413
0.569879917177483
0.55615205198999
0.644794693974112
0.592816643157619
0.529323633195223
0.496777851739088
0.559853204473959
0.498455586162253
0.45682640815447
0.54295202265453
0.65671018005525
0.573388122937832
0.655011637007577
0.635346561650096
0.615839731925038
0.596680638452488
0.611109130124064
0.520550717722874
0.662623966720866
0.594386749197459
0.665316844881848
0.627720418037993
0.578991367542006
0.619374769875752
0.737536876270897
0.640498752863715
0.462638136390927
0.6501992532834
0.542782365879009
0.59946333060732
0.606413731236192
0.65173175674662
0.557500915694972
0.708511530466001
0.503843811729103
0.625593283363897
0.511706967001421
0.567117530172166
0.602240828858836
0.487230000243525
0.677385425178115
0.570132750246646
0.589813918604292
0.720902566069222
0.693931644084289
0.649892195193523
0.823809522150718
0.680845340529969
0.606848638934513
0.627405382286011
0.691912018707011
0.669834922275806
0.65928723599715
0.812892625534345
0.531723411918447
0.623848783169273
0.652959938975658
0.529769674319927
0.733013746773206
0.797630551782943
0.694874257011293
0.674212959296929
0.676193430660117
0.757555274824211
0.758797809060982
0.735219672077797
0.648978495911592
0.687841365564797
0.684369499930054
0.770933139584097
0.64372327302992
0.539486043835755
0.606757512713566
0.771304168514701
0.819944365585996
0.800465602827073
0.647899706910066
0.578011307275954
0.798937948139958
0.72910749355672
0.742906771585141
0.636642400272023
0.747532668570232
0.829318027716654
0.707367484075106
0.562154461267438
0.677825914991917
0.76525115955717
0.700432938478013
0.716168556774289
0.788335820261867
0.693107869661914
0.691337373395918
0.805105418172222
0.71579215599905
0.624775736194391
0.68046966489499
0.666463551535459
0.552959109377992
0.799873580740465
0.795085493396004
0.880059021880486
0.627797415769904
0.747331944911632
0.749269409959362
0.743833387525606
0.752141132399793
0.680681675027728
0.609079963618412
0.639551771208524
0.700966516632132
0.824558836717496
0.832064817074371
0.813875260492872
0.715631568127219
0.706483730302845
0.768651972932433
0.715870055451069
0.817355068735346
0.800499473295565
0.703052625224719
0.808217147483634
0.833919272543465
0.939638522761374
0.735067426624733
0.696507316268759
0.81736859239036
0.759702041641295
0.800412793933703
0.747442656631239
0.872010491497269
0.729016462760479
0.898242281081932
0.864071715916056
0.987723793832441
0.862900718460649
0.865415284821532
0.854678585169255
0.939269462368111
0.901063747262776
0.929095747266478
0.868813449462313
0.902888824031393
0.797522265782521
0.818150370039817
0.971775889943992
0.802851229600639
0.848703761779108
0.777105082197462
0.751494142265356
0.784711152227952
0.821179336517185
0.871425847353625
0.785740969381481
0.776450751459903
0.853270966525517
0.936807497369078
0.997844860508288
0.758597802923836
0.867259293483626
0.791405709304161
0.830985215130529
0.895646827045546
0.875991047652212
0.887288535778627
0.907299033902247
1.00592096766094
0.840866989327952
0.991150055624624
0.816548207995318
1.07173918309571
0.973067427597597
0.743065011289134
0.947436022513703
0.815158498471929
0.98092211188193
0.8860688506217
0.996930845492991
0.831149289855973
0.95957476990787
0.727065187081656
0.844988086428525
0.876474692218075
0.925243157297849
0.942816541601574
0.803692607431625
0.823824994851907
0.979782809480404
0.971449905571425
0.824099771559742
0.926739247507492
0.936811035871298
1.03258064182577
0.942860902510869
0.924524093714822
0.961918545278197
0.957191951537178
0.796197815956217
0.983257264021027
0.954729859927135
1.01008497424849
0.922902829403791
0.953164504494575
1.0161955868691
0.948332710303068
0.870312316509322
0.982507286382745
0.947000017871944
0.816151691596309
1.03516595390748
0.888432103187144
0.989203717487764
0.901794601799929
0.953444317347781
0.995203145597574
1.07403841832478
1.02033822145937
0.934425686964313
1.08409361871696
1.07494091040864
0.982281392197292
1.06903367786095
0.933471197079056
0.994621377932579
0.943396353457028
0.993636696147621
1.01903895824208
