0.044586553119795
-1.1422593461831
-0.892860618093784
-1.04715643445948
-1.09163686213009
-0.855763693907581
-1.035186995829
-0.901083575745896
-0.936905449503252
-1.1698609537568
-1.0886554627836
-0.946823882825221
-1.0944488810638
-0.940794838775114
-0.88868087812688
-1.01672598630994
-0.893579278777275
-1.03482678122827
-1.12118787850926
-0.961488223614663
-0.907289269623576
-1.0007901368338
-0.814121298673498
-0.947986584713209
-0.93100029366156
-0.961963407877746
-0.966528372139495
-1.16270265722517
-0.945897849750729
-1.13222972510799
-0.849133852177829
-0.869398049970353
-0.804866187246507
-0.728764278442766
-0.951049234719695
-0.807811002207395
-0.893965301196519
-0.957515259480829
-0.900596298536422
-0.831718168512763
-0.826583946183074
-0.786411321841393
-0.969413651019235
-0.87743375203577
-1.08089670665409
-0.912989777550619
-0.845343978126921
-0.996542901781468
-0.876657053363438
-0.88327640227348
-0.819091365508551
-0.908175898943699
-0.84016546905849
-0.936445726010874
-0.853268173028888
-0.736832631068877
-0.903036126830986
-0.911727868428282
-0.693906770363245
-0.944716881914119
-0.820415688768704
-0.938143946462539
-0.95815163192888
-0.81974722343182
-0.796372823966121
-0.946255635426737
-0.93863960973501
-0.771081219157304
-1.01904528870256
-0.817677438755485
-0.869825479222876
-0.966685126356582
-0.762941344366376
-0.853122549800278
-0.834143937669682
-0.709302896730116
-0.825038845626295
-0.73767396972169
-0.919502186079603
-0.788430617719864
-0.839252608561602
-0.837171741409758
-0.898455957912303
-0.852570588972269
-0.910510728878651
-0.922294706352957
-0.904584079858665
-0.694722785263903
-0.763606529368985
-0.810213437448941
-0.805065209156938
-0.759830401748333
-0.798896146442018
-0.847190640950777
-0.826645391692107
-0.840608756997575
-0.805263487456497
-0.751397196598933
-0.741264578967882
-0.721223965288736
-0.652199584202789
-0.819302388674533
-0.891465494298321
-0.869515061126511
-0.744249487562892
-0.814421386904425
-0.795471236987253
-0.743524761402672
-0.674879651523381
-0.725711953395017
-0.66728681690376
-0.687567776283566
-0.830517238462454
-0.851324947458829
-0.713184690496144
-0.581004543797495
-0.815793470761261
-0.750396509609815
-0.803682874002581
-0.781238174678472
-0.814573752775698
-0.815858331420445
-0.927717057819532
-0.570345611734612
-0.804726493505472
-0.674056893327394
-0.722977944563367
-0.734290044940044
-0.671276670441713
-0.799235401815089
-0.619763013439643
-0.706826254138904
-0.720928875688115
-0.790679871155705
-0.875314407125522
-0.696250993678749
-0.726137478174355
-0.646273481840491
-0.722112885598567
-0.639904046284275
-0.755627320549869
-0.726334286807638
-0.727877971215375
-0.724601087951997
-0.808011841670515
-0.755869697302124
-0.790066595283555
-0.781655490110277
-0.643046462236659
-0.701122398434376
-0.607064083414726
-0.656584470706123
-0.736834888055842
-0.789758361372975
-0.682970186114163
-0.7703437020986
-0.646242661446771
-0.689271386706268
-0.786270364848006
-0.653960731491188
-0.65426462738231
-0.606790883779106
-0.628607809518671
-0.664469374924737
-0.734662599819497
-0.616579938054768
-0.777910035082554
-0.836201395514453
-0.696956915968135
-0.714810917964593
-0.606844405565206
-0.596339763427406
-0.716009483330719
-0.6827495324626
-0.688191518414073
-0.65772049372113
-0.786414424617542
-0.72129840889519
-0.651875340060323
-0.774103458308586
-0.59998891800441
-0.695209834253943
-0.575646736029574
-0.651786935889517
-0.551919900174742
-0.624440889367169
-0.640894802253217
-0.659570245725018
-0.666417977706354
-0.702962620346117
-0.719003873149658
-0.694675596385706
-0.662092477335427
-0.601479561479851
-0.526513067767548
-0.681725187623362
-0.715603185752045
-0.482945088448239
-0.584700439539773
-0.587267982952303
-0.639283989477259
-0.598887650466423
-0.53332160206709
-0.459226417347508
-0.62016537635164
-0.669895049039081
-0.641197920128684
-0.531349314371894
-0.628762634575695
-0.522166570705418
-0.501491285819015
-0.465003631666154
-0.531934195472298
-0.7043065092954
-0.501653946168624
-0.647747840531093
-0.42477888529856
-0.615967356907482
-0.50378124015384
-0.558368647754894
-0.486829655864607
-0.682180329195067
-0.695515895257938
-0.558122838524387
-0.498041833577257
-0.545832250765548
-0.54159230499762
-0.573927375434476
-0.576754303888969
-0.460787452505331
-0.604328002978136
-0.508643326851646
-0.600706964855258
-0.631768255298514
-0.680392663686073
-0.434258960977874
-0.620917875734737
-0.504721309966464
-0.652056975227568
-0.65247758556983
-0.582976547464555
-0.679613893877089
-0.354436789292964
-0.611809984081922
-0.455788028671665
-0.523120242426027
-0.52670266509972
-0.333970365626849
-0.563252590875808
-0.411230637578441
-0.543379963063714
-0.562275328684848
-0.57644908049613
-0.573940281492764
-0.551808945817285
-0.457776181612807
-0.453851343763913
-0.470651300680083
-0.496805434283126
-0.543647949004475
-0.513438053170546
-0.494218422878402
-0.347022266703378
-0.547814068958411
-0.511175140038876
-0.479233449270082
-0.496144727146074
-0.492888202292932
-0.48775459108825
-0.546889702334694
-0.417328108801372
-0.384059962610753
-0.608018960533886
-0.396825324830673
-0.520074871330576
-0.436206583351035
-0.39290383754427
-0.328276225395836
-0.487910137976728
-0.475806453162619
-0.545341179760293
-0.521891981111066
-0.513109654829792
-0.417333668930779
-0.425834601648736
-0.389814544607085
-0.436780153093902
-0.399440361199096
-0.439149818154848
-0.378657939219085
-0.546543059575376
-0.484727728496616
-0.530362699869088
-0.49117858781755
-0.3320566315509
-0.393144286266406
-0.420030511628329
-0.299628669878751
-0.301172161027221
-0.423393522309324
-0.428568771866602
-0.345573082743944
-0.349497805936182
-0.454735153699997
-0.247862310472815
-0.562839090296912
-0.465579106708606
-0.462097655565927
-0.416320480482564
-0.53079631689497
-0.496948036030193
-0.382303317324135
-0.368810952627503
-0.380408929120189
-0.243036218650411
-0.321902700948702
-0.391488343429626
-0.371150477476898
-0.427192178969275
-0.4563948666334
-0.308686494982301
-0.350544815117667
-0.358321595042016
-0.42458378233059
-0.171955425106482
-0.396561349058268
-0.366073358549505
-0.347227512324317
-0.25991053803157
-0.429891943639612
-0.331820698300343
-0.268279384564709
-0.405723484522354
-0.374995284016966
-0.30889419972065
-0.339084177465872
-0.381262796856556
-0.31722012724819
-0.271170993959197
-0.213590652173017
-0.322312935931157
-0.214230017102658
-0.339155727331767
-0.37248024256195
-0.391894853699692
-0.269714048698179
-0.37426921908797
-0.380730783051169
-0.396312051412021
-0.235212618951122
-0.339349865265529
-0.242193522607494
-0.376362965548736
-0.29366277975894
-0.329867687115195
-0.255053766051088
-0.202830766155325
-0.208986842028022
-0.31066031493191
-0.350093937769048
-0.329612614948555
-0.331182974225811
-0.21287861127381
-0.275565488992563
-0.375009037285415
-0.287927936076519
-0.244727101423621
-0.260878813347344
-0.222717931121864
-0.20353962264781
-0.20023462920532
-0.236012952975733
-0.158090281330518
-0.380538963558876
-0.199369085164579
-0.376939793206576
-0.404821246132943
-0.250146183405818
-0.22192265910351
-0.284763860559956
-0.166090558977575
-0.185908019575172
-0.119062258823473
-0.335684617128814
-0.187435425280333
-0.249169655841167
-0.40896392874976
-0.303401507620021
-0.356271460778434
-0.202093402664906
-0.245374425926323
-0.158410742412941
-0.237947100027303
-0.0514969540419491
-0.313404509418046
-0.330447534443658
-0.200782997150456
-0.217506416710596
-0.310323174855885
-0.104384014007999
-0.228471068464604
-0.103047595912115
-0.230767402862643
-0.182213620493875
-0.185428120046885
-0.272219914730986
-0.174366555012367
-0.109100043342198
-0.234707308273408
-0.183588313276112
-0.164737986537822
-0.204233739606046
0.0125740491861773
-0.141503929053259
-0.168422030750474
-0.152688219127503
-0.218359555680729
-0.125187545344641
-0.0530271204464548
-0.131890515758273
-0.244981900855685
-0.105044583012861
-0.0461413075510962
-0.124844288287127
-0.193766679838423
-0.211991273628217
-0.189886441424053
-0.188938091264858
-0.0969063088697272
-0.0946342220767663
-0.190030189618957
-0.127372290339198
-0.0918758384579061
-0.0069493881412485
-0.090980924825058
-0.11155120084036
-0.173373676300248
-0.209690088329268
-0.221664676985728
-0.109041524672122
-0.212345918917855
-0.120633581331795
-0.278264017772837
-0.196813655158949
-0.112891578283606
-0.128859271000539
-0.0513730030299606
0.0606189797211269
-0.169144333641932
-0.0368894827580137
-0.0443507126267934
-0.104743802981648
-0.179974545053511
-0.163866262362566
-0.0947536039003316
-0.113684700355293
0.0535733553492755
-0.037317712654373
-0.167519010839138
0.0203102629251694
0.0339360365261195
-0.177049672120923
-0.0335065769496533
-0.0652242480102123
-0.135720324803927
-0.0866654230535663
-0.150544133601361
0.0201728664721546
0.119656970690723
-0.142465649402156
-0.0353587426550575
-0.0746088936724669
-0.114612546455255
-0.133862977204204
0.125246912325983
-0.0691844549612829
0.117692474839614
-0.0410609074924555
-0.215105614197995
-0.0754767526279328
0.0714775906953887
-0.0354287230713055
-0.0979133885133338
-0.00565414201305189
-0.0238474551181712
0.0157789824960233
-0.109552714222288
0.0581639555937051
-0.0547059877169413
-0.0460368671335184
0.142468825649853
-0.11283063534882
0.0364835684982086
-0.0304841718795847
-0.111263265110313
0.0852461636607958
-0.0151055043014753
0.071442664273201
-0.0216011352874956
-0.116301536743309
0.0438648379559626
-0.10468889617951
0.008458107527841
0.0183868240492602
-0.0646521033476376
-0.0606390609543475
0.0498244578097513
-0.043272402009549
-0.00294180223041205
0.119370155483949
0.0552598679512185
0.191385312226589
0.14736952216248
0.12645330006978
-0.088727193585942
0.021595711829136
0.0197536526941501
0.0861612818831692
0.114736659523566
0.102652905889665
-0.0288742228638753
0.0188146309017805
0.0687886910881909
-0.0291375035664121
-0.0229664440825636
0.0453444400088892
0.159513497842397
0.167781630044817
0.0505855596960888
0.142061486488888
0.0218242927954539
0.030417850845107
0.0982353602060572
-0.00725169081416103
0.0949467318999749
0.0211604659767988
-0.0421631791271444
0.111166453777657
0.143807657121178
0.15372183982074
0.0234121063333803
0.0133925162360686
0.0704321763070734
0.00620208021126047
0.214255378271061
-0.0242850727123746
0.108213016873801
0.197020801124667
0.05938310671186
-0.00105823904773868
0.142007925100308
0.0811007021672136
-0.111571479620118
0.0169091918891608
0.175418037538511
-0.161347493280962
0.147296484002052
0.199548873844817
0.0502596258007009
0.106069600587865
0.203892525396421
0.114198761289892
0.185095158064974
0.21377618262346
0.0930049990250849
0.217457170266682
0.106240386225498
0.197833342899336
0.125376906365249
0.0554883955407963
0.266878642000149
0.315021584068419
0.0730924144911594
0.191939909664898
-0.043744217935957
0.193650008173767
0.106853536624729
0.379074031575335
0.163243901727712
0.0107897752490018
0.158809595141364
0.129723342871785
0.0335843408835374
0.0477105573344308
0.173003203434006
0.203658822781916
-0.0208187055675203
0.188049992680536
0.228730727684126
0.11259068367596
0.339264304570264
0.130868110117648
0.269487142231973
0.253088190028124
0.0797718694017402
0.0914588173928273
0.239945229583371
0.166758858456763
0.200723365829739
0.219943155244107
0.251428985268169
0.237428876474802
-0.0468975432736711
0.14239844647922
0.146397941209657
0.246901069370421
0.123701162688261
0.286160752170633
0.240898095364269
0.178404953599191
0.20915694812002
0.316953647197419
0.245244089341167
0.148432384207892
0.0588220411543848
0.216333511435496
0.369527410963527
0.128951357017067
0.0701098337718669
0.177136871313457
0.228349606845196
0.23840509388545
0.262731570205161
0.301785986025835
0.155689062899875
0.206622096256329
0.292757411393536
0.219884530975848
0.129484966725077
0.355285595036447
0.234871156455668
0.33397699453902
0.29983490140166
0.262565160052548
0.151234044074498
0.332217515597618
0.154084219629714
0.271929218429593
0.243973360660283
0.197694004456663
0.389623988582227
0.251753778939143
0.234108590853089
0.366513308561251
0.317269450142735
0.0466801043365424
0.251929133608779
0.358742814255083
0.351788520632687
0.249512813460463
0.179873017155076
0.322007396091849
0.244340304618968
0.331209147475396
0.349485381290728
0.34990195091388
0.340742690527848
0.448096408223629
0.304879519051135
0.422444262584859
0.245447782542035
0.307736355241538
0.390450783349672
0.341095146979067
0.294785728638636
0.177066299064619
0.264633675090135
0.306766404793977
0.292007740456807
0.362203689841972
0.346553123427857
0.37042093706513
0.210817709851333
0.492468062243461
0.36604111469217
0.377906675744586
0.294329562325312
0.329413368554305
0.493625715787564
0.392599100539216
0.435590537696628
0.322305624676526
0.459447609067066
0.289666870927112
0.489819229123594
0.289486364290319
0.349517503087816
0.324326475009868
0.2276599606568
0.495288261956123
0.385963195034955
0.426141490343022
0.558744784868578
0.514400472803173
0.460613088745202
0.302071596936935
0.400512192234556
0.35475216054535
0.416791623779906
0.285989738949186
0.46135820703285
0.379123178687254
0.369285060793226
0.56285308249475
0.4352811132666
0.513374314188801
0.369392374680424
0.367658783977082
0.45503145664514
0.532380246279894
0.473141074889588
0.407288224004705
0.461627434825615
0.436281967711105
0.370677695442609
0.348810513990774
0.428546402204686
0.525106142204883
0.576834886013083
0.379960064478758
0.457833834838614
0.405229172384948
0.36647480981231
0.609601470308601
0.432727094232618
0.350084687394981
0.48684197623815
0.462894174952365
0.326728235637174
0.507965796613056
0.418467757155944
0.344512428799325
0.593810681728394
0.519871133579203
0.449943746058227
0.511848019409095
0.489919646674316
0.569484582698475
0.510867787379037
0.370853976225097
0.427695362328163
0.514186223657293
0.616797367768809
0.620271516914652
0.468061063473422
0.604185914722494
0.426960855461506
0.427401506173692
0.518527393371025
0.530881886083285
0.391875348695455
0.369522564919506
0.461093280650835
0.57068951391573
0.673976911154295
0.517825405302171
0.455565455048834
0.601537375971197
0.546404590165443
0.605132082329353
0.553108875792071
0.599566383808731
0.464090705438864
0.573799962312027
0.506057500539941
0.425665919081581
0.573435599780058
0.519587865945277
0.303654298184464
0.477324848167324
0.516729404230861
0.564403725979725
0.567062995778225
0.510342321572519
0.513970942962153
0.491059577305753
0.471535770383838
0.645301381776786
0.521436738850425
0.623857294230496
0.650200095057454
0.736121393309736
0.567455011485457
0.526108392035126
0.726818954093337
0.447503260622042
0.482642539423809
0.526710246401067
0.696553908207121
0.421847775873619
0.58047564572239
0.594423730810689
0.611145458973958
0.700407904926989
0.593183303759939
0.524532532045399
0.570560837213933
0.546521736684133
0.695726310362615
0.684161771521417
0.610206821237311
0.759448395208407
0.601384453338787
0.601172929045583
0.543402389992429
0.625713437134016
0.388954857847181
0.683423809062202
0.622803762144325
0.521075394912343
0.557571556150727
0.623414371211043
0.639181226835124
0.531225865720332
0.63558037074156
0.684474625718967
0.583667459799829
0.687759003535217
0.518058635988783
0.669932680431241
0.638724402210483
0.489071027142949
0.616241285908151
0.639760820900205
0.724086411076301
0.642604713485545
0.610370350920948
0.625302134356588
0.613470944222939
0.612435358221472
0.734032096553688
0.676687117741744
0.619112142420033
0.59993378001637
0.644036435246544
0.702185984113375
0.693067986448698
0.664079088228228
0.670893725461402
0.76410847152863
0.630432021877266
0.660946410136911
0.608873314388123
0.658767136679213
0.650416934418417
0.633911022860853
0.727988683077992
0.704388480524252
0.713156408917634
0.629085891980997
0.588181896490431
0.638614462073248
0.806496180275543
0.734085676844689
0.699362380874324
0.785593557460016
0.757000681798378
0.682564079585819
0.678689374289273
0.766371063088127
0.661574136197153
0.729679423218266
0.794464355538016
0.746074622272584
0.771240704262004
0.708075428931845
0.869617766897495
0.571248883268609
0.700193783743621
0.854668208333246
0.645981240324939
0.784109875101592
0.767492318716371
0.651801710294948
0.784551120524941
0.895860301003264
0.661420596790688
0.716041637180745
0.654706209146512
0.73240340405888
0.668064742682638
0.637294782488738
0.827622339153718
0.739181519658808
0.739694796997801
0.886905535188015
0.839107972519835
0.828669383802269
0.784841991405864
0.878776245871417
0.760131583505008
0.837434143941204
0.794708666398927
0.717310182260011
0.863435739323211
0.879180644101548
0.711048720978559
0.858440601322907
0.871939205122658
0.928875215157421
0.755847887651628
0.843897061626343
0.805323612026709
0.826366058248109
0.672703499205169
0.868812828516316
0.771275528335851
0.89898737037237
0.799304308706939
0.776177725380749
0.769560069994545
0.915902934463403
0.62222849711023
0.766928616762655
0.826955693309799
0.623178103034963
0.866036054610105
0.842522341346622
0.941704777053852
0.791062804319029
0.790136359639836
0.922829239446647
0.841753280674078
0.832348915319562
0.929004521456051
0.912766375567549
0.622238796112441
0.755293743149812
0.841793503750685
0.938603380197142
0.943545906440088
0.935345896248672
0.878612712618217
0.790867849013872
0.886946062399692
0.825793375499032
0.897757881465489
0.761625078128822
0.799875099129083
0.926132865932447
0.893287812168746
0.855554824377139
0.814060785352825
0.965521643673837
0.720869517892406
0.837765253865211
0.782229556469332
0.904904140245495
0.870005504388194
0.952065580694414
1.02725137454277
0.94067971552547
0.836839384372805
0.92975323328846
0.969503633844503
0.803067512922085
1.03128392518259
1.00465794284049
0.855762559032805
1.05177188568277
0.88765734992145
0.890734240965188
0.94174025199993
0.893950250028125
0.965204698656734
0.931112456843916
0.848709711910416
1.08062022673664
0.747600802846295
0.774062275395817
0.776448695528277
0.894073583739693
0.869519192760666
0.873322067046819
0.940555555652586
0.962447505234912
1.00218405680416
1.01852498224258
1.04253580719325
0.847676446277828
0.936355838892705
0.995387432034563
1.02413250059424
1.02211124793357
0.914343023147289
0.937692541143398
0.885838452054809
1.04176349070123
0.937026972363872
1.07385283726749
1.14373950067242
1.00078702098061
0.907802101024306
0.903796927786492
0.965900219187487
1.05413008509347
0.977973260808767
1.11319403024861
1.05210441403253
1.11647704415027
1.05278170194844
