-0.0122249227602291
-0.996162697156415
-0.936876118718065
-1.06940054907206
-1.02249241154477
-1.00902568799833
-1.12507353462028
-0.967610631808066
-0.947995228768577
-1.17482705887042
-0.931637893484849
-0.898452409862918
-0.968427817698891
-0.991727502629357
-0.947367492183662
-0.94693259437784
-0.900059714418138
-0.954470239385954
-1.06795305768085
-0.99363471288196
-1.10704881257068
-0.965217576834072
-0.913398460140081
-1.01747300158099
-0.798810612858618
-0.816763035343233
-0.942727576070347
-0.879888917538227
-0.783938648067894
-0.863128962291515
-0.820424062705754
-0.939803958250841
-0.744721765539292
-0.900166895424846
-0.95505266238294
-0.897425942422727
-0.883600322816823
-1.02216912392652
-1.06068791057099
-0.968479279283005
-0.836083117977474
-0.941741519547808
-0.935111661047045
-0.953727517474376
-0.864188778701126
-0.987495762673228
-0.990110668637204
-0.951406701574042
-0.77248840423722
-0.963644413820415
-1.01420717099718
-0.813971689729676
-1.00192717944978
-0.820342002337862
-0.826018344553291
-0.948473593009574
-0.883174058225472
-0.898262522995955
-0.98076270791396
-0.928726711886227
-0.849045682710076
-0.846285914220213
-0.821118166867998
-0.979255748772509
-0.92542144389503
-0.7563988819314
-0.895437272381784
-0.779328943309934
-0.89487819247088
-0.768390964232574
-0.779022787469574
-0.955772276115388
-0.783547432494792
-0.858213112835557
-0.657712951582464
-0.723243631411516
-0.958831055262963
-0.809829052374956
-0.867228969712849
-0.868263356657317
-0.853865607524528
-0.734347445404869
-0.93189749154964
-0.986975000680911
-0.811008578944868
-0.787910721708976
-0.89758299341809
-0.779531013673661
-0.812460837668778
-0.75058339225213
-0.740158249785571
-0.705983155085502
-0.804314249099169
-0.755767258372207
-0.825294588147609
-0.758504604337887
-0.846604709044927
-0.773723696216259
-0.890660655450485
-0.833970643476837
-0.754976768379008
-0.912753674360455
-0.636768547082903
-0.730819950454475
-0.785750628232556
-0.809979057547433
-0.891038391179591
-0.786437346704656
-0.612285452807105
-0.741072459141078
-0.835749037487506
-0.686152739527719
-0.644970211104412
-0.670714745801558
-1.02360303939628
-0.677009291154767
-0.688864846260533
-0.824313973823186
-0.947087490079102
-0.708376584452221
-0.748342221615811
-0.760173477364122
-0.757543271940011
-0.689912569786968
-0.833314742340702
-0.704632602270497
-0.618504095608144
-0.751534654211346
-0.640442708449007
-0.876536054865005
-0.793258233555639
-0.731211686835407
-0.787735818150281
-0.84903561596558
-0.651195024465628
-0.588818154077326
-0.847947239842711
-0.800604254490021
-0.822532076659566
-0.767090888865452
-0.795309987131744
-0.806571487905957
-0.750557535048063
-0.678696914205041
-0.663730125659417
-0.709696797536723
-0.594656853193843
-0.662804765989633
-0.783652991132087
-0.759250568277929
-0.665174893002116
-0.671863490108406
-0.785654927887703
-0.61488429106526
-0.63468187657702
-0.818931268054718
-0.678259123278149
-0.805980037386838
-0.559276204468017
-0.760623149320378
-0.663150716656287
-0.769129935103778
-0.734226225136331
-0.619769300112432
-0.807821569096236
-0.557282429625736
-0.676084111035955
-0.628702883008912
-0.688027407918524
-0.723098105818111
-0.780377613309208
-0.633897303096565
-0.667334615151425
-0.598441298960285
-0.687024464009906
-0.603417528006462
-0.637877928908064
-0.687313555867824
-0.617512021720009
-0.657632333015389
-0.613781914560177
-0.625105988869491
-0.785738076145339
-0.508193661195651
-0.563862685701743
-0.603419784709823
-0.624176454248818
-0.517046450886052
-0.52379469405049
-0.663366116899945
-0.65705134464265
-0.618781054133522
-0.643029518084477
-0.668936362952516
-0.594006994952588
-0.486836444240612
-0.477904013771032
-0.693935819810267
-0.610284429885947
-0.585051259063775
-0.583099699793141
-0.459449943460553
-0.722685284362988
-0.607711584895674
-0.74454688278197
-0.675720173442494
-0.619695298046777
-0.686523996664295
-0.43723350306204
-0.549078500516779
-0.533046081674599
-0.417342279913754
-0.604398753411601
-0.679695513080148
-0.685239482687018
-0.521310200778093
-0.535770661570433
-0.514701252078924
-0.576221138828243
-0.557343513883251
-0.497313126551306
-0.465336996748516
-0.641576310987084
-0.612325858823174
-0.504843715794218
-0.576470988513087
-0.527470332221075
-0.550642445230104
-0.558083139442942
-0.524073782718242
-0.539069631299779
-0.55827269948504
-0.507631191790238
-0.405072174065094
-0.65575477342456
-0.680493971079351
-0.506613580857164
-0.485870029176492
-0.533394069358864
-0.553605811238044
-0.375660235409947
-0.492812257792532
-0.430500213089992
-0.448155666132605
-0.423543793624387
-0.516702684509561
-0.621964465755179
-0.41378329298468
-0.421139797050352
-0.461285632690603
-0.461250682329498
-0.519588176466972
-0.635326985081806
-0.467042901767478
-0.711085866499749
-0.422417054752079
-0.55165926541371
-0.324657516191439
-0.549780588288311
-0.44899066860533
-0.348550207918964
-0.483369474747759
-0.466215282403103
-0.401136893361387
-0.575339179535329
-0.458988034642215
-0.488221895362265
-0.417906778535381
-0.373383604756822
-0.452034722206092
-0.331052821697285
-0.511507221859726
-0.515876091908549
-0.561464425812579
-0.640122838288653
-0.512431175956835
-0.419876478194556
-0.524587672948768
-0.213998369093605
-0.427285046225101
-0.406752554759644
-0.496404611399022
-0.474364533745642
-0.366902406260326
-0.458454808601019
-0.494574825249622
-0.39130433473051
-0.509882010738495
-0.499989197590378
-0.571119446201253
-0.277903874886992
-0.463281323878987
-0.431562270513904
-0.413177768527421
-0.514617904812975
-0.517131540507872
-0.38113733400702
-0.420882897891524
-0.268365897782678
-0.473574253793502
-0.566404313131403
-0.476772854742969
-0.573348335917261
-0.503633178022557
-0.459624887900596
-0.27643807078451
-0.183600292777484
-0.364832621514506
-0.490610693611267
-0.326511581416506
-0.27109545811919
-0.433361578935455
-0.408267487692187
-0.480584436368139
-0.455360240409724
-0.317346691352425
-0.418366429046766
-0.295856442513192
-0.226094115515102
-0.291092815257873
-0.568392641871987
-0.270775502779461
-0.272630681783986
-0.353652509660419
-0.489329673470136
-0.240542555562687
-0.361004419080803
-0.365954622748592
-0.223049654823553
-0.394493383071271
-0.32883096799112
-0.286979314480765
-0.389026293935974
-0.349479887840247
-0.349687059989958
-0.225193841387767
-0.381823669732579
-0.315381368609179
-0.317539789309716
-0.225178436507436
-0.296888758827669
-0.395615983574113
-0.339076043307256
-0.481668459180246
-0.266603468480588
-0.387530323134193
-0.229878322191954
-0.301342768763375
-0.331294402498273
-0.31006520183901
-0.288378419612975
-0.272371478673307
-0.313041046968435
-0.408199827603157
-0.373446285423013
-0.296576531841746
-0.234537036033839
-0.218961894032009
-0.479347926161369
-0.336753574092177
-0.367842235313275
-0.351487306603847
-0.137515828784623
-0.322225449938877
-0.509737598757858
-0.224309959559091
-0.298941749205348
-0.342606354939738
-0.225928955616972
-0.187750812946468
-0.322637340325974
-0.119184405457116
-0.371250895922771
-0.239766026991087
-0.176600518696194
-0.270886324118523
-0.269629395965886
-0.205848839095706
-0.262750073776239
-0.165790723214577
-0.0947955800710646
-0.25099260292901
-0.165062723085211
-0.338636771554556
-0.257479816719195
-0.285724214765728
-0.266011713849503
-0.243324745757983
-0.224856421614165
-0.393360424520631
-0.123724718757379
-0.261295337022463
-0.203035558075211
-0.0608967454292934
-0.153008557305187
-0.164138010651814
-0.265470144694177
-0.0259095306090469
-0.184910097098766
-0.29405734095546
-0.100647764412296
-0.151873938338796
-0.278539423502276
-0.150454962018373
-0.266797494482674
-0.187375480842029
-0.326736545853232
-0.217266185053337
-0.188005694833583
-0.178020257851336
-0.120908470241944
-0.14146451134845
-0.159669105804843
-0.248623471856862
-0.0900275119519631
-0.219021044047728
-0.0534803295519894
-0.00221293689088953
-0.301343095157085
-0.133434865702237
-0.171188519280769
-0.191631708799992
-0.131605219330535
-0.227089776409926
-0.150550371533311
-0.189536233164557
-0.334907075694658
-0.0688998055820964
-0.120297488845724
-0.197783713950382
-0.165174361542825
-0.111606569557724
-0.0968629245681358
-0.162670543707704
-0.121445776218094
-0.0934681759786525
-0.0853095614500557
-0.123859088596525
-0.0818541308444761
-0.242534086024951
0.0289574013914222
-0.245413576005924
-0.124069429025217
-0.0850099772661555
-0.122557403828722
-0.267799202466626
-0.172069066029688
-0.0623331326225134
-0.133109804835526
-0.240864292177945
-0.105830778376362
-0.0340088196377108
-0.214248845853547
-0.133331422127456
-0.180423098331274
-0.0632423433617447
-0.0785608984029169
-0.183008376555906
-0.0188503556701483
-0.0686273435303936
-0.0367096593340032
0.00216689697288025
-0.126263382674513
0.00189967755672144
-0.0638501633699564
-0.210852322746996
0.0631633094951578
-0.191251738125061
0.0108498620863726
-0.137904482681521
-0.00932084934782836
-0.0331683577913191
0.00767258106387354
0.0142491032708067
-0.0109992961140923
-0.0615038350675345
-0.106520365139698
-0.0548700507947178
0.0618108414934408
-0.0302038542585921
-0.208836350946165
0.00241443824320905
0.012124680922126
-0.118446270184109
-0.110413058605284
-0.00181319647045781
0.0516986129053796
0.0282765316336266
0.0468775737570594
-0.0386030338369051
0.0911579152421281
-0.0732464556144966
0.00255812853664124
-0.0892391463450815
0.0299802770392701
-0.0148926218857845
-0.0908901280801367
-0.0470386021419865
0.00400030929802898
0.00528512097301521
0.0405260312322419
-0.0921111731944912
0.0586599955900276
-0.0443009818382842
-0.0774686322920573
-0.0841819960341201
0.0314688356530371
-0.0201422005431986
0.0412332401391812
0.130658265051623
0.00778726670674353
0.0797713763287642
-0.0324155406971179
-0.100021246161168
0.0535201440207651
0.0824490517560026
-0.0124830206800095
0.104823118691162
-0.105126640289181
0.0551615873137506
0.0249966459181106
-0.0294385568747975
-0.075125299131535
-0.0285245460568914
0.181944941172695
0.0890951148807983
0.0207665547058002
0.0446648082857981
0.031061166378225
-0.0945947228069811
0.0198829569578612
0.0912622548058819
-0.0557055217237287
0.176220397993981
0.0616798551849761
0.0787556779840693
0.272583285177887
0.14845755713805
0.104934105134708
0.0102141470874863
0.0403750063747448
-0.0190912483064234
0.0789383760273685
0.119351722567889
0.0649436335615444
0.025016469113412
0.141898859921442
0.0795763200017904
0.198604399990379
-0.0907537728304724
0.134706395449056
-0.076877152172205
0.232683220129168
0.109560463058525
0.348791035349168
0.0536221057295717
0.170661121938458
0.138193235274202
0.143474716567197
0.200582790186648
0.158416783059057
0.219411305276354
0.0716996025897207
0.0745649603270324
0.048173843272724
0.222632900766435
0.137075890998708
0.233647788560433
0.202322526910481
0.145560699651677
0.1724790368502
-0.0913860599759805
0.0797499997436537
0.16481189765429
0.0743863185809369
0.157551478289309
0.156446196147307
0.231797837659806
0.137582014062508
0.292416397671227
0.108941332834054
0.133773573829826
0.0654714227873791
0.00949916783287745
0.147615281210475
0.154623648148372
0.178951080959242
0.202131567459847
0.196260995328884
0.19492986907612
0.229185872213493
0.103501918799157
0.238640913115238
0.28528271158464
0.112762634869855
0.111145489493515
0.0215032508609323
0.289217591895453
0.268541519679108
0.248755580132712
0.099792042213511
0.0431209912210415
0.178136632625194
0.192371270388428
0.134282653349442
0.0904906199455144
0.155872468894451
0.26701143951654
0.151353425003425
0.330105651334329
0.327789695468549
0.411981693245462
0.210430212933538
0.29608924106312
0.288490964316436
0.224784913874227
0.138702321906504
0.185328849210597
0.256332731383701
0.318824357269463
0.203085266802097
0.353237126049264
0.313221716833881
0.150962997877143
0.198896718651825
0.28015708167671
0.290644074517759
0.255173078190579
0.385364543925407
0.244435416630529
0.163340196118147
0.338935640327276
0.185344566042966
0.319770575173845
0.266036340934414
0.147002548145468
0.232296330804882
0.374868834444906
0.271330672505621
0.242067542465039
0.312739283184615
0.286576974799633
0.179017999227595
0.266482240933753
0.35844856479049
0.203531447300674
0.252479602154894
0.287720843771511
0.223553064349924
0.215870335035028
0.356693594363911
0.277000238544492
0.337541362661979
0.260881974738218
0.434302841299108
0.19835330209993
0.302067349133545
0.41183017456882
0.229194721576555
0.220532363022108
0.403148335234435
0.445481663398864
0.207484178338671
0.311207066824899
0.285696974256135
0.448395112482143
0.297016931970714
0.35241999659278
0.302947833281182
0.425648721857963
0.476931814865977
0.231121290371232
0.320087273261474
0.280581179150936
0.368911826558059
0.380591384925081
0.41413716990277
0.377920779969015
0.368518174781104
0.470544699149188
0.291115803036257
0.343923297685782
0.291594239076191
0.394057850728983
0.208662404856171
0.372905658158717
0.489060953801282
0.294846747987826
0.490201036648607
0.405867943513759
0.448224503128758
0.216290874878069
0.475974378349786
0.393000530741575
0.465625201443174
0.394631721910832
0.423865590758729
0.246587462567939
0.470199072225342
0.442904935989414
0.445621247095346
0.36627992816037
0.48787480038499
0.501778821207944
0.359042395350598
0.334594333951719
0.345651464434835
0.395308129168373
0.446478245539777
0.486951371246241
0.407677220468807
0.490564142761183
0.380890012451536
0.431884969974017
0.386128589918189
0.36663643099422
0.594174834022168
0.465975811808914
0.410418405320243
0.301158637506386
0.416934715695469
0.483309765150793
0.436074550350672
0.334504099188898
0.357967285987427
0.518115481196805
0.409746461614615
0.477685476931955
0.435458520234124
0.383321497447791
0.417025912562005
0.485395610644189
0.337492788929664
0.614031848634924
0.495101122334276
0.279473562371693
0.540280519063606
0.462253588460696
0.603826261622801
0.539493024726049
0.449111913177776
0.499449647235937
0.47043365778858
0.448043130440523
0.369078495047347
0.462272052191501
0.400476302215604
0.672934378739591
0.452174568852755
0.489145785883713
0.489415065073202
0.443003922817211
0.498419387267668
0.342509083116564
0.553741862370322
0.41294985655029
0.562602017866525
0.62568836402547
0.553124141312576
0.370008655537308
0.673427235780708
0.665608252532038
0.49372612550947
0.526041093017991
0.596354097079838
0.478112883716972
0.579316190476274
0.539200874522617
0.420117493946431
0.417895657787497
0.665094231369415
0.392104520817239
0.691466621096588
0.364203564629801
0.421569674393561
0.529162045097621
0.718312779038632
0.523097952154944
0.562637561110764
0.508410415112747
0.632686328496402
0.534112874737498
0.494762987941688
0.504210273939271
0.534978266085067
0.648329343165151
0.508860254534405
0.529970082719205
0.531567927062715
0.662089848071771
0.686132108912767
0.834996747564748
0.596944470783446
0.511130837478539
0.58667865108945
0.447700131928246
0.582374122418956
0.622997530735087
0.616227129697161
0.757954343188083
0.507642890798222
0.67913059930909
0.582969636938943
0.374603073883637
0.504057929834527
0.677347732105699
0.592076444306523
0.632301401996135
0.538821809957499
0.639196876899602
0.520533762954728
0.715358818838126
0.826435764186514
0.623018755279694
0.584791210344211
0.564303743597986
0.50980649118594
0.726190568637999
0.430801965241099
0.528119677478269
0.757800423547173
0.62804155412019
0.545044256626126
0.628009496269287
0.685051774014994
0.610015944892856
0.557103701338852
0.688717738166159
0.681114564940107
0.613679298075964
0.644590401804573
0.644051766312738
0.459292183753724
0.719838452688517
0.674662093335386
0.726423199477733
0.587468753349535
0.749175996186751
0.613710682541937
0.617016112282373
0.666510772716795
0.680839598869378
0.792061195418359
0.718091608161354
0.592031084279259
0.643896057391038
0.740713193062595
0.662108360357451
0.654619615047625
0.627923418932021
0.837756852787426
0.652587166250165
0.588210298958706
0.680253794166024
0.681675606873742
0.649045150140788
0.618578149030861
0.637707532116362
0.781311391397379
0.698456309007725
0.70193433895363
0.791797144856461
0.752091454962147
0.789619470387362
0.828159834387225
0.776126901006692
0.633749872074527
0.68768049521374
0.691277715570818
0.677371413598548
0.775937104073864
0.68225286738107
0.624389678993812
0.957132455509564
0.717199303153517
0.850645284149423
0.768282691626704
0.663854258221853
0.65493981463353
0.69297108813231
0.775050432806632
0.597975782300881
0.788737417364941
0.699995158439993
0.686574843626017
0.688964065839662
0.843149329444268
0.835069086994374
0.751987780984544
0.618660951636914
0.73136370736201
0.801595181726691
0.685777362179186
0.692226967424693
0.791292335654101
0.820114415871994
0.741195243840667
0.766119191959609
0.764222341982823
0.843627034808735
0.801176510109971
0.8996599501411
0.783963885498897
0.69811859779408
0.794723828975786
0.908046919130666
0.868696442881483
0.802408220920027
0.677068309886541
0.790857751842376
1.03491072444918
0.709511402430554
0.600327114344546
0.83221909383248
0.882848843885412
0.924291805612636
0.810569219974046
0.801697380840466
0.819304726899735
0.991685736424205
1.00614249874515
0.668211565470501
0.804409994696526
0.942544442068064
0.824826527492838
0.858806667908317
0.827042222468254
0.942464600267704
0.921333319072135
0.757916600761008
0.779799420746195
0.896526769081514
0.811960765391732
0.803972897584356
0.931444262578201
0.914945715019555
0.861084472850581
0.709592417865668
0.910080570599183
0.746783200892466
1.00620213463168
0.752767270594667
1.00966739604841
0.905246710577107
0.963802602100142
1.02132791344485
0.9240323738802
0.914537622730186
0.890665780937429
0.843261123602074
0.845759504390099
0.938185612581018
0.950061560005001
0.821784353738974
0.790731003195251
0.899806944390769
0.897877548657916
0.973894638639113
0.958056878927431
0.979423193561688
0.832843142784224
0.958651206883975
1.07042343483617
1.00269143319685
0.924005073604662
0.92148141635262
0.985201643957476
0.903796726973473
0.94310315482883
0.962085919150026
0.961510077854235
0.971489276939158
0.974236523692218
1.01160328434449
0.964856910980473
0.91560054116066
0.94878862598188
0.951068631552502
0.916344137634926
0.913536416122335
0.943550615127235
0.910195628209343
0.931375337844275
1.00449094809925
0.990900101974783
0.879247570968254
1.09550279998348
0.944017043557722
0.920713892374072
1.0831212394351
0.963035379000164
1.05451112636158
0.962065604833962
0.939651957683404
1.02292947505331
1.00950306159799
0.951693856122339
1.00558821466321
0.760997297928747
0.961246312016102
0.956137900103368
