0.0727604542953084
-0.927304077894435
-0.922492863229995
-1.13681043410131
-0.956829620544245
-0.998794932976258
-0.999487759253034
-1.11889860381147
-0.828607481305123
-0.976955563770232
-0.956970244059151
-1.17513848674754
-0.977681445889757
-1.01987656977931
-0.982619234625189
-0.888483969654089
-1.08528349774057
-1.05162795513051
-0.839654901420809
-0.966564598519466
-1.08790542381319
-0.868705994297359
-0.995651432371897
-0.902887700470398
-1.0101061161146
-1.02931896318933
-0.933624723230265
-0.896795443853034
-0.90473179758593
-1.03102970196704
-1.00911149489932
-0.937866624115047
-0.962789597520228
-1.01291588108371
-1.11158276132029
-1.01524654196885
-0.764234769410967
-0.802009900881209
-1.02751759153584
-0.983203975721802
-0.988603974544559
-0.844028714685648
-1.14370326524538
-0.963012164773633
-0.860086870222327
-0.865103993123145
-0.915864325594617
-0.841797775499318
-0.913191369047971
-0.767080992177487
-0.880334039896033
-0.88790147264367
-0.964602157953098
-0.910277999791687
-0.931050731648917
-0.949347693189815
-0.875889234904051
-0.884965455238211
-0.801233438032416
-0.809664331264766
-0.9210370351233
-0.962253369850557
-0.782909531038227
-0.810500369072101
-0.89703885859509
-0.755158207833769
-0.805595314159464
-0.890577408613033
-0.804619663342405
-0.84755515614887
-0.764883691929302
-0.981111956767145
-0.968870003992182
-0.853533443570156
-0.802336668888918
-0.732299046907533
-0.883768267879356
-0.763428234247014
-0.804389849896066
-1.03843244864245
-0.837498654373987
-0.758105540334966
-0.782638938249811
-0.751619995224479
-0.845118535745769
-0.930581500408885
-0.752124081763416
-0.915432683860851
-0.789638182667371
-0.717952006737084
-0.914763925613209
-0.688506743126222
-0.652369288489402
-0.843628494991347
-0.804792676984262
-0.809373339743914
-0.934245097831675
-0.993638765413667
-0.883002699984428
-0.808884325746675
-0.806775649297452
-0.775075886571833
-0.758847033839743
-0.899754551073501
-0.79860381799859
-0.867501642537542
-0.876547867683675
-0.664010374729641
-0.691302751737812
-0.813057745924985
-0.758108039998743
-0.98961105126793
-0.71945382143305
-0.696316757447394
-0.861715700589981
-0.741418479689738
-0.653631523451248
-0.761274439682487
-0.856103865160946
-0.763909333150098
-0.830739655846463
-0.830105926108264
-0.666488089511576
-0.731921959074251
-0.855865599653368
-0.782132358969631
-0.770995397073172
-0.76946949472869
-0.763878926244684
-0.638780087721807
-0.710388045688389
-0.695977673174139
-0.849327192765711
-0.838596697513813
-0.656513472652009
-0.689072345044482
-0.795825594754809
-0.663751384656812
-0.804502065264501
-0.761209863201119
-0.651680359050029
-0.572298150759362
-0.749360571656584
-0.656432102855352
-0.559999086877091
-0.720128851668067
-0.797581873934461
-0.746446746971986
-0.625359531643046
-0.553590559317101
-0.592369225159649
-0.673275347521657
-0.684541456287607
-0.870056492790688
-0.607796780340467
-0.582088262349928
-0.636507307338905
-0.869726056672991
-0.71624802650217
-0.559671565558997
-0.63251011289186
-0.692252482147143
-0.631277339405618
-0.7098249246475
-0.567551360104291
-0.670835344165335
-0.688489492304129
-0.619002920298108
-0.688343548119382
-0.761582733683452
-0.640060540872353
-0.786689118847926
-0.609241847804611
-0.594865081104087
-0.464140632304214
-0.715013300860439
-0.516355669536723
-0.604705949207203
-0.546069675410512
-0.673786703526879
-0.608093656484672
-0.635850169567759
-0.523858237337304
-0.644842804502459
-0.583345159480857
-0.596642775715878
-0.613011894056276
-0.679369529034212
-0.791754526300182
-0.614507293955055
-0.541830033231653
-0.638706903940984
-0.724408681198833
-0.628330799667498
-0.569163441663619
-0.54142942533082
-0.697648589539384
-0.570270598329424
-0.743252528098937
-0.467047896024266
-0.678456096545561
-0.592820413119874
-0.644960272208722
-0.528550560751619
-0.718840831437114
-0.529377768445336
-0.614602998012272
-0.691113464389208
-0.628279387401249
-0.455370312690299
-0.578497045159362
-0.467130519014084
-0.550734921878359
-0.684602369200101
-0.494004328929018
-0.588849326504109
-0.589642271462875
-0.525361682062953
-0.516372899185825
-0.628814138346959
-0.591219089754384
-0.605143742431758
-0.529165290364138
-0.416524406778724
-0.445820232238962
-0.532584834396441
-0.524912273598962
-0.589345280220691
-0.65510793859011
-0.438915469428236
-0.555080174595856
-0.529633271073883
-0.59412021925279
-0.665732451050024
-0.428655370022582
-0.653688033887135
-0.536711869697961
-0.486527972503333
-0.598700254319464
-0.590348865241607
-0.538217602240278
-0.538002177368042
-0.582254325689608
-0.527438804580769
-0.498287677811475
-0.535056392832615
-0.523834641834174
-0.562402244425759
-0.511528359984924
-0.503462748726847
-0.559049559191427
-0.440558338191836
-0.439237734003589
-0.6412869154636
-0.558529353658631
-0.49322866104055
-0.462460378028967
-0.387689304772494
-0.489487783721
-0.492772150948636
-0.338169636368854
-0.625734896666587
-0.538209530124503
-0.594148946909078
-0.359732640579226
-0.430901366069547
-0.598686255730924
-0.467179732834447
-0.389613818863985
-0.468002942645685
-0.571449433480743
-0.411916642151567
-0.484809080684984
-0.362189554499514
-0.44878871430032
-0.329859127481182
-0.477279314133399
-0.60911284002264
-0.44359860704009
-0.435657135530934
-0.407132232241337
-0.38205451783018
-0.527171014937124
-0.439232665782962
-0.581344177755191
-0.38190528619389
-0.497042551771172
-0.342749472187448
-0.418027185012259
-0.530975655507386
-0.390880009873667
-0.334678689737502
-0.44893937308023
-0.428958047560832
-0.308103812857883
-0.372839893359366
-0.298078821557228
-0.419910103633085
-0.413229436893205
-0.530713079244051
-0.511064185361421
-0.418337313148278
-0.392658539965827
-0.384616238250723
-0.46457376323484
-0.282932674914383
-0.379937532176052
-0.539182170159972
-0.419284939457385
-0.384485481863892
-0.349142760384462
-0.286642931212326
-0.347392813607188
-0.266772962109351
-0.504877633100512
-0.363613772029857
-0.378748346860624
-0.458374617917163
-0.306086897360792
-0.397783962244105
-0.268499960404503
-0.555536951176356
-0.357658765600452
-0.303250950694461
-0.427157019512973
-0.321977296663179
-0.210454235386658
-0.382277594182547
-0.316966158100621
-0.328383710725504
-0.399870613075954
-0.512572919548323
-0.404261547235131
-0.547770376947692
-0.247087840257876
-0.274852506886405
-0.261028821275516
-0.487585236313249
-0.259296745653736
-0.416114948787426
-0.399247710759002
-0.322802730599221
-0.344956808172579
-0.308108124693303
-0.364463605361863
-0.240344589333486
-0.335746610929336
-0.165098275902094
-0.384318179689109
-0.299752586064414
-0.353145819401957
-0.0795519240468098
-0.206291450565202
-0.286519624147991
-0.160135290120477
-0.408849856454209
-0.388802886463865
-0.343647573268816
-0.302506723138705
-0.359960940020769
-0.340542698093369
-0.299300940864553
-0.35367498189114
-0.319876887816476
-0.230939184575636
-0.290533223853889
-0.394765423082522
-0.243620483789303
-0.349314765447984
-0.430649821419727
-0.362762586779646
-0.273163745429809
-0.172066039098029
-0.233947900337959
-0.286804104548373
-0.375220291724032
-0.22993660875115
-0.201358135338843
-0.322517794843263
-0.290579986462466
-0.115715164234396
-0.0675361015048574
-0.225596746097167
-0.317515085094116
-0.202835013934354
-0.246224074118364
-0.352240638637412
-0.308843191833333
-0.254961310893901
-0.244448742834636
-0.296077772889803
-0.24770473739937
-0.195870800874709
-0.318946710458173
-0.189763176693742
-0.172766023784446
-0.208590227696053
-0.166056353102072
-0.265578411621331
-0.344601699749004
-0.0951903945245286
-0.118478019320163
-0.210312764212596
-0.154668216213202
-0.20630558890845
-0.21782386477419
-0.228759524163895
-0.164534487601822
-0.255023289852503
0.000984151862287632
-0.272222879972331
-0.150171703295876
-0.161624343632766
-0.141915821433235
-0.178336273377175
-0.186038343006823
-0.19328883153419
-0.197200519276369
-0.147224457873581
-0.245610099929423
-0.146003769646762
-0.00849727717500896
-0.0260951794977314
-0.167210833122813
-0.133862941048414
-0.21549704140807
-0.262904953386693
-0.201707781661855
-0.248784484371882
-0.13389879240284
-0.0115100737206843
0.0559405669796698
-0.0658761260519109
-0.105565693840782
-0.0759529740143043
-0.129121872497466
-0.0732162862517955
-0.205505155678948
-0.160243456387823
-0.0194771128483421
-0.123211663409241
-0.272671034846394
-0.312628477434519
0.0124018816952874
-0.119479869311549
-0.134043090252084
-0.0337205837490746
-0.117440511465403
-0.228651868228313
0.00702529694949867
-0.0974779881266162
-0.0185720758692339
-0.0788039142352186
-0.0998350866598759
-0.0531769845733862
-0.0474576365642793
-0.0146482145888072
-0.1697870024121
-0.123159827612028
-0.219833286976572
-0.122177971685826
-0.191786493689354
0.0407628440445091
-0.0310268579269818
0.0748802735796156
0.0648037747192279
-0.144232026765688
-0.0389728234479581
0.0695854302445792
0.119350734669005
0.0752339188743463
-0.0153686325197504
0.0664826345250991
-0.00820105957948395
-0.0127883297659311
-0.154644359667904
0.038179335702413
0.133476682506427
-0.253985476354924
0.0838552251897701
-0.0117657843167737
0.166868164076905
-0.0862889971071516
-0.0917395078261832
0.0659402563865255
-0.121853086862964
0.033955134413217
0.00803630062267641
0.120548380082117
-0.0256725520081027
0.0166213508217588
-0.0420730001131034
0.0850674242493709
0.0395218208049017
0.153048482257548
0.141479388902637
0.0548946047040327
0.0338327478764177
0.0946250050191632
-0.0388590468994672
0.0478180487729439
-0.0472410036111229
0.152368237524662
0.0280299695902059
-0.0743552380897784
-0.285443285903053
-0.103181368369052
-0.0181597127181273
-0.00778848965529022
0.046568605339059
0.210228214412993
-0.0695664072986625
-0.0820793357104126
-0.0130372912883108
0.0387161458646427
-0.105285348260344
-0.0364631197977496
-0.0951323455864321
0.0679428849658364
0.114903743129133
0.0523956885474658
-0.0790567124422601
0.112645502897073
-0.000768443570155907
0.0743977993304056
-0.0257776040693286
-0.000502904153084828
0.152305223710867
0.0595366690918447
-0.0542818319597224
0.159555538824553
-0.0522955151518315
0.0757851968435096
-0.0480782527179525
0.06694969811386
0.21710016924081
0.120274418310689
-0.00895850466942155
0.0972031741592331
-0.0265749042915196
-0.01843215053874
0.0768634623511964
0.109505508698614
0.00975987363122437
0.117134974100426
0.0474277690723181
-0.0313505335110765
0.0448814100986512
0.106858478204093
0.281395762988338
0.0556648878969749
0.108634215968142
-0.0102943346424522
0.0760571798873329
0.156398465643408
0.204677399450029
0.218115877684237
0.15932425735373
0.150704073062761
0.182558857131054
0.199747973449969
0.0503369073048573
0.169861232249889
0.0124021576610169
0.110485929746431
-0.0613216841308223
-0.00583643291145762
0.103065981758002
0.0735357571840647
0.0435517828636131
0.211533137121884
0.240114027984359
0.00512379243291286
0.155528164142098
-0.0277145748976453
0.0928424145387987
0.260715079408508
0.19422846029107
0.0847615828856726
0.166387254539555
0.219162091848828
0.241050179767958
-0.0466405649959462
0.155149120750049
0.0599678779092385
0.0997823180362281
0.22607502015071
0.219556006729592
0.311596691835458
0.0677044431523285
0.234041024533504
0.171542781034169
0.231918615623532
0.287992535516261
0.235720711681953
0.183985278018839
0.237525247988666
0.130574132340704
0.20753575193231
0.121227900050865
0.295740519316888
0.281269511487613
0.132798042281406
0.287363179652112
0.280998003851767
0.233116987546117
0.247489502751738
0.130853410100115
0.413793009578444
0.261914335703814
0.372950650896177
0.312828415445663
0.155113204960556
0.19543504999702
0.35115227782616
0.214243533076402
0.314732684460845
0.237111700564694
0.219387648819368
0.0928958113280813
0.26562696182922
0.20524475786751
0.37887928603452
0.361101642178605
0.358161786392172
0.194562157603589
0.196881959888069
0.25941562980252
0.204059656369523
0.0300833856739373
0.336825764768235
0.232002089118537
0.273590804913
0.216377955183365
0.20054582597291
0.0597681813482379
0.327371035974302
0.259713860687684
0.0980860766942288
0.213742478641108
0.199626644565571
0.303607864344422
0.34966930895968
0.223079499457027
0.196253132534309
0.255258624885874
0.415265207173351
0.379190554588072
0.450221574573443
0.344050429009448
0.0717250184384967
0.392606076156646
0.16888946075746
0.145048711748078
0.269382033704033
0.312714376267798
0.277187822369325
0.246067172423353
0.513465248839776
0.254347346481627
0.395259061183452
0.160809759545778
0.315995526917458
0.210962363980536
0.333852821764751
0.16698152592236
0.468756792051448
0.360270301819079
0.399392303574091
0.395239940313188
0.339032521774456
0.350512252977917
0.320353408275806
0.409306106856443
0.324735331220881
0.434687174851964
0.32191510170414
0.421872497133958
0.358111385429486
0.375469385800267
0.513688055701383
0.253399478753501
0.599118476300933
0.420914918562728
0.274903961268206
0.476163906486692
0.394062564714736
0.304214942313999
0.370792296137925
0.239687822708019
0.383779672867666
0.379931670177933
0.193716008819879
0.435716336684362
0.32760565207007
0.277670703335607
0.255444922891079
0.456433162385774
0.480381563534249
0.416698638386438
0.39678946788732
0.403969370476331
0.565314537134222
0.371907980223529
0.291500744466807
0.496649322961043
0.438744424295253
0.284167128851091
0.434343325041384
0.616428911870656
0.279405376430187
0.377150941927748
0.597305169812568
0.412845404445203
0.401881383823812
0.3547161646614
0.339842136433117
0.351764465023535
0.387761587958216
0.420739630862176
0.483982681433815
0.53705468458932
0.555731332627678
0.565230106632502
0.333868467905178
0.490437383244242
0.402566475798735
0.590643703379526
0.377617686191587
0.428213595758336
0.395465506692583
0.449169965417344
0.376244498212757
0.407289435434633
0.382469254684712
0.677880115936353
0.460366684507099
0.516784841062936
0.467123458507777
0.616273512523908
0.425669380273659
0.553807227343973
0.352145133377302
0.421901784693328
0.416196273520063
0.446038808844339
0.576444820507625
0.410616711711704
0.5474632792192
0.449066609344886
0.415873471986228
0.592657202728729
0.527594467032943
0.462398767031771
0.313197312587032
0.444663520131311
0.472363874294571
0.466412675195724
0.435069398375326
0.388777156097907
0.574208164473203
0.445641938458361
0.499724095442758
0.624790836734879
0.471200681021893
0.60674993843309
0.624721591410603
0.466853875644919
0.541450254579434
0.411213839250141
0.537799045767786
0.570442034722839
0.606278939276495
0.473825036170974
0.592376293785282
0.357599338920861
0.365315804064404
0.514848854687328
0.479998558121992
0.598697212961988
0.435711518377362
0.538482153075272
0.701632447189614
0.574705706439908
0.524114317242567
0.559229079145034
0.617359322982536
0.687704898232395
0.567544311023312
0.465887510679646
0.682694905327731
0.732786887175047
0.60541530580765
0.467644721486741
0.551954509662011
0.544760527700727
0.686374032774023
0.594759933043932
0.560226339601098
0.492871312393741
0.651430268012858
0.662682795803538
0.665057304431947
0.621917642073439
0.651200084692504
0.569414339351442
0.634391065388655
0.603734846036856
0.647408535540571
0.689734534308078
0.513338767228355
0.731757700264849
0.611905064703466
0.545315003505699
0.666105128419603
0.602707092827927
0.653812103210032
0.550568444654381
0.534109287721083
0.538968709840278
0.514160711148484
0.589211820569616
0.569078772062094
0.631038202225795
0.47609263856724
0.603934191023314
0.626758356102966
0.704710600291573
0.82675716415043
0.68440435465594
0.669890158727349
0.531469362132973
0.639388285629337
0.622013085484539
0.726215163556097
0.673440481392672
0.596551871337858
0.715117393399445
0.595205606194078
0.643565552755081
0.62626591889495
0.676624999308339
0.633596506191042
0.672623271509465
0.676193447000339
0.640582873664944
0.661355317631563
0.523476770116036
0.686953822376164
0.732170836013918
0.650871062621156
0.765227716761574
0.728101853197223
0.735064638366893
0.608701569609172
0.767852894453441
0.708644002247195
0.710826808729153
0.712811267189667
0.77952399800677
0.74067626601011
0.663114960840481
0.693220212869237
0.701301413374038
0.770038107021115
0.712370861726417
0.72689259520295
0.859763448639973
0.703574835264536
0.692088252975453
0.835020657469148
0.70323987141456
0.785673603964633
0.634698007965764
0.778728598317218
0.796549996631943
0.790768238725975
0.720653736531627
0.67766454843883
0.806956560142701
0.797795201586038
0.876821934359522
0.885096567526376
0.707849211192388
0.584964817745494
0.720963763806247
0.847353981887443
0.775211348495654
0.758635598981325
0.846657593038548
0.750614280003191
0.754328846901667
0.886424433903474
0.848686574380267
0.77657817084023
0.641783230243634
0.795398180162467
0.590525149238432
0.926367105845483
0.918509744699817
0.862368643142415
0.794500020530373
0.774910796582334
0.869789364827838
0.760290268243625
0.900380629376675
0.954099809812166
0.789457470175696
0.868704810051301
0.653148390998101
0.849965002804059
1.02045070186253
0.744224827282969
0.781562872595663
0.728933067669901
1.0102932751514
0.892196652845644
0.853161867514994
0.93953724185158
0.879889877171475
0.854753800434212
0.855898808299482
0.771661200626593
0.854118268697848
0.800189638395052
0.864033469899273
0.95755485879291
0.994233059133056
0.830089628152282
0.858950086698355
0.647804391767627
0.994732075147098
0.854631401017147
1.01206299248533
0.944377087277653
0.800777263464936
0.863552913221884
0.995418656978
0.933145054332333
0.84216351335614
0.963670802618344
0.727518342353941
0.824535004832977
0.829731625129656
0.881249789121556
0.886044166584063
0.891683188983959
0.818594237441752
0.865590200610031
0.928791607470447
0.831210304497438
0.807287352174971
1.05829839239026
0.987875299580098
0.88669446514546
0.910517363572044
0.728164184874398
0.802599536280326
0.952565942389591
0.725852246671667
0.825139587057047
0.919388598928448
0.946712930353027
0.972282555977535
0.950977429239834
0.861115233553072
1.01072030335794
0.922473879456859
1.01290247187417
0.938722683505932
0.842245145272925
0.826039561266536
0.867617789702426
0.856863941054976
0.735860509408071
0.873007189432756
0.934865069258546
0.825806892086993
0.910331220006308
0.910602786413482
1.01536181316415
0.930580476349914
0.997113431720827
1.04047725174345
0.950319401797256
0.964154585510069
1.02451104462464
0.923038041960544
0.982835338060958
0.913073540016195
0.943307016630676
0.972671003067632
0.960052578470949
0.897192345708886
0.950576852634627
1.04061554276221
1.02410353972723
0.920161373462052
1.03187913389758
1.13372375002068
0.911428756181307
