-0.0463272999818349
-1.11071095924606
-0.948576743871547
-1.05646853304007
-0.91947324598419
-0.916879535963221
-1.14849554804654
-1.08065310086083
-1.01313697463829
-1.01253266331444
-0.952939910816409
-0.970906066977848
-0.929435771293369
-1.06058336328063
-0.923710106310913
-0.971298876888374
-0.963374281421284
-1.01290902414654
-0.866870039838117
-0.860538643013124
-0.980698620994563
-1.0902253576137
-1.04121863958864
-0.951701655305298
-0.873062320891905
-0.979467532482392
-0.913414002733345
-0.846717525297667
-0.981924276614699
-0.852041320907517
-0.967956725986339
-0.988883912947037
-0.885535778449322
-0.924610059127666
-0.922325045027537
-1.04568900000484
-0.871713746372604
-0.96310620389954
-0.874252497505722
-0.989538910469978
-0.899157988104821
-0.998476848294196
-0.946131311697703
-1.02010555220561
-1.08368508011127
-0.864182612769867
-0.948242304135347
-0.987345745010484
-1.01075031323712
-0.86296809326781
-0.944956350932232
-0.949966364755377
-0.861961092179021
-0.950840077094422
-0.780971183250849
-0.868309517137841
-0.86162371206885
-0.879548361515645
-0.780088726811044
-0.84458834124753
-0.875864509193272
-0.957879339040489
-0.803336075142475
-0.819968158881514
-0.760334593281592
-0.942975693616425
-1.04539370393558
-0.801676924880813
-0.826304559584625
-0.808775757946132
-0.843208966556756
-0.704806152523572
-0.871158962592144
-0.836980928667056
-0.829285218063084
-0.804787727336154
-0.858668318573679
-0.80254925213817
-0.698472015957931
-0.997925881807273
-0.851409802773864
-0.847607768514419
-0.781064804442275
-0.835796541630146
-0.852843226495388
-0.892340573662094
-0.771086568270009
-0.794637053814347
-0.665247985178168
-0.838932919526988
-0.781315196102268
-0.795709799146101
-0.770632340352381
-0.927917572466511
-0.703365881412788
-0.832857372949502
-0.911993107144016
-0.766148584840282
-0.768831852403771
-0.690194984163135
-0.790245575341586
-0.650115958842309
-0.780655133392942
-0.7786377463185
-0.880642197538891
-0.681726938647926
-0.658399999052022
-0.865164865546488
-0.896129179202264
-0.883712693595687
-0.808234278055547
-0.908137958996823
-0.707727389564637
-0.799364100937852
-0.64360159085239
-0.514874301515048
-0.878614107603622
-0.664523069251061
-0.884089627263497
-0.742251661921503
-0.735958983759317
-0.640842711715091
-0.763163174610017
-0.841892379072956
-0.62639213502297
-0.752573469676331
-0.653217659458202
-0.744118214788873
-0.691011189366642
-0.789946640578094
-0.73433900991827
-0.590177232834997
-0.777426718994199
-0.805927437715286
-0.600679616617328
-0.844930321239867
-0.793618049983219
-0.670937010954221
-0.72578083652179
-0.69136791335983
-0.793514006981255
-0.517142732951677
-0.652322617779615
-0.765375485417287
-0.749947637828038
-0.762162000946439
-0.83173036479056
-0.733382588676601
-0.709983347904508
-0.696856980718532
-0.731561880327064
-0.657023585592158
-0.593998660151991
-0.683942879512242
-0.751286117611264
-0.605336046322043
-0.653733508835066
-0.676465594833724
-0.717425477479975
-0.590585030476667
-0.727592300111265
-0.654375398971434
-0.626631627383389
-0.703540822629679
-0.771855234770217
-0.668603615384412
-0.783643233647763
-0.612237462913229
-0.633589894462377
-0.585759647794238
-0.755114437777891
-0.617805404789991
-0.722987188200718
-0.635592932769525
-0.772250065890851
-0.593705954723741
-0.598742594964868
-0.573252950070843
-0.606799191604565
-0.852085966749957
-0.636941593140717
-0.695971679392844
-0.555884680495049
-0.481992408828989
-0.551532912790032
-0.466316924878891
-0.560409481457164
-0.530616182689389
-0.52688524711861
-0.581086184854161
-0.597391034839888
-0.767487182252213
-0.578606634225769
-0.604284915577943
-0.704073990729145
-0.603264496416109
-0.665765478271262
-0.71983977339436
-0.645555855553357
-0.501427647752743
-0.660158831307317
-0.660912323202362
-0.513780722765356
-0.714964913225503
-0.700161000234715
-0.52122952217181
-0.521959785564082
-0.515636439281243
-0.564347843993118
-0.577559894936451
-0.538964461607878
-0.628408561871499
-0.610570680577915
-0.478413713058546
-0.545531044183287
-0.525653002968058
-0.554288676824295
-0.587196096955673
-0.507548522884834
-0.504403398900464
-0.601516019986043
-0.559682709849159
-0.56763940196827
-0.540808374198537
-0.527491481790639
-0.522243039304252
-0.426487041527859
-0.530206398117844
-0.508992782315953
-0.477028195858857
-0.577116621420901
-0.550817742463989
-0.578706048570579
-0.440768691367525
-0.500367310697298
-0.651068516042638
-0.36077688254856
-0.536616031474174
-0.594613778213433
-0.524584230016927
-0.466286508281563
-0.529405894029429
-0.531072309084816
-0.722356311088195
-0.556628011939636
-0.334930237229117
-0.517147909138463
-0.533105963795143
-0.508130380876394
-0.618511941063267
-0.559522506333131
-0.437674346557663
-0.416008521978922
-0.360354986730908
-0.592052138013351
-0.572724161891444
-0.396208555070569
-0.409819816823767
-0.38696966759342
-0.518165487243399
-0.54533241089083
-0.498414651590386
-0.470450280791741
-0.530312451773111
-0.469212698532234
-0.408120180909894
-0.438068806399442
-0.547344825428649
-0.481335130998116
-0.481467466586817
-0.583363708551056
-0.488796907173046
-0.405283577995475
-0.309868298199245
-0.454326265019236
-0.416064969574577
-0.669124896779457
-0.445610148256127
-0.509205287496526
-0.417239218233204
-0.410083392532257
-0.400240089507565
-0.435426666040115
-0.541265343147792
-0.517806755763353
-0.386428192412099
-0.433531280353188
-0.347221913187024
-0.435771560973846
-0.415818356051318
-0.425253216922964
-0.49734641423186
-0.486906345311382
-0.47710153168083
-0.468380350858756
-0.365651502417456
-0.306164159776996
-0.468656156585354
-0.269500178612127
-0.247213457202237
-0.34783978973958
-0.390414140351177
-0.462937656681098
-0.399187230784342
-0.285781524075027
-0.429321926972133
-0.308046416674315
-0.36844713881201
-0.386057916680792
-0.435160633979859
-0.474536677917392
-0.53704055290369
-0.414777203251885
-0.479806540808337
-0.311262611275786
-0.337276169497474
-0.544644770852763
-0.295939840674608
-0.424575474226062
-0.413960835249547
-0.241599302280184
-0.324456287496591
-0.473959778904783
-0.351231554029047
-0.284523725489759
-0.235028851388248
-0.417698742601724
-0.183680686303807
-0.158991561317105
-0.290817570686355
-0.447380131386548
-0.343033768770176
-0.281272603788617
-0.281988805855489
-0.33068294768197
-0.331943229295855
-0.474898865324468
-0.33811162982196
-0.412543082432815
-0.174602996075635
-0.329905319312273
-0.34489531630552
-0.22473773495132
-0.2572343031424
-0.336989975926916
-0.310815136226323
-0.410822543836696
-0.237742864154118
-0.234916612824202
-0.280453191645847
-0.299389625669803
-0.323935146935618
-0.330407621078039
-0.191761982641799
-0.25296014063002
-0.334028896406537
-0.230740511270111
-0.333110662635035
-0.311284573311074
-0.304183088885629
-0.384152744998221
-0.290749798419454
-0.333254604673676
-0.29096290345252
-0.359383664173905
-0.199405748366504
-0.478783082649815
-0.244892980081325
-0.332527866266664
-0.297203359384004
-0.343767289342696
-0.191502335007101
-0.253923446493154
-0.236234386864504
-0.258042949264623
-0.272518267160419
-0.230637696221293
-0.206004840546893
-0.244096304655779
-0.166855007297361
-0.297076081255532
-0.313270946362784
-0.247233823242089
-0.327441328404403
-0.109808402788249
-0.219790199214304
-0.161382919577897
-0.219685514956006
-0.179153087302543
-0.294758405578699
-0.309181623442926
-0.185448192061226
-0.102418355598876
-0.236707561774429
-0.211453762067211
-0.272828864871969
-0.298393052667384
-0.260816199688473
-0.141889717168162
-0.120266854493013
-0.191429314313704
-0.190163436756121
-0.149262487314566
-0.202076556365513
-0.046840093820262
-0.149112142408477
-0.181627640512208
-0.0410753930406937
-0.0955000039318315
-0.135643766474239
-0.130173945320518
-0.224956357639637
-0.0591642659618966
-0.215461415795331
-0.181524981481253
-0.205203916558392
-0.258589628410916
-0.0993980108240489
-0.0133306691592708
-0.101560025412806
-0.169876785398874
-0.146755555650111
-0.201044724772416
-0.0319054061235654
-0.144666664054736
-0.121496453326702
-0.082194218411274
-0.14619585293339
-0.162917891442081
-0.232257166383971
-0.205424530663769
-0.0918938360611592
-0.38385585677904
-0.213157927120319
-0.173250651142374
-0.281163953641545
-0.127722390209579
-0.0201404698961575
-0.158274640719647
-0.258507973579262
-0.281769887781724
-0.107359399644701
-0.233985901643096
-0.121460258872974
-0.177262027742169
-0.178155055189394
-0.27716398318023
-0.00737310550766889
-0.10594989917169
0.0711171319077824
-0.268756810643711
-0.121782598263952
-0.0827304098199994
-0.140053677511587
-0.0684500010663665
0.0294775407023345
-0.035505520094841
-0.144265381634032
-0.0472066806933615
-0.0329383879775687
-0.192386204542065
-0.128433721770256
-0.00729398686687779
0.00622098741984237
-0.186675534127668
-0.155764640332763
-0.117381338582228
-0.0595088056653697
-0.0667003966552288
-0.0295294577285477
0.000289247358842457
-0.112595403966208
-0.14169243298709
-0.0933590848275482
0.0997496846178588
-0.156503193516071
-0.0187058341596693
-0.0861813925818582
-0.00636782096943522
-0.0761827070568278
-0.120932445336147
-0.04442518269169
0.0984414751477589
-0.0710355183671868
-0.0319745126310642
-0.073166937000409
0.0226596391670478
-0.0233947938690111
0.114632271229775
0.0819770889942592
-0.0643335492781174
0.0156171559329293
-0.0120781565913008
0.0127882887665831
-0.11380433683857
0.00573850178914087
0.0254285021925383
-0.00852520100652005
-0.0818628908228515
0.0720593932738542
0.0702964761888075
-0.0450910604816383
-0.0386476951572362
-0.0163324395419671
0.104710661710881
0.0950208180479777
0.0305996766260334
0.00267088043325452
0.0643951786375377
0.0281795350291484
0.0531065234138789
0.0145578918063855
0.0107411278096901
-0.0177128795983878
0.11693337279902
0.0738796903038772
-0.100865977957574
0.0664152900631194
-0.127659696484205
0.081784971058166
0.0131387826179257
-0.0161557050067008
0.115281321300658
-0.0221279901629488
0.150855424768019
-0.0829569900429693
0.157870985838477
0.137614876143141
0.143448029464825
0.102858470398308
0.152365932094128
0.0973653986222443
-0.0941536589177735
-0.0597898705374652
0.0997275095865772
0.204794453627083
0.1373920616629
-0.000908341342467692
-0.0483024444883099
0.0466126049270102
0.118808845774167
0.13108989373284
0.0661418325235091
-0.0132232068696847
-0.170490685291424
-0.129859148728314
0.0478645116799377
0.145997204263312
0.128992440029289
0.138686362221192
0.0147049983849818
0.120103901787198
0.0743574129874939
0.0830806967251074
0.0684312750350102
0.100824948506807
0.125965876832417
0.204983710061687
0.146385880450726
0.0480187477139625
0.167114891540039
0.201041004182891
0.20212544440928
0.241479923087453
0.0084677256684764
0.198711770022003
0.00353262940766606
0.167674347141416
0.147580865226807
0.183182332277329
0.160006645356963
0.0307475847315643
0.122762739095113
0.134739373661901
0.0997853630113777
0.118323996243272
0.252925838543425
-0.0327850527001825
0.0696475627756792
0.0302698961094208
0.203893797387127
0.137471008270446
0.253625979326968
0.0924604741811463
0.166396112714481
0.150633618917937
0.0783874098899859
0.17754582819949
0.234638736440297
0.0614280461507429
0.16998891569054
0.20189088881034
0.178406066598973
0.0985708347642679
0.3160045620034
0.169728524888718
0.0914780594317787
0.101909484046408
0.282619385517959
0.325994196380328
0.0974833397081547
0.23507864495651
0.199831274391417
0.0343600448559896
0.245497831136847
0.30992348987193
0.370686150954202
-0.0260820308360336
0.0783045076429364
0.218001737750346
0.249867832421866
0.136168461031507
0.180407965045422
0.132024133945923
0.299065188336763
0.242445540436594
0.312093176633915
0.318872953248237
0.207311430375797
0.334378474151453
0.30088289998779
0.230988803260601
0.343269074661428
0.239070248629613
0.224446772292106
0.314921938873183
0.161948352034407
0.267485533953112
0.229286828122041
0.29584951958589
0.290752222404607
0.294840222077539
0.306156153050626
0.102721959394167
0.194790201990832
0.233261690294538
0.325187864458567
0.302768315109333
0.331403192549341
0.24180536687239
0.325004926153595
0.215320775701355
0.138143548332956
0.231685910266706
0.245122340966222
0.324293808090054
0.344475056018633
0.265687122848112
0.417244848234543
0.174877040517656
0.328764283151609
0.385463103264963
0.395283075419888
0.229098147498108
0.361121848803147
0.231312533096451
0.2387333801366
0.353892819059145
0.190735096428817
0.30146357674877
0.264731415172911
0.338642896240564
0.362040499568116
0.355282571122833
0.423669793978854
0.180165341270663
0.504750014725317
0.420062430411618
0.265398956530595
0.235002070728272
0.287271013064772
0.297079011087998
0.246180902752673
0.39109137349093
0.391517357332109
0.323215796602255
0.428185948279731
0.183249149168188
0.458159071288948
0.380241149258197
0.419621565394635
0.436179182004696
0.301885735299183
0.295378461038693
0.3622289669082
0.284512187505991
0.440997409781013
0.30063887605319
0.298516933245995
0.531005763938112
0.379830608831051
0.434579536714102
0.408526165155338
0.324277422176491
0.337417470074772
0.419485283133424
0.515994422964177
0.328515708720009
0.442612885441396
0.512054576450651
0.417510998752473
0.401312540805148
0.430856656858669
0.404674076222267
0.437189519927595
0.42267997832666
0.284569090461282
0.371508814040157
0.340066814781143
0.4153333696441
0.443234937717531
0.439754886322767
0.451128516455159
0.547287613187266
0.336351326357891
0.446698873502469
0.397123722704595
0.441516829398724
0.472933427118239
0.434615465081805
0.41774194080981
0.47491760051747
0.523363138960817
0.517644057527247
0.29548640611193
0.392538571253207
0.375983745541697
0.479789108164583
0.564217777352019
0.582503684016104
0.535748685751973
0.540817963478208
0.382233821013622
0.483679338738857
0.468562891274889
0.495004521079673
0.367349920850208
0.398434874501744
0.496915310378381
0.498003759761792
0.338426301443342
0.462131647298277
0.527566590172161
0.43871812417416
0.483429109036305
0.398426380338448
0.631984680462805
0.534272459640165
0.710040117856164
0.591308178215783
0.513010843685702
0.635258503522712
0.457129059935728
0.545313827219812
0.37536582175147
0.489639676394448
0.296491789884957
0.643641509040582
0.628208287246057
0.637310251766815
0.536349760816817
0.562485835138584
0.426320185620177
0.478538549448836
0.61385961703535
0.372827060184546
0.491989722164541
0.553119045348254
0.633192367058088
0.521928085114372
0.486295108271875
0.453025876382218
0.488445425407197
0.473394070049965
0.61786414791328
0.737644142493185
0.411278811960327
0.362460812625249
0.48823109934215
0.552860345873287
0.520487892642464
0.707225595964675
0.555539601876716
0.526903585542243
0.513876560679742
0.675223131840961
0.65120513711421
0.640642711895004
0.557042464280882
0.520086137440164
0.545822249832706
0.59863273737091
0.523404125630474
0.448151542401112
0.582437752666661
0.443723474547327
0.612378292409666
0.608949760945284
0.5771446712003
0.613474295261826
0.690396387954079
0.610154789581303
0.607463131887373
0.584594933419559
0.600103529479648
0.62709899586673
0.394813165946669
0.543583654762544
0.661800617324256
0.602687575924388
0.635487493145911
0.713738379744127
0.543359366884917
0.532966896770822
0.638201730765467
0.636336747890214
0.730054913844533
0.729786508868541
0.525258082286042
0.559767769487239
0.748242829145095
0.690905127825415
0.642871338115235
0.656257184150683
0.726942568358026
0.621497597901473
0.560435205784179
0.640913289624275
0.678059956248626
0.650720252149962
0.638250074672642
0.700915596934911
0.600778898750405
0.72367532330298
0.648125493971659
0.638009958154064
0.773280102441217
0.736403947316191
0.63550012642927
0.737987072642491
0.618455884580294
0.617683979753841
0.693743815670365
0.773687109804971
0.550848853606369
0.692385016249115
0.697273556817118
0.731762119428567
0.82769204207764
0.655333564789376
0.763530852061159
0.772135533875257
0.75299617541515
0.725049296350613
0.675758262948571
0.628614467567561
0.740607913346217
0.710375393083494
0.652934643000261
0.691401168298767
0.841888751138097
0.841946784400685
0.574770650658138
0.616780158771333
0.71015506468172
0.695985313639761
0.613348856720947
0.851846763771078
0.752590761915319
0.902372906753166
0.77045794113283
0.745430017306932
0.664967082136061
0.818964575481576
0.772873446163823
0.867519469603793
0.653761024307221
0.591721742056279
0.711320408194891
0.772830570155105
0.787982197728112
0.725020713342295
0.761515750595757
0.736097956660273
0.871741761045283
0.824661157825648
0.869144452516103
0.677464577126329
0.790876473763201
0.726438441598617
0.768079475461716
0.912973986500519
0.804284478725393
0.765728227280103
0.729526020995645
0.816168227027619
0.821134539287254
0.734494313337171
0.670717200457962
0.780032579577537
0.696877105560969
0.703608633243883
0.825282262113098
0.814373458033263
0.823714023998663
0.827883936980376
0.70976321425205
0.851185831232198
0.783475582425982
0.760179494016058
0.926781644918576
0.78771621595229
0.883605041703595
0.762063100791795
0.868783943129233
0.872183119912182
0.718309955517381
0.794636954851849
0.962275163461526
0.994645474493834
0.67400377461685
0.779687265364385
0.811135684570777
0.909909477100975
0.872700455563673
0.810589393083112
0.896644349418438
0.62883773680588
0.938121739632044
0.910965456029035
0.830827693568375
0.963771357422287
0.791640449125771
0.905512743564604
0.721797112494708
0.793868333556573
0.83479954654404
0.811261808879113
0.921468767586193
0.873500024957106
0.879854919372758
0.878739396280491
0.815309354858131
0.885684508784183
0.903656390206177
1.05698480224954
0.980093869320522
0.882614833831013
1.05629331838517
0.853579716525614
0.891315838889808
0.939737309624589
0.884773766425499
0.83690613121058
0.968622933304612
0.893102533804957
0.880921346454127
1.02398705537909
0.996463158540728
0.895524422092462
0.998310524897674
0.929747068052443
0.980184121853662
0.895746157314739
0.91221515069853
0.978920914922784
0.956883898677199
0.943855557913371
1.00321271345321
1.06438555342572
0.933100002685033
0.924083591377274
0.870378275731156
0.9935375419382
0.975117774523857
0.835487493076823
0.971532618431341
0.930947560560624
0.913461086246973
0.935890343859303
0.969113431149376
1.03557355980606
1.08693822108686
0.886554287071198
0.879867578123488
0.941329235844668
1.11277686028012
0.822380484878689
1.04327402717152
0.840200361527935
1.06689282790691
1.04106967056924
1.04666863294998
1.05739706815713
0.941767178363953
1.0910755062131
0.85856113605204
0.969917457385065
1.00220597600246
0.760458650445209
1.1194105590067
