0.0111665768809108
-0.84967607205158
-1.04762012891837
-0.886193106467484
-1.04811745642404
-1.03597408064997
-0.951631078680884
-0.948097047275986
-0.875580040865549
-0.876981787606072
-1.03730026968147
-0.942246507655406
-0.980532455261533
-0.862807120084471
-0.887598358545036
-0.972811991305709
-0.987599208049942
-1.00924612513462
-1.00738741573513
-0.793514769548439
-0.89718947587685
-0.925854257330573
-0.838765327401679
-0.832166563876174
-1.04245646400701
-0.872748799264837
-0.946977496032499
-1.09666850685312
-1.02432549907732
-1.10674946299612
-0.751213989654408
-0.91974176311989
-0.902097010253678
-0.951285647948668
-0.87516560532607
-0.925767286748195
-0.777057681095453
-0.875768672350469
-1.07721260992668
-0.894725714440176
-0.806906019655508
-0.86451271409583
-0.94061796609419
-1.04535758442488
-0.679230282981068
-0.796981604231078
-1.0471629168831
-0.935737936156712
-0.862963583217604
-0.784029710681536
-0.826088777786094
-0.782125494156962
-0.976601595645963
-0.762280190697283
-0.990422153750555
-0.904862151652317
-0.913245847625303
-0.84450204631788
-0.959908460715477
-0.793225375127918
-0.907489688321194
-0.834101767014544
-0.946888040159747
-0.922067166222332
-0.800754229423014
-0.875770510631045
-0.938115893427413
-0.737566846877121
-0.719431944103345
-0.807007650878348
-0.840473907429515
-0.857659509417867
-0.957748656237249
-0.702081456851358
-0.964507013441624
-0.864065915497898
-0.791852439743759
-0.889216805346623
-0.932645772292867
-0.877230110939295
-0.658053090594169
-0.829233137738531
-0.825562440728332
-0.79577189633239
-0.762089116971425
-0.925757859712031
-0.861336009274918
-0.754671009030707
-0.801550376070181
-0.748089476174006
-0.854680534678838
-0.881819023775578
-0.832118307486572
-0.779415129945131
-0.920184958852167
-0.783568393649894
-0.814271079238613
-0.738660525268371
-0.712484919579125
-0.87925000235245
-0.786130532408717
-0.785148414149774
-0.847816420317551
-0.685759984624293
-0.831864070457777
-0.785388192758079
-0.925241502006007
-0.856273131834351
-0.708448079128048
-0.773786611218144
-0.865915680602725
-0.756446902945107
-0.74288165682783
-0.711534009359412
-0.752832493427548
-0.597763446043411
-0.729730170636614
-0.815332196467501
-0.823531936498893
-0.718314156225345
-0.805903728294933
-0.848985080347402
-0.846713672866344
-0.673485140871104
-0.668462355412321
-0.63152307248315
-0.794907927088776
-0.729510248107812
-0.761933826295464
-0.712460283854207
-0.69318151731638
-0.688460685659775
-0.778616262156011
-0.792477854652589
-0.769404546724749
-0.724293228890844
-0.644657417492517
-0.834557000826223
-0.679685718671785
-0.833049375599296
-0.62533383944276
-0.697773972062881
-0.751538430783367
-0.724699912154474
-0.687024174868789
-0.713749524453363
-0.714007236935402
-0.5974232824137
-0.670898951964405
-0.707799140809393
-0.753573354224394
-0.680150225136799
-0.64913606136819
-0.537427111754782
-0.727139823331248
-0.646427554465028
-0.76546392608424
-0.598397961319001
-0.601120270482504
-0.675988283464785
-0.736886751463717
-0.625359316171131
-0.72034445125902
-0.579240254837034
-0.672453391360549
-0.725010867562394
-0.646295002720487
-0.739615717000611
-0.609190163937397
-0.654748670074886
-0.685735853900303
-0.718127291046988
-0.602778477100546
-0.78467430482547
-0.79634618857681
-0.697231411250983
-0.468129724901438
-0.617134724380793
-0.6787188196392
-0.523317531608604
-0.596538132522049
-0.633870499615626
-0.764795080858872
-0.670956652312902
-0.558709734026451
-0.47260302261537
-0.633328965627516
-0.753821649819345
-0.669762991165222
-0.613862002509752
-0.484629870490703
-0.643649421281547
-0.645401265089512
-0.672344661106506
-0.671637151688758
-0.541058803035433
-0.685940067058263
-0.630378222773495
-0.708884093969463
-0.590113253861941
-0.594436767663383
-0.503506846714797
-0.558114325287433
-0.57914243981774
-0.657766129960457
-0.638421840269689
-0.619221224073808
-0.686404187410306
-0.594824652052283
-0.625364131315679
-0.541899066056745
-0.581320911768593
-0.570664733180093
-0.606562358352203
-0.662115571783314
-0.509867798594049
-0.52309849455495
-0.67148390140946
-0.612569321456955
-0.555808028567963
-0.701662340669731
-0.59248761742257
-0.571066714737958
-0.496860291870234
-0.528993129151013
-0.515980830413527
-0.610931158963811
-0.636590405910119
-0.510717210418548
-0.49123575269822
-0.552552313791273
-0.597821186720986
-0.637015614772024
-0.609753098300434
-0.511972378367634
-0.355248845127329
-0.512446779204667
-0.67166870918468
-0.595594887815535
-0.467388389423949
-0.578272219041773
-0.400495899992451
-0.43283007458951
-0.543089652427254
-0.350777771831745
-0.547404989070337
-0.420926393444628
-0.683653320027544
-0.527175530559705
-0.707347457859618
-0.555251912231323
-0.454403694183933
-0.443000284649297
-0.357154786336231
-0.412791527157331
-0.511908836266782
-0.405956608422524
-0.497513606737961
-0.500504216541075
-0.406607476204087
-0.449349888809926
-0.392120089955588
-0.600250753481209
-0.529767411551663
-0.522566724099434
-0.558026348423985
-0.478058014063067
-0.501377409951976
-0.345533870464183
-0.682926368592492
-0.367373823230928
-0.469806777515231
-0.513064871570959
-0.562271810932562
-0.4785592292592
-0.440469383606084
-0.511887910682236
-0.440597693960917
-0.39761031927761
-0.389754169625464
-0.394351944142831
-0.393773316021705
-0.470590942350625
-0.417187099878806
-0.351884429147579
-0.362680622019025
-0.469575892424339
-0.564800899554021
-0.229368057247366
-0.473062769888241
-0.321842193581491
-0.363544174969876
-0.413613246315426
-0.366710391572863
-0.710454916531152
-0.431616221470547
-0.443671515744966
-0.39640457695131
-0.358908431222108
-0.276407768687578
-0.4361114501472
-0.453112882819566
-0.368954167360617
-0.473469751610047
-0.402778670908623
-0.491436764950472
-0.394067282304432
-0.517823047596928
-0.360957383617701
-0.299644152348079
-0.284953014464103
-0.371569784201166
-0.228298043591061
-0.352379100474143
-0.443667779860269
-0.374189119025781
-0.51184200533819
-0.234243093670945
-0.347667726927045
-0.212672427076285
-0.367173335346084
-0.481931718711205
-0.336694239245093
-0.310490287937037
-0.409193655272656
-0.452787130694041
-0.445482416819138
-0.351316386239918
-0.325959502196704
-0.34249600766419
-0.341378782120606
-0.350917848922323
-0.329786800151151
-0.410155740921723
-0.305831644334726
-0.455936669075482
-0.316364237109209
-0.293927856410495
-0.371485446308827
-0.323873292494966
-0.262064960119357
-0.443565754329531
-0.194997380877263
-0.454042245943842
-0.374410380273939
-0.329157764031059
-0.431280066866002
-0.355718976524457
-0.249428390447548
-0.29393060282703
-0.114736667250066
-0.375602137339717
-0.27848664937189
-0.246150270461338
-0.379749970593099
-0.25299396385055
-0.239748990254827
-0.337415371892878
-0.443697432029873
-0.363275019253378
-0.37110391854659
-0.390939538740721
-0.303760453483641
-0.341733262983251
-0.464698430754839
-0.337785949445007
-0.189481183757783
-0.237581158548007
-0.258535406929742
-0.38460659022595
-0.382535709951084
-0.135853150384222
-0.345655105758217
-0.274344667392447
-0.269779967338727
-0.281605271283819
-0.167784471267473
-0.435851721482123
-0.32545197799782
-0.136815807154516
-0.276223082584096
-0.39778514185556
-0.227737104576881
-0.325687510672913
-0.268110042138879
-0.311402439930251
-0.286165583033613
-0.177975959898707
-0.343268443436974
-0.0604752334598479
-0.27915802053084
-0.18955568614451
-0.241270874525703
-0.355263560533159
-0.234183094221553
-0.263388554732882
-0.315528293001845
-0.143174962087417
-0.254875826122432
-0.198527052935234
-0.107793521955711
-0.0795461052815821
-0.13300507113473
-0.207209488538618
-0.0712474250132928
-0.129924124516634
-0.19996924340858
-0.208950494770723
-0.289041129922655
-0.152753896194644
-0.229308668446727
-0.180531263494582
-0.217408074110036
-0.293648612980497
-0.295918256104448
-0.140434592571862
-0.256795277162947
-0.249518396636888
-0.148397237150373
-0.300889689360362
-0.17871012456472
-0.143570030678707
-0.23416349289508
-0.129653400355122
-0.192890771208821
-0.0444101321630065
-0.142934364060384
-0.123614251956994
-0.213217022765239
-0.140465521588697
-0.10829658912903
-0.378148846527301
-0.220513613913087
-0.203508191776239
-0.152462474578185
-0.27934051926194
-0.0217235956749926
-0.0163705296274491
-0.0497099313641518
-0.0891886010987795
0.0200534108028308
-0.225304189718579
-0.1052157770315
-0.142610991501025
-0.0526377467651945
0.0673030264925588
-0.192560389790294
-0.133354869848183
-0.100647753438849
-0.0681570928609957
-0.00622956496221838
-0.125392751803903
-0.216927276814797
-0.0136686722292984
-0.178000621781515
-0.199313041877106
-0.128379783843494
0.0997147548099023
-0.102364227114921
-0.124044245483536
-0.0266656207451257
-0.0826119986948106
-0.0105200336121543
-0.0240866696650799
-0.0363524381923587
-0.0632749559907658
-0.143863721644913
-0.201071910748139
-0.0534076333089382
-0.0692778817494265
-0.118106533269709
-0.0207442593776607
-0.0602106923276171
-0.0869056420566366
-0.113136197502175
-0.17127639032325
0.0106301148162732
-0.115101110651256
-0.0918625837824418
-0.0848851926885992
0.0196838131291339
0.0663313367382767
0.038025572362812
-0.0440307582169045
0.0114309396536188
-0.0740957165837453
0.0487145295195447
-0.0512586047399596
0.121153329273165
-0.049030932986521
-0.0712111446717835
-0.123160103424427
-0.116437606320142
-0.0806412726885808
-0.0366886701848849
-0.0364455932027191
0.136566952119444
-0.0624291655934684
-0.00563464254179397
-0.0675852440871866
0.0799379651489202
-0.00264791674356114
-0.163566768010628
-0.044659912578835
-0.0119472841751844
0.0282422499755907
-0.0816218864166059
0.17140935612554
-0.0348752104495579
-0.0782160394839659
-0.022410059700983
0.00109609310847636
-0.042512935623347
-0.056724080206875
0.0378887181659369
-0.0598949905241333
-0.021055700494178
-0.0245782921756089
0.0299543495015912
0.0712990799175354
-0.0170108416471494
0.22979308737543
0.0655691336929351
-0.0142174085683184
-0.0328462872073706
0.0513794329645821
0.0552259254957489
0.155115557417552
0.110081605380921
0.158674371187877
-0.0239220227177674
-0.0330051191848121
0.124925991453224
0.192706980605339
0.115361792473181
-0.108901982077414
0.122303563903355
0.0812748903469358
0.108852778753735
0.0907963657473513
0.0705585130148754
0.0824928515219678
0.023465430065383
0.00312305908211466
0.103817292302687
0.0369680269278176
0.173541599683023
0.285323066276233
0.216297046365182
0.185617046743651
0.072752663205292
0.146347697506097
0.189312829537488
0.113448982326582
0.26352511925022
0.0955423221939104
0.0368257250483792
0.165012328943748
0.151450448971412
0.0868280653603438
0.199544761227656
0.122797778922413
0.0968608622453732
0.0250297606066133
0.386096709611842
0.190313478927062
0.164610683730988
0.0344736015661666
0.104571710794613
0.103595760780942
0.14123045138195
0.276995768871894
0.07962236855942
0.179266487380319
0.20646616428446
0.153399685104129
0.0487022457255786
0.0660003160694111
0.125734929662807
0.156828281979862
0.0204909492984552
0.180340573306902
0.21255672640635
0.0887262288564202
0.0387533816919647
0.215060247131125
0.045389791132443
0.1020753368248
0.226630806526601
0.224110896257808
0.15698222630157
0.219109797345324
0.22644465814559
0.168202238185763
0.240586999113275
0.1486003606881
-0.0029193214402462
0.149978700425162
0.197988372410242
0.0456655769698562
0.17473564028249
0.293417368284477
0.136028306723831
0.0993081159983951
0.245782999451607
0.264338060254321
0.204591681495748
0.205396832739742
0.147093756272947
0.241161208653306
0.123826382247978
0.32654740977188
0.0278483638564843
0.179251954029972
0.39623553903541
0.161633484012552
0.210564772356334
0.28004724419513
0.202387010498016
0.206354174534348
0.388778874364333
0.151992272228921
0.18470097969146
0.317735837858896
0.139003926360096
0.226515719062757
0.429245534954799
0.25588004586289
0.329677835030064
0.282170341898609
0.193107160000037
0.295660679958447
0.353341031242344
0.280916011674408
0.408386349712385
0.226931739441711
0.310308913098222
0.368450742319623
0.207082843187686
0.352214391157623
0.202334255422311
0.336876319412932
0.36776298754692
0.319005371392726
0.167361382818018
0.263343549154523
0.225786100365784
0.25059546293637
0.398583462545579
0.375580977980998
0.27677674104972
0.354710407192569
0.3082307385928
0.325014540773754
0.293948146687787
0.205072125124655
0.385680931279933
0.316412283007855
0.267014732830479
0.432078991908482
0.328864012763253
0.231088168738171
0.203459013034521
0.345558102469264
0.374602349954372
0.132992625108677
0.286336902709812
0.3816661894079
0.305401390920368
0.193084163153856
0.255113807756021
0.354178300232547
0.261191935549556
0.42766299672037
0.235659511216846
0.29230349080287
0.302687761200247
0.335476586783465
0.435191950936378
0.343649312556075
0.362751840281113
0.342906730538201
0.373164140772807
0.329808986308932
0.330157118043815
0.465232545949865
0.32728620495986
0.370590872419908
0.371633451048175
0.32066890603164
0.329870956648007
0.409640826810552
0.533271460499376
0.41571227858595
0.431285639486957
0.375127675181836
0.400695724224808
0.325019479882546
0.325203174578761
0.510804332055417
0.294207277505899
0.301068976688933
0.386984131821115
0.404355589117245
0.497687495440661
0.487949417222174
0.415457497485068
0.314745460809205
0.424017715227286
0.371967116118029
0.589651738215458
0.390580709104484
0.44779820386484
0.473653272350278
0.423922326005094
0.567790049510702
0.353112083908268
0.369150278438013
0.579829173858777
0.404859185259943
0.40974309420247
0.28566264770638
0.606741604897718
0.375274173453537
0.412199155932829
0.45817877589434
0.412684829286705
0.55872294548562
0.586313937008473
0.349193121345549
0.583879595721559
0.411463092487621
0.450255941675858
0.473142870767613
0.504293650862929
0.350630290594931
0.517829654442396
0.465570851600796
0.426143390807123
0.602202610486199
0.429077007709132
0.541514347627192
0.469277735318186
0.421252645937679
0.444171908612411
0.458498730346006
0.483170346520854
0.651699809142564
0.383316596166364
0.453052167566872
0.592833251058121
0.483654377209113
0.478810102187703
0.426864359648142
0.605903601865002
0.37874047451233
0.494107058401238
0.684364905436288
0.505829121745746
0.529436825446598
0.611396493091312
0.456734572861951
0.579607851633664
0.553900406498273
0.517969422750517
0.540835952536268
0.570752003819317
0.727484007130904
0.588130419592064
0.516330363030132
0.516478324186949
0.477853925265091
0.613590842911541
0.475172700390289
0.531369098145867
0.673199209562773
0.619336133103931
0.488114147333818
0.506266740231967
0.436373691221356
0.535650632360365
0.650905509555805
0.601213089691891
0.498775349974146
0.601342152714165
0.481446952360948
0.57828859948867
0.357299568465692
0.594489818834903
0.620595080754971
0.629643525606968
0.496665746115741
0.67876444805247
0.464931152364019
0.728759048430173
0.600279000838651
0.504445952873618
0.661347911802106
0.594337083289881
0.689049946332279
0.642371228450263
0.617557005579647
0.510400766463892
0.438883156924377
0.601410738420513
0.674338607324396
0.548718269449485
0.461555964150675
0.644295337236301
0.579067607705895
0.550526134926802
0.664075956409205
0.525335804970434
0.390244782060022
0.590418993435883
0.594374791240025
0.58648448266729
0.610155225002177
0.532236531868156
0.53561419106245
0.624184273378382
0.544579372029399
0.567609367718564
0.619036098651571
0.661386792358399
0.681846168882882
0.567366635511965
0.681070621449941
0.667731471604981
0.620731758731847
0.698668682562661
0.713549907232386
0.794830806092405
0.705511110065019
0.587543857990816
0.617773605342564
0.792465905918469
0.584365177415245
0.544849633296284
0.705852419318345
0.722533275787098
0.703879126250199
0.551868306415756
0.650436272509661
0.618418714541685
0.57387958142866
0.637006286317076
0.564186238459189
0.783487749429874
0.730856369060123
0.829962604727155
0.720201066358733
0.745140931036621
0.645370066850154
0.740323439736287
0.644857399957224
0.650778794185308
0.608163849358999
0.634283581438958
0.805500240664183
0.597835690865046
0.82756836317691
0.786014362342899
0.530405926473538
0.783244609136626
0.679411099237726
0.713281454323048
0.818130216281184
0.804269000367788
0.622716047597394
0.787870093089851
0.649117304172918
0.704140357958746
0.696920846755412
0.747223544774875
0.750407520161896
0.741515604555862
0.711021054111287
0.7305010396789
0.774298054444788
0.80826048724486
0.727705555939705
0.695384159824098
0.679152176212446
0.831157968152495
0.880605678102379
0.773887854658779
0.658769000771377
0.718773074020423
0.845811713529889
0.851765809112368
0.859715734296051
0.74533795496283
0.899304650471329
0.667954640243584
0.831640861137054
0.774208100846765
0.809283789426538
0.808547228700334
0.837463812268556
0.811162479237763
0.734879898824561
0.815485906929366
0.758775207142635
0.874514802421584
0.951695806608249
0.7828708879645
0.832549511855175
0.791831556462957
0.859197064709726
0.78144851083671
0.705370720325592
0.712426962278007
0.909218984757949
0.882719025678617
0.794223434773917
0.63893288345472
0.965908121407211
0.84474702630739
0.89826830189603
0.981822589981672
0.929645893495278
0.817287262162395
0.807503427475862
0.832794628761514
0.813357881000112
1.0161717272737
0.871350657169514
0.817375365334809
0.829622245636419
0.802232377972028
0.8351057745998
0.903285895781744
0.894197048179084
0.851576130180009
0.847210307602097
0.897801009437638
0.862812575873811
0.854286521428822
0.903827113584496
0.880860232809024
0.867752638333198
0.813501941670607
1.0636419458191
0.905046064627194
0.901391205809344
0.760762627048716
0.824749839715256
0.852926921089807
0.846986292357341
0.85877913698389
0.883892712792015
0.895961821632584
0.916257228024377
0.782693067666134
0.943118478150601
0.913487639600808
0.910147946794248
1.00419456996051
0.842944368527539
0.964262629882577
0.922193015589185
0.829964759335377
0.972393318902292
0.939638246067582
0.914199935320799
0.984289952707235
0.768722432413045
0.931032925437567
0.923707792125611
0.933533962474054
0.923740255648757
0.952739405884631
0.921809161947005
0.792055336693909
0.897615165940927
1.07464638215415
1.03413577044893
0.95749750271648
0.671872603480197
0.91065834858882
0.863480922556699
0.883190773425761
0.957923571351507
0.894672747754033
0.956668186749278
1.01976786450315
0.872848428305099
0.939794021753576
0.903106698270501
0.979784447169142
1.0295876052443
0.903681674617446
0.89560306751454
1.11863369109057
0.902084730562516
1.10027305564401
1.18023349510093
0.949275998481198
0.9977760038
0.88100933880504
