-0.0316049827811949
-1.0071947450318
-0.9832333724184
-0.978842119897442
-0.944560548464375
-0.9670591848168
-0.931556994289147
-1.0402813363501
-0.929819165362448
-0.953998108089942
-1.09844533151844
-1.01785126724462
-1.03495618073128
-1.04280887350446
-0.919959089136274
-1.1035286702849
-1.13739274637772
-1.06699870853451
-1.08222670703075
-0.979516892556563
-0.961288955044427
-1.03920745346122
-0.959097784806414
-0.938837398473065
-0.803306961306805
-1.0064741760003
-0.919310346787157
-0.827079649452625
-0.988414197563388
-1.02220774993516
-0.935936918798517
-0.87620986759569
-0.785193794804608
-0.960565463370546
-0.996634197797436
-1.03101663820787
-0.956651368641622
-0.888851014555963
-0.902526021611569
-0.916836011686429
-0.840276381907947
-0.933907298550909
-0.762846836169056
-0.879348303338601
-0.925311480654479
-0.780889482452621
-1.03186486309281
-0.956159917873765
-0.928831804286513
-0.91961531647849
-1.00096605467031
-0.922813837958448
-0.987180608866793
-0.947944444570506
-0.924600797758975
-0.840732671174278
-0.807154248608442
-0.896774559123179
-0.988623226392837
-0.796416481512619
-0.833950431039025
-0.88564240849107
-0.990186088493825
-0.942690780706027
-0.756924752085728
-0.858026782598504
-0.996723811086869
-0.674206052283763
-1.02263729952511
-1.0522263856874
-0.869372958563878
-0.77218286833481
-0.89885971110282
-0.932573623120495
-0.917938199322124
-0.943137463133617
-0.832139298650998
-0.760077674708906
-0.841098941050441
-0.876911768059786
-0.843149266594295
-0.927252021625181
-0.862687295699877
-0.791214293893395
-0.913898578725802
-0.886533687642827
-0.921808826945276
-0.806174623829187
-0.79859597832111
-0.927770644698658
-0.756791896089818
-0.88361417743336
-0.893740105888196
-0.678230608895078
-0.938763142215722
-0.7011385384978
-0.675872882400251
-0.932636496714804
-0.734165432386912
-0.838564229464942
-0.650072596440017
-0.732647387414629
-0.843501238873524
-0.833136792640238
-0.77235571516581
-0.967570687521049
-0.859207988820009
-0.73735270241513
-0.814377795347211
-0.872351651204556
-0.84251058383105
-0.86018278288452
-0.85174427947181
-0.826745676717217
-0.833315610942829
-0.917826764085168
-0.720509454583931
-0.831710656021688
-0.76179203381606
-0.716355919085517
-0.85047643468196
-0.900591272876483
-0.876855958636439
-0.714843354288909
-0.767522787377452
-0.542769848489521
-0.655717979365513
-0.771625980534501
-0.848635815245529
-0.664969365270935
-0.734456891660138
-0.72169973837533
-0.772601419110748
-0.837438720541641
-0.698070507997332
-0.758313860822694
-0.649881892991808
-0.709264418168812
-0.767330645903703
-0.874456039040052
-0.702724506212352
-0.698659591574184
-0.781926115473109
-0.636507045496147
-0.667924377433065
-0.653516446419601
-0.788834664954186
-0.609809453016186
-0.776365402516451
-0.603968180334367
-0.51670804907072
-0.658121807687253
-0.611856493102281
-0.773288806412381
-0.611175872626749
-0.618533516782084
-0.747337410685846
-0.625486404506213
-0.733213984495174
-0.90850611899133
-0.818880151455645
-0.602503264331084
-0.705149858192718
-0.749889250514631
-0.759170703385463
-0.735197402589946
-0.730094582146269
-0.618431331241844
-0.725348416667065
-0.829169748919194
-0.858460794095725
-0.630435424969553
-0.70844842593051
-0.716275950584512
-0.666405282608087
-0.68888197534793
-0.611190927444137
-0.636979355313886
-0.593514796115609
-0.749839688054744
-0.572426861781331
-0.517423749027409
-0.554149616110655
-0.68588523673392
-0.700826883451778
-0.71461951662816
-0.618026068151781
-0.702292061373785
-0.674257742415897
-0.583223086385792
-0.577715472193003
-0.658595320955031
-0.516680657121961
-0.554621010598107
-0.692595344812644
-0.588413597289491
-0.654431965327796
-0.513394507870073
-0.56252641651257
-0.55013644532321
-0.593130056377526
-0.641036950383449
-0.629254058393497
-0.637127842823923
-0.615659498698372
-0.527089794601319
-0.560486332291383
-0.666637765163572
-0.631436573118874
-0.681527369634879
-0.708566380467562
-0.704738954013624
-0.57343880821255
-0.584979044094218
-0.60387074518949
-0.542523799816122
-0.594298416226849
-0.621243018796968
-0.591142663046035
-0.519270340070196
-0.405759819237411
-0.540000936681907
-0.511004849675162
-0.532775838892457
-0.590512758704669
-0.511181242587694
-0.572420551451059
-0.653897513668947
-0.515354133584746
-0.536207110852502
-0.62401767929512
-0.522206419596825
-0.654685892926252
-0.511458403872943
-0.375985051820111
-0.474913037200178
-0.713499910051835
-0.653220874153918
-0.469691109815565
-0.565671076683119
-0.585680210709153
-0.550851199341867
-0.564720747663433
-0.355961975880596
-0.608229677331276
-0.575149110428002
-0.323119893127156
-0.555854718505941
-0.458243658772002
-0.530120252735814
-0.533304577142586
-0.381437426313122
-0.661854131558334
-0.484770223382603
-0.464096736365866
-0.365891940811579
-0.520230837928751
-0.462931165380491
-0.619995970834094
-0.428205645622003
-0.576732192093545
-0.467399979879763
-0.446171659797027
-0.518797031774709
-0.358850692927747
-0.525672163633259
-0.513656498290356
-0.394563122945517
-0.374723489503184
-0.563482669654919
-0.483044738422653
-0.542992752383011
-0.318672965617182
-0.433347302963872
-0.399101065516317
-0.451806196135122
-0.197152082972903
-0.347572232782322
-0.435978243972078
-0.499162510464322
-0.506910257010233
-0.535113462941993
-0.572618603161809
-0.446431941100262
-0.363056984619748
-0.36389393693509
-0.472679684852997
-0.423411231157605
-0.270502532647193
-0.450159074116985
-0.414378939557798
-0.427414474200133
-0.416195011067143
-0.448844975075865
-0.454056199585531
-0.37032060697592
-0.475032551583209
-0.595839477645137
-0.343325514519876
-0.374431242429968
-0.414819405978538
-0.400575090435363
-0.252487016565356
-0.391470707560539
-0.362229357739488
-0.292210808203678
-0.419547337482245
-0.465068458090113
-0.368681818078583
-0.263704656831974
-0.440212027592293
-0.412518325634759
-0.420009946333158
-0.369980992802298
-0.419355960323046
-0.361608811457151
-0.409600079369273
-0.331062357477555
-0.385208901759089
-0.392815582566045
-0.422541125232629
-0.440800934776537
-0.237496825011267
-0.481437199725235
-0.318095253394972
-0.362711651195511
-0.361147487693461
-0.401421957225585
-0.184994863774697
-0.409542615205916
-0.248608837446085
-0.216647346988593
-0.392605268131042
-0.384552894581786
-0.173280769460385
-0.40795795566255
-0.291377373935374
-0.35342362461783
-0.295107688920405
-0.163034572185207
-0.364183788956836
-0.333623951294991
-0.246319853413028
-0.208811958180524
-0.266536074810487
-0.19334173657345
-0.500705314691148
-0.343190382601541
-0.135062016927445
-0.322307457011441
-0.495795596375667
-0.248796944896745
-0.282536720270092
-0.195069601237898
-0.282860959488048
-0.262218236469486
-0.261222675685231
-0.219742051183526
-0.175604548994691
-0.418094803937785
-0.33434911999842
-0.290520298186034
-0.297552660321535
-0.433933017368784
-0.27486134324276
-0.266205383687529
-0.325511549126379
-0.324606091680204
-0.0738755968086754
-0.156628692857269
-0.224377293311695
-0.111186186278116
-0.385139474781906
-0.1205987005849
-0.229092718910464
-0.122583422255931
-0.215813512092009
-0.277312522262828
-0.363761230333433
-0.315725609576074
-0.153626813036609
-0.426734208918326
-0.218618854098943
-0.224060010233434
-0.26682329679617
-0.184199502489662
-0.141112040404203
-0.252033594675624
-0.397879239457917
-0.204523055408978
-0.189186795922123
-0.204445771378574
-0.229103118574485
-0.199214915572881
-0.302908956264966
-0.138006073077917
-0.202523958641108
-0.213740871070107
-0.249142987167904
-0.260756513146749
-0.179756449817314
-0.117683623399562
-0.141616542172618
0.00735551873506915
-0.259562499575339
-0.187322581174513
-0.00702262780778657
-0.149903401254521
-0.208562314871789
-0.143800096608057
-0.0467085286731439
-0.276462877207677
-0.163597056197284
-0.0889272146729741
-0.0100971932110844
-0.241930453689406
-0.131253544005125
-0.201152564375174
-0.254815849651238
-0.175343993254156
-0.0323236907105333
-0.358844809159882
-0.134530884445612
-0.196822213122928
-0.167823009676996
-0.288990277773577
-0.167120758165655
-0.0504444649880723
-0.174567456520668
-0.140635412514328
-0.210031255426084
-0.112524906606884
-0.143520067882824
-0.101307671124321
-0.252423797308138
-0.129833091168677
-0.00862913378553287
-0.0893994943778717
-0.14450991571888
-0.197049955201037
-0.137849837942833
0.0152118530315434
-0.12301453351935
-0.00166365282554565
-0.101758378771357
0.0116803176556491
-0.196446836009127
-0.16434537924708
0.0461244339722541
-0.0574571714702541
-0.0695897971038384
-0.168857864018502
-0.215548314316139
-0.160635666957988
0.123584627869558
-0.0322904234941299
-0.056709613759807
-0.10032528150758
-0.199264866688864
-0.0827141042524574
-0.210967100367433
-0.125253744270966
0.0189824853334247
-0.0530546926369593
-0.0934345594302478
-0.0963303020402094
-0.111802680537515
-0.0599337242482751
0.0424509530800693
-0.0735433147811836
-0.0647197821342079
-0.0645609154746292
-0.166091209510987
0.0288848753252381
-0.192091148486657
-0.0144083831442099
-0.0768548835334046
-0.0269285068168377
-0.0287317004215277
0.11761200091322
-0.0918291320805164
-0.0736527522205852
-0.0958734195244363
-0.0218029249004471
0.0339997033690135
-0.106031833975773
-0.110568953116322
-0.0246275283468151
0.0591864669249229
0.0571659887379825
0.0500341811274563
-0.129657174660559
-0.0062730766938383
-0.00627819025419782
-0.038602771979538
-0.0858486997851476
-0.0308935920082401
-0.0318528076570713
-0.0168272356434744
-0.0719750093238277
0.0560587240297414
-0.149609442143775
0.122244021625437
0.0185427176593808
-0.0219291950052014
0.0205129800874203
-0.0334466066141372
-0.0469070727713374
-0.0746698432248827
0.0769080524168283
0.118350168960845
0.0770104753549361
0.0200243703923337
0.17649284091181
0.167675300374638
-0.14748297013149
0.12642472263747
0.00103924371044874
-0.0450410774655385
-0.0240528768036292
-0.00625812415218589
-0.0701658989126203
0.0939680820953983
0.0655403436761005
-0.0301441567194514
0.110898046399939
0.0171752797608559
0.100070303538939
0.161948876443685
-0.170010439703197
0.0823061637050166
0.181166096457684
0.126870941847047
-0.00409137612136269
-0.0122633812443988
0.0334132351294031
0.184116922973682
0.0918519036329461
-0.0159814787593949
-0.098250499252357
0.158756897012503
0.132991924826418
-0.00572140890390835
0.138309467098564
0.0572986123820115
0.0765678009550091
0.114859386162601
0.186312394840207
0.163820982652254
0.130007853617446
0.0444390179312304
0.0777116899111254
0.158046502008392
0.0819872823850663
0.111181707949231
-0.066259853965276
0.098644347033091
0.133777109463409
0.0680269625680234
0.163034969561585
0.168343209820913
0.0472834855479125
0.0364526784806909
0.101103432441056
0.14584384270046
0.236321590421586
0.0300711080222724
0.126516938258556
0.205797595334637
0.207670734561065
0.103856157454493
0.0416413856714051
0.127172721303449
0.00582920801604447
0.110290611835952
0.169481834661899
0.201027275323719
0.201445881308315
0.187227250965523
0.195271580317441
0.0701245523790785
0.0500884028896007
0.274147233055379
-0.114145799865442
0.236605672502509
0.337128100292606
0.314285630674718
0.204566889027159
0.16453877950971
0.194209336852838
0.147866595104029
0.283115927785648
0.296711347545252
0.162183132999196
0.0704043657682607
0.219291506863396
0.11800811087197
0.0558590044922723
0.186152240984767
0.107761199200661
0.202442701997997
0.120444204901273
0.317510795418045
0.266158103138802
0.390707129574403
0.0663346493509128
0.126020493465078
0.211650179261815
0.154428799470685
0.151585784861879
0.136714566513102
0.359625595361275
0.16014568381225
0.186065051458279
0.0781431363955267
0.247282341370794
0.299111601415259
0.183702450622721
0.177444366649949
0.14894029938079
0.521277964411906
0.253058136946838
0.121763885214429
0.0497875354503307
0.354751605579256
0.302748775995193
0.255091012859024
0.216815024657061
0.158807635447251
0.308579570101131
0.265323420977363
0.114316979070076
0.322940995615905
0.358659846403624
0.056320439283405
0.130132163559512
0.365671058728478
0.207841562915834
0.262290487818572
0.348387576316633
0.304932461012862
0.360298812966855
0.229006407670027
0.275467738712556
0.373166955017863
0.220489301469297
0.29175843627152
0.26058519029444
0.354709430877848
0.133994163674342
0.243259594759559
0.386805499632229
0.435161357820059
0.239057816669952
0.343981019420609
0.409056399170909
0.27322360538017
0.289442858847354
0.315076480817222
0.240827220896739
0.222661946320919
0.367583190477305
0.383997297744686
0.229598911893007
0.406113481867119
0.459170154254846
0.303820438354837
0.34184606608983
0.439566474000641
0.288280681076711
0.167877451438808
0.42648418693619
0.300433581595685
0.286283300184004
0.307333978819122
0.501135619189274
0.329470843915949
0.364822984750135
0.3916051233311
0.370676478885677
0.3989133462678
0.402081970468067
0.35767451823502
0.432720705454181
0.427820338905691
0.328958505730816
0.333949059166033
0.403809771505028
0.393733645707531
0.480931408975424
0.452037400297172
0.282653513809994
0.32428588916896
0.457247068998375
0.323474753851112
0.563169978469466
0.475471430979328
0.252781768271977
0.481656460934636
0.39979135105698
0.485263504037308
0.497746034571649
0.390006765439838
0.317963475460615
0.491682363354397
0.294713848179036
0.392124362619732
0.418961913848074
0.224765761309331
0.506827651991016
0.474109553193398
0.2341873937893
0.543415989307346
0.389186015719267
0.448898048301915
0.404969592721914
0.363508967649458
0.403676032423631
0.297462637057265
0.347782856730442
0.524526815837162
0.516288486854595
0.423810217320982
0.406517490659989
0.478608827681647
0.541504066564188
0.663814800453026
0.399774211870161
0.475456488975174
0.439231529403842
0.459280851062983
0.474504055156637
0.486616608573127
0.428011117536834
0.443269889660956
0.504257588557419
0.669134092808812
0.511245305426593
0.308676414326074
0.485151655445993
0.556787343167885
0.395114151330237
0.385111889146569
0.49447302212531
0.537840751475475
0.504767368435266
0.352078645790913
0.530209049396291
0.256450574387402
0.59210156220192
0.407752469261768
0.504925856344489
0.361375033921769
0.359979215512931
0.487682641206789
0.495050087536704
0.523806530046392
0.510245275055586
0.517283063658994
0.515894696465923
0.626423442890147
0.573021818617871
0.397129154633195
0.48184833855045
0.552450778614042
0.637900196666349
0.656908088300076
0.668614999539262
0.462030068361152
0.553108151887051
0.579679997689503
0.572058790942694
0.55529598628655
0.461157190401418
0.539481654580368
0.492574245056096
0.593341861313779
0.594124144639789
0.645904153627234
0.531748365663054
0.604973503198971
0.613850386259885
0.633219143815846
0.650253788694426
0.626029190880897
0.505566661479646
0.508955695509762
0.657978106621591
0.63051445361403
0.570421011472764
0.677452414926633
0.6071481728661
0.577358741535214
0.661335041908385
0.579757628821225
0.720320638608384
0.51781171088643
0.586634267957398
0.489779705822288
0.588809516506934
0.691261836973222
0.613047307153817
0.641799046284279
0.528405650983189
0.654457072806618
0.697917512833938
0.634832108205794
0.65952056688436
0.643533527410487
0.477304032960438
0.607624445787805
0.568014386662606
0.810454177600606
0.673842327202409
0.598676814143558
0.73974602518235
0.564692622455016
0.621331904926143
0.671778856457061
0.64155617746681
0.685798248322627
0.763920706137117
0.671888418004895
0.67143334983274
0.572443150467852
0.600715969023462
0.71478870548525
0.654377187703085
0.642774002541323
0.711455114157189
0.651847433467876
0.62938720113275
0.761251024502915
0.718241089957499
0.624094326959146
0.745894203008283
0.612467555946795
0.723714314901047
0.589208755859301
0.531565065623074
0.71312570782425
0.744259607118621
0.818510279047683
0.513010340480234
0.697527269232224
0.499382002910233
0.608423624775307
0.710492526820642
0.742261690505586
0.585984045773466
0.656369888119241
0.827433622533705
0.598234501740229
0.71189804362892
0.722554192402052
0.569721644469637
0.643003724237378
0.721343138864726
0.669648828486603
0.832142709294729
0.62110606015775
0.646704974368801
0.689034317257037
0.74838778085962
0.805217132265958
0.729471415911936
0.835589872845554
0.808463978387412
0.794775437171728
0.730451067560097
0.8115718491141
0.738055519828913
0.732411153772145
0.713300276190981
0.787913061051473
0.76300715198299
0.66530492944366
0.85497254233225
0.8390419861445
0.806897492533523
0.605152235333228
0.805954800609145
0.737927151339635
0.941891716114246
0.739441982352596
0.788896982703287
0.728297984034722
0.616860281668486
0.723188590014872
0.683558723191819
0.802194245741469
0.864214262049739
0.859124037218862
0.730957769462844
0.828453127097151
0.766789910062967
0.946394492066857
0.7074403494694
0.716069890402777
0.778520528255539
0.91144297266466
0.913224607855087
0.87286321082123
0.813330418397038
0.73402917201013
0.651061727087351
0.867561868334184
0.801509449867407
0.889606377438161
0.954489640063556
0.850976619173313
0.843919594367522
0.914005903350521
0.957656630212097
0.819415643492162
0.819225974846013
0.816979285801003
0.821674413791277
0.896025354933807
0.923189534233673
0.895557837455439
0.699566556434819
0.824989906647697
0.805235707949505
0.865856440701227
0.77083611635214
0.917001250995555
0.802908332400312
0.974146876780643
0.866398782666006
0.919393542662705
0.845262531361197
0.849733772591147
0.863254297803777
0.639760942207823
0.725312266896323
0.85846375162876
0.810887052706003
0.991303595541871
0.833092291096712
1.0752123250837
1.02174252845
0.949744650153309
0.78364413679783
0.843771120852896
0.929030061564709
0.913649022461123
1.02924464022882
1.04156236107812
0.813142672582987
0.807496159416725
0.731882362665596
1.10329471506506
0.715479978342371
0.942422336594314
0.941681532326379
0.850854323351336
0.901555660237377
1.08459387970702
0.969903234650775
0.766038232608392
1.00202530158899
0.885337686387762
0.980975359477386
0.90222382875087
0.906068340124496
0.931937823647071
0.979310206477035
0.940782083878213
1.050575009893
0.881871156316002
0.873255248310118
0.930774619960669
0.945722315447124
0.955070613073
1.18230226917927
0.843570802005472
1.00282096840257
0.819687644272307
1.01264498573664
0.924923964986227
0.920461176086649
1.12125672924998
0.997021601018882
0.860181614457523
1.04502689229722
0.877798075073541
1.06178410426679
0.908981237810606
0.815768505085921
0.995576524092484
0.822139566337346
0.959595446209605
0.886864355127407
1.14094638440199
0.878628879360714
1.07823312204067
0.914195689546594
0.960645735112473
0.93770826345392
1.14644532865786
