0.102135563257707
-0.882212989253816
-1.03222820282367
-1.08438433747961
-1.02933629239234
-0.875248958473122
-0.998484796577174
-1.06241362872937
-0.852561155734235
-0.951019101750478
-1.10591252464432
-0.889616373652196
-1.03652823704472
-0.778720006341208
-0.985080732224367
-1.03334259057483
-1.19343673837847
-0.952092755960002
-0.850261111208755
-1.05575667201946
-0.855221461389153
-0.991005154895339
-0.84196147267957
-0.81213206406809
-0.988410835096148
-0.979129676488926
-0.894822513264495
-0.87835864151662
-0.878027549887477
-1.08417359693124
-0.901363092963206
-0.786349062268343
-0.920700121282455
-0.847836708698301
-1.12001532433872
-0.849207338489658
-1.02232518137609
-0.928803925613214
-0.920068398150508
-1.0277570591078
-1.09093327317104
-0.974943782175669
-0.909088261577689
-0.981907974059736
-0.995774866654299
-0.724007696313584
-0.897045477681352
-0.95026552970878
-0.873236656247122
-0.835028358603487
-0.859944034363808
-0.946872520757089
-0.988124407921724
-0.825478647647918
-0.829880476497757
-0.862544297346512
-0.833505371830344
-0.896599915575717
-0.827208047722365
-0.847979863505351
-0.848078911506015
-0.944077407992807
-0.877794635520536
-0.996117548138654
-0.815349506806104
-0.752753920894453
-0.857413425589159
-0.787606200492813
-1.00307897607455
-0.829704790466568
-0.808294296790851
-0.805401414011501
-0.89167362365832
-0.984716272405074
-0.723136998935786
-0.730088060621358
-0.956338013223015
-0.813930397216042
-0.862281338373028
-0.8803743650407
-0.682765159467127
-0.851932152635566
-0.819892797227391
-0.892201090977773
-0.760817499957027
-0.861634329306761
-0.80042129606828
-1.03946394590708
-0.913305315010796
-0.804769806461704
-0.925694903663929
-0.837170478827026
-0.781071503763264
-0.750448554259461
-0.804744702028512
-0.832008836731889
-0.914523460118672
-0.799126923551624
-0.692432441622085
-0.756262679407733
-0.895149678631593
-0.845861263270818
-0.957551188992493
-0.661952084358959
-0.70614872572127
-0.845568620395939
-0.743744826787838
-0.840738960463385
-0.911288144878564
-0.822147667503262
-0.785455688360543
-0.750543119989693
-0.715652809040123
-0.713325517629224
-0.962248425887676
-0.798538845349019
-0.670062828711427
-0.797398166876546
-0.743272847232338
-0.865125193506091
-0.758551896189645
-0.594917735376385
-0.763851237634504
-0.734206430756648
-0.803120757440732
-0.755962873084132
-0.85252681361916
-0.840948740642101
-0.701618922421576
-0.648786516757698
-0.746443084127955
-0.686903349831959
-0.790853347770469
-0.614015693286478
-0.793482860172579
-0.690250752347939
-0.696257683252192
-0.689151960746853
-0.644106549041
-0.816707628396312
-0.77727462838125
-0.87325229955532
-0.754836503927782
-0.663920431358584
-0.736316594162131
-0.602349369981705
-0.711273047469751
-0.844618460628326
-0.763763304335058
-0.711308915993406
-0.688065860815614
-0.65622698680247
-0.790138688508058
-0.721052752832745
-0.740961909886659
-0.755453384344739
-0.80364059066434
-0.600825356805141
-0.740870834922743
-0.606882918121127
-0.718764022751947
-0.571837265429544
-0.631806487882903
-0.801361928176056
-0.805215309722576
-0.79977951107953
-0.555906325836463
-0.668573141619803
-0.743614977402747
-0.584400766280579
-0.520629099251955
-0.702843550371554
-0.717814213630884
-0.585122105544572
-0.758551022836391
-0.722511067407337
-0.692882291334355
-0.489563464795479
-0.626013590344062
-0.659533942378253
-0.568430698098375
-0.7194288640179
-0.557998239248921
-0.804368572108869
-0.657265439913278
-0.612153232551983
-0.595211610979225
-0.723089741758581
-0.754864097436425
-0.689795237307026
-0.592969560939711
-0.64006359082612
-0.624606631553265
-0.634720457458748
-0.518024319228162
-0.644974427764772
-0.656541469549584
-0.527271558579255
-0.537791109245451
-0.595954631913269
-0.428805749492082
-0.627772680635694
-0.712324820613748
-0.724291288986826
-0.624337856516815
-0.630787570662004
-0.504744456143779
-0.650852413696515
-0.716124336084406
-0.575291295156137
-0.56225024955088
-0.613952803903631
-0.562225777435912
-0.531280036423987
-0.493021328263961
-0.50204927780697
-0.577159975453101
-0.679718180157717
-0.498581122688395
-0.753097564086382
-0.669557009980637
-0.518687860684657
-0.590726144169365
-0.419431820304786
-0.663682144872694
-0.394938094296347
-0.518941827653404
-0.565588999811093
-0.533826387148649
-0.50548061613977
-0.617794475076651
-0.592926017295652
-0.412072815079048
-0.532381001446565
-0.482451746571388
-0.551519209916793
-0.660430099528484
-0.485852900525211
-0.579978894644981
-0.456624601501474
-0.453113736936204
-0.440523691891177
-0.544697485560797
-0.509949497526208
-0.524189928845235
-0.49164179168684
-0.575237182134849
-0.398824332059237
-0.528274201751553
-0.533111866661105
-0.590787416615377
-0.591105888965921
-0.181021513204059
-0.522966265794738
-0.509729188809323
-0.438241972715482
-0.601946367244383
-0.426126752044524
-0.481993681000069
-0.632538045630178
-0.55638968932063
-0.489414053127585
-0.481675771632692
-0.473688629285094
-0.415735433686883
-0.426782964314305
-0.421941293644973
-0.538307015222817
-0.526196578985554
-0.487043755593861
-0.636245124957934
-0.478980838351148
-0.57693195791243
-0.300116482275386
-0.499581930327384
-0.435525502615877
-0.481996989388658
-0.397972829079717
-0.393016526674078
-0.405602757677576
-0.286342127428389
-0.588167699151742
-0.569156888937728
-0.453853930580862
-0.500612693904654
-0.613850010234246
-0.43847873196608
-0.488350482166733
-0.448592762653557
-0.575843954088197
-0.40787795211494
-0.36421303844514
-0.472244489641975
-0.37360187611214
-0.449212035242488
-0.393939560804902
-0.197237550926252
-0.491280114830014
-0.353241522860663
-0.410660974915442
-0.290263633147706
-0.329679261770187
-0.457168752968515
-0.276144506031577
-0.47914225891878
-0.338603189359594
-0.506825233457197
-0.509604095956512
-0.3934803043111
-0.378200129402724
-0.499218181437799
-0.273254483942032
-0.410439755043319
-0.539713464370651
-0.29748370700329
-0.249717219435565
-0.476323870421652
-0.407545600624548
-0.42261407626808
-0.316339800338853
-0.284811135759898
-0.154432712832579
-0.425673234234323
-0.207966814250499
-0.107142654199237
-0.357046551832858
-0.372482896163564
-0.388889322048406
-0.404589551233049
-0.535921388487884
-0.412106042519855
-0.369762254888602
-0.520361415735976
-0.325530205376636
-0.316809776815816
-0.525334954382444
-0.3485483158358
-0.359625658175944
-0.305016274465858
-0.259164110690771
-0.308318408805093
-0.265746952932295
-0.465663455522817
-0.253691032781504
-0.495848757743035
-0.269025568900553
-0.315518437817774
-0.347783405738636
-0.214442299689678
-0.298115967314154
-0.347082786134653
-0.445131189287917
-0.272819145847873
-0.15769257031703
-0.388583100337284
-0.263281167926553
-0.41385252292365
-0.248823289390629
-0.274315906122256
-0.387148172984731
-0.314133121164625
-0.149835136518938
-0.217350864780293
-0.297313071709157
-0.364259535379818
-0.150706931927258
-0.110378934831104
-0.21444927992003
-0.334689942960669
-0.2477990767617
-0.312187514476239
-0.229202037796985
-0.217086654786013
-0.102199018313963
-0.111071665014958
-0.219728205335519
-0.334769501257796
-0.0674796572806112
-0.296509036393191
-0.359464752315829
-0.234181453441246
-0.359767842870727
-0.170396855307408
-0.104496505952412
-0.36799563522385
-0.327566829817006
-0.314800208916732
-0.190870732257067
-0.241247345115473
-0.259343771935115
-0.149741439019237
-0.200764923725578
-0.118087698963608
-0.348174882744501
-0.0495072577702568
-0.173871801464304
-0.11292134099194
-0.207229599206649
-0.307160608900594
-0.347296179536714
-0.251510009599691
-0.220103717997797
-0.118570699722954
-0.207760658247816
-0.17480985082014
-0.32304117338189
-0.17127249095756
-0.176469917556108
-0.284176317649047
-0.102789992450087
-0.192540764537774
-0.243416345899754
-0.20628407193187
-0.176822771770555
-0.18251865710235
-0.128232495221134
-0.136984658121101
-0.134567243925715
-0.178479072611032
-0.170960293980777
-0.205142548191403
-0.204366050082122
-0.0581240531486302
-0.184248556985294
-0.124627519584548
-0.174528849729824
-0.126945102785466
-0.0412098164923804
-0.232135898582618
-0.134429088977837
-0.00581212839359611
-0.16404405326402
-0.174036351271811
-0.0382655060207217
0.113040513234815
-0.222548103135765
-0.0190210831159637
-0.169995486887956
-0.0172017642587994
-0.0839777357509124
-0.215916704381304
-0.0507064310550749
-0.194816419287608
-0.133320677204846
-0.104631233748527
-0.076719604246464
-0.116102800976498
-0.155921740140419
-0.162418615905691
0.00353302056135569
-0.144988305849324
-0.192419760024293
-0.0300875483694085
0.0105995082574665
-0.177976837506667
-0.0623761049851513
-0.0294781566447984
-0.0915340198702571
0.00750347172975974
-0.121625445126082
0.00385385283092977
-0.047647827558894
-0.0483209434443228
-0.0541420041583595
-0.0323004803260575
-0.242340130523905
-0.162968520401476
-0.147909862706969
-0.0262530343793488
-0.0923748650895804
-0.116095085557355
0.0398564875063823
-0.0943696400397744
0.023101012066599
-0.0859866832808864
-0.00709048434399938
-0.1029105478175
-0.0111948730865917
-0.0525115087128062
0.0130096115347146
0.00814431705081084
-0.0370853822884065
0.0236703699926265
0.0252330859244402
-0.0550244535528279
-0.103317721889352
0.0577158270521797
0.0714293843086118
-0.00843877791569042
0.113721936874056
-0.0380521207152544
-0.0746741427144709
-0.025897428702315
-0.0646240169858261
0.0123875395679285
-0.0258745520662717
-0.0412603105861421
-0.135699817767579
-0.00234959826494059
-0.139968456147967
-0.0427801992901794
-0.0973072636250225
-0.0816360751137207
-0.0287087929533133
-0.0385228672863496
0.124697907447589
0.0524511230345463
0.0804000359379606
-0.122427629020212
0.134528234304491
0.0535048161414195
-0.0282952303308712
-0.140521765346834
0.101693359018366
0.159836427061627
-0.0498556529420207
0.115132445518391
0.122941654788505
-0.0911645378519109
-0.00748662902798067
-0.143419968780772
-0.0485164219008663
0.197495012087478
0.0691986970168707
0.0149064179221424
-0.00579488145593173
-0.0824029573409095
0.239819500949294
0.108553581218247
0.15661969319498
0.0856682173172681
0.0594278013774753
0.196756903139512
0.0389025035109423
0.160440481210076
0.0963173943107104
-0.0246599047042673
0.150998676950652
0.0780950347878439
0.0612893259210164
-0.0187135937029754
-0.0476854438130118
0.0978144107562424
0.0923582162794605
0.0693388283291048
-0.0553605897856409
-0.0393523928667248
-0.098192968558373
-0.107302583297088
-0.0225810481759411
0.23636435870665
0.209138538534873
0.19650687749925
0.0614866010821542
-0.013550483930345
0.0950417123045218
0.149506138925721
-0.0389433530443519
0.113416017344234
0.124756502302705
0.121813828635453
0.215838498351394
0.251258428453521
0.0926895870839855
0.167638446684402
0.0534416479851395
0.208853898915351
0.151121336210323
0.117290895782593
0.217362811925258
0.155958966379077
0.205722618038906
0.0264369307736355
0.106462966653873
0.0766531117601892
0.186080191866148
0.164824749396741
0.199811098546756
0.381026157245962
0.179030499145896
-0.00827892954316484
0.136038951839811
0.208158577625888
0.128399534359826
0.248209924712664
0.103862176564818
0.161852863286616
0.150567269215734
0.143789125668728
0.210982740767684
0.235512258081417
0.17991856103643
0.0758855460819525
0.112957732411322
0.349518702581483
0.126999211446558
0.0855543378760274
0.242772716643617
0.284341330269312
0.230183545099885
0.198105780676531
0.284705023111541
0.202005424859146
0.2136475540537
0.18695187922559
0.211464944303259
0.0995404074887589
0.127941129605515
0.245026382707165
0.201730554033116
0.41849933044757
0.270481219841578
0.407791389003413
0.0694815368587983
0.249076063546652
0.204142255381866
0.302783251687333
0.183497341917297
0.311525868179303
0.252465102338414
0.185777417740818
0.15731933032643
0.170143386416083
0.307120464618741
0.176793201319426
0.326049926751339
0.341947299631857
0.232661608255257
0.319290382920622
0.359275605889932
0.237871299705373
0.277701646304529
0.181445315150658
0.273516165717218
0.198387085875758
0.189793650259216
0.380365210232829
0.297351991597863
0.115300524408998
0.235067891808693
0.0715215346146707
0.399373272052211
0.252916738646984
0.408828141235092
0.13517200691758
0.212163543306629
0.348322980412281
0.272387265389242
0.165290635374271
0.253600207303218
0.335883288613891
0.307594350358251
0.440436998959003
0.366988435017154
0.37622126086684
0.349563952617611
0.211489461843327
0.301053737567684
0.223362040657555
0.35602686913988
0.242715131241846
0.268779319421301
0.341069050690266
0.313488503221462
0.347852501916659
0.271945459351446
0.360026150864499
0.422545548969909
0.25357797316262
0.395391606299948
0.365612084944004
0.343742684850494
0.326409616702617
0.444923057141468
0.418192769689812
0.427609979815375
0.496864216580149
0.212316939175042
0.355301904811678
0.405577529595195
0.300713539130483
0.229378337981997
0.322527934298112
0.401879037998694
0.355410841016604
0.342493743534812
0.364194814551615
0.355959147851436
0.460086872247677
0.484602294242166
0.402515620231533
0.395273171937746
0.334996560367287
0.329308718653681
0.210428558574959
0.450406750470302
0.258387230292943
0.343847259780463
0.416235560383232
0.548126828419968
0.305736951325646
0.42335252922612
0.363507485382192
0.33015754803019
0.385971056805476
0.443827466139243
0.540648665450086
0.455375271591509
0.361068589835063
0.474116379731022
0.36135368443384
0.368464079077451
0.396834920843062
0.426421106034927
0.325041102959217
0.375556737676637
0.51474309589129
0.412248510983452
0.416534894264507
0.57198907950818
0.431012276920992
0.429708869728059
0.546172649326988
0.489724734629225
0.512202421347404
0.541351613076942
0.422650647765318
0.466642862656918
0.516882984284628
0.599746203280095
0.254657988863304
0.368172260502187
0.433854425032995
0.522816920207734
0.411608573949261
0.329946325568627
0.564602637440779
0.480611382763894
0.510031312235435
0.488928215473362
0.556111563861319
0.474929868138906
0.578963276058698
0.502984931851585
0.488708748008507
0.441777522059342
0.519430984661868
0.52392602422405
0.298396297536668
0.534778239645482
0.450634850519015
0.671878358238528
0.54083261049913
0.618218967106154
0.544065341053704
0.486450348103707
0.627426755123525
0.532057018475679
0.544185740771871
0.482961833185991
0.636263131392582
0.48994017307997
0.565880601414296
0.564404245133383
0.500950564688981
0.548719620194196
0.393066076828298
0.644858080333423
0.557196303095412
0.590322123388656
0.474384179726607
0.632324083665587
0.332841325453581
0.587710413118949
0.424598269161696
0.425358684936428
0.481730315858429
0.61184228729383
0.522573050090443
0.521559734039675
0.36650592292272
0.65235513457845
0.54940507750873
0.567369254324001
0.587096906828431
0.605098321902697
0.565571506267676
0.534343860234229
0.406928250966466
0.475224775688557
0.671943012706442
0.577783105918839
0.627433340615539
0.489191302324594
0.568574527570237
0.552897969525194
0.643805231555221
0.510238648963956
0.606301408874412
0.618642127660879
0.569969134908691
0.620996854553656
0.562809157960448
0.48135801661033
0.603704037249639
0.621408016892568
0.599828598399358
0.646495671936119
0.621703971148368
0.545374694097874
0.732155707103185
0.546608299982019
0.481295665473936
0.558867479392163
0.735615592496922
0.651089900106747
0.705174413465002
0.512001080454257
0.634595898765495
0.537739313781263
0.563877156018078
0.55599057748823
0.634468891896278
0.746542234203859
0.629785559219338
0.668211992171903
0.587908565884008
0.606908585375451
0.509920176030766
0.571101212549103
0.682395734346499
0.563458704655998
0.773885292967572
0.69904132745077
0.750867391423613
0.60241903600468
0.70115952337951
0.579639604657721
0.733485823159122
0.657445581662904
0.748886192421198
0.702526928856762
0.713119289414167
0.637444632769749
0.682958759667906
0.727436476256726
0.588322499361692
0.760092232494615
0.784479257483296
0.720330520924797
0.804228395382095
0.716020259078352
0.709714165760625
0.62744743562514
0.687462239090942
0.735384990160662
0.784201039447929
0.686145073662544
0.787436921512792
0.587202636828075
0.759786336895174
0.622188142141945
0.696104265436473
0.642614987491574
0.722018701663803
0.756629119373519
0.843336288834101
0.767854601029402
0.616939232945134
0.763067765325099
0.705396393475933
0.89920831866263
0.7213073336106
0.683288142484701
0.698411968108212
0.782808066547968
0.638632610993078
0.825740156705681
0.754715188936377
0.891303595063964
0.749587593315079
0.730692766060178
0.691420552136505
0.822537623747688
0.8018769084815
0.793420708060404
0.668358817071593
0.826933722559538
0.68791189951608
0.665627900837143
0.764404192238383
0.773068203333971
0.822718314589601
0.771456500414592
0.780045769336145
0.881269952168843
0.734042867799109
0.590849737858478
0.817257463754917
0.751360115945894
0.816044789414843
0.882903574345744
0.792538426611803
0.763194852782478
0.694674213940932
0.770781202890191
0.876037693746038
0.893197180245182
0.836189041809143
0.720107423178131
0.975547350830327
0.734588635032691
0.863799128266992
0.789069346884478
0.866955508419053
0.803915520455891
0.779224040299769
0.849636715509042
0.797073312318519
0.787303138758953
0.706419935433312
0.855874917818442
0.813476176385603
0.834719572141107
0.920886042183853
0.766183788712106
0.818611564132772
0.865211159094141
0.767813783788352
0.961166220644692
0.818409621745742
0.864756851061096
0.865201606999597
1.02064248402609
0.874652772530051
0.853472766598327
0.785575105121006
0.740574751110728
0.953446973927956
0.960179393559319
1.02766278964516
0.71307288874843
0.918726694332854
0.923429366944227
0.865999199143509
0.985589621489399
0.894396076855938
0.994462045363475
0.946518451425516
1.0841441693904
0.877435255147933
0.955222046239903
0.729999435766817
0.879912329833588
0.952365026650836
0.846381600192478
0.715558613736265
0.884278880558917
0.927651264200446
0.812652369751217
0.780423835182256
0.950040529921419
0.812771337360975
1.015368000226
0.852191687170199
0.873640807238631
1.04003771502292
0.869814528551594
0.89593488116675
0.961094512770076
0.776016180692245
0.901905063649403
1.05225438887043
1.03508981434235
0.96091209150434
0.988607552421893
0.942464200348832
1.02266673175336
1.09800566387328
0.921120803917615
0.908325209490633
1.06955561000168
0.96710831199833
0.978219124439344
0.775387246306648
0.939902620294093
1.0633084827168
1.02216205500387
1.0861196248313
1.06825646161523
1.04819748899351
0.989167788786636
0.801780386329783
0.783097994261931
0.978609935425264
1.02398567273536
0.752237398900011
0.922624589437441
1.05700606028186
1.09694410034098
1.00890692695966
