-0.0768368290495578
-1.08427815077902
-1.1250710811305
-1.01926019323695
-0.992954422081252
-0.99477363693024
-0.859966294663744
-0.968115539138832
-1.12630295634681
-1.00194798497094
-1.00685074418806
-0.871718064146145
-0.969022669279916
-0.890645597678892
-0.966861201779744
-0.891549328144183
-1.02413717473709
-0.884147596785106
-1.00219358820877
-1.1231826483958
-0.937356461309107
-0.874145407595008
-1.00175976832013
-0.983548432928958
-0.859440561151695
-0.721343941006744
-0.813201769120417
-0.935772841552124
-0.73530389956331
-0.763527034726461
-0.814964871306487
-0.946247660821894
-0.887573338861838
-0.924816425777604
-0.895157591897383
-0.841432199333262
-0.90742338208757
-0.914121646670954
-0.971303665810735
-0.936559706523279
-0.850751017659746
-0.804129936692384
-0.751954047035015
-0.9453122322507
-0.921477629182452
-0.848944721060537
-0.692048741385718
-0.929955681405522
-0.838761438148975
-0.931551418827285
-0.861001906928955
-0.968550790036543
-0.81998004666051
-0.925999271958225
-0.743685970955303
-0.900080231742831
-0.999930545377355
-0.909685700090259
-0.911869937400433
-0.813951787872909
-0.983384329613544
-0.892664243121677
-0.985874876673352
-0.819070311786225
-0.941920596407268
-0.902708744835057
-0.887340737784536
-0.918550836730432
-0.79926121042896
-0.913996521077741
-0.870819893873498
-0.693503706495359
-0.799279194021136
-0.864893952681026
-0.883865656264831
-0.825435978269344
-0.906119489655523
-0.754864782030613
-0.845473308510447
-0.818669202077698
-0.844154943515466
-0.861156129270841
-0.889321681208317
-0.947082669206865
-0.763082546699273
-1.00410726151968
-0.847913811502732
-0.84212481469118
-1.07579092478978
-0.892008446040096
-0.812412122845054
-0.97383291437047
-0.681891558272093
-0.826670150018987
-0.882278361532165
-0.917608302806463
-0.766002120765622
-0.923387896185798
-0.723195951482792
-0.801333406382014
-0.822533974672005
-0.981023346918329
-0.820520460638026
-0.736853154494591
-0.87704937690538
-0.725496131030632
-0.82200377956053
-0.663005290579531
-0.753268274403732
-0.723043923792739
-0.930290366917802
-0.751215037666307
-0.783876914099445
-0.837637298479899
-0.968044534829494
-0.73848751502963
-0.818923540687645
-0.625890040090364
-0.761876580094317
-0.745371300204268
-0.896139143399414
-0.759412607281063
-0.731073662118773
-0.876523912866661
-0.728355753398431
-0.806604384518847
-0.672928354362761
-0.633221297012962
-0.605959535755125
-0.640996248039974
-0.76083314816219
-0.747754920179802
-0.758477247562911
-0.744736533385321
-0.652605124243209
-0.643722704991414
-0.764512585952892
-0.771058827050278
-0.664132134726176
-0.71873609691814
-0.741181379444728
-0.771027934740458
-0.551445723064019
-0.645625121824862
-0.621627532911795
-0.611008712825196
-0.764283948604706
-0.620171675917117
-0.633773928507684
-0.645090292179465
-0.779015189433902
-0.773535086189217
-0.664346987774451
-0.854701284452805
-0.698887258258762
-0.601097338045727
-0.674015092195788
-0.659243175903289
-0.744208795240909
-0.591910353194377
-0.607097617551687
-0.729781896447258
-0.76459715608599
-0.573300772438056
-0.752780217076207
-0.693671540816779
-0.867435452454941
-0.671580099025337
-0.859659603988005
-0.541613569964594
-0.740109202515086
-0.699880936068023
-0.483096540785768
-0.646650940044455
-0.695059040466729
-0.610202883550554
-0.64799033214915
-0.653170271061907
-0.654285397121582
-0.582698886286925
-0.709056316788378
-0.645356721739643
-0.735256132105366
-0.64866442735437
-0.466622021223875
-0.659681837831544
-0.697172254639916
-0.60196733734181
-0.500856941676594
-0.622247406217481
-0.521659986687962
-0.644803787396958
-0.626287035903267
-0.469919961484852
-0.603873637252383
-0.548869226855526
-0.536491322938545
-0.533543951094804
-0.738329913959515
-0.739847801864145
-0.683121338105063
-0.670247489385238
-0.672143470990253
-0.447953511972913
-0.556519145009507
-0.608139597258045
-0.626036885215355
-0.714006109952113
-0.590868225713438
-0.5651800611563
-0.504093793951812
-0.582021050398897
-0.398966932294688
-0.5826504934771
-0.552957594941547
-0.552662512573057
-0.573703381542539
-0.601523175138213
-0.472733866585031
-0.589963126269913
-0.595032686872715
-0.639830748901659
-0.63551400448086
-0.592022393144205
-0.499335342376589
-0.467352415284345
-0.578303751055444
-0.627091614492119
-0.601494261427564
-0.490351645945267
-0.536596213159165
-0.572166601746651
-0.682630372909948
-0.521517691212389
-0.460250553252349
-0.517823958710215
-0.529844056986617
-0.48563966203819
-0.568469841340066
-0.564513961378662
-0.527117320211365
-0.513432552460719
-0.599577954451878
-0.469948744368258
-0.537354170772554
-0.390974415390299
-0.549245108481507
-0.445659550222323
-0.568353477721306
-0.519016883038232
-0.455695450984809
-0.509507472894261
-0.614038102672523
-0.581197193381324
-0.485829311438405
-0.532150847000445
-0.37901848507173
-0.413167823225656
-0.505166165023024
-0.424271316033809
-0.376059721370918
-0.46081419749302
-0.486397177452271
-0.350093237620691
-0.432655621720171
-0.386600439774879
-0.623166685487816
-0.380338555320292
-0.453454241801067
-0.409684509631336
-0.414628440800043
-0.582799715978966
-0.31787685230902
-0.423704599958507
-0.36672863569152
-0.442944843083606
-0.428461545866071
-0.46521562109055
-0.540700049154493
-0.44618791728621
-0.297993167814707
-0.390410588180898
-0.4759438650262
-0.37578521142956
-0.500205200614125
-0.439941141140781
-0.428678953132943
-0.450805272732312
-0.476357423023857
-0.512825332001514
-0.351742746518388
-0.526584418712561
-0.406006541031447
-0.382758468914987
-0.551977555086784
-0.326810991736757
-0.227778987039202
-0.419461477960904
-0.435852388778564
-0.528634038589908
-0.480256919318136
-0.363920425545397
-0.503514022050861
-0.46268224075525
-0.426156090523698
-0.47062730075069
-0.391115558728264
-0.403539010265724
-0.439441401085225
-0.434492726250319
-0.311103096185154
-0.511758029055512
-0.33679981309339
-0.40080540932372
-0.232846328360101
-0.505341554760259
-0.296793128013066
-0.333173721411015
-0.46525820789736
-0.341996791088607
-0.376963384390197
-0.498547555179225
-0.464524218812176
-0.305425764337338
-0.249590467563631
-0.244596059967337
-0.315638103090116
-0.357576393203377
-0.417814200511746
-0.294176647276086
-0.447248901678859
-0.222975329320945
-0.471344729734202
-0.249283400069441
-0.449462349079854
-0.368984589588726
-0.350708834532593
-0.291788262158408
-0.316820794913033
-0.25460588382934
-0.255255012167093
-0.302068980873029
-0.298985418652969
-0.421332894893235
-0.205719618133371
-0.315246921110938
-0.368190918854391
-0.281670976617602
-0.324120360417422
-0.348104739533612
-0.379982057138654
-0.313260929717475
-0.261485613447516
-0.269391425950574
-0.374010806661
-0.287158827227119
-0.397003231763291
-0.295966235649322
-0.23280537024997
-0.274949325837037
-0.275836403332344
-0.42737022852877
-0.314406263730067
-0.169098498352716
-0.397220946685886
-0.353776433254211
-0.132111483389401
-0.294997105497814
-0.294976429286872
-0.368205238166154
-0.229227116487576
-0.193495590768957
-0.265591051024954
-0.204650470021443
-0.372935595656608
-0.170384969926291
-0.149146438440804
-0.33410540008669
-0.257741010339436
-0.20705318332391
-0.274708587052792
-0.360367090911014
-0.213312997224703
-0.0636009075866867
-0.257754640767237
-0.306209108000472
-0.203579208520287
-0.326286170776495
-0.19258372153207
-0.160374599051005
-0.264571871424818
-0.15546517785092
-0.208558141329831
-0.22548730070486
-0.163868676620886
0.0184378560530746
-0.261794244776132
-0.403800334940766
-0.193109472382716
-0.185265050060419
-0.349757516981862
-0.274253214105274
-0.175099891255679
-0.199345048456601
-0.186070428228213
-0.282775593688543
-0.203271343491502
-0.168080905563996
-0.0217466906055156
-0.0647935902043821
-0.0518877829074295
-0.150925665902258
-0.17498008026937
-0.161517980750689
-0.0466799067458125
-0.207301103447362
-0.314760017358672
-0.100024880906653
-0.156996080000289
0.00902607257316525
-0.336205748069494
-0.0850413294813866
-0.0848184805706037
-0.192485353563399
-0.215672080364061
-0.347366054777748
-0.153568582771721
-0.0762770737894291
-0.230819700572908
-0.0434827642261192
-0.169522784276879
-0.115007511964441
-0.214971769659452
-0.217694759489092
-0.126256179475292
-0.1926575845133
-0.0795744356884118
-0.0865265341173982
-0.0228106534804707
-0.112720133985861
-0.110041907033275
-0.118547004834532
-0.0401415801868224
-0.280850914302931
-0.114501914040102
-0.115854519557345
-0.156807175275794
-0.0854132956905961
-0.213094104584589
-0.0657646003762949
-0.197037873681096
-0.252239631554741
-0.204915944588773
-0.0711849967479448
-0.169000440333766
0.0471446900771879
-0.141772221804185
-0.319977391046275
0.0444643046324705
-0.19571987039619
0.055565094867939
0.048077837477062
-0.213963964382155
-0.0981419828660556
-0.053402022813783
-0.00887305095824226
-0.0329312951052513
-0.155353593602206
0.00538192721489012
-0.165295799079877
-0.111949729616997
-0.102802817450609
0.0728098786942897
-0.0610240804840494
-0.0712417512180035
-0.0930560229516001
0.0547750341066797
-0.140082701395866
-0.119618328897454
0.133692024334085
0.0202959080148411
-0.165817765722659
-0.155719164423053
-0.0249020935927545
-0.133950325244609
-0.0209138502251983
-0.00596152201419861
0.155442518566812
0.0123377751400189
0.0486689630219981
-0.0920837671252182
-0.0957647992772102
0.118708967140315
0.0435980625212686
0.0189984026176389
-0.0717648539273276
-0.176928928021212
-0.0310206598265061
-0.0379196143037426
0.0321762758503319
0.0518584052257418
-0.104852988477984
-0.0184400390642029
-0.0117629024515285
0.110180529113054
0.000270934760594272
0.0157153366985935
0.0120427674710592
0.166329248306826
0.015398368159813
-0.0120711381836246
0.158482181044775
-0.0824294980419495
-0.0627782449434494
0.110076465598766
-0.0283424093580664
-0.0160030343463119
-0.0993982606126354
0.031634374225325
-0.0570589556940418
0.0372864993193578
0.0366005384023968
0.106324447522536
0.0409805610139086
0.0494413313575254
0.155027162579712
0.0233484746096143
-0.0486614597516902
0.0539299018954759
0.0589077380072874
0.00475723873603618
0.00622360310126072
0.0967091261443584
0.1150251449278
0.209699342822777
0.0496263156460842
0.0173149582636879
0.0490108953874923
0.0562971701276696
0.0444797380152413
0.00231279079332866
0.0707270277884016
0.0172124779022552
0.124792936401357
-0.181125278256937
0.186828320644173
0.1073151190499
-0.00333592746413981
0.0987964861017829
-0.0022525821436746
-0.0117855778323464
0.133917608911861
0.0748594735293555
0.122723041878119
0.127670068753182
0.0764200985955994
0.135944922415333
0.107660266157734
0.0575762216794027
0.1044850487166
0.0909752848487942
0.257337453878017
0.146769404728778
0.200236969240381
0.0796426341643848
0.215559308923679
0.157833221205241
-0.00501027363504357
0.113432806102963
0.110519118280039
0.0747280689610376
0.143032962769675
0.3019892190596
0.152670772013296
0.161877614107408
0.0906826450937225
0.211517952245546
0.180873164530324
0.20083576573824
0.198613552512436
0.21921545911611
0.0781888217924043
0.226787915707628
0.16130467577047
0.193717923230905
0.223080572852012
0.205103122292531
0.175074688750171
0.103872275351602
0.0535235506426931
0.203015861812975
0.158388223022372
0.157407683979792
0.135437347917471
0.164409826143152
0.159588107387227
0.166015694584605
0.00855141812020143
0.157037877479388
0.149600882184682
0.171632283107382
0.146805190367484
0.201452712617496
0.191062072782251
0.190738494507068
0.226213402246564
0.253792899882631
0.29332891610297
0.195356625619518
0.175398335269039
0.153498951564512
0.29462987363465
0.145387667734364
0.291690621334394
0.204969585396331
0.152355917869247
0.286066439590319
0.123940493700389
0.19741905936268
0.496609459130977
0.174510574502592
0.292019178010356
0.214928767943176
0.211267576740358
0.325102753443693
0.272334880713546
0.207326603215012
0.228872034951536
0.147884135306793
0.386076943438709
0.208452341578995
0.360901682496702
0.286526362232602
0.281216834616959
0.248021411175341
0.297259649111793
0.193824983515859
0.118533446684197
0.206647851999431
0.349377255376154
0.256885206007277
0.252523886071256
0.277971634832181
0.252075381281649
0.0568061001433044
0.220892074378169
0.216436526368504
0.366228081345622
0.376353940859396
0.445479162327161
0.373507585955642
0.194888357662725
0.236839057842329
0.402477534245563
0.210815812549688
0.302078966909277
0.278935419268725
0.422305877510229
0.322033060491456
0.188508252348891
0.3415561954227
0.142940402419772
0.424745453484895
0.238053655433799
0.375416005582
0.300074088035255
0.394359042138153
0.378661899711996
0.551008347231277
0.278175952056497
0.467587944440743
0.250714755364009
0.311548762772524
0.38743688505462
0.237794988573322
0.308428623878762
0.298459029639663
0.263095352495893
0.239108733634676
0.361336173755406
0.302705477084103
0.337187974856462
0.35691323714814
0.263087647352877
0.260194232243305
0.374541418938863
0.444484927581098
0.431770702301809
0.324236504414077
0.309693190836725
0.39605552603559
0.428114257701575
0.318320514072564
0.361116780309386
0.419418583044304
0.44191817111724
0.51264955004847
0.433837133969683
0.551603962756657
0.37910296311312
0.47232766312676
0.241902395706122
0.30349426349874
0.626899048303309
0.418580246908521
0.583615411016042
0.361910049726585
0.486779590325093
0.410183783772731
0.479553882528589
0.419699316656163
0.452599212910204
0.385341487877876
0.452641419844401
0.345847707888722
0.414417450472375
0.480940902161594
0.476993750978149
0.37634852799896
0.397857574165567
0.418531896677067
0.356263892062976
0.478746984628156
0.422272053712188
0.546379078245217
0.496046956850046
0.488228466932957
0.429661191100139
0.395209079369938
0.457897436043653
0.460098652445583
0.550471015731873
0.430698211635046
0.615483784747112
0.447366551056289
0.469153788004651
0.538642653326622
0.459867970585058
0.34063033873919
0.406306531916513
0.436302286332188
0.606391907960702
0.498455036267504
0.602292248174432
0.508381519268534
0.471042715304603
0.474009476576678
0.618727790605035
0.492469604383056
0.359777765681544
0.62884329754799
0.475468121245475
0.597127372856085
0.437946047240306
0.415971395988735
0.532022392085088
0.565372296345189
0.604681159799724
0.593063217429776
0.409269382221074
0.553137747904989
0.505854978618895
0.360289552325359
0.630938834052986
0.532950289394195
0.65641675484148
0.537001026340011
0.365705577023866
0.520915567610898
0.500654087422205
0.713131861204258
0.485824263816944
0.538856254384063
0.54801179169932
0.470601887394859
0.449456718515657
0.509257766024992
0.529642511757636
0.64304977037151
0.632380317765603
0.562966234477768
0.660999305430571
0.665543520014487
0.525651984318392
0.576518296743278
0.619173759283103
0.52688373144896
0.661489310522668
0.588152940765591
0.48991004843136
0.457818822171772
0.511349401554873
0.540637794366478
0.607406926729252
0.464764974753716
0.619900054993382
0.57935428202646
0.499107976679578
0.511474727078438
0.658153632051235
0.54071320365475
0.653976087888771
0.743728342286305
0.529009486956654
0.712826519050823
0.519361150040339
0.597277757589546
0.703869174979303
0.591707446649886
0.579391071143652
0.550290732480092
0.600027880342648
0.744893976683685
0.556657892666493
0.788450252281376
0.689593413806626
0.586841864854662
0.652082735826963
0.632490736533259
0.684623849287542
0.698579718993223
0.514330767975527
0.772761718099181
0.660658713162087
0.691278619729128
0.693314615825384
0.730503984337286
0.599026405501116
0.671037219421488
0.616289773575849
0.610677737003801
0.677526709373883
0.745672836990625
0.669247871650502
0.650480236878492
0.705416872544471
0.691223685984763
0.639975049085536
0.52645918173293
0.536671451076058
0.705727681231061
0.763920214262602
0.691648772281877
0.779880135545966
0.665357576365221
0.557572568349714
0.630448056917396
0.755994323289639
0.682906114342918
0.696184417012301
0.74010275178537
0.735923349132377
0.735631769270313
0.726478318747286
0.772814126151913
0.740992249666786
0.659117267450453
0.54704905578014
0.807316817134486
0.717597331604305
0.679317587945463
0.602350526236812
0.613782905401518
0.764771459574867
0.654296498074258
0.649757104677786
0.71105013431841
0.960359014931455
0.684793607213238
0.78777024187745
0.708327768728304
0.638321266764995
0.721996656553739
0.696774122690419
0.918396174282535
0.575847204132669
0.862919381482271
0.720180380998602
0.756741091704055
0.70081733107151
0.864697966521372
0.728379073290907
0.842351153930225
0.686117947257462
0.724791414672183
0.750857463855308
0.789574653855948
0.892542886937849
0.781137654242065
0.701028501784469
0.777423660787798
0.691229135420911
0.647922036874313
0.816490472437235
0.811697079690217
0.810189722301033
0.827593578033514
0.770549697009455
0.816377842147542
0.689929992142191
0.892631644101479
0.773231076764853
0.818863376442884
0.787834990736281
0.713593922874536
0.848183270156571
0.859212976353993
0.6530499035635
0.70918003632989
0.781812412006357
0.815499742425563
0.955588895156841
0.775437881672515
0.77168278496869
0.794341783354013
0.871702025836156
0.716868430250408
0.820968419702721
0.715157242414808
0.785656141842768
0.896033871238764
0.807312814207606
0.899867001566803
1.00950238265792
0.817667198132324
0.841143825784574
0.748013938919057
0.925203027661
0.91552055066935
0.757952663987876
0.829070217214238
0.872604780571639
0.867704168175118
0.909395857740601
0.883003177771265
0.865664634442981
0.939048013955219
0.82568004815341
0.954235671607664
1.02154773780326
0.851355957548883
0.842819951964822
0.905764529493812
0.990501018466018
0.973802126429725
0.78536690852004
0.97101147222691
0.840220980412321
1.01315364645166
0.810843882194623
0.984343991198894
0.947709980636128
1.07824397503938
0.977205058484958
0.891862560688026
0.967685139457515
0.795421873654872
1.02554084616205
0.972239513407496
1.01966599030502
1.03531355654525
0.927877801154701
0.841188514122259
0.965064990867452
0.775389432648703
0.881604970189139
0.954844634515183
0.882903337949686
0.991924882395037
0.96913993878854
1.0105472033801
0.806765979571725
1.04197004514547
1.00400918492571
1.00926286239633
0.85358009738804
0.957037089387602
0.917105341670237
0.877596192719607
1.04898930333396
0.952505510612391
0.999577853444772
1.00333105556368
1.08851178110259
0.848958410546017
0.883780464751814
1.06861668061631
0.903683222058134
0.996238027480823
1.02717823728429
1.02419035148467
0.936016803580209
0.951334433805405
1.05047620794791
1.03048828522035
0.988686495839907
0.981963397795465
1.14330155983693
1.17326211565342
0.944461602801649
0.786787546442313
