0.0272557269003483
-1.10992363099047
-0.803761519686794
-1.06941744614255
-0.940314429001489
-1.04497493270779
-0.99280451055778
-1.0420861361684
-0.994065723683746
-0.982815631541241
-0.910783910213467
-1.03288425194663
-0.970741422538527
-0.891703554925054
-0.780124184975433
-1.22013549025697
-0.883504847938404
-1.0300935001301
-0.884300161753774
-0.906572493061025
-0.949305955493215
-1.00085910430867
-1.00630882819765
-0.983589304784117
-0.954752892852726
-1.00710310092462
-0.852837217913748
-1.00920318486286
-0.958488430493496
-0.985249483931062
-0.885685318354672
-1.0213961698621
-0.936473175124166
-1.05142251116794
-0.869781074466718
-0.875578638040967
-0.93507387803515
-0.944480999139704
-0.966172686108963
-0.98445818764247
-0.841261262314301
-1.03195074988314
-1.02078465574824
-0.956572351573995
-0.969024870665191
-1.03206052734537
-0.937046124504119
-0.852912255215304
-0.86557129963439
-0.853025464412747
-0.976948237759566
-0.842166528906715
-1.0282676813142
-0.924845663806644
-0.987333374489268
-0.831641616309651
-0.741559179249234
-0.985750932171401
-0.790768694827501
-1.08710082519569
-0.886650912441137
-0.951199323368479
-0.894716239306461
-0.877645362024589
-0.765328078543858
-0.851811352709017
-1.06851670639367
-0.830759798959222
-0.877725643945178
-0.887649539311649
-0.848223569177334
-0.750136741406016
-0.976583099956754
-0.970135402997985
-0.908857093895332
-0.867463445175297
-0.969492651579437
-0.830549420102001
-0.852005640764098
-0.849833554756236
-0.758832706986429
-0.918101757458863
-0.7583678381694
-0.851468198858009
-0.846383853801055
-0.740388272952778
-0.777687583093609
-0.765722883875165
-0.859438362105832
-0.830605281823591
-0.864083941566034
-0.812221974073304
-0.795249178270204
-0.882794222109773
-0.718920927067942
-0.808735416143151
-0.75553199800872
-0.602956340706313
-0.932654737051571
-0.73129201411614
-0.811666974119578
-0.787096206517812
-0.781278093896518
-0.765056006908428
-0.881575464955465
-0.706921521232618
-0.711316667131687
-0.822009312841857
-0.89331639643028
-0.636076610325651
-0.851280364578294
-0.822725149285866
-0.763879784294032
-0.775381277084303
-0.807043435170273
-0.730010066782903
-0.802141644466722
-0.911675813473455
-0.767761796116127
-0.69966994658321
-0.714520229219155
-0.610633248971769
-0.81267921256178
-0.750637598863563
-0.602895902434372
-0.751854398094786
-0.793797030153746
-0.767298237900686
-0.687113231056505
-0.83142663328979
-0.60084459122592
-0.857104704436005
-0.75337886153282
-0.769187381702973
-0.643266913521921
-0.745980057492833
-0.805671655093982
-0.715732181762976
-0.731318784289698
-0.724064680044395
-0.626266633696095
-0.541559871715902
-0.806569789723759
-0.664277953303584
-0.829690423656783
-0.562041985516719
-0.772271917411362
-0.77338774359912
-0.730376126838118
-0.7193030458943
-0.639151244925861
-0.667873183761032
-0.960151517139944
-0.591903083054568
-0.705182251974265
-0.525726017052027
-0.556286552611795
-0.688407842286232
-0.699309036326237
-0.620053607004284
-0.691088156228849
-0.692518683454108
-0.699066568026482
-0.74062393408815
-0.761733973049753
-0.637243551832947
-0.636075239928553
-0.649816227953993
-0.632647781928981
-0.58878905681425
-0.584492656584966
-0.59046846195285
-0.676054264310428
-0.543011488062209
-0.6398912400974
-0.656628876421591
-0.559428265160689
-0.545290227537946
-0.738996015204813
-0.693056036661903
-0.549086428386055
-0.463510349325549
-0.62979709948103
-0.531837731845252
-0.629704651630317
-0.59744250896531
-0.847122293688496
-0.710822306649623
-0.515674708483074
-0.592937556193248
-0.613692945782639
-0.52336377318632
-0.655995406790855
-0.67346863524694
-0.599588955502118
-0.833421474876835
-0.737786783999603
-0.625964838252944
-0.798425540875708
-0.657650605939689
-0.687411878821571
-0.508154100402403
-0.719016222027449
-0.551822495541586
-0.595385491915958
-0.564899082861092
-0.671084832196452
-0.548002005969644
-0.628471436850144
-0.623212320151812
-0.427157796804209
-0.679062980768511
-0.546596840875905
-0.598836171509219
-0.624622809990392
-0.655704357624318
-0.651446129259657
-0.559811234308786
-0.619306726680212
-0.588170432149024
-0.501007548023274
-0.467921212861314
-0.52060978292355
-0.565052378222739
-0.548071102125782
-0.578577677571125
-0.529256893275456
-0.798877809712867
-0.410104709115323
-0.400091558253698
-0.580652936430616
-0.533809935102215
-0.501124847082261
-0.515501981588792
-0.35581977766981
-0.516096872720522
-0.512890403486627
-0.569203371341633
-0.505540027246226
-0.355432577406357
-0.440438281573132
-0.559164148679597
-0.365257072880036
-0.585991953899663
-0.606922354578372
-0.594591594107371
-0.551169365401367
-0.530335454963902
-0.649860259597499
-0.386059073944857
-0.451553203963761
-0.383172146376259
-0.58843478867847
-0.468639373121009
-0.651753015527928
-0.508775831188045
-0.415627670700967
-0.342682862434975
-0.398907188025542
-0.502778122791611
-0.505978559555245
-0.532433727985859
-0.542717227798918
-0.473803836487725
-0.444496340769892
-0.556384445402924
-0.572845694782377
-0.468749623552599
-0.432411522223505
-0.489803150503129
-0.410964616428524
-0.458517046196524
-0.420368712893103
-0.347726255996143
-0.483497344673079
-0.433548447349101
-0.412369011334906
-0.329366259786333
-0.405423213384548
-0.496113308340954
-0.385454123777006
-0.549252912925351
-0.306942388925287
-0.351877906265354
-0.456183410203121
-0.377562378969385
-0.339264239064136
-0.382108642189052
-0.380975884343414
-0.401233256444416
-0.609597919102949
-0.358388612586594
-0.358442516862265
-0.383446971482016
-0.507631580405204
-0.462627670549439
-0.284257331167088
-0.405250353840624
-0.508893876141753
-0.495475826473207
-0.586614688623723
-0.23129561091455
-0.420890827695499
-0.269137613243328
-0.455660226424695
-0.459067752806745
-0.444158340513699
-0.37288002050965
-0.433716760932025
-0.370922611100497
-0.436667564854768
-0.390443562439003
-0.191959844631964
-0.276381485408395
-0.424582291706903
-0.329263949901274
-0.330062632487394
-0.415433333491595
-0.393855427015088
-0.401401459440995
-0.37971699026375
-0.464810462743324
-0.224067714847893
-0.318705519769816
-0.590038780180826
-0.186519302069093
-0.244367914616105
-0.46610818615111
-0.290013539921272
-0.425254052810023
-0.370014657615727
-0.296398491340204
-0.340794129713905
-0.388838775508321
-0.212598090563545
-0.406696023710867
-0.210912477392578
-0.183321245895537
-0.284804221786447
-0.260014111555857
-0.261803934509112
-0.432685901129482
-0.393040341416218
-0.386607857586979
-0.432805320074226
-0.203747079632102
-0.378445563592229
-0.283775507565443
-0.244267413370372
-0.274577021993966
-0.502677561731317
-0.227395231984817
-0.142751281359656
-0.372492046180288
-0.280706857381506
-0.334607753780663
-0.177394227753538
-0.214626664950048
-0.125003716536422
-0.0221251552417121
-0.313157386448391
-0.0915148141687108
-0.354749347224378
-0.287275440880833
-0.177216354155142
-0.0782618598431506
-0.228255521983991
-0.320210397588999
-0.297530081349205
-0.294201640975312
-0.196543750466593
-0.314034690417177
-0.302712502477949
-0.265512181197867
-0.43541785220951
-0.402389523176943
-0.270085972584554
-0.26237963851528
-0.0734688563557788
-0.100189386177448
-0.364428257746633
-0.3880523312815
-0.318224500532306
-0.206865306745313
-0.306008472656197
-0.302171703622787
-0.207019711417268
-0.256599576202303
-0.208681415912283
-0.123688607261448
-0.254689445267205
-0.0873719405555956
-0.250235187188695
-0.123503215045903
-0.273093162829678
-0.280710139678088
-0.279270484688725
-0.367052240325927
-0.236829747420623
-0.289271798020509
-0.0619166843833192
-0.219130998168967
-0.129789202850143
-0.00923015317480323
-0.332158156621716
-0.296854018361463
-0.193937500066919
-0.14520286655278
-0.11864283424851
-0.155970403277733
-0.193553203838757
-0.092305386062062
-0.0318732125145099
-0.251870013096178
-0.126683280007545
-0.0409134587192679
-0.240948678899744
-0.210783868525841
-0.0786042278005955
-0.172253363147627
-0.0805274988478696
-0.0193567019070567
-0.160514369136332
-0.14618935863471
-0.154361518298414
-0.314911503872773
-0.199332933015017
-0.140100667729303
-0.160795418500615
-0.107673014725524
-0.255002616306841
-0.14717183797897
-0.144822650663232
-0.0525043273507127
-0.104043509460433
-0.283012205341219
-0.211486437392696
-0.195637588224107
-0.266888911402543
-0.163296473859684
-0.160081907537481
-0.151214083141868
-0.160669820104794
-0.0346306024968459
-0.288592541581442
-0.181894379826179
0.0520878670309971
-0.0491553102871943
-0.136019619596451
-0.0826529588376434
-0.129091982667842
-0.0808253138568785
-0.000217741290498609
-0.228397344946885
-0.0951301086303278
-0.135128248536837
-0.0249440618467932
-0.170632230473772
-0.0947650224841013
-0.147002083946274
-0.132896013236338
-0.0874581732570181
0.0794316863882129
0.106981164386819
0.0147146818862916
0.0131803460261329
-0.219969264317709
-0.119262172524206
-0.00326074522581653
-0.0939624879493512
-0.103424302773151
0.0958667666242677
0.102387436059543
-0.0880644170821579
-0.0297338735035333
0.084853285048375
0.0421271172822883
-0.212598798063913
0.0682266825047075
-0.058894014409312
-0.239306077617426
-0.0897718042060204
0.0352277765307435
-0.183003785157254
-0.0156124151577252
-0.16210077927166
0.0210886310125329
-0.142031752346593
-0.0193936036206662
0.0264942652492633
-0.0376329402318314
-0.102811961770128
-0.0461996232182665
0.0445304574244449
0.0331637864694006
-0.0989753847023812
-0.096021852223763
0.0672116698603424
-0.00549766628405313
0.0734584940357124
0.0314622235964029
-0.0956672682038575
-0.0267347227379721
-0.0375455350002343
0.0409033857195317
0.132060463323926
0.00682427653056213
0.00773156549233147
-0.0146469870258277
-0.00891979342322465
0.0537125462508767
0.053590954823149
0.0681534888114748
-0.0332741013586317
0.0560228954254827
0.0151870390417606
0.0553186583373017
0.158595537690573
-0.058465876483478
0.24978553091275
0.0686057214093117
0.0897995123332009
0.185127991154334
0.0762243893647778
0.0235140391095199
0.198246508707287
-0.125138177619911
0.126919910639493
0.0572281911612316
0.0314073279904316
0.0426954207659636
-0.0953302370219515
-0.00430699881620778
-0.0174782449602063
0.0600510233995347
0.0590299081256941
0.139819774335657
0.00905380320755806
0.108601542561052
0.068220523555696
0.0662473230824474
0.0872943984362244
0.0300236215091339
0.248999555929565
0.157934550953891
0.0399638125033098
0.220580146601729
0.245226596925084
0.0925939786683561
0.0941010962726797
0.0156035466499215
-0.0371129506233372
0.0391606397930356
0.101970698483838
0.154363566163431
0.0901970289382702
0.160440564330094
0.099237758078067
0.156726447696272
0.246922298208045
0.124280627307491
0.145967014988608
0.0832349255318498
0.105843114730647
0.228293935065702
0.127424088938379
0.110200649798371
0.101717153394801
0.138026993973415
0.13166839533781
0.0516918550502231
0.0425179388833855
0.165094260077405
0.212535028332177
-0.0716602915352727
0.0758530360654887
0.256977912463176
0.191507808691485
0.219020900547774
0.191829332254832
0.16867017466067
0.059908399788686
0.12784531870105
0.183301231294288
0.164322297279879
0.147766705578775
0.0331637180759257
0.0273582928038107
0.0971986676732505
0.149065109864598
0.108209681958338
0.362683009196811
0.0682915275810928
0.129071358352919
0.252833215160344
0.392596493619386
0.25505457032923
0.0769942575849231
0.26760573626794
0.128111327375549
0.286884302775181
0.173289894344884
0.200972749923927
0.159183641200236
0.176132802570721
0.170234314956293
0.112033239618354
0.232332063033055
0.287250990807855
0.166309324955146
0.225480827950014
0.267992892054927
0.291996307316195
0.24804511848952
0.300696154125964
0.246873864190882
0.334119597290783
0.267141746870648
0.291318595003185
0.160361716076482
0.356844716963655
0.193487127925459
0.124744010269881
0.291659214993367
0.2664492266936
0.332652292597291
0.38853770479212
0.112759271353897
0.245517745034572
0.281988669275389
0.17416312301597
0.427869908657285
0.217995484611554
0.161682748012888
0.377804057469731
0.292259515177694
0.303203112324842
0.277427303431759
0.0568685385860653
0.254680469241678
0.285013354166802
0.26735285651791
0.377461182407003
0.361184287901976
0.336148821623869
0.377038254844623
0.217471858133649
0.360000720085883
0.201976607087386
0.366210544231407
0.40714589130899
0.334147299009833
0.325327330354583
0.373806681850484
0.313499344190731
0.386845316594103
0.365584116204647
0.393013710711052
0.342563879282989
0.297939311153824
0.246331396772528
0.340869825479614
0.401349978623621
0.325980201914268
0.234044623012612
0.331381047279842
0.236294754387263
0.20296721254901
0.296871207116527
0.414199077493955
0.433837643218574
0.328251930510175
0.403232946378339
0.356551385325158
0.378188315386751
0.426731296253274
0.311555642698623
0.411081357926235
0.551229781567911
0.417620248976059
0.330525933861784
0.328944809686285
0.484313480321485
0.240151989826882
0.302846324329241
0.262774899124786
0.449945749917103
0.371264937030313
0.460381847429525
0.521973370694886
0.367474038378951
0.435133624271481
0.358845102094538
0.297212615177422
0.369558668502497
0.282316261967939
0.451745962588115
0.408368004419928
0.291684275535779
0.385349506096371
0.482049455230416
0.380319385279609
0.393920671250373
0.456319440428272
0.413909241313507
0.540818604159249
0.390409753791123
0.403114015955166
0.384438882914424
0.344483380869102
0.538713678213057
0.364859741787008
0.331475248971956
0.475372514130212
0.477826730777871
0.303341582547296
0.443691215573935
0.455551979069316
0.398167567608419
0.444457483128093
0.446083977009612
0.432308216837
0.44142450689335
0.586282127232228
0.457773990476397
0.43049771798635
0.471820714901659
0.452676819531261
0.446372623238999
0.383047428004984
0.518874359149047
0.574293409734221
0.428499810831876
0.4010783781144
0.40892835543628
0.620686130932707
0.436123679381423
0.528906295588377
0.325801320088862
0.52735812490117
0.398118393179631
0.560155947491711
0.378512691566705
0.530447911008911
0.549926683871681
0.496893648988329
0.407143958307867
0.381834365369584
0.4094962230274
0.556970558643454
0.518125609464344
0.507276714558732
0.367019691971698
0.502571981789669
0.514836914602429
0.470611745411727
0.498958988865965
0.600303808690934
0.576236393763045
0.455505058339811
0.604570580975836
0.557183799813495
0.355087904252846
0.380457458670302
0.613203148837134
0.523026341072533
0.571466702761117
0.494242876791484
0.480925993331603
0.475116700299618
0.56132273824681
0.457330229629582
0.58827465308103
0.444702732107652
0.582345611004779
0.546052472027965
0.481101084433951
0.577182355273713
0.572138691329444
0.568399940839749
0.594345660835063
0.484037009252278
0.675419494385514
0.638992852168
0.560809320406606
0.630754555184634
0.547978472842437
0.742801998361457
0.58891555920855
0.636812515275102
0.631370401452866
0.48584424209272
0.520910413175549
0.603718154275822
0.630509138791991
0.475343951138198
0.740386395189787
0.624798052318612
0.615801925201214
0.590742700482729
0.593039864197076
0.589240324998518
0.563807948224011
0.557133275004616
0.506526520074648
0.578921305656427
0.658118661807414
0.692287092443204
0.699943037300766
0.558288376677524
0.685682816398155
0.544202307346208
0.593581253357928
0.652361433032231
0.711877922547441
0.692607301057856
0.562435555891957
0.494815617976549
0.662393882520978
0.461596725558442
0.721099729019632
0.672568305377359
0.673870301273139
0.670970296850346
0.66291788014113
0.597369145469087
0.551039617473975
0.65169026222233
0.637714756641922
0.717029863710059
0.570921784375429
0.500499235353912
0.656170886833616
0.554347466928547
0.715218196442422
0.505883376988897
0.725460835370587
0.860294586459671
0.852043614199311
0.722957433093714
0.672465366646714
0.738602018200592
0.672066027922212
0.613848245028844
0.682968371739753
0.659352238259146
0.612703780994168
0.60061055670482
0.862591283063388
0.752234431066168
0.636879112895943
0.67256383634112
0.750950091352141
0.782635146349595
0.63801859866171
0.837019309946793
0.641718351159066
0.84481695952998
0.786528863488336
0.869903379122171
0.808368317617606
0.656803755109495
0.651838961831035
0.653577195829957
0.681648010486746
0.89553673611115
0.596236742258671
0.776159543397154
0.832543285474575
0.614528344911106
0.701408923412382
0.600856585968775
0.70455101582849
0.735534023068044
0.65688986580348
0.79977684793869
0.708071533592658
0.877366218036773
0.800247098761524
0.781901594555022
0.729721560789442
0.700758704184805
0.669354580769532
0.728604774286018
0.82537983642435
0.844617680989363
0.835626335057329
0.740755164826687
0.782864624727494
0.722814962654183
0.747696905459604
0.811306889763933
0.917523924285388
0.739580222412141
0.853258796574169
0.798647677180855
0.803918361205463
0.683010031481574
0.858589252955094
0.766870072965504
0.819621077109894
0.875794821923271
0.878413327176923
0.71532214005573
0.892469463036472
0.834016344619827
0.825532740476475
0.861535261508528
0.836491800710181
0.77766031618132
0.713420408004374
0.834227599591177
0.923768855706542
0.892139236334799
0.827727456304966
0.809625702351976
0.771190618453934
0.636554393348059
0.694792946165058
0.925865704449428
0.822420112200403
0.901760079629327
0.910235944553128
0.917129840862427
0.835316415734415
0.930768898399331
0.97749747286241
0.832309297150386
0.942565205361479
0.866058246975328
0.773856093932733
0.841309517533968
1.00981009250906
0.748570470858394
0.891491290147453
0.757926872395439
0.774532205964662
0.999876538339149
0.700344061943768
0.776277449794858
0.889433989686812
0.611584342084081
0.82343237755594
0.795410176495114
0.99142033471773
0.908439990883453
0.952919222338391
0.946995640949704
1.02908864840165
1.00585610381805
0.763775727137803
0.920436056101305
0.865515285833391
0.86336855087662
0.869674313747591
0.877312481389114
0.832690343561153
0.886998436159551
0.921162967446431
0.956275949400316
0.908901594917998
0.947901500561671
0.926782845920239
0.873510869784255
1.09456151092076
1.03132110253749
0.997157237211759
0.900845480896965
0.869883979094069
0.955082016500924
1.00106023167992
0.93122595073497
1.02423083071252
1.02337878940647
0.87936594318967
0.9277343230735
0.903345823920497
0.953911780780106
0.8961028516281
0.752402503112254
0.999567579693814
0.786119356913603
0.898750939044501
0.979422185641906
0.899142576130991
0.964722301407391
1.03669708515246
0.991433491947016
1.00657890462999
0.996143617762644
1.01997615730171
1.00999188214472
0.925795426540719
0.922297196417323
0.886302897008736
1.15288720974931
0.905043183981125
1.02017897544371
1.12683101938169
1.03013366011342
0.796855444150435
