0.0302964278965421
-1.09165372662355
-1.09583531352515
-0.995405047061858
-0.930748298900915
-0.851045042850636
-0.889650258569646
-1.05267966603376
-0.919447085253988
-1.06272538617542
-1.03485759441678
-1.02110213107997
-1.01512198064613
-0.842139292750255
-0.916944160302503
-0.96425141741728
-1.00994383930827
-0.958074386727053
-0.891332763412756
-1.03497252067721
-1.00794681478889
-0.828115947206173
-0.838938796635088
-1.00271064415552
-0.887692758436121
-0.886398845587314
-0.994480574235235
-0.963148050698835
-1.03663645017002
-1.01024463426361
-0.950017771874381
-0.899880125736021
-0.871998724707206
-1.03993223026183
-0.985815675690444
-0.998853566599492
-0.952599088513574
-0.950436389265959
-0.892707821439663
-1.01221756850366
-0.92305860573708
-0.849529222664232
-0.8798830500095
-0.94027996305376
-1.05127667660083
-0.866084355513247
-0.968143145309601
-0.923935744881239
-0.988960999221084
-0.973124301317081
-0.870315993959535
-0.86018012987055
-0.815306541764196
-0.835488514492614
-0.967260820434322
-0.922030442090848
-0.899661273074926
-0.877949355110024
-0.895112196891508
-0.82285341968014
-0.754348468709459
-0.883273590080131
-0.871706560466593
-0.830151507212727
-0.894033585774535
-0.969168550788434
-0.928982631321493
-0.995101269917496
-0.841587924384638
-0.85518972984509
-0.811435997924766
-0.903363678387254
-0.853682142511655
-0.912445314779318
-0.802719232980927
-1.00986076056264
-0.877476936442445
-1.01195130935762
-0.926697129341114
-0.773209420695971
-0.880741797203484
-0.932701904734293
-0.947920217795674
-0.827481729008583
-0.688403449274887
-0.987769785049553
-0.958039022535178
-0.827533421117328
-0.904528148295856
-0.815251044821571
-0.85449342190302
-0.727398162313179
-0.76363234015903
-0.813254972000236
-0.718800944022854
-0.95496542346918
-0.968778196258004
-0.835831662151481
-0.910053985355852
-1.0272382924498
-0.726871591952471
-0.90795801328614
-0.858477567051918
-0.817523800080801
-0.670773524537962
-0.863511576335053
-0.921353400274454
-0.900602474707071
-0.677332971318923
-0.855105552646607
-0.700957940323265
-0.868068828619089
-0.726022905889225
-0.700203166791861
-0.756736174616395
-0.716752870294167
-0.676100394308434
-0.750702197510244
-0.781973032345432
-0.746119724161244
-0.735106951291117
-0.724293678430701
-0.792986525767897
-0.657155069064042
-0.731273767449996
-0.688738353035483
-0.771942607734814
-0.649202544850512
-0.876502845030904
-0.748359511535116
-0.799562200729464
-0.764258444600665
-0.694926785307469
-0.63873865646826
-0.723131534000917
-0.759479622680289
-0.759300799813732
-0.764158792278276
-0.616800710179728
-0.706746527005614
-0.716429464904014
-0.766339423032346
-0.466373486046638
-0.788638109420432
-0.856119340288675
-0.649634168635492
-0.82004880229241
-0.475550836714967
-0.785333479964372
-0.609676520370137
-0.611326465873056
-0.684981752540763
-0.774663943274444
-0.876339955105866
-0.559139162708289
-0.61894448660914
-0.753208169186569
-0.743789103488973
-0.754589068283539
-0.772913931319393
-0.584319446937758
-0.66003810885814
-0.778188527166056
-0.637780790886271
-0.679035408814251
-0.606205935177975
-0.613261543131034
-0.794502987882755
-0.722774598393865
-0.583529244038948
-0.668473722192931
-0.78528457735485
-0.582359230179512
-0.526309799956435
-0.649993697888848
-0.529932867231697
-0.632398415315544
-0.724360846672877
-0.726865994225127
-0.667283328226678
-0.460856790773297
-0.576531437846103
-0.55653891207691
-0.475737120840511
-0.560423738710454
-0.679922117167539
-0.653807692147043
-0.523801417384744
-0.405263352867355
-0.516856721724207
-0.606186652788635
-0.748372056379813
-0.508182871685065
-0.483396964345883
-0.644625459758822
-0.576761346557163
-0.644289090784559
-0.539080362657005
-0.593031884820804
-0.634919108275484
-0.629628403781004
-0.593343110204901
-0.498422375264271
-0.531774477878332
-0.770015581959055
-0.509257962582352
-0.558894202464443
-0.561535472793238
-0.653291230839478
-0.512000281203129
-0.510509196565723
-0.647496187778725
-0.616021971727068
-0.464443121667673
-0.520240622819705
-0.519718826913528
-0.605423498023925
-0.642376361622631
-0.679402452721549
-0.598472885982986
-0.500043372320397
-0.462922840082136
-0.770092682915761
-0.622631323995446
-0.798723935025786
-0.565193293630874
-0.564211563681212
-0.56381815267711
-0.622229918052519
-0.496527108387063
-0.422538591630761
-0.600079355555999
-0.601114310972272
-0.463118845686533
-0.660013563867719
-0.589700618374898
-0.574635028445473
-0.430171767524116
-0.32519758290542
-0.500846849264074
-0.417223569581861
-0.499077513203772
-0.616530701828925
-0.641662822906104
-0.499729391152916
-0.436808323592291
-0.506628333040982
-0.620511302124312
-0.560282215175802
-0.572593888189065
-0.582894757779515
-0.450472538018383
-0.664457524501352
-0.535687168192061
-0.456575765075739
-0.60558142509692
-0.454901660169143
-0.548376779403977
-0.45885609808865
-0.445903126905338
-0.59517935098928
-0.631922662196897
-0.490376105791735
-0.496515622125648
-0.435861779430143
-0.416695953502902
-0.43597883273228
-0.52383905397842
-0.452839346856365
-0.408828098289215
-0.558023491114733
-0.38336192674371
-0.424694272421602
-0.320692074239505
-0.41129250661293
-0.3985742669854
-0.503073572616912
-0.436271102798934
-0.589607731091193
-0.424141213424118
-0.452199139121577
-0.395199500317316
-0.531608610038726
-0.309463553469713
-0.337345240818512
-0.575850223313266
-0.463411601098289
-0.526373312119253
-0.318736826558531
-0.276768370119735
-0.393042715022421
-0.483568988553581
-0.491736978671675
-0.373713247945595
-0.377119195448976
-0.492624553489256
-0.274650402894292
-0.551241604070361
-0.484041752861916
-0.416962217954239
-0.202648998225577
-0.435387963010283
-0.38976765444387
-0.387540146402528
-0.471826674321768
-0.266614986399526
-0.253929769141576
-0.44821108277048
-0.393617602154161
-0.394478522880234
-0.457240607930412
-0.269375063723452
-0.349900839256714
-0.415357823115314
-0.385007129742443
-0.344291683522307
-0.362527583940148
-0.413610632223846
-0.431361955326179
-0.345979904027734
-0.445201299785761
-0.421514220280601
-0.241602255869348
-0.312242061798821
-0.383129499617067
-0.293320058756958
-0.262544702443897
-0.291504854252187
-0.327101122528667
-0.309277590581289
-0.359167873277636
-0.444919182445708
-0.339125550180624
-0.219871138759891
-0.441593825523368
-0.280086648567739
-0.310941282726218
-0.346236334356233
-0.205006508542477
-0.352686934347351
-0.265043007926083
-0.305881395812832
-0.365506464910219
-0.351896565111355
-0.442299184052373
-0.337465778254595
-0.350349484746755
-0.145861254791249
-0.335903110201046
-0.313351445293155
-0.247977588821507
-0.147873151161127
-0.353585743997229
-0.313488492526677
-0.268825736985266
-0.337346823820091
-0.169493371148357
-0.201010050399449
-0.224959895116665
-0.286204090990597
-0.351307807104957
-0.156680854575188
-0.100827408098465
-0.278245433547154
-0.139304459128478
-0.187932229649732
-0.300821006951689
-0.317794673305985
-0.290538282044383
-0.290043114915056
-0.273293911460744
-0.268239638750227
-0.191551048157551
-0.0636966151405719
-0.336391868450229
-0.334185403596947
-0.143094451392763
-0.153950989659627
-0.186238847027163
-0.117548152217458
-0.181177121635429
-0.236354087296366
-0.134731072922472
-0.285519700651263
-0.262050477464852
-0.312382064892303
-0.184480047667661
-0.143816115659346
-0.189011839328386
-0.155566807302985
-0.232712509188465
-0.2999223010535
-0.157874158255584
-0.121798709884653
-0.190974664230127
-0.303282538411298
-0.273423895017035
-0.195456675846658
-0.274402074861761
-0.339684869768048
-0.358624060463419
-0.191082886348422
-0.260571337422474
-0.283677009540208
-0.33667631783763
-0.209080593296553
-0.16939262128997
-0.175313161334776
-0.177150993791373
-0.0553124032836788
-0.168077281826435
-0.150212396548648
-0.297113378893434
-0.352502457235681
-0.308819243288713
-0.269073631118465
-0.0678447720590175
-0.155537531639292
-0.15775678245871
-0.267161196638979
-0.250663434857299
-0.382927615738566
-0.255619979679889
-0.112911608352252
-0.151782053743464
-0.111214941471007
-0.0544776116734173
-0.141027995835352
-0.242814554493119
-0.261579970440624
-0.105305101939357
-0.215819033006604
-0.122323905481926
-0.211575584594456
-0.0501825453578185
-0.149273114491674
-0.168923240956478
-0.102085098671762
-0.145972589944585
-0.230112821400097
-0.0112666980404992
-0.178851141398832
-0.0263677404258026
-0.0860336432313642
-0.150840261247405
-0.0874406372511658
-0.134702322920599
-0.0775324606333614
-0.0848775994484895
-0.167337693982752
-0.23846784074607
-0.16335948713064
-0.0733466998451895
-0.165200920761348
-0.223840641367762
-0.193014573838501
0.0100276191616832
-0.0344564176917076
-0.0898628482903401
-0.13794341000435
-0.162319894143552
-0.0350657542233206
0.0590766024323918
-0.0567030023061716
-0.00872956625676006
-0.114714740561841
0.0186594400475578
-0.139436468456409
-0.136396047498214
0.027052517718099
-0.0518380513439145
-0.0930051908739851
0.0557071609221207
-0.226978227296761
-0.0885725554741772
-0.00498537889963545
-0.121899119580706
-0.169530096924804
0.0124494487647942
-0.0161977240975349
-0.175621069233754
-1.04857973475288e-05
-0.0850994368251325
-0.144148122351827
-0.0318560477211555
-0.112396902285898
-0.00749265664425204
0.0886997984925477
-0.147445889270458
0.0289942739131143
-0.170168458803445
-0.153327264397865
-0.13186477694046
0.0188943732767813
-0.117578972018888
-0.170894902205643
-0.0319262678909974
-0.0334294795107284
-0.113530593327235
-0.0461450101812452
-0.0584372973352186
-0.0237723521648364
0.0613929671930949
-0.0107833790632955
0.0740136484464273
0.0123520918191686
-0.000826816743147791
0.00132563117069219
0.111822670567209
0.016673893847679
0.154076019200227
0.135868983804347
-0.129357581889237
0.117590829208095
-0.0701973666034776
-0.219572780718867
0.094269273869761
-0.0204457163466592
-0.116458587277973
0.0248400431149897
-0.0224352347918725
-0.0271922429498042
-0.0798353007079758
0.00425722187377768
-0.0489298342464755
0.102322155189437
-0.0527509820078184
0.172793149371515
0.199024377864323
0.0782792698651693
0.0742886844821428
-0.0101306278235643
-0.0103545077258151
0.00449255624375209
0.172310075840084
0.122987555323979
0.200176228731565
-0.056262304033225
0.0755553424529034
-0.0016840654389559
0.039178909878696
0.192807525392203
0.0143836133151451
0.21379619683626
0.0871546423058024
0.097582320967683
-0.116732938884081
0.203326745842652
-0.0617246935770236
0.110039296088439
0.14466945190198
0.120457294634757
0.193560015720763
0.138762319161611
0.0888624931274792
0.121511170079567
0.0479476237651022
0.153502747296438
0.100417992079792
0.0439595383213137
0.267183981352873
0.160332810846537
0.205801935410266
-0.0505004506089168
0.167040543050723
0.0409651476003608
0.169232869344435
0.159695190940887
0.302265742084377
0.139219793236397
0.162138754763345
0.0289811147223049
0.173506398970976
0.0985811283933755
0.123866945937193
0.135960542702729
0.308545764577378
0.127682520207478
0.261206612173794
0.234969706702805
0.115091795300707
0.136848094867194
0.237900642570275
0.0972626151185723
0.173644670400514
0.0108888201812584
0.346777376672221
0.0461077694648205
0.14274986863413
0.0178224863031054
0.145069451164157
0.252749568105643
0.277096961088227
0.0555225748846572
0.3117056495574
0.15500423721144
0.137926601417532
0.269567516534689
0.26732314046891
0.121539223412717
0.140456807099033
0.166097648956541
0.153291002861622
0.0816435195531093
0.268113868962726
0.234135114779057
0.181068183837619
0.145751609029904
0.264072593653643
0.152271451718596
0.143938677977696
0.15088536834952
0.175326706682916
0.0888553126745102
0.310167673365662
0.173813454221313
0.345474730417564
0.149527409151335
0.335610501154972
0.251949893084352
0.177806622755189
0.313864472599535
0.452401595683382
0.240933887782216
0.22396869305179
0.34053697258101
0.355591716141719
0.39128233204544
0.198941874529525
0.359551585179831
0.197648408384495
0.308413261878154
0.451609388816762
0.331428897426513
0.164935646948698
0.293327679099429
0.432087424546361
0.286905364957375
0.229165664544215
0.265431319406426
0.235774060764295
0.248822121244432
0.23774220384595
0.268843562392394
0.35006895852815
0.35933618140091
0.305460686897713
0.330533345466068
0.262807652534677
0.306514168738815
0.336216648463318
0.272054773335789
0.120979977900575
0.0763246344271174
0.337890684709478
0.352941475518202
0.419952842860302
0.247385660170117
0.256988996867746
0.252389721393965
0.454643224343122
0.261844012639832
0.456206328198212
0.457830162015561
0.460364499737862
0.438811794701598
0.298585043499619
0.403567579384601
0.230888329683615
0.307463257120722
0.398384945525792
0.514724018881143
0.32928806916652
0.238604352836398
0.241850486439827
0.309206324401317
0.249246239150563
0.278976849788171
0.382748524012057
0.319029268442601
0.429231298609973
0.367029988848717
0.276352740252107
0.275164198924074
0.237179493995689
0.248841737895454
0.33405241278377
0.402125705028836
0.555311877244426
0.289167799775366
0.424206328996835
0.404760291473072
0.369504805632362
0.27361207571895
0.358209005381056
0.314639270508604
0.443814012558068
0.342521633031468
0.372765654728916
0.587916998102425
0.442791090572904
0.48899884290119
0.432827792292938
0.472596817695035
0.426799716724993
0.418834422092638
0.3424451343502
0.461111000650716
0.339092817883044
0.441242130505982
0.5771587688541
0.41354323923367
0.445712433584337
0.544330177512875
0.371828138418385
0.422241671459411
0.432204600244251
0.414726210584615
0.512475654022552
0.398769852180163
0.437257164133994
0.469884294433515
0.3358995210464
0.327721404799297
0.409810482926909
0.376777136146328
0.396969127435873
0.399053779919855
0.463097117612052
0.315923504253627
0.378807235446232
0.457112159695118
0.322466048524527
0.405867904600602
0.48595499848129
0.603445504727632
0.540291896516089
0.448418483113919
0.422199831312516
0.541015717547466
0.345755666041881
0.402449701107109
0.529085805397379
0.575478924218096
0.563733481688687
0.468645147685246
0.466806751475742
0.543031175472884
0.490016403705221
0.296224762121106
0.635347986971995
0.533476323931718
0.617623569078209
0.659615634568281
0.512407379715616
0.49601738404489
0.560021946906569
0.554327340831147
0.572059605439947
0.453325138156428
0.70086817995789
0.426722683575313
0.567737402966779
0.550793208350964
0.531972689510937
0.524662543937315
0.538753529668467
0.516202164255032
0.369401109347096
0.428333457459374
0.597694215096357
0.509570198828668
0.438786505982946
0.512983612096451
0.609148965408614
0.584613388464872
0.608392356057284
0.546843894923671
0.53210205462527
0.501951279556034
0.539362303696379
0.680830903402976
0.597209379677098
0.626550707029443
0.576675965332946
0.53503562868504
0.459866006674853
0.694441357272224
0.536683867067466
0.542404105412667
0.537718339478553
0.661061009483922
0.557553409784927
0.542056304893193
0.665112354259887
0.654293228641522
0.783388111138405
0.712240195116725
0.605609754249907
0.660385446790128
0.43465010749463
0.532177560799719
0.551582146618452
0.637715739452156
0.405120248544093
0.503870558204492
0.545807691101534
0.68271798973242
0.644441872883452
0.645527919796239
0.768976783953792
0.676790214800782
0.558032411462812
0.733353093293988
0.674693648918123
0.759644387387836
0.670342318916286
0.452494663279482
0.606301914732664
0.759938805432599
0.563143387027527
0.623581849714947
0.61624523638964
0.540401388600059
0.715632023467415
0.636887177379348
0.48805067586694
0.611287244221046
0.641749321682857
0.629862970278054
0.622381414688274
0.734454912746048
0.532076876805543
0.693276602467218
0.502131130426285
0.692548971594857
0.698320717453205
0.527406070253281
0.61791509789107
0.633629174826125
0.70664073422311
0.756281329688455
0.604565004909166
0.704329583901662
0.694071011014002
0.628053108572709
0.834322537964422
0.666460384931774
0.53771481332488
0.752056196089061
0.616600004827881
0.687229593670604
0.663726435756818
0.694031027381137
0.885046700780876
0.764608750132006
0.64686054044372
0.644673010029774
0.605936802388964
0.665799757521948
0.716924654251499
0.818855122196765
0.778336684365227
0.670551485004467
0.667406402580671
0.854633215687978
0.786882836667158
0.756447368211747
0.774834337041026
0.890184322190515
0.774520119085017
0.784004105565759
0.785031388804829
0.655465711292981
0.725512559097314
0.604830613524907
0.631822181323466
0.862397365281598
0.637221876286574
0.788373724901078
0.584753981513902
0.744982814823095
0.698803629868006
0.635998324046588
0.697935123844939
0.76056746684574
0.740846890579175
0.8284686909741
0.874003867921606
0.805138844434816
0.739184591620697
0.659759135074168
0.676023571507281
0.841217555798004
0.842986605547385
0.757260759779362
0.93984611992693
0.655778336898827
0.776048310473436
0.808723945623935
0.90941829871587
0.878512923723524
0.748394476124075
0.838864145277111
0.796988336751884
0.712340461681418
0.787543413903686
0.770753548809034
0.810834487844402
0.833836413986001
0.782886198907507
0.786978300750574
0.842205752902831
0.816042671719045
0.70285500181663
1.0576618024347
0.80090020474027
0.963522145532189
0.938565337154714
0.865527735079333
0.869668847389243
1.01944066924963
0.682482884088685
1.02043879922619
0.845542284420769
0.957369476743782
0.855611718566985
0.833049946207108
0.685815353465083
0.895363328607387
0.723847925337963
1.01114457254993
0.795589454027277
0.932975239960871
0.81019429644048
0.857883429909859
0.879566713992526
0.952971129831282
1.0836630666786
0.941115350095196
0.839299698041553
0.730358373167902
0.969865240257558
0.88261397830108
0.774531147338976
0.925498032249605
0.850635508446365
0.721432450997717
0.871323544853768
1.01106667477013
0.766107090334259
0.920369755429161
0.84037177963953
0.858060391552137
0.903409379261317
0.923410828952129
0.948534636082548
0.980402940389274
1.00607065521124
0.873655105019942
0.973863374039942
0.98126394218661
0.932910479784989
0.944894500416773
0.87102633932158
0.829749789930528
1.03272351399728
0.778568104747784
0.86765097901163
0.917031542682251
1.06439322851444
1.02782349625414
0.945104082364738
1.06370079735692
0.766173245562884
0.846043836177252
0.936423621919264
1.02769236538456
1.02241124329425
0.866715618982904
0.937870335723634
0.953405786062752
1.01222747791278
1.01990518925106
0.873752887461087
0.840241637774296
0.875730632623965
0.898881920931527
0.913468707083249
1.09262105450233
0.889733926205979
1.03666414619892
1.11604648653834
0.979036197633838
1.03380352475492
1.03105552989861
1.09106948830625
0.863436263281818
1.000781641377
1.18495872717135
1.03083653576189
