0.017999860044232
-0.994855275437181
-1.15374822971944
-1.03305648680291
-0.956325248666048
-0.999874582792461
-0.911338428155498
-1.0473353782802
-0.817712951047684
-0.796825401983566
-0.882973203136039
-0.974706966881185
-1.02572499395411
-0.934353576188467
-1.02258454610057
-1.09632357743138
-0.912190779768701
-0.968099899479411
-0.940498434628629
-0.953658535677444
-0.963936486952613
-0.951581752179296
-0.954073863674464
-1.03713400242793
-0.918325597394021
-1.09431964291586
-0.770070981447572
-1.01305274009938
-1.03537984524484
-0.976720652686752
-1.01168558775024
-0.892663257777501
-1.02772992584447
-1.01744175087374
-0.942542099607805
-0.878035248336315
-0.854755041973973
-0.758750195502993
-1.00583218357742
-0.892207585624115
-0.903886287182996
-0.99683290147407
-0.899084989244641
-0.891376424474593
-0.938969838164168
-0.82129368793965
-1.03592333694598
-0.971842899985507
-0.845420311770602
-0.984090991436468
-0.837428669021132
-0.87743207768994
-0.836050794964915
-1.10748455647403
-0.889730687525805
-0.854561284566678
-0.865925666768655
-0.801866450795275
-0.705144271693896
-0.849224298846257
-0.830362644098816
-0.962748977412985
-0.857077545493634
-0.83675283149004
-0.78577247189293
-0.823792076341654
-0.85401222811701
-0.874150391671462
-0.886174545876015
-0.843926329709401
-0.821663241082223
-0.884046492102993
-0.794233966409269
-0.862655592296181
-0.839745961718029
-0.812998828791045
-0.819300389127173
-0.863686149591737
-0.76222014427309
-0.907854520820637
-0.944124316263442
-0.950403749257141
-0.898971896008235
-0.945602632402266
-0.948818183479749
-0.828416747054195
-0.863288721478923
-0.900938912777575
-0.742850449697994
-0.789053290586412
-0.902581714065502
-0.860037633304625
-0.784448595448681
-0.82491813409126
-0.77884279951747
-0.932644043121382
-0.816804988729992
-0.833672267283735
-0.838418452397616
-0.654006205711174
-0.873093798493842
-0.823941805325514
-0.879930892988472
-0.814685634330078
-0.8402207174936
-0.860478838332958
-0.695874354512503
-0.830336170837335
-0.809988534761316
-0.685641508325107
-0.68600491922661
-0.952838262558076
-0.65171631560233
-0.731511855184679
-0.69591247113075
-0.65942411031996
-0.787241636630473
-0.613245488449738
-0.729134392230458
-0.797637719175263
-0.614159630431884
-0.931411958892849
-0.771561922068276
-0.735225027705273
-0.759405936670354
-0.799577304242369
-0.752616615532128
-0.733265372840738
-0.67455169445817
-0.805847851540298
-0.73451403312788
-0.859558387376584
-0.761175496416973
-0.858594627461673
-0.855680575562282
-0.720671963360302
-0.706393366088603
-0.612812237711549
-0.706320773241647
-0.822047552671707
-0.772681835126719
-0.722980492932848
-0.713086174732865
-0.675247414013933
-0.832205450966442
-0.616797482832111
-0.817361648384341
-0.721909378140614
-0.75439121973855
-0.631876003705881
-0.738757753682067
-0.769573122334677
-0.810999385075436
-0.627979824907009
-0.65557354141036
-0.578537951159214
-0.55613607538913
-0.666065198440316
-0.635976469355558
-0.741057604396447
-0.7193974400928
-0.738281683501219
-0.638639270274284
-0.652580919329363
-0.700166780995905
-0.74783725884176
-0.725737879815485
-0.655107051745922
-0.663586219085472
-0.693516858071659
-0.731882746534323
-0.581963597066387
-0.620592480244854
-0.750868808471805
-0.66429104426607
-0.781795309713909
-0.673860503503966
-0.659308349730008
-0.668738579485528
-0.728344937452319
-0.558864915705613
-0.575753785042865
-0.596696521027247
-0.660629265762583
-0.653836271088469
-0.670536939995826
-0.783695290942925
-0.548461804920917
-0.760481159323769
-0.598906732329174
-0.646514738646758
-0.478757312264869
-0.614142295410622
-0.766214310048327
-0.766202126554611
-0.555819828192411
-0.786040468353637
-0.5022038798401
-0.710305828639789
-0.446518587677237
-0.563273028089408
-0.58990079913243
-0.609306657944587
-0.511788417064151
-0.680638324731705
-0.635514631377445
-0.413507010384563
-0.621494693952228
-0.629427382356749
-0.579041006173364
-0.621198715555876
-0.550862548877907
-0.788471362879425
-0.416286931886102
-0.572088647141437
-0.545049444740237
-0.414716349964819
-0.514933194160965
-0.756783683380506
-0.546139212895499
-0.619619914542163
-0.535703814339342
-0.545357112477158
-0.726011815744802
-0.682051878145962
-0.590698010079162
-0.504497085593729
-0.553083964883738
-0.587457323137389
-0.568243341968653
-0.518497872659228
-0.417509101227776
-0.438791871582856
-0.429035435103319
-0.512085230640652
-0.516216143761103
-0.409342812975341
-0.53189705314853
-0.468359498743992
-0.610602016494278
-0.595655663143906
-0.437342763234999
-0.504699205200191
-0.524788178067665
-0.600456340469678
-0.422009302271885
-0.424809274977169
-0.502130981533033
-0.449394065272438
-0.619750065752765
-0.447063219363207
-0.569632457129883
-0.533391580347733
-0.552501644049945
-0.440403784899238
-0.56812600257191
-0.490925031759998
-0.381876341562424
-0.514733180000945
-0.384434262088186
-0.394700150746562
-0.332786541712044
-0.420645896266925
-0.269893713621723
-0.535232591032109
-0.455446629055287
-0.293697186535931
-0.498916886202123
-0.393171652920744
-0.491058877152133
-0.579646827661953
-0.385088477340023
-0.377181517726455
-0.615253091551329
-0.298756759596105
-0.353341000581193
-0.432901589909461
-0.612687166963322
-0.397983161980447
-0.52818213736759
-0.486663654903592
-0.539466935489546
-0.610585331336139
-0.430442870293611
-0.526726420860758
-0.386790873637978
-0.402495546976253
-0.353069386656853
-0.491914551704393
-0.359440417697434
-0.538748943502478
-0.361897158269819
-0.259385288456231
-0.321163409874967
-0.394354223988014
-0.361697665402943
-0.441757525256915
-0.302580392811793
-0.40904526457509
-0.507008829336409
-0.327637677759566
-0.221416151983208
-0.374972540612848
-0.421296085755072
-0.37553232475692
-0.310691401049857
-0.436188747983103
-0.450696478439364
-0.420719881308976
-0.521584774895172
-0.382449069230517
-0.358981249797031
-0.283177836004078
-0.365370578474296
-0.284162669393335
-0.285684407438497
-0.477970722965137
-0.536307343912421
-0.344128028666495
-0.353644489414914
-0.392659458577513
-0.24070159210825
-0.431493451912539
-0.354971763057697
-0.258237555356779
-0.458759238077207
-0.362396265751546
-0.344863236779846
-0.268048858641185
-0.404306419229802
-0.310187207498651
-0.352190176576837
-0.487383274611289
-0.3245499059571
-0.228062503820501
-0.481341428423282
-0.466466697025279
-0.325328476506533
-0.331488521844434
-0.439359439015679
-0.303161972114806
-0.290674108383968
-0.284084838118962
-0.24140484843011
-0.285868814315721
-0.299390890389383
-0.337113084051866
-0.312780627892712
-0.342519437217082
-0.410190836874463
-0.347220415297326
-0.316938880094318
-0.378438034497696
-0.208756561468922
-0.136842755714759
-0.32359654306203
-0.319835458328818
-0.241323066438505
-0.173442037116182
-0.189902170180264
-0.574871560363013
-0.270261969493406
-0.23806814376269
-0.431908448006103
-0.330230830343163
-0.268196995080782
-0.259579233414019
-0.131835656265655
-0.225898866532832
-0.240675380273589
-0.340520967702014
-0.103491540119578
-0.237226544572821
-0.171966607255116
-0.22229101591077
-0.383419352731547
-0.263994307458205
-0.281031087837914
-0.174046154274437
-0.293410021504136
-0.245407674645196
-0.273328258888125
-0.277466075479727
-0.316590297803443
-0.32050180226901
-0.143433202242666
-0.226499880897148
-0.243487731424166
-0.36334902940676
-0.216979773943041
-0.258340403406974
-0.269109255198197
-0.211511348331064
-0.140250892036541
-0.201344440086536
-0.236545629454094
-0.286498290832707
-0.113912376893971
-0.178053476340154
-0.245730393212508
-0.32655299837391
-0.0517131594089293
-0.394079449695473
-0.0175121403243882
-0.148807256141144
-0.271095546247514
-0.150676768424592
-0.130299807122361
0.00808372150998664
-0.0293884273551348
-0.258633040616097
-0.074370267048918
-0.253913398229975
-0.117772355432414
-0.279429855802065
-0.252805388479738
-0.177051689503506
-0.125668803016997
-0.135774945204396
-0.199734564979378
-0.198188964086177
-0.22185609621205
-0.202902996577696
-0.191312066505737
-0.209505918866993
-0.11310666221492
-0.121927112021014
-0.257799440622339
-0.157711563410717
-0.104298172360956
-0.26203790035049
-0.144601929942188
-0.218007066478265
-0.271763534205747
-0.102175385127953
0.0195551213430697
-0.0606485507758093
-0.194682141724513
0.108163362308143
-0.103478797198717
-0.044297531718304
-0.100221857958132
-0.0936938766342343
-0.0946847427652697
-0.0787190920267593
-0.123421491440959
-0.173742528839799
0.0695102803966895
0.00112668029528685
-0.114431113394862
-0.0205796724390053
-0.170455327661947
-0.13456117493645
-0.279197675792338
-0.11275992756638
0.0340066051709801
-0.0705559530785479
-0.0037116574679423
0.0648788905131903
-0.114240300420787
-0.0400666283899517
-0.00182991460760673
-0.0205619195956847
-0.0786066249920252
-0.165715367305282
-0.0209856462398079
-0.0347460675446226
-0.0980765516894724
0.0148614481904369
-0.0995200065445283
-0.0163228420556542
-0.156732864749836
0.0641489173604669
-0.149873383275149
-0.125224426417904
-0.0177150067633928
-0.0480363598797077
-0.0328455927682558
-0.0956210964476271
0.0478624149189221
-0.021392161817701
0.00147267522695207
-0.114316778888735
-0.0513950539617969
-0.0688183847890834
-0.197361898216339
0.0281941937566224
0.0366373455920958
-0.0890128758061561
0.0949170690537608
0.00036807376690942
-0.0982316903007338
0.044266186476253
0.0383244619591709
-0.153689021097577
-0.0388561521688713
-0.0472162816573066
-0.0252274094801815
-0.0923014403032274
0.0379933075116685
-0.0794079864716856
-0.00329668590931549
-0.0488279982856947
0.105121274085086
-0.0107260309112281
-0.0633181856837427
0.108447928530738
-0.0349399859889491
0.00366953447930723
-0.0454034194964002
0.0289308533956433
-0.0254639119481007
0.140814038695366
0.0673367798123524
0.0857874444533412
-0.0366310903377961
0.0273287159764852
0.0988153861048975
-0.0174811646763149
0.0355721822764947
0.0777249920963063
-0.150812519698217
0.00188420693742735
0.120383408770447
0.175518186625411
0.0429064509421544
0.14261806287541
-0.0147734238883026
0.209403979686814
0.0405407491551518
0.109866784813155
0.0790813835999172
0.130242596928704
0.0914130728440771
0.093106213202592
0.104068279516241
0.0184284939439308
0.0370547255076414
-0.0226014252373891
0.0724847976622362
-0.0663352823721503
-0.0209994510173109
0.10991867543946
-0.0384906829511944
0.151069797796316
0.089454549874315
0.0737126254491045
0.0753418445189289
0.219951910263966
0.117724064046745
0.225930056955017
-0.0278040059450877
0.145989294930044
0.255739029589812
0.118759735197493
-0.0311210843409024
0.00991048855191141
0.0428979554516662
0.137990529895812
0.202907483414751
0.243289016294891
0.10128965802434
0.0210229889645113
0.107482932025522
0.0696346501546641
0.0851539827311996
0.185439688725072
0.00127851686561787
0.1361996618983
0.104052774276608
0.114318594621499
0.24756619258087
0.121856340067187
0.134356988282916
0.183053360778152
0.102584312903085
0.135740957101904
0.053044952324572
0.123266512971353
0.325351408707955
0.0395993235691023
0.23249917583777
0.137117780729276
0.294162929729463
0.0815576963239637
0.203815773325503
0.154241739617815
0.115164409334679
0.123627922004832
0.163218420258576
0.304381478921143
0.27254618165924
0.181123038575784
0.149337903749144
0.177817547650144
0.255220016477671
0.217959031772214
0.0622921200876277
0.171655680848248
0.114758675935978
0.199229593484935
0.225837069345134
0.312547580488406
0.0491964740450889
0.237538817523908
0.176970023788293
0.347240635479335
0.203468862559743
0.227379077518705
0.264316690660123
0.205958318465891
0.230109394369296
0.150901162553252
0.125765913440748
0.336968052237237
0.188048230698096
0.421874917749095
0.233843196706587
0.188554126950182
0.291050494088225
0.31371002145966
0.226765616648337
0.136980962720576
0.42167044997857
0.361197886313757
0.166152347135256
0.297518290523746
0.11384923061427
0.16244056436523
0.223137560562228
0.308353857774162
0.327070806722898
0.303749822043171
0.21587763105633
0.398232671177607
0.199722278998069
0.166851387229212
0.247072851019837
0.275165784552185
0.27897161890109
0.190342767859559
0.211474217252563
0.240712713360791
0.248653112868086
0.295832126350094
0.310619360216296
0.228464958955259
0.329032646165452
0.298629098921136
0.137219179219393
0.336591367942474
0.323068729901569
0.400670074661868
0.403106674573396
0.384416591968842
0.439226792491151
0.360711259686529
0.376068979379902
0.282312847217826
0.278972749848728
0.223620640959426
0.354418969157048
0.408463001138538
0.217252881556022
0.367880423507908
0.332041321242211
0.287141853659201
0.454250506280467
0.359048543013098
0.44295975255218
0.370920505398697
0.389104137176183
0.232852251217841
0.270760250676565
0.425543294857738
0.47681881771031
0.387048977070344
0.293259046555848
0.332585532721606
0.43812197965894
0.430855961070202
0.443694602195665
0.37337539558285
0.435015269849387
0.503517225219737
0.339092543777638
0.408755778174501
0.446735430389882
0.332113032371819
0.455937827452812
0.384757892917008
0.388826026337656
0.323512848168241
0.269632603570776
0.293613110935204
0.290015511305917
0.518444132599301
0.348030656123609
0.551766999050048
0.263828769130886
0.490305409092712
0.380771111782055
0.562617179209481
0.463831852741679
0.540890950050365
0.437960170455371
0.489231142079797
0.306696064124834
0.41743489460447
0.442793637525229
0.492791099225743
0.48595220910214
0.306323283515943
0.433014759929696
0.393992623109493
0.363201692572233
0.521661950160752
0.38448989779248
0.419298412473668
0.415589923613006
0.40305651478249
0.340332761628892
0.497164229267558
0.310021261353455
0.440109799870885
0.320807796668364
0.44930756484637
0.522200431233177
0.490971153056889
0.336437486231397
0.458165859907564
0.524828719504784
0.550968481322438
0.356635598280312
0.507907022302804
0.479518691523696
0.528604343699098
0.415019044914496
0.495687095049335
0.330086937412658
0.343513203786472
0.399525065213933
0.413538985451955
0.352698334221951
0.598426721284568
0.49724511850158
0.513906624706338
0.635696050364232
0.426330412663986
0.631719951521743
0.446950351826041
0.357472530781987
0.529849242853556
0.433922383232588
0.592817231086669
0.495040760167596
0.53108274258662
0.571499180714438
0.644792159061853
0.589991970003054
0.540262102208772
0.574779659211821
0.514228783591893
0.5153286167171
0.442957845817794
0.441302741302882
0.633340946402988
0.54957166901502
0.654281281828873
0.551904938316772
0.417809784407066
0.614148182348774
0.502215064853082
0.582349658563041
0.600955023204317
0.628033428156494
0.485577187845694
0.587337880117193
0.671551831453415
0.554081880012457
0.627351523380591
0.532773014402535
0.489802541087784
0.509232873274385
0.540943859080738
0.554364859522546
0.712494235079668
0.478453632750034
0.467474033884076
0.447701808862583
0.334014797570642
0.472023460119289
0.437276741248954
0.59073109239956
0.609700620554209
0.570018526782281
0.462399059471606
0.403433510452494
0.495360834643682
0.546923406208983
0.563353475064688
0.628203531514082
0.514836917175359
0.616965668117185
0.619793181023999
0.59402532588376
0.59367957702663
0.5702025259986
0.755470487226274
0.581845780482601
0.811320581409864
0.619356641392523
0.553282820992481
0.499329957433066
0.728488285756568
0.718018879108085
0.797176185751299
0.592845197864363
0.616395572099643
0.622849326905278
0.698164608043193
0.706880790805623
0.694200416665168
0.499698384616544
0.625919626252675
0.685850592260391
0.666204069387773
0.601783755523452
0.639627390928922
0.623931573276084
0.685993397597181
0.558711299851236
0.677702940361219
0.598154623967219
0.60133461517354
0.676773999469427
0.76554907355818
0.520495286288431
0.575382553936272
0.632796977218913
0.644741460307749
0.604994135284763
0.660720773226654
0.692009747390511
0.738389999877489
0.609505555003896
0.717559938679975
0.714022247211785
0.663338275764054
0.66407205526617
0.622146860391362
0.695532940562793
0.861412699302816
0.808398054993956
0.674824836185428
0.824795570359709
0.823108196995953
0.784245084753464
0.774452103368732
0.79508370840674
0.693731313644361
0.583351501734764
0.718344059009138
0.841003131489536
0.657046702809877
0.813285274959379
0.568865385985608
0.767462083394824
0.744191863095949
0.643683535799759
0.648713479164089
0.789384129898867
0.690162523142299
0.683135802974852
0.604395389198309
0.614673030433577
0.609721173410269
0.752253937789344
0.929671130917097
0.777374700396005
0.848659888775048
0.807212919465285
0.672597226187959
0.934116254823606
0.803884379460667
0.641873868301608
0.854836144142688
0.672697964848282
0.625768719626688
0.75341357456705
0.720412528138606
0.792311335687809
0.689251614926263
0.838533099974039
0.997216341843798
0.863381757379044
0.708360359126872
0.760873304520699
0.806913551290921
0.821683835525467
0.780352372468429
0.734420169732317
0.728845226544752
0.769479585410641
0.790974194385874
0.762067352442862
0.791504826822794
0.786400135546788
0.800719750651247
0.71906496110093
0.777841835502575
0.888393319163089
0.806898627398729
0.835691180854531
0.972793564528496
0.857381781337821
0.766062479751733
0.768138169341522
0.870760181603001
0.831090259035355
1.00192898406114
0.881693004510523
0.820930993807895
0.868166925935346
0.971111907583213
0.95466352783553
0.869041516377097
0.768876966877392
0.751203259557697
0.845585118761127
0.711495167204657
0.729223633005189
0.777931480416971
0.847894098521268
0.877012555889698
0.971789986541542
0.982223749237882
1.06236518862862
0.937285394610325
0.799877597758838
0.986706774479243
0.820877419485178
0.780240719106476
0.965912590414218
0.942040368135082
0.897967784980005
0.865760027915325
0.824625053328486
0.967240416290736
1.0124113667077
0.761906347476926
0.849782016773002
1.11959517752139
0.833913886013035
0.969456670167686
1.01232257536138
1.06099217712283
1.05992791455603
0.813021757460505
0.894676960004441
0.931129713778278
0.810555709985606
0.92342037912602
0.856173366447337
0.889797982018038
1.0144710223019
0.882627952756004
0.975328679904191
0.905128266944874
0.918979745361013
0.898961930232928
1.0009429203083
1.0182649875754
0.874413345186818
0.984751795299752
0.914382372302339
0.820230397128605
0.926456011843379
0.962706413800574
0.883817643437733
0.951513108271998
0.90525278685445
1.0287290462078
0.899371837627827
0.922216211278097
1.02846941861689
0.939593195621213
1.00089971242085
0.976389544251516
0.97650416162121
0.96830186639557
0.852566677620513
0.943779813636301
0.971030306982792
0.97046081511483
0.805516892763774
1.04297812209976
0.932455684247173
1.09075602818695
0.992091110334815
1.18259980880243
