0.0646707224040068
-1.02675551941812
-0.97354491742564
-1.02246742661003
-1.01621394028905
-0.991440956585413
-0.883933024644278
-1.09324805582017
-1.03175381218751
-1.02965512458829
-0.868269433401981
-1.03478400691046
-0.912444311205895
-1.05003756941083
-0.838720295309169
-0.970786551833769
-0.930259261073928
-0.912549293478725
-0.903458223232966
-0.951945871381429
-1.04466942310861
-0.89461969186644
-0.941223340139398
-0.835001666357776
-0.996836242529929
-0.935679851381817
-0.875872819057934
-1.04009062850879
-0.982963558518859
-0.841607301518403
-0.812425228851474
-0.932471861936794
-0.886068009721929
-0.913850023753153
-0.90638779864999
-0.821309706158812
-0.921970493575266
-0.812294071753982
-0.88204689594552
-0.878478670381764
-0.903380895824732
-0.992321114786465
-0.842998179716984
-0.892844609736682
-0.901479005276075
-0.853360556504649
-0.943017230296875
-0.828943488169082
-0.893150537097432
-0.709033560453361
-0.859955826038068
-0.782449609885699
-0.95053304831034
-0.931674527337837
-0.961802266415278
-0.937273688161023
-0.962281229332662
-0.925279229747563
-0.983911696351113
-0.863102998431615
-0.928663138293416
-0.966363065057456
-0.759429295745302
-0.761151036745134
-0.951575999365797
-0.833734408495937
-0.752324648358217
-0.734364027498901
-0.838374541440312
-0.901091665296117
-0.915959306667067
-0.822843566170711
-0.760334507262849
-0.973881367494299
-0.922776003455681
-0.829794508198866
-0.831943777220743
-0.716105619533113
-0.965561197193388
-0.684309740972136
-0.754987056690832
-0.992820362695611
-0.833927457152658
-0.692467251203728
-0.703075496967641
-0.900029391692425
-0.875252147543146
-0.689484741552593
-0.912702319241526
-0.760714572810414
-0.768079411933943
-1.05792280460603
-0.752862576250511
-0.738466581418885
-0.950564147783912
-0.837046323839155
-0.834510584040861
-0.959726144236311
-0.697067912640228
-0.91888283367431
-0.73984529827141
-0.681128713701227
-0.850726692014069
-0.764434896531553
-0.751897420432373
-0.882395536495793
-0.811684215911871
-0.792600570134224
-0.643273257893975
-0.789782766466124
-0.837957326189848
-0.774369202874517
-0.712517480713366
-0.779631379270321
-0.808215570706858
-0.807809877379085
-0.854208038606013
-0.784485822995899
-0.640750097048734
-0.650074181603372
-0.760463035290063
-0.791965332534658
-0.923590773037791
-0.778953011769433
-0.695578880961926
-0.666116672097332
-0.620886589066911
-0.646572557223719
-0.802129451907041
-0.85500404954091
-0.571837872489234
-0.878175064821923
-0.697235047182767
-0.88878678908526
-0.746202875264082
-0.700284378146455
-0.70545182377068
-0.77076622683372
-0.637792745210363
-0.645458696096174
-0.670734117102758
-0.74448809935326
-0.743178066444905
-0.711137122568731
-0.541053901965852
-0.784781356736676
-0.663451561535713
-0.648651930950951
-0.714326470841055
-0.686576565560807
-0.776692601476673
-0.833803632964966
-0.732006124141773
-0.619178994960423
-0.804828027225872
-0.617727368781744
-0.701170611661172
-0.769223451033592
-0.66576303924685
-0.764667707976375
-0.845302780419499
-0.736399441255658
-0.596449861317875
-0.745374921910095
-0.858119129628197
-0.720650418864259
-0.673437299772074
-0.624274562361284
-0.635753121265922
-0.776182237753324
-0.734824632355803
-0.756677307042137
-0.598385097991492
-0.653512484959441
-0.672165176933364
-0.604575517277616
-0.669936627433278
-0.599483508628384
-0.701584469273103
-0.514964827648019
-0.762484747154024
-0.641859466898407
-0.524204033364321
-0.677199285881991
-0.662564879325049
-0.623335921469907
-0.671532867682239
-0.638072595331217
-0.627421238738824
-0.525360197980805
-0.555906421566559
-0.626476730501366
-0.586687333829358
-0.80275341956287
-0.521548824799684
-0.578100133432186
-0.675501494503969
-0.759952384280449
-0.648910438667679
-0.5240124941499
-0.7737259054527
-0.539203724661979
-0.682191562351271
-0.592992672605605
-0.705931705442734
-0.638421145122738
-0.539546237727956
-0.701554182183388
-0.595546942411988
-0.393411793686835
-0.502767893328303
-0.779441915115324
-0.528997630273957
-0.506532238592458
-0.62619242365672
-0.526416758204953
-0.715803823785372
-0.379981293848488
-0.478901930235189
-0.630590007255574
-0.445982614022243
-0.530202142754269
-0.638012685830093
-0.48940527092324
-0.477845922550448
-0.613303519329079
-0.524426355337678
-0.721215328918432
-0.534388823529836
-0.622886108813849
-0.606635115052022
-0.456332480710191
-0.658466318915629
-0.443896942814205
-0.515110553722249
-0.42148986036762
-0.590891933090342
-0.557604487200288
-0.649329151001907
-0.464152681946402
-0.610664960665646
-0.351614577052552
-0.466286275735003
-0.448269892309959
-0.572614284168541
-0.501338814606476
-0.526627553802955
-0.418270671399031
-0.589888801947773
-0.500783124116062
-0.537437626260438
-0.492087502083657
-0.518878904607763
-0.380786467578865
-0.674171341162319
-0.493102715795325
-0.527175612273945
-0.538248194957631
-0.392034655054641
-0.507261657699097
-0.495435577657914
-0.290842934194288
-0.491255208611376
-0.400808840916497
-0.410264296576658
-0.524698693154254
-0.540919582898309
-0.503846936431808
-0.393098233935537
-0.460898193981017
-0.515475257205324
-0.234942948639946
-0.357010909469953
-0.477255024791486
-0.37896283187777
-0.39884729661167
-0.492728652629598
-0.541071028012327
-0.496623587389715
-0.481636090059726
-0.413709357109285
-0.266012520885961
-0.550063353586788
-0.383142547918476
-0.347929477307824
-0.450886325856786
-0.191105238142715
-0.268142402276084
-0.287954256151517
-0.463105416627799
-0.324867944418176
-0.455709454820043
-0.266360552009011
-0.387058276737215
-0.444766739573614
-0.399629561716624
-0.46926468844934
-0.368529337334719
-0.255548694436622
-0.43282603278917
-0.397938649808426
-0.209138622368341
-0.33493332438696
-0.351394250544317
-0.33829156906264
-0.360907159786251
-0.209133361270494
-0.365838157937775
-0.395843068544602
-0.547140577687794
-0.40235800222204
-0.437425100202603
-0.461958933171901
-0.370980572573738
-0.343237148408377
-0.340646829755246
-0.438012808917206
-0.224116116967156
-0.205065319376277
-0.468090718339255
-0.261865585451152
-0.312241216185876
-0.345785916173796
-0.359088095757634
-0.353584375825423
-0.512601078226903
-0.31396853811957
-0.344112814834191
-0.495171051738384
-0.433341075604295
-0.251462387365824
-0.235363806699252
-0.222542063061342
-0.28847602446581
-0.257929459709059
-0.527156961992175
-0.346197138033001
-0.290741930631893
-0.262157227093957
-0.344983926372667
-0.352556716557374
-0.40115519505709
-0.365468055088942
-0.297537213681719
-0.396685229027075
-0.427523175877917
-0.40250354937077
-0.321175517910592
-0.292765106949494
-0.261535660750313
-0.330392101518981
-0.265377259760981
-0.132446698741667
-0.219783449027943
-0.153349640487011
-0.475574724984756
-0.201231749607644
-0.193700666120679
-0.240831500578906
-0.283257022559329
-0.214060681287317
-0.420478831820619
-0.29901220804235
-0.398047097969149
-0.232036750312526
-0.1870043489227
-0.253248167627087
-0.327374315432753
-0.323731780821953
-0.146413804779492
-0.341249495773951
-0.237923703238099
-0.353625607297815
-0.248001572786738
-0.297629933296
-0.25932726774944
-0.26529298003275
-0.313098285157491
-0.201828369572077
-0.327536643563806
-0.281006019987338
-0.23360941844441
-0.285976691364611
-0.352895001704802
-0.244552119502458
-0.195373380130414
-0.0910776142091767
-0.288138847284032
-0.363613325381765
-0.191872966530586
-0.275409087408882
-0.203259871825212
-0.247402866194795
-0.317186936690293
-0.219477650944599
-0.231989695954538
-0.362939495112455
-0.154377679801114
-0.238596798912303
-0.177549026839814
-0.332906170535019
-0.0447017791372243
-0.291886307269337
-0.142587062461085
-0.00618363031041881
-0.322068440777517
-0.0932655701988791
-0.271357471848016
-0.19782293877857
-0.0798936572907631
-0.233273639514304
-0.15943422297281
-0.145681686005906
-0.245961515377402
-0.193641704790475
-0.158157591148359
-0.0873055979257715
-0.143205093278902
-0.183385133942066
-0.26202467828917
0.0227758585187534
-0.116566273806023
-0.102594891496771
-0.294497315018586
-0.0641420736717423
-0.206589617440054
-0.0724686838021352
-0.0930768339733828
-0.244639191448764
-0.131960820396866
-0.12565790640735
-0.321236744892325
-0.238853936405617
-0.0623061046306452
-0.176586838484102
-0.298221450098194
-0.199375648233322
-0.105880391137105
-0.193463472084111
0.0196194054515627
-0.160855696450492
-0.134428250856312
-0.0785431651847467
-0.197042574931638
0.000954514958705335
-0.187881395822126
-0.149562042826849
-0.0100863385388547
-0.0665193006257674
-0.0556167987696546
-0.114374667149697
0.0767300270855853
-0.160015568768887
-0.0846287045588145
-0.0868379644679718
-0.108741801372481
-0.11486790565718
-0.147999571757027
-0.175571981025933
-0.136345814335783
0.0542711003811275
-0.0818706073203968
-0.151663717747731
0.0417259987595466
-0.134298480301295
-0.0344666804692428
-0.189252682594688
-0.118064280617244
-0.0673252849509059
0.0201977734427963
-0.0804830593953062
-0.0311227206517052
-0.0325958760043932
0.0557766558838846
-0.016621923726675
-0.0181500589143052
0.0328858297724316
-0.0117945592203205
0.0344316184610267
0.0379995838842939
0.106020243430575
-0.207444860049127
-0.100213804627197
-0.13467507837513
-0.10415842467512
-0.101607844567912
0.00101543015946191
-0.0457906101496333
0.0300308122039431
-0.137715447540354
0.0314753847484989
-0.045573054325471
0.0845458170712856
-0.0064534484183245
-0.0122810575292019
0.0971050383196299
0.0480748743522445
-0.0155282064875669
-0.0425608403585663
0.0656603724536239
0.0336933050205073
0.0471565954197737
0.139878589258225
-0.127911088844174
-0.0829150581471763
0.0416794984391431
-0.00725470653111852
-0.140939964685762
0.0285637967203848
0.111476888070516
0.0306971344372571
0.028736828709817
-0.082338779956572
0.0412407084417195
0.0253851084813636
0.128174049813641
0.145395984516732
-0.0371049225278571
-0.0407613208698039
-0.00794940067299998
-0.00304649815853608
0.0593009135429715
-0.0441441230456788
0.0108240886250292
0.0238664560816998
0.201840558192146
-0.0194919849510855
0.166034020698009
0.00290599003431458
0.108627096860734
0.142871954631288
0.0585193576438279
0.0659271661684198
0.0599504509305243
0.224285719375747
0.069654608820835
0.0447421419195022
0.167292848232495
0.0362735207775523
-0.0488628966666664
0.0297327357940345
0.0732477022463225
0.0643701129543754
0.157972637387791
0.290529339494328
0.0253214302229043
0.0896609608405374
0.0915729873660691
0.0273930543279454
0.100175164566796
0.0682309105229021
0.152671391351327
0.113070300831973
0.0916699933344813
0.163834279601767
0.113972572649051
0.0916387010919621
0.0828993961554417
0.0932407415638628
0.165109683121484
0.170792759390351
0.21548965525368
0.253314875354752
0.239960543600558
-0.00875327019439041
0.243883289823605
0.066490137806766
0.0674114786645413
0.218717781121911
0.072858888392498
0.0800254261752595
0.00481076881672756
0.176196804052322
0.0929592791498471
0.116216707454461
0.072285250125383
0.129848857046052
0.158124683972219
0.0999837422799525
0.174641390563244
0.170531961217181
0.155320073990647
0.0873245030955899
0.314976558209914
0.116466150300252
0.0617713492058065
0.189710453111774
0.220836631907623
0.254999345077896
0.151837904580009
0.270182915709949
0.123937413385703
0.230137710906929
0.0908256253991478
0.334125430551945
0.200783818030586
0.138755341422111
0.23101392637993
0.27027608803298
0.114731628072658
0.143456502168891
0.262008466769269
0.220533875053432
0.331299684778723
0.0217002894350421
0.244103405898633
0.15359654443979
0.199736630689974
0.350594745589771
0.196961688691617
0.169255228435597
0.313062813878818
0.174457093573
0.0617212511045928
0.328366213134882
0.138160581230776
0.275146284337167
0.279599681575382
0.0848473216919454
0.213812807785805
0.367776455465464
0.313613610182857
0.28131338745292
0.227036365918948
0.323034760919667
0.160970100556754
0.220282292275695
0.295770531826983
0.341715380300303
0.186762720929941
0.213921572066187
0.292916145862693
0.254658287662834
0.264514063591874
0.335913145451842
0.0960267345534958
0.441595128429409
0.312425964644618
0.12233853944828
0.273624072007131
0.399849823027029
0.322416963501191
0.269713275005016
0.340882729247699
0.191627211251576
0.196685502287216
0.464775443013752
0.60930553447338
0.303279253108914
0.194630380735639
0.38391396245548
0.252746980553988
0.391133002805138
0.297160790466991
0.347413955843029
0.34203827008902
0.315305780257166
0.393053508938095
0.271699354187452
0.432350047987332
0.401230581398126
0.393487589274165
0.243558158457217
0.369504591122832
0.409123298188684
0.350761359595797
0.329528448884411
0.429210131768286
0.300068616914227
0.333366886292279
0.289546956227671
0.428614114567354
0.358731798024152
0.348077422747657
0.352263209170232
0.289996271676877
0.417632267553359
0.231809248745773
0.495853126945362
0.501250672879468
0.410911470565303
0.27778296450525
0.32128518308737
0.331271192577875
0.548744401719826
0.204477097277432
0.357191431625285
0.284150813349251
0.423015798763163
0.424018225066602
0.482528413446782
0.341473323665224
0.389683280201449
0.560746767728504
0.41918547207619
0.316799592334486
0.387432721606428
0.355039332598119
0.318084219169752
0.560264291591877
0.40757670492653
0.318588829690312
0.32301620160925
0.534725012555403
0.324814064327012
0.479029656659265
0.381983441199895
0.407249679818564
0.22206190391841
0.462715791647135
0.54452012226749
0.484599961013037
0.552106561954719
0.381013967812275
0.209983695941576
0.520290882873273
0.401826197877931
0.598488361339332
0.50966890950029
0.381538255242383
0.499309813014102
0.571920455914807
0.390895242336806
0.315098072007555
0.410513852475536
0.610366769608848
0.554141483991511
0.548004099960327
0.468771775110137
0.576960215684459
0.421530999508209
0.330967588780361
0.42586868549532
0.423350508314558
0.378998892948525
0.376818143915031
0.671063846657109
0.47258922547225
0.597053888117896
0.380001060168905
0.429669507681939
0.433324075814507
0.503224465881935
0.48833185298079
0.493725773259922
0.617457810155394
0.542407736371153
0.341991145289625
0.701258342405677
0.520629283988366
0.44740029404922
0.467033285652368
0.671928834777624
0.498364876747231
0.494879349502532
0.409703784038826
0.598833382064004
0.507920435847811
0.596846210953863
0.538426180822676
0.527479525855059
0.401448637956922
0.562750433910185
0.618836332489593
0.552306270939027
0.531124754578774
0.610568193327946
0.529348816622637
0.478359166956942
0.460881372914325
0.488056168702576
0.45109997146459
0.638690780003463
0.641331642865208
0.66666182435303
0.409256815630881
0.456741275096896
0.486051878170517
0.503667480762325
0.604657914442266
0.517467715271804
0.486707652866279
0.656326468883936
0.462331601776097
0.425112630542994
0.49428516974919
0.625164123669194
0.689932517039638
0.57020282464548
0.556967834487121
0.587082147325604
0.58285125913859
0.602297634365133
0.54772044227054
0.556730627869864
0.570491399255976
0.625013897446316
0.523328113499715
0.678840933355201
0.47756614322014
0.727776593866686
0.666851849583436
0.487823675822503
0.577479865550378
0.592922301780611
0.662554568211175
0.683060953883707
0.594166619634824
0.461373768672447
0.514309524551654
0.524462339007426
0.658849031952187
0.690817937772875
0.605389096110955
0.594991846474061
0.713417217290824
0.583508366282383
0.678196630761309
0.565404070383813
0.559176415971582
0.644209490748523
0.71089655752757
0.723746808340741
0.428161457503181
0.812427331046325
0.746085225598167
0.575216528289516
0.628880678012441
0.578414352150235
0.717352466794297
0.735230189173588
0.772776448440996
0.778888164911017
0.718064647248376
0.626594735200825
0.713924929695315
0.693083141412933
0.608723032634268
0.613307852599307
0.619577540049049
0.621991411614889
0.776273838394149
0.650575187255406
0.862944364691214
0.595552410968035
0.797814873095
0.691791500128248
0.720386877096244
0.574399437180802
0.735843095835604
0.649253698634977
0.821225209973918
0.731469918773818
0.753191627133417
0.67240001083206
0.602434525118725
0.688722825223836
0.913856534725564
0.777411012127717
0.624814954480491
0.717209767319338
0.780940361931635
0.681544844200835
0.629897672121329
0.728451825602468
0.702812639411454
0.657250106326329
0.826960255386843
0.962493201085307
0.626015214099899
0.865351305357401
0.822786203368472
0.75673811475496
0.791763676896169
0.752019150322434
0.63809037844107
0.69877038000092
0.654681705918942
0.794189888862137
0.761676168692366
0.684518294024315
0.629216411009424
0.816547679874754
0.748598930470544
0.758643356995416
0.675417424734705
0.622187882017839
0.886301561746728
0.752431311033851
0.755842855679174
0.839644268993487
0.90081546734364
0.929039136615506
0.745401589139247
0.726907981883531
0.709318771308388
0.77315309919797
0.742432375240053
0.794960763707844
0.712615760462588
0.832276825987277
0.745220219331341
0.768373542313853
0.788644900552828
0.927498089229865
0.885657846999221
0.863527503082138
0.890245155873313
0.795729437879556
0.862691964302624
0.830299299087198
0.738546551380493
0.852595864166168
0.935433104624956
0.764287206992446
0.786652563582584
0.829427201915325
0.816149892841077
0.894052094902769
0.811344867169508
0.83952997609982
0.76412484566792
0.780501002985291
0.798679682450436
0.861774426271135
0.77251056016006
0.885333847099955
0.621177566287013
0.70112959498751
0.972770823802134
0.902021987199975
0.973216623490959
0.941926075527227
0.787583350928947
0.96319496538401
0.934416808756298
0.915352561645455
0.969304417088314
0.930819520781109
0.879936513872264
0.850059032568915
0.917650345977108
1.00322200184548
0.860954676073186
0.95722158433921
0.814560963153349
0.857668788959642
0.918895669452131
1.10809314890086
0.925746441563699
0.753621593913463
0.996931400084386
0.910112691963523
0.760481103828418
0.786977191403968
0.980064487705556
0.874859069762845
0.95656472378338
0.847952954450142
0.878948901135292
1.02585952942969
0.934478283983714
0.874930564499937
0.712193539209528
0.857541777913913
1.00320138736532
0.9736625692379
0.916341898527978
0.872476289245711
0.908805653292397
1.02160631378083
0.934914110567934
1.10903441926469
0.867945503298049
0.886902445711378
1.0629199786059
0.892561736529094
0.928896277496042
0.825009395778597
1.08604316727402
0.765386569772183
0.868751344765589
0.890963825473947
0.951307139465018
0.894031780903776
0.823450113027094
0.947817709802587
0.967124549299411
0.965251085632567
1.01120424693253
0.891057167363833
1.00530331724681
1.0066465093878
0.985687106331454
0.998555728082242
0.84148994937706
0.943895925358371
0.884542854074057
1.02636658253299
1.04076345509529
0.891099248808713
