0.13344460351316
-1.06564706333047
-1.0199748625527
-0.887802878539178
-0.968756786287154
-1.04428765189784
-1.03789722852937
-0.92378572338523
-0.993388370574634
-0.852596966840068
-0.996804815093006
-1.07380094252843
-0.931085981490869
-0.841100340268911
-1.15386857570602
-0.974442890358902
-0.943230413890546
-1.08383105406789
-1.05090846546768
-0.861459869329264
-0.9012136238894
-1.11672470394912
-0.825670129345313
-0.906950045150132
-0.797160594130651
-0.842676293874342
-0.955223800831322
-0.914959424501446
-1.0111829146205
-1.00762568202196
-0.966038723933907
-0.934708826916859
-0.912158041801095
-0.953693615408311
-0.892820521328804
-0.944857606754036
-1.02421661864855
-0.949788297909011
-0.927963659654827
-0.957170336664673
-0.832479309935593
-1.09936287412977
-0.935253002916221
-0.98894623198995
-0.848817886758144
-1.01040284512706
-0.903342114707248
-1.04045391403187
-0.964383784274146
-0.77322933505614
-0.917262385704003
-0.91776772072361
-0.904605707837559
-0.822941771340636
-1.01536104138212
-0.774803665100011
-1.02572779089018
-0.935305063977173
-0.792562938783995
-0.9061202243305
-0.944165581690016
-0.869826505394661
-0.786975017693944
-0.939791086999432
-0.902119524994281
-0.740787418475821
-0.901337193102165
-0.820869327961509
-0.808469030811893
-0.741356388449113
-0.759196833674033
-0.882120230348579
-0.934604278403516
-0.81144572105342
-0.883277490302524
-0.851801218285915
-0.829858605484111
-0.895627800675652
-0.869056729199755
-0.842538898952103
-0.919966469167473
-0.738556761230293
-0.848979507762723
-0.854748765638368
-0.853173227257143
-0.779377984202408
-0.795979881295809
-0.765083713503879
-0.914898344053992
-0.772588464243653
-0.803241299732269
-0.895891093528724
-0.728584872516682
-0.694821911004359
-0.775809736591316
-0.82007390967793
-0.7746006670082
-0.764344805410501
-0.86908369916504
-0.745641913666323
-0.680024365251326
-0.818132391652029
-0.886640220355994
-0.702550844982592
-0.781017110399173
-0.821030347100591
-0.807929390054133
-0.895272189335952
-0.767614730223517
-0.770859814853732
-0.722341117210955
-0.878815282359534
-0.816476258291878
-0.624222802709239
-0.811495635887539
-0.690613623474964
-0.867055682434121
-0.75332249511692
-0.776744616415489
-0.848507683942519
-0.779574157535071
-0.764460350298093
-0.807792772260362
-0.773852381336133
-0.736514347175003
-0.781640056736767
-0.848216270723197
-0.777554452290479
-0.651811649004571
-0.776110499815918
-0.841261538490208
-0.710550487683786
-0.598229295051248
-0.766980300810103
-0.79051145738035
-0.7799120324422
-0.694435073818319
-0.543356748115222
-0.654079571508853
-0.725724398214724
-0.63589595896847
-0.818697139332938
-0.771057249594157
-0.683257552336001
-0.615414083270733
-0.709478198396944
-0.500777701088751
-0.632834699316225
-0.675125506140314
-0.718351741346467
-0.726471099108678
-0.742234437673731
-0.650517199627171
-0.584993151583455
-0.706272240010406
-0.739076219989038
-0.694064687512427
-0.559522545528083
-0.633851483573762
-0.533960558645018
-0.675509559033489
-0.601217690921265
-0.665452329532308
-0.642293463050498
-0.650509635922223
-0.58991139564819
-0.672294283200549
-0.726123574816418
-0.573122245122013
-0.756486917432161
-0.553888915279983
-0.710489615941768
-0.697985317169707
-0.514516030693084
-0.576668005737706
-0.706869591154404
-0.71816895542643
-0.611838756866409
-0.627026587842723
-0.443914409329336
-0.575199396716676
-0.676822983258292
-0.703414371699043
-0.808053358511619
-0.76542911120877
-0.625927967950303
-0.77000914877232
-0.489366002080878
-0.597461565113252
-0.594634532311539
-0.572726774174847
-0.538572246911088
-0.633989645891847
-0.555807859822442
-0.580304865122773
-0.571954336810262
-0.561240092858492
-0.557273464952234
-0.618248098898115
-0.624632092408186
-0.701397549197693
-0.547102350894192
-0.665299115591357
-0.551114103656803
-0.654789518619202
-0.526977091925196
-0.616694108787267
-0.620843740070468
-0.723282741210835
-0.517736931816797
-0.482477885282159
-0.504223618493348
-0.587945652099541
-0.582947029042219
-0.45800345640547
-0.548140280387845
-0.475760924945018
-0.471401337240751
-0.624931089116346
-0.525816725419947
-0.562313207710458
-0.597564271753364
-0.583326611565017
-0.551700360927923
-0.539086527759703
-0.641732566170019
-0.514366386320524
-0.605720948770957
-0.473366380428261
-0.42463053264078
-0.56885957546336
-0.621210707883312
-0.520080341889954
-0.544415616157071
-0.544012781376074
-0.471635151844788
-0.5586323975091
-0.416884681177037
-0.580827991522192
-0.346563778173259
-0.366156164156001
-0.580223344533162
-0.676847507499233
-0.47119987765682
-0.393408458662835
-0.552315100230614
-0.496596373090177
-0.393898485595827
-0.606819065813611
-0.513181720591999
-0.485190281220396
-0.48693078619512
-0.577965651224635
-0.508850271628513
-0.472770726861136
-0.428400437690805
-0.491922029114502
-0.410042440062892
-0.422869296093311
-0.486920788079583
-0.475953145882352
-0.591940616897481
-0.584942426059058
-0.438797808624315
-0.330213068977232
-0.6002181493628
-0.480898184070019
-0.533951363215701
-0.311292432039173
-0.591443340790164
-0.4824421910196
-0.569037481214986
-0.363481471819705
-0.510285356575667
-0.524396814468102
-0.286264646907029
-0.414487336702366
-0.374933825885591
-0.389190489864524
-0.526787176919836
-0.43959616667513
-0.454820442866602
-0.411979152023238
-0.454871673275971
-0.37460737246687
-0.362592783952786
-0.308715748656307
-0.392608073825373
-0.404822388894208
-0.455223387832662
-0.393582512453534
-0.41985073653497
-0.261340076108926
-0.430504611633023
-0.287692566019037
-0.519644807253507
-0.334121646054712
-0.396728180232432
-0.408403061647034
-0.508145092836709
-0.380871957984167
-0.438114345087368
-0.507259826110465
-0.351451872127541
-0.296244991825049
-0.391978187045789
-0.514676911400617
-0.421272300866306
-0.41477060758516
-0.411597910582068
-0.392027036434797
-0.522765867510268
-0.348978678387156
-0.391364475381111
-0.436886670618191
-0.45336748125137
-0.356391224103017
-0.303314015695223
-0.342678648979237
-0.370148076514587
-0.442503343995248
-0.388519586130353
-0.404018817595541
-0.286061374183974
-0.408591852658171
-0.219740934432384
-0.35794742836659
-0.418725411581668
-0.327329758404509
-0.459397645341856
-0.388129083790074
-0.45354385749008
-0.284239865120261
-0.346036942467699
-0.459357344765304
-0.409765714785465
-0.317744303144815
-0.481442188865611
-0.362739981973636
-0.426733253967126
-0.3861567343788
-0.354617313667084
-0.315106223399659
-0.2636965384168
-0.401653393692654
-0.26627244139014
-0.25315321762775
-0.326469569709437
-0.181816502029213
-0.319700655743606
-0.303240968889555
-0.290651787767343
-0.40959990255068
-0.313857084992213
-0.168792983681194
-0.197516655675584
-0.286064547562124
-0.225922376263508
-0.46874660042937
-0.302535856699124
-0.308442292001774
-0.296738987349034
-0.290082958511851
-0.28047258931824
-0.310250444001289
-0.370392964466757
-0.234658498829153
-0.325642959853259
-0.229997878200035
-0.241944806379438
-0.330243342670677
-0.330954358235347
-0.223720113107265
-0.168408910701435
-0.183103329395132
-0.305820828067126
-0.299907753171014
-0.267803309741273
-0.319596543917415
-0.136927616527237
-0.341356697823541
-0.255916017256152
-0.320460437792104
-0.219710867815492
-0.353053506666779
-0.198470049509059
-0.190378311687767
-0.0876485856242609
-0.269308098018315
-0.362648071461449
-0.372486965212351
-0.0963618049081487
-0.185826021985364
-0.222400233406934
-0.140541081978744
-0.292727294184579
-0.143987658384848
-0.194987037073498
-0.148889393596685
-0.211298895875863
-0.232601759752986
-0.256693918193885
-0.134233417762061
-0.17527746460953
-0.154183214727184
-0.0968529626091634
-0.205102475614098
-0.163037277210375
-0.0957415025632608
-0.000740327345316268
-0.272839357321812
-0.300050856857525
-0.0188265820519412
-0.137718749443799
-0.146724726746799
-0.221942489870811
-0.155844504552173
-0.178559348204353
0.0111918216482529
-0.328949092782643
-0.125813576831066
-0.172703419140469
-0.141721683809773
-0.0748759610909814
-0.165115767168864
-0.25693330145033
0.0268740351098651
0.0267766893074403
-0.0167906292903444
-0.220329727941006
-0.112769402107473
-0.13089151710738
-0.18669014006194
-0.103449259345923
-0.111478193592296
-0.178655317027583
-0.129497169628443
-0.0326010410487786
0.0154527100112002
-0.234621560538818
-0.129775866457556
-0.18269801206282
-0.13505512542395
-0.165801980654511
-0.106592257499694
-0.146023608935781
-0.15021234647323
-0.0182627495048825
-0.13785923460221
-0.210096534098882
-0.0947621903797885
-0.247236971719728
-0.129986699054907
-0.245830766416886
-0.139477777058012
-0.0830790634540146
-0.117599403724568
-0.0274000325381814
-0.165249068446948
-0.170218373927369
0.00107920175245569
-0.147150502909883
-0.190556647344256
-0.13291828891746
-0.182267291886536
-0.0350099947159558
-0.145848341536647
-0.0737066679007236
-0.0298559444704106
-0.108079853799162
-0.0336469268609998
-0.122662502960435
-0.0066096272297072
-0.0298185747181804
-0.21644271598204
-0.0685796552845911
0.0819804647524796
-0.0939718297544839
-0.18983196357849
0.1290009148538
-0.0525743897375634
-0.0514863847481895
-0.138411278685549
-0.138981255394575
-0.0328325460202868
-0.0650243871868794
0.0417827906155765
0.0333400206978884
-0.0197702277802594
-0.0502658511244422
0.198753776812934
-0.0950530509131101
-0.108276660082063
-0.111465785212295
-0.157720448017798
-0.0528267385445723
0.0857401839786026
-0.10033621879717
0.033478652058109
0.107476445667704
0.010113364647366
-0.0835337328419495
-0.0705500977712123
-0.0622668393536545
-0.0169073168284069
0.0778467287477793
-0.142258084406512
0.105565722404405
0.0220394874329438
0.00119578299359593
0.0656443888447582
0.00811881383732484
0.0073588571958446
0.101348226398335
0.0404877280138274
0.0282517460186168
-0.101090282386877
0.0359744879829112
-0.0838519029550323
0.0775949072987574
0.0749872264982002
-0.186644886317097
0.0428228294964803
0.0347434252505662
-0.0912137759112794
0.0860325580227988
0.00142561115810886
0.0635042273523835
0.0764665752756545
0.110915213398358
0.138389677599532
0.0312134235416663
0.243732014042099
-0.0409742221893859
0.034561356653932
0.177921315338216
0.0771426250929661
0.0250900255644345
0.0447090926541012
-0.0873924690974655
0.130910635813767
0.172048020494927
0.0235003546424399
0.201313633986072
0.13772932438172
0.00800334379787455
0.164762529474161
0.0566032428518761
0.141173648476882
0.0557899940140677
0.040810735064415
0.247349261562432
0.216103204909446
0.100619673099292
0.0997028834954281
0.278364834909448
0.127565353368596
0.207970896974932
0.119161358352573
0.120922793882278
0.0783174591476137
0.149839080638706
0.189312956992376
0.13357493349703
0.125200198997392
0.242685425340139
0.137526712105881
0.037843927411031
0.094339634520454
0.13462763145327
0.177955671250361
0.10226697102064
0.125688426684171
0.064787592921688
0.165514607021215
0.201104085401145
0.298191222021001
0.134012151376943
0.195161775301014
0.0152752109550202
0.180173581101153
0.278581415358443
0.11418306200609
0.0536299241205401
0.197979106594004
0.00246210105234022
0.0342515783037641
0.26662446702542
0.231617727748826
0.16971341885025
0.240433737685141
0.3339035793601
0.159997771382698
0.242353952449338
0.324585276088595
0.138486283099905
0.220959757674627
0.10286287869158
0.0375824584050208
0.277273389664803
0.202698833907193
0.13393472300851
0.204655710211409
0.226283472603543
0.282349334166367
0.323840716843759
0.0521438046397914
0.191738620811515
0.108121314154804
0.214251948594941
0.193108295922268
0.0892373100553599
0.260768552497596
0.245389808954459
0.250019447772303
0.247799616304437
0.265273270387165
0.0666350460071372
0.217997686680104
0.123416191830474
0.23259006874516
0.192934998648982
0.294421801178728
0.244804951673708
0.336715944400721
0.285502776262526
0.214632591815575
0.333858423939728
0.130011945687618
0.318055481413211
0.35189801666955
0.410472493022309
0.260475440710019
0.405246210381235
0.239585260326554
0.169532896402005
0.117364508642232
0.365539057470199
0.209759320185073
0.267374830831538
0.293546155166061
0.335854744155406
0.286673335544618
0.287235067444284
0.177983704778652
0.389475956864005
0.20746469087157
0.201959999264363
0.341383131916053
0.214025056416272
0.35713759452391
0.338972875292527
0.32176892741179
0.093978839422988
0.253692488529536
0.448495681303413
0.225683986481637
0.317538662841933
0.415876539816192
0.266352077636273
0.370884409279452
0.247913384376391
0.333638387313379
0.336782154890415
0.400234659920849
0.269824603792424
0.396062387446723
0.503880843806491
0.289029460705669
0.152791611764199
0.18881532415966
0.259516979700213
0.33618815183189
0.305029932659349
0.319610918981426
0.367492749176534
0.273075631386178
0.374314640247006
0.245135990121395
0.379258293003753
0.417034486839784
0.249329193588922
0.471847183191665
0.302275089971701
0.494354517804779
0.308007745197584
0.151925853851083
0.399716131318299
0.550462112631743
0.468105808006423
0.383770899585491
0.263024280892291
0.354219684632032
0.446673688797436
0.347357447504205
0.438342525845289
0.401892243784806
0.353573900113927
0.241142667782151
0.442255214701192
0.421455137289401
0.372365390742004
0.459100638014786
0.384458421804809
0.315525925630987
0.445297958113567
0.53305372923329
0.453134070428666
0.310174940812355
0.360631305159556
0.523763912495839
0.570588234136383
0.462188352623951
0.546459895022223
0.269204027198322
0.475402076390571
0.355646439909795
0.34562027642172
0.275824706241593
0.564197295982744
0.500402220820906
0.589855908255124
0.390706151380168
0.276117057644903
0.434831212617398
0.42851641434512
0.396861100278817
0.483389207053958
0.461024597738097
0.486084735712121
0.448587302831422
0.446320116457172
0.417485487417689
0.548678546920254
0.53004444880301
0.425541445273398
0.524029135082739
0.445762228424901
0.387055811688879
0.523392760495089
0.446381959408321
0.480962992980671
0.533199419704671
0.368147293381597
0.50195875795629
0.475641116318526
0.390752872179638
0.429922145537595
0.420447186602748
0.604099611197051
0.58751698913819
0.636659738382485
0.515481218629471
0.545006041603324
0.489386084423055
0.503983346363091
0.521406776623234
0.524460855713179
0.548871410081892
0.56551299413475
0.441000771744531
0.446956902111814
0.429110613136599
0.371875283375752
0.514211575946305
0.65572608784261
0.497026222475466
0.437290256364625
0.488743370584236
0.484462858407649
0.57323027530213
0.361169444942581
0.509496171488489
0.550571094287692
0.618306950859647
0.539516301257421
0.517950841098229
0.719453812856815
0.596285802325238
0.459103071786993
0.621630563096864
0.621015682475194
0.450568760933101
0.447492407481278
0.723660046804561
0.424282625935324
0.580646104994851
0.6510469300502
0.553079339534688
0.398233056902252
0.723616476763409
0.612012340937533
0.421694433650044
0.671663715749713
0.552266693288747
0.511282880322356
0.628854160923001
0.656088423820344
0.60781363125429
0.619281696565902
0.541018415813828
0.720608057247247
0.553266622257051
0.640843563706815
0.786513633670333
0.694891057373553
0.517127898012026
0.549399754617999
0.516246660027211
0.43913909780265
0.620691632746234
0.599973349468933
0.554648347690132
0.704576144252074
0.712874639140199
0.663404300353466
0.562687598194251
0.486442153193779
0.787685356306236
0.629511036205229
0.5723180851855
0.754638027125868
0.622718749311847
0.577001864884626
0.462759746859451
0.663678664611694
0.622651139197202
0.787926297188548
0.596443041895248
0.705705259843418
0.799361944789565
0.722096927599881
0.752138371358212
0.692244507044545
0.69215528317789
0.70925017427443
0.633750436729845
0.795552383942023
0.635597489777222
0.706600451441447
0.792226549579815
0.708111465976443
0.689620750112887
0.694984649688075
0.775104519772157
0.709316207648259
0.566531965453513
0.659066722921792
0.591490089863246
0.85382080735497
0.739350190116431
0.867415659930803
0.711360887611783
0.638322098298157
0.569882701650526
0.662260351764376
0.642556240142922
0.745087042917324
0.723767706158901
0.716972160917664
0.85639223038203
0.69627306395236
0.657535498351137
0.704015752106892
0.820006125432485
0.849448379082257
0.762737141565862
0.738475665493354
0.633321092423055
0.752972962860681
0.885422695203493
0.603265968912479
0.65887742055534
0.776507121043737
0.802361519613742
0.76585118262904
0.833229904130907
0.760010594522197
0.821416483474523
0.744381075150481
0.808501953852297
0.694737277417068
0.717033877523975
0.648471744437572
0.706377532029929
0.849767139201715
0.833492478903113
0.736996054338961
0.836028255899473
0.675419718008729
0.715310922163805
0.792561623276634
0.676056661825334
0.819823176451097
0.828757588686534
0.822677012779326
0.786309215968392
0.89633217711928
0.837406574995129
0.786840569697089
0.767490168045702
0.777362871071678
0.880107877982545
0.825095600378835
0.704794430221614
0.918083799759704
0.815797841481255
0.820082445575247
0.863702974759943
0.821461122580805
0.860650947734499
0.834698681489564
0.774895294934227
0.699086416976719
0.842628273432722
0.959039330296317
0.6269388222178
0.731242730179699
0.825241532352241
0.936756992377385
0.760798933356515
0.72671248888959
0.829622048463184
0.808978121657267
0.826778234841764
0.820057478895176
0.948658690044385
0.838045634073766
0.794919410931748
0.775792031654996
1.02177425363947
0.784259855700226
0.924164011712929
0.71953478846253
0.856978763060883
0.863662688631871
0.836261880937967
0.806744022454214
0.974105395270812
0.935463396808413
0.702343547017233
0.895581791280075
0.810410038199606
0.781121432955768
0.855467870006299
0.832719711907465
0.923706529358304
0.750154524831565
0.958912442021319
0.927205963423605
0.956466608562639
0.831511506783321
1.1617115883527
0.881736026302362
1.0074797123428
0.918242702899149
0.77825538860589
0.937100667389389
0.840800009488968
0.958599357015584
0.917129057029133
0.920170597211106
0.845343954278097
0.866758842273832
0.887659310738913
0.765849541238898
0.92497983611468
0.925317209733474
1.08085663653997
0.939526778737745
0.922656061605934
1.00956648449622
1.00385316702453
1.0160398093081
0.928362124751529
0.989823895163979
0.931755097570154
0.909158509909623
0.951606002027357
0.92874834839357
0.983300768499398
1.10148318007106
0.909392979342058
0.9398040806285
1.11447375404405
1.07816348409602
0.925980947062975
1.0870773192077
0.926726244035743
1.04374901986482
1.14668287359642
0.959566261336131
0.904188060069691
1.03007322841547
1.0842744417269
1.10119187972941
1.02347348732097
1.0408269176868
1.18614299425389
0.974255599078544
0.952167067175253
