0.00035216915959934
-1.14285748980347
-1.05031076393599
-1.0816221640835
-0.989910737132742
-0.941414001104438
-1.02165592083119
-0.951912339317297
-1.00769593600445
-1.06923258319026
-0.890703164371777
-1.04534652757097
-1.06113186864741
-1.07492282721083
-1.07483244729377
-0.930461572696162
-1.14010663691269
-0.850053203196191
-0.964035566421632
-1.00413928013696
-0.978266987895997
-0.916932694851856
-0.91977649709602
-0.94792848242318
-0.905373137524138
-0.86824113708058
-0.751788976089926
-0.944274314503292
-0.89364295123454
-0.799053477849401
-0.867761606338494
-0.990254860571244
-1.02039552631827
-1.02099188185512
-1.00163009178622
-0.935571084675151
-0.961325096725465
-1.00533405160744
-0.924781822272603
-0.957922416986555
-0.895912748098938
-0.888608633693032
-0.884031856867695
-0.925709562280838
-0.966356358920858
-1.00807758690685
-0.816991183486537
-0.96389077295212
-0.959941835304651
-0.937359092525402
-0.960171426694354
-0.838425893541636
-0.709253089748245
-0.801886504924755
-1.1164705960102
-0.940472011681393
-1.01782514765879
-1.04544073884694
-0.819179865222961
-0.779799337192879
-0.768542122143781
-0.952364280920082
-0.912312099401643
-0.982300217986398
-0.982582635537166
-0.868698486579776
-0.991980961264568
-1.05136175974238
-0.864320548825083
-0.743318318539471
-0.851702636455496
-0.879143587665915
-0.994721608961823
-0.701522176458584
-0.913547699796856
-0.871619575834901
-0.788863107657487
-0.87750492304385
-0.881375559535528
-0.862686903324211
-0.695201905565775
-0.785001403397198
-0.740418483692415
-0.754031508107472
-0.928503951537686
-0.991683704565049
-0.802289567781097
-0.811795423224985
-0.932149387658714
-0.775966345558277
-0.842291602564869
-0.769439450638515
-0.896134150664461
-0.704147209740042
-0.8702774218314
-0.715026806227214
-0.689022212284581
-0.89402687221721
-0.839320572166733
-0.817680263696512
-0.618054842213441
-0.831304954135511
-0.796348979684936
-0.956195370006267
-0.791072586317513
-0.698048231173677
-0.734096825373248
-0.736591826982215
-0.862161886406461
-0.766405446013094
-0.805170973628805
-0.839440048937743
-0.523176227288648
-0.769394967161734
-0.71833747112036
-0.869135989879193
-0.56665445306999
-0.58437275296363
-0.74796644216
-0.701271314704157
-0.887565049200127
-0.637156644584312
-0.679556737710466
-0.739333407862363
-0.762037110897553
-0.790806661111276
-0.959319896620154
-0.724425117263345
-0.740283021597725
-0.595450806056162
-0.688127081690858
-0.790412468828887
-0.793558503519673
-0.841165545204681
-0.728251834395235
-0.806569975381853
-0.748283806846933
-0.681274896632042
-0.617563576847908
-0.755536645958256
-0.458069528614419
-0.596486881456388
-0.757383144219838
-0.741809518324765
-0.925007511098605
-0.671671069107043
-0.541083395025446
-0.573107472927156
-0.624168860546227
-0.696708317303881
-0.518577171029463
-0.681991218119272
-0.697511004652226
-0.638004493116515
-0.623101493366384
-0.483412991609964
-0.727410398436648
-0.770675650857608
-0.622534003491691
-0.685226177207681
-0.635262793830312
-0.748070791737565
-0.581760365397379
-0.651284376630723
-0.723211114646421
-0.70785465320267
-0.707487735959946
-0.855524445647477
-0.548708896689886
-0.81445646921663
-0.681070867019774
-0.66106759613424
-0.79540719746738
-0.457521096195399
-0.624008056821035
-0.466107709853965
-0.56347618997557
-0.571852497445799
-0.496484414501454
-0.740467468772554
-0.726089025518642
-0.520755787538874
-0.553297742489104
-0.643382853145926
-0.560013246787096
-0.637341155335531
-0.66794180936246
-0.646130455741045
-0.514637209681984
-0.717851425941383
-0.533554180475221
-0.591105425522356
-0.590984311167486
-0.630570595600315
-0.700511116094491
-0.635126432947012
-0.588087727180708
-0.516336016969789
-0.651059593664832
-0.580601507058598
-0.594023237298072
-0.515599563898927
-0.654221162486867
-0.513829497960697
-0.67942578691322
-0.560367273671831
-0.602592526250869
-0.490017784246343
-0.725956690181771
-0.641712661587588
-0.583524451624502
-0.520289779425215
-0.45122462244112
-0.566999941909124
-0.532087284613719
-0.543406493489377
-0.681456669802511
-0.59228250888312
-0.632843771471185
-0.514707422221023
-0.583615411576623
-0.583960782436449
-0.509836911233995
-0.681490887829883
-0.459542805074128
-0.641486323846782
-0.455155311903087
-0.606697863975576
-0.507025968588195
-0.468567024308871
-0.591267444165552
-0.657312963895959
-0.464156086087333
-0.467365578278746
-0.47851469894615
-0.600863589705379
-0.641490972604387
-0.695846183792209
-0.414940022813354
-0.48785058542298
-0.507332935585444
-0.465231399185871
-0.51577764428319
-0.480545823572001
-0.589663168302228
-0.613100466100077
-0.440072365540652
-0.56300134154203
-0.637805925726688
-0.412040120828155
-0.462222920930287
-0.615604087029001
-0.452118261219815
-0.538863689783699
-0.631576782428051
-0.397035351474284
-0.572554762531859
-0.421658620111117
-0.506550819032575
-0.350165070675504
-0.467023202213604
-0.446107125558552
-0.491699522194964
-0.572212694862544
-0.479371879980649
-0.377936216046513
-0.512371207834644
-0.406227221802658
-0.331305785206644
-0.542118171584456
-0.520221617152692
-0.669015261058157
-0.436070045413225
-0.431049886274381
-0.424357233576469
-0.40291140482602
-0.479294955549773
-0.459523487671115
-0.368635613754731
-0.367565800756585
-0.478161029266891
-0.408087122994036
-0.418872605052267
-0.363156046905208
-0.39721911969236
-0.35085589799844
-0.390121364977072
-0.369835566451449
-0.474117952071046
-0.370438830889394
-0.393583999076539
-0.421231492376853
-0.568193922312305
-0.436022537296538
-0.477017272198292
-0.39721393698334
-0.330715382794341
-0.3338177564074
-0.337295554581021
-0.340867035437289
-0.38188942687314
-0.456898595007946
-0.277360556556838
-0.445242344432011
-0.472791260364215
-0.483302770097641
-0.464777411141469
-0.273715578435027
-0.403788050526465
-0.271910708875646
-0.375082981234217
-0.45641348019317
-0.343359505016154
-0.605756122954936
-0.35738450604791
-0.442955536907792
-0.298294845374991
-0.440705944213369
-0.381277998696591
-0.35261813885844
-0.447272290050712
-0.34013048988545
-0.400237764899142
-0.362512457780328
-0.333185169991073
-0.294572096046231
-0.219149602936798
-0.381959918192745
-0.338194198817816
-0.426049815183318
-0.456448454738832
-0.442125691765378
-0.328623652190578
-0.292904485863027
-0.439986523076228
-0.296854855554601
-0.341613668917247
-0.30654496992395
-0.287008074803631
-0.367292300431384
-0.393599004691085
-0.321010702694749
-0.349762570174401
-0.292584945028857
-0.214126694681117
-0.312057088764656
-0.148327560054935
-0.29625001025968
-0.288685081292402
-0.237828088758494
-0.206191722381662
-0.348089848958823
-0.275895310544915
-0.321664295964273
-0.275652282234074
-0.219679250573433
-0.411154950992982
-0.265161897525146
-0.221502141771481
-0.299857978649947
-0.265986262948102
-0.238395065342166
-0.293318495362445
-0.266490062691221
-0.343844858226741
-0.214676023955841
-0.305362140060335
-0.303050564434211
-0.427609533564481
-0.335725386355116
-0.502040155713084
-0.365733245721917
-0.192752491372535
-0.347690412488395
-0.101488060954345
-0.20574985741679
-0.493864620298869
-0.223480798494383
-0.274761131044545
-0.30917861234816
-0.190999312538321
-0.334627097382687
-0.570745295362293
-0.115830258665403
-0.381354386362905
-0.22267209598311
-0.374840036962501
-0.2123741977443
-0.387465806005452
-0.13505616063407
-0.0328093298733314
-0.245589702764107
-0.293643941409563
-0.33182199198182
-0.316953614746182
-0.243822746617486
-0.344186218755548
-0.0344460067323346
-0.194477739722232
-0.238242064395407
-0.22163516247678
-0.294127266290504
-0.282776021201881
-0.064219740928605
-0.107077516930253
-0.174909851647962
-0.0390201880445479
-0.118672500853757
-0.0561600689033887
0.0260674278374849
-0.0546407299236201
-0.201872129279961
-0.248148658719533
-0.138404317423234
-0.121209164922302
-0.208084043100508
-0.228730539794316
-0.217755334567436
-0.175844795474558
-0.249407259397634
-0.284735911040051
-0.110989557683415
-0.173674855165658
-0.116762760075851
-0.147820487020233
-0.0395385187645311
-0.0679540551968058
-0.0226755940766271
-0.118479431656169
-0.165047109915059
0.0189588491874172
0.0290795099832627
-0.133877390584191
-0.162754885416588
-0.110027733151822
-0.310316578020023
-0.157551094233669
-0.0835412469964383
-0.147757226831895
-0.359802131443658
-0.0747779879180591
-0.177633070562053
-0.227310428461809
-0.327974186611773
-0.0416739308954347
-0.101697277235429
-0.0514485280830016
0.0311022986909492
0.0313552223690055
-0.103569891237101
-0.19579828430006
-0.0199036764540341
-0.00789529431194983
-0.101659444421333
-0.142351987609308
-0.165047709324294
-0.122367234699022
-0.27399287197412
-0.0633449557186277
-0.140326301867324
-0.0136276934239038
-0.0243422560336137
0.00218531314561012
-0.182430317451468
-0.183736618114037
-0.00369522237050358
-0.108173641950096
-0.204529374474009
-0.0271644520341748
-0.123404503355856
0.0346929885269036
-0.210032750879129
-0.105244333315973
0.0436390656189536
-0.0737984585469353
-0.104471969063604
-0.165159752085472
-0.180922948949275
-0.0656029921100558
-0.0297602904461693
-0.0518471129317195
-0.075068313858202
0.111468767264087
-0.0841730747175818
-0.0712008458347574
-0.0625939029223831
0.00754156242221329
0.0388387515824244
-0.050943774558331
-0.0488287250922545
-0.0719070694644713
-0.0172549444866611
-0.0403251432054644
-0.0174151627451377
0.0878438729289888
-0.0580480002339963
-0.00466806995972685
-0.063206399137349
-0.0503073197178612
-0.102981472027274
-0.214698436323243
0.0967879130368088
-0.0417186604275273
0.0789456218798992
-0.18727165195129
0.0372078734191276
0.0973459919876281
0.0655825002856217
0.0941917033156379
-0.0122098970028075
0.0642472777269961
0.0114790582876062
0.0409822471544801
0.0217213608917434
0.0456979732527041
-0.0491526523864721
-0.0351497137883124
0.0381880965857092
0.0300944605807707
0.027739963157049
0.146209123237696
-0.112973499829522
0.127274206432537
0.0448129168908534
-0.124957215045903
0.104128543245497
0.0851898216964824
-0.0142523740316586
-0.00142806235044477
-0.0231384732450579
0.0737129492053143
0.211317652542795
-0.00681193419041183
0.198035899073101
0.188174193595179
0.0665222398284175
0.157360472955707
0.126662422942607
0.0752036378415262
0.0045625439902325
0.0431846389571092
0.0526632114628618
0.0168102024937963
0.169593994805497
0.0613483262847993
-0.0140254685578916
0.0727838512364229
0.132694005017028
0.0506110672870913
0.0593733427577792
0.156067596126529
0.134799617021566
0.17704985147979
-0.111773821145969
0.162432661757461
0.205154583363323
0.242849350350973
0.168469701370702
-0.0231094042277818
0.166574288430382
0.104964446171321
0.261591278960304
-0.0589342729573659
0.058117880156657
0.113939123685122
0.0951613931898626
0.129228544947199
0.222242280083962
0.0226159186705252
0.0774765323115623
0.274126509348725
0.225618043992717
0.237046155292293
0.130946793333924
0.220341345787632
0.147408735727246
0.160833336330611
0.160664608019016
0.0962530347459854
0.0738807166697353
0.227492610463816
0.119661045425922
0.280056081095559
0.126044632300072
0.0487947474019841
0.137768370783778
0.237271043209183
0.392939673307482
0.122327409682532
0.126130812279894
0.182322736301428
0.165904489072602
0.195925087362621
0.291689745164168
0.191811812101616
0.0815024963545239
0.245432988381978
0.25384428257284
0.253408483616477
0.344483004904421
0.217560927073089
0.0795354985081235
0.274687181401821
0.245059641392451
0.261545155260373
0.26022364340162
0.128166589978736
0.183699354710885
0.192378012410128
0.0878206411758086
0.221840864690324
0.078822969052073
0.212022163005613
0.0919179578867371
0.292042186965934
0.251321477881757
0.285931124991004
0.293713837263649
0.269933238693221
0.222391063818415
0.159706112605735
0.16750550373094
0.234433314473272
0.263620548117607
0.297446775378282
0.282868484593943
0.307408468405064
0.272232334713297
0.282656486519757
0.286781245537582
0.341119044628515
0.390016347794037
0.134157715329035
0.341913086111482
0.191957997781982
0.316179558813757
0.258873237824147
0.294473787375247
0.258779120349632
0.309982851951202
0.298875882337666
0.329428893132686
0.409025035008018
0.213060081809225
0.199111098971847
0.214378909396245
0.17243639479575
0.292139678946131
0.0705775345504634
0.235008922222464
0.41483457234358
0.353166065251753
0.237717577004498
0.325922846905561
0.327742210032201
0.337421094213104
0.262940851490597
0.30318450608441
0.266878273951817
0.288099110119579
0.33373347171161
0.304877872944432
0.389884727004414
0.312721272443442
0.218972849075339
0.340160527325604
0.432546763418173
0.243335263513
0.371558238253596
0.40204412121845
0.54861928504799
0.522855158157344
0.258029961362818
0.408683407446915
0.353208733053959
0.351397120053227
0.327251336340216
0.411134057547149
0.321950663584771
0.504418239889719
0.261556183946394
0.422112729177604
0.327559323911545
0.440807547066359
0.363914444920196
0.45710490129651
0.480283755615881
0.321094240758049
0.385153106592504
0.404388734207354
0.327011596996563
0.417386154220869
0.279642239797488
0.464589510550337
0.340296598129906
0.429880757026234
0.466781225475788
0.233561899290351
0.427647624550778
0.318591872679469
0.441895838165413
0.504500626606868
0.511098106748483
0.44638902295188
0.294979710716647
0.533023517236648
0.45078649043613
0.381093746586382
0.439251621423812
0.377706849662731
0.616856200521322
0.374097120927401
0.545853612633409
0.389522220049585
0.550143459491414
0.568807945451338
0.499350484334544
0.481081757623005
0.42840831716287
0.672763990144152
0.479038896790783
0.45228001399891
0.577236634833175
0.381166335587382
0.642971791837434
0.427903041222164
0.319679808153208
0.489906657760821
0.399439087190424
0.503989331890265
0.419868553194215
0.495890067503484
0.44381146429033
0.415967873756898
0.399528173739644
0.516199047190978
0.406094379711298
0.485151026089001
0.438175761902003
0.403349925009395
0.434566303153585
0.586454714959789
0.495950171433084
0.345411032697579
0.47540535405622
0.477055044429854
0.429518763110248
0.509155687661341
0.564694990818297
0.593392178064653
0.623268739329755
0.530245455757753
0.790926562047112
0.686760144795227
0.483584453650699
0.510170224065457
0.443165416304364
0.469562591056073
0.549377853354775
0.52973647865006
0.59760542676919
0.581655192922564
0.531443958908779
0.663990849465247
0.406347235616887
0.515976490809259
0.513783816438191
0.429574360443563
0.542709302585966
0.555489155217225
0.565744741341969
0.497325019141707
0.610988852652919
0.628384189098111
0.646293332676992
0.647677338671116
0.518908191944821
0.422022192721627
0.589934447636348
0.659595626960976
0.526461491725766
0.530367180507928
0.722941637650024
0.588067256864419
0.614727614628724
0.563973513741775
0.667718353423282
0.552423213368866
0.560924346648674
0.54266691018149
0.586140495047336
0.651857826969359
0.428283573200477
0.604819625994696
0.456724025215183
0.598830552529184
0.590249967770159
0.603863940126353
0.776908468921337
0.626242864169452
0.672960280341918
0.57208285970307
0.556661509881372
0.526039073835743
0.817904799265903
0.639090629681716
0.48847425060446
0.497111395366018
0.653526306992441
0.568967969715985
0.652316647995042
0.632251635969881
0.730734295000249
0.641140686933111
0.607505700974119
0.808311023460107
0.674415063100097
0.529800705950758
0.531511639814509
0.567104073482859
0.5997377084088
0.584030062577923
0.760202684933604
0.681069206424053
0.632977651276822
0.685696865484422
0.56931762018975
0.627932758152484
0.623878751344324
0.734311973991892
0.714887962285026
0.700244567959354
0.719914084806884
0.780444565255893
0.639775236986203
0.672411828061027
0.741629100794876
0.664826761856385
0.743006142513022
0.579527777715525
0.652027260495469
0.766403437884853
0.791051364304878
0.700920460714063
0.699182528415038
0.714949766774026
0.778321975956095
0.702494500522439
0.695810540323239
0.764414053730889
0.637795601735271
0.55749304546583
0.776040462871776
0.719622956592192
0.799767432379663
0.755281206370016
0.544982016986948
0.741973631306135
0.801189273290145
0.641202646732604
0.79560583924544
0.667585893928422
0.600179352780026
0.78079284192658
0.74449331267703
0.690726436230714
0.728334011123012
0.685675582282699
0.752484779090699
0.718617688183938
0.620474980445368
0.538152804806646
0.750586288809924
0.759759928627265
0.970590313935962
0.939348466755974
0.672907225873769
0.732519162779434
0.743319470513336
0.725637687299969
0.741262892916714
0.676031855765204
0.890060703897688
0.688123540541726
0.810152650879496
0.62450325956031
0.849047182611508
0.66633180184361
0.787956180731599
0.642017442226561
0.639408295350383
0.81911748701126
0.824173211333228
0.76563226620696
0.7907454854254
0.899748586676551
0.8352057680394
0.770198144066096
0.781680642151795
0.771801796629758
0.876441257313425
0.680069790257732
0.862696068128912
0.739643232661431
0.803883443372016
0.867448497374429
0.835077619991211
0.984328497258805
0.651191540398879
0.812578696171199
0.761684622153276
0.72074351141686
0.80632588934668
0.999632148100009
0.978413789786777
0.721887121912751
0.892866637495993
0.887911918982788
0.929727405448763
0.818949409499145
0.872542627142337
0.83769273454085
0.770593939404039
0.894266298913121
0.860812967107308
0.87904686482019
0.880485048232518
0.793842214380329
0.823784298063634
0.868595929564038
0.781172317524472
0.88036011447926
0.935315710714735
0.837405228477627
0.86858405568997
0.83332262623613
0.94306007718956
0.783417062368781
0.967934832561236
1.01431222898634
0.758527282469628
0.890293285752421
0.892595421072423
0.865735636158957
1.0328767168693
0.668129639113822
0.785144568247012
1.0369605192538
0.952844591018439
0.864622230069716
0.974326862125093
0.81618282733017
0.975994300606484
0.973487059217997
0.841632829127668
0.951708830317676
0.849238912815797
0.872386291296714
0.983940365592211
0.971655367072507
0.846190429364899
0.857022153794605
0.899652344322365
0.845440610372303
0.999330761631332
0.973006279407435
0.924280428997833
0.820907665101104
0.8878133094738
0.88037618262638
0.843625576628814
0.801195648245578
1.02834938451852
0.814189175502364
0.870845058354985
1.06413914737593
0.830582733424861
0.919687799212501
0.844336607684174
0.863106216902951
0.743057585447523
0.97692663857622
0.732444880521912
0.962921955750341
0.899371224751854
0.978814729246329
0.974798135600883
1.03586670106102
1.16207204426481
1.00914951404684
0.950350260187981
0.963696308276967
1.00881104683965
0.999263645082808
0.88907445594555
0.959824335227911
0.846894084546592
0.853463490015912
0.974186499328763
1.10373028766201
1.11830704042978
