-0.040815440985292
-1.03564211621211
-1.12050932978173
-0.956793084590332
-0.983238666022258
-0.975774491769473
-1.05149014730988
-0.961014029474753
-0.937423834842609
-0.956623984433329
-0.956926778676742
-0.910367661438795
-1.07740156236117
-0.836062435308429
-1.00729672027183
-1.07352319450657
-0.998405274915053
-1.08830115260066
-0.868639270579938
-1.01772323676951
-1.11413567462091
-0.896671910805902
-0.974167225380066
-0.95436490592717
-0.93028717437164
-0.975587764961587
-1.00502353240372
-0.931662950468437
-0.918493841343317
-1.02042775393285
-0.906127194180729
-1.00222086775061
-1.010664926588
-0.976299970838982
-1.02411817809735
-0.873618639621611
-1.0812884508726
-0.893353294905955
-0.916315800439683
-0.927986008618771
-0.832974584273114
-0.892513076273779
-0.93621413382122
-0.811604069992566
-0.722720979311355
-0.998145259854806
-0.947690509409281
-0.828123301834762
-0.901104774461866
-0.891480538674894
-1.00077657795302
-0.965937256182762
-1.05170676690702
-0.904028201248575
-0.889327704932239
-0.770292590653709
-0.897075236010577
-1.0951670975451
-0.767556589421658
-1.03326013159344
-0.918008192553628
-0.877668263003274
-0.969525215507811
-0.804520841218375
-0.877547037557401
-0.858060757025567
-0.798391540722465
-0.756164943592421
-0.869791813272553
-0.756303786537919
-0.915913547180221
-0.841461797647937
-0.777836122784824
-1.14823226246229
-0.876561128183654
-0.860087026097386
-0.82816508381262
-0.903879447985322
-0.853912292902224
-0.81166072581997
-0.842546312849913
-0.868260857429822
-0.978781385079587
-1.0112569851835
-0.844275584958338
-0.790900453010582
-0.754413449005036
-0.795749771026915
-0.702466284132266
-0.884706333870578
-0.891805393882559
-0.852863345671805
-0.554491174642845
-0.746396801452058
-0.737026104441323
-0.846420363188389
-0.936237836181296
-0.888499387831054
-0.779345217628928
-0.724038939724628
-0.662902801450774
-0.797820736623145
-0.836553196350549
-0.821822342772052
-0.60674856657155
-0.712167112631009
-0.903331567922599
-0.707587981043659
-0.876186483395651
-0.77425669038506
-0.832288059824918
-0.76215076403236
-0.77998429769661
-0.83670183994814
-0.695366120967115
-0.700310918660193
-0.71064344511993
-0.75355483051066
-0.688004932699936
-0.618212184041993
-0.92423221234438
-0.857605279661053
-0.655924528148334
-0.77091486859493
-0.866902090085167
-0.827833975583018
-0.773122328564663
-1.02717014288401
-0.839582982953824
-0.717471396766589
-0.71346416555532
-0.759275663995786
-0.665560768422803
-0.6988295828688
-0.764089941848226
-0.77107334749416
-0.73268152273004
-0.894792715871258
-0.840756994139602
-0.692701575284665
-0.594340231469531
-0.746451677436596
-0.651823462868937
-0.662852240330439
-0.774478712614801
-0.588130814880879
-0.725978103516987
-0.648892250894375
-0.643197772474954
-0.669792798669272
-0.747339847618471
-0.722191273577912
-0.747685320762199
-0.609258638779285
-0.694657817855646
-0.648015666926336
-0.621705597247702
-0.723526283023886
-0.721003694552244
-0.588155784687301
-0.768032863972478
-0.631904987998397
-0.742225172019226
-0.548064450279971
-0.654788846761912
-0.615833634875429
-0.754150217450596
-0.606118609902411
-0.608243149298892
-0.4171382224854
-0.59894411416667
-0.688941306743363
-0.517381886565767
-0.662889817403791
-0.634383573963542
-0.673586876263656
-0.485469965485384
-0.716514363729243
-0.604100962701514
-0.826389458510112
-0.550194417900599
-0.690849044447926
-0.469133309675101
-0.599650230825399
-0.626039707473511
-0.680866445618819
-0.611452513426462
-0.60601347632003
-0.658746314074246
-0.769049317222097
-0.663141748053944
-0.600874808715947
-0.532488583271477
-0.701993794614655
-0.721052021884386
-0.58314041523013
-0.566976876486287
-0.549486117756861
-0.728919344465386
-0.780856090759616
-0.589607351834309
-0.466716522608991
-0.70027380816005
-0.704751683264106
-0.520124981184858
-0.614408487640272
-0.643532588084945
-0.697997405851338
-0.623997615506321
-0.56026119540448
-0.544268531195584
-0.928510814179444
-0.636747468969296
-0.534625681126636
-0.45028935531267
-0.664856475787099
-0.528953849753014
-0.526960547195511
-0.624736230187774
-0.690326933122303
-0.596503666883149
-0.565876345219365
-0.632655641714832
-0.564035203929082
-0.562309345348475
-0.492630864514999
-0.538394549623522
-0.454837772332291
-0.560605581503851
-0.554667312177653
-0.691830390645103
-0.488177653940952
-0.48008206088483
-0.517395589176007
-0.566205582748906
-0.56239061828315
-0.503505605351646
-0.592856553427491
-0.46846939056357
-0.37860491130434
-0.36342140379976
-0.586685611987428
-0.504900810180783
-0.511905896605122
-0.59889285755545
-0.592544034067869
-0.426080840446224
-0.585261584086095
-0.392138267165078
-0.417653587448969
-0.421264450239164
-0.465215458441318
-0.447700045969501
-0.518312244208665
-0.594356783749789
-0.453745019887031
-0.686537764274195
-0.605030774571494
-0.363051013924487
-0.660712433398722
-0.397107808042942
-0.517112991921661
-0.431325678837957
-0.4488619477197
-0.494301285356991
-0.451922465355965
-0.459533579921424
-0.536974253131603
-0.594018958568719
-0.582978910225613
-0.503168649649844
-0.506208274725567
-0.458816447945101
-0.417367937648449
-0.547638295974133
-0.371825541438425
-0.373460989135937
-0.355946862820401
-0.416392310839367
-0.498336662198072
-0.419170432643305
-0.439398205515921
-0.408843457539834
-0.397828394925897
-0.47398521803138
-0.315861361394287
-0.389579839630649
-0.365446718958732
-0.444194633145126
-0.30169544426702
-0.48966666121031
-0.443243901649443
-0.428481629681868
-0.383726476125623
-0.317407359916394
-0.351928624664733
-0.238259008088683
-0.365010164130724
-0.306839882053805
-0.495102017256904
-0.395470558583561
-0.41648409004719
-0.356815988764757
-0.301771511032287
-0.360992584489258
-0.395541128019394
-0.316520254330377
-0.383911502838058
-0.425518549365338
-0.348481586742598
-0.476858827303044
-0.509567425537711
-0.394144341694427
-0.482372281323699
-0.383972587061377
-0.406083221660328
-0.177191709852862
-0.33802231574421
-0.262458428467832
-0.312379008575849
-0.366453485942423
-0.304239517411841
-0.346953628194524
-0.391253579762555
-0.344095635551643
-0.250736047352668
-0.339687034034158
-0.448109824260658
-0.17123066156214
-0.287552063245573
-0.310440114280884
-0.27443159983244
-0.492962665865158
-0.222143973161962
-0.339800789004365
-0.419679743821693
-0.342802011870545
-0.261968402691754
-0.393877306828876
-0.433555342853523
-0.252479052615195
-0.372755379685173
-0.352332831029841
-0.270190966880295
-0.256051637054065
-0.39796717054671
-0.277808710350446
-0.32001433855482
-0.208058229658124
-0.377752481447892
-0.307612281227291
-0.334086041087122
-0.303119990228868
-0.305426757685275
-0.325582871393538
-0.249674574694338
-0.275645462584278
-0.261954313246388
-0.292095855817421
-0.311092904975584
-0.218824559452041
-0.357678120829224
-0.356168476813048
-0.261807741884602
-0.323866344421191
-0.339269858895056
-0.278468073122376
-0.298264117842948
-0.177234740642159
-0.279881141489666
-0.354118480501456
-0.250141984554236
-0.168864592564762
-0.33419654612581
-0.152327926419608
-0.363714875988554
-0.390391899355307
-0.369151673993768
-0.0898029270285892
-0.151897868835221
-0.236255500491895
-0.260093570470113
-0.368729311374112
-0.126246667909994
-0.00604350272431736
-0.26509963429884
-0.165164490878101
-0.159916977953435
-0.262230709019055
-0.314111052336083
-0.10212892107294
-0.130912481130723
-0.155069938200462
-0.300097835560472
-0.172793689775037
-0.201475231493896
-0.327660133992298
-0.129938325385304
-0.100256736508342
-0.236993231824772
-0.361150107434808
-0.267477414914423
-0.184932574677655
-0.170016177193881
-0.168899768617532
-0.285911758491551
-0.0882587290782945
-0.239611624513877
-0.263582570505725
-0.20938493645179
-0.103090656572661
-0.234791130223088
-0.189127380660326
-0.170558893103886
-0.274244887405254
-0.176301962148107
-0.192309156069257
-0.203559668805089
-0.188419211441231
-0.148189173693464
-0.241000225412693
-0.057268551436255
-0.213213393335912
-0.167006729039541
-0.230354556893196
-0.226363369290941
-0.263531576465583
-0.130520477523526
-0.0605381598131337
-0.0905530950337434
-0.0674669120824676
-0.183941042086336
-0.127564819104079
-0.154192299197521
-0.107063971378657
-0.180232922534951
-0.158132470773039
-0.109062905886798
-0.189909544233941
-0.100985594949559
-0.166804917095381
-0.147781297315915
-0.17336859550099
-0.109542915110043
-0.111700010732661
-0.238965208720793
-0.256312682455822
-0.0519073539901216
-0.0643606154195795
0.106397396747361
-0.157365429052722
-0.213001936078155
-0.0791888802887252
-0.151577727703577
-0.0931203111516335
0.0643496921984101
0.0241336941660344
-0.0940162859451166
-0.0164350615031193
-0.0373020504719888
-0.249402813371219
-0.186291278924867
-0.141863109161289
-0.0726695886781693
-0.0321993162108415
0.0511222017142451
-0.0510060487744647
-0.112271580361661
-0.146466146346586
-0.100621434602202
-0.0105869632431684
-0.15173078089992
-0.0823294021996308
-0.0829049540412147
-0.0757253923370625
0.00623497859457622
-0.00105105559961436
-0.226219152938545
-0.0458735644674204
0.151463203727377
-0.0192884591138593
-0.147598707511909
-0.0297658303736896
-0.117193564288444
-0.0309376218017763
-0.119070482907923
-0.0392637518544503
0.0315916981233571
0.0344263816817598
-0.0667792896480807
-0.0183581513138988
-0.0890938593174138
0.0473230869522151
-0.107599036915142
0.0920215888114403
-0.0180875340930667
-0.0870391996841978
0.0817409335688161
-0.0569517851474257
-0.0575734753592797
0.0297794214318304
-0.0342627272476821
-0.0446308003072351
-0.0643348988540101
0.000908766806322561
-0.0989577005058673
-0.0283514799112192
0.0930233635485278
0.017088316246793
-0.0489628919238468
-0.114245741700875
0.00749622671361432
-0.011491434880267
-0.00828752707700467
0.0354200933997543
-0.0353037576591655
0.0191340869279682
0.0649405214258172
0.0262549744732304
0.0928900967539846
-0.0147361067397764
-0.0629237785088844
0.0909921317650064
-0.0932393714187225
0.105717974985995
0.11683527781553
0.0650484646681422
0.183969755312858
0.257677615987852
0.0634639201543319
0.19437049244156
-0.0272818860073809
0.0116386151347024
0.0678837260809285
0.179785907038198
0.0270275387231913
0.037758181929673
0.0151027975418154
0.144407454467662
0.0529999518630015
0.160921963900559
-0.00467269128392406
0.0957145596671587
0.0134452213756777
0.030526497869332
0.245898012693412
-0.00519905155364183
0.191446391612902
0.00361694525903788
0.043917092353187
0.162570028549865
0.0732683358823901
0.114894699150408
0.069948122291893
0.182929487584072
0.128669587161796
0.0945145005234558
0.0364961061076485
0.0625931912883018
0.0830047953971781
0.233156078853562
0.00208670950446752
0.118544086300399
0.0643436439303494
0.0500771068316978
0.136467912699029
0.0615327752896757
0.134838846494211
0.138248673391517
-0.0890878431665454
0.096605238977083
0.224508497061411
0.152068986309938
0.290118087734657
0.126544213770546
-0.0266280279075104
0.157311285228132
0.234364619351313
0.187375628567342
0.22439489978876
0.219413538211963
0.0878139986059217
0.0946556045460271
0.183121475782355
-0.0062271084656922
0.148884601656695
0.275067849853955
0.196414963872777
0.210715620692956
0.199087728425398
0.177203144377307
0.166708336660845
0.166376852420124
0.136392570637242
0.173562153921784
0.293821638984047
0.173252528166788
0.186919500970163
0.277165201731717
0.259391787404858
0.145621796194516
0.224071565055929
0.197352251276385
0.0571917603983017
0.186238531078662
0.276974843166613
0.240084940215041
0.131915095785492
0.226727861441118
0.277997939383716
0.111041746663794
0.0878657084426575
0.2088906288772
0.274986649825142
0.292511016882193
0.31329776948148
0.207864385315541
0.30130333864663
0.321132736361549
0.306151528673032
0.211463863988965
0.18889452340408
0.206088824666723
0.460299158142502
0.261471869600138
0.208951149864409
0.14515386219379
0.289604135444734
0.207893867062006
0.201806262624387
0.386549204980814
0.193099637845122
0.156195818832184
0.359232685206005
0.371985593321277
0.319550142836322
0.382302911894697
0.225407264645699
0.239663666505704
0.137716036496588
0.212186002583525
0.277182598137006
0.182414115553588
0.235824113174293
0.394458620329572
0.23441843366848
0.238863524674952
0.257084698753265
0.135398778415738
0.303816174390405
0.480329996158774
0.296156114522242
0.323747142146843
0.404043693989547
0.336050944771446
0.352387997431704
0.293570071036248
0.193096692982494
0.341661725671489
0.200776917948372
0.305796691476954
0.461107135431805
0.270681030475602
0.293785000595267
0.267431043793188
0.282551600147624
0.44618314190154
0.368976444366987
0.102774885670326
0.25574220303205
0.250239132097056
0.443657081607541
0.296507591723429
0.376779582844878
0.34394549269435
0.372361245711649
0.369867485023629
0.246354140321429
0.39364530992871
0.334402848369514
0.310051241300639
0.298457996242323
0.422577108044963
0.430601761820604
0.260059690651717
0.348930947290683
0.510814433323517
0.344789593257226
0.35175346613968
0.460559806845343
0.415550035126884
0.31608510806634
0.275693782995188
0.330593904387755
0.271732864351444
0.230044423002677
0.34123048181558
0.409195417427174
0.443926390532414
0.462466361980054
0.358989032116785
0.45507635373906
0.450981094974401
0.434022789668218
0.439160443003618
0.391344333685471
0.355992051295021
0.15898387488484
0.394218053636127
0.369052752975073
0.41955879298059
0.368847438144456
0.357531139250707
0.429485892402436
0.319358959730387
0.454319713420957
0.567052631855415
0.287088299000952
0.353443576181947
0.338300047002494
0.445404361118884
0.550019221926435
0.394658797850615
0.431004218434523
0.490860991605705
0.36968615924395
0.355209274268438
0.476654851360543
0.511379558217101
0.256451009301611
0.535704272164816
0.440635336061967
0.497162027883666
0.444057039241969
0.382923693919816
0.377454368080227
0.350032187256221
0.477585318249882
0.617272035026501
0.455242540286274
0.27188556644636
0.378020061894675
0.419472693106078
0.504190330421268
0.370446289910937
0.333434242881663
0.547690486257168
0.608778686240639
0.35752894423744
0.369635829666464
0.557416433452256
0.520901226429558
0.559711455174597
0.465042858804889
0.592520507612315
0.51738797140605
0.435782861869499
0.478090594965736
0.518208091149048
0.401823653446776
0.582237408499653
0.492205647262549
0.60958359769945
0.452584501774003
0.583989980334339
0.514260253243095
0.516824689439254
0.496979711512495
0.37150091149641
0.408908331977116
0.459106995414235
0.636771610747145
0.55203935953654
0.49728474675764
0.425849279315562
0.53608480717898
0.411519866059593
0.311512022971536
0.653682114018723
0.651318145291046
0.428752672719879
0.58686491121466
0.6304196245129
0.561673817801455
0.663764461183065
0.545140312107488
0.482633174879444
0.704373776177987
0.588494403248569
0.552687907504095
0.649311024062524
0.587848282574524
0.679026289643109
0.507628129869771
0.529950479111142
0.531375272696721
0.632578384586758
0.61646315654669
0.456882752503811
0.550839322651588
0.744057268344844
0.696765671231016
0.43230162742173
0.574417658375175
0.597176511140492
0.489507083299861
0.648545210711356
0.570315968468453
0.707631282224072
0.763816672271728
0.623372017383341
0.775932905720622
0.655355150618244
0.568791321120635
0.646449461496039
0.547518878658129
0.657803291418135
0.753630601719434
0.575565153610818
0.709678702663988
0.543021882806786
0.547481394068718
0.535680212750566
0.605136094190791
0.605741315874065
0.586363551703596
0.589304930631357
0.695714396595418
0.637478110556775
0.79013809371894
0.770657651877451
0.534973052750313
0.786581999226243
0.544592131114316
0.735559239447004
0.752146913073827
0.578100889775764
0.548530909110396
0.635160111745715
0.814509923027618
0.539229072355611
0.753142089932541
0.741770902483618
0.599992184729438
0.724006191805727
0.518852060872318
0.718736521030538
0.775908663937545
0.824101634070141
0.704372615448581
0.715724767497675
0.616669122470062
0.73461390133746
0.822597238288431
0.819349863770049
0.785419732952926
0.557451805369525
0.581905897003408
0.78513170819791
0.579899323289079
0.769932873520521
0.806876080898223
0.776297601849334
0.818985838775233
0.667665508546073
0.688908204372579
0.97160904113634
0.747050149870863
0.703251997627552
0.751987832976805
0.894350416026574
0.625772251441893
0.785068459181627
0.780808346941711
0.831255516254544
0.604563112915415
0.856477334118455
0.741729736550737
0.761335061161049
0.749860094206472
0.755569092096914
0.873236340725522
1.0462291794083
0.754511500526705
0.851756358768116
0.901105199196817
0.847119041569287
0.63221603370932
0.637814772878346
0.850225149650536
0.877094682190165
0.829967344254275
0.779075038504824
0.783967445251389
0.847398152519418
0.746832974917378
0.760810555016139
0.785381226891546
0.650669323355602
0.870827846601721
0.903476835975833
0.772476590269867
0.696977716406261
0.691562099563323
0.809448946869409
0.679616154732945
0.854807319416376
0.716325279750237
0.705339022174338
0.87452638723592
0.750105276813136
0.915637873648302
0.821343342799332
0.816383017863863
0.848364507937103
0.793657418578395
0.709883978843393
0.744934375185281
0.715080036829028
0.679994683178904
0.953104799841313
0.842371900135478
0.888523689871671
1.02426908257585
0.82230423175269
0.898235229116046
1.0283064548806
0.835084982237919
0.85946105554773
0.875446593278102
0.771294905426031
0.996623989244925
0.757529347505584
1.08262696266531
0.812817578081259
0.676136004265743
0.825696290281877
0.729788805855377
0.881674569276893
0.949042205023071
0.959517243169196
0.714317393381218
0.991317543060624
1.05200064228066
0.860449924078939
0.856791103013232
0.937192407049359
0.841673613692984
0.879745304630109
0.975709342005704
0.890475205644073
0.922471965533172
0.914476223391326
0.895614956077335
0.722258188642896
0.933580073080506
1.08008999306486
0.882888890682683
0.760538042946701
1.02651634276072
0.980128056839525
0.972802669903811
0.870128935210916
0.917604750154989
0.859491626043655
0.819168728337015
0.920832462688767
0.96031785830852
1.17303988846723
0.713513828126235
0.86238807240216
1.05898002438971
0.934922109306889
0.966484145370247
0.978687663104893
0.955230225892561
0.942143322920424
1.03517951533398
1.03788119741135
0.963672010901614
1.01689193330571
1.16469567232906
1.08323757272238
0.981330250541324
0.961895813259925
1.0508793046598
0.950883029264632
1.04868735483674
0.983279693211605
0.970850501072432
0.984110746647119
1.1826754026724
1.05297796881193
0.869194968294161
1.05813102076701
1.08500624237324
1.10516172904016
1.13379172252082
0.954332322019318
0.932144322105474
1.07527514181913
