0.0852905569199822
-1.00968039056563
-0.94559878888732
-0.938884649556701
-0.950182774131472
-0.944856950886842
-1.01148442814395
-1.00714184022049
-1.12635922712259
-0.95327880588525
-1.01045542158015
-1.01539704289687
-0.910138818113341
-0.976825438675711
-0.775898286112671
-1.08996499955059
-1.04048967648511
-1.0091327681069
-1.02699377924942
-0.896178906905407
-1.15734242973891
-0.977641029805625
-1.03086403885497
-0.90927746225626
-1.16660204591125
-0.882923604373809
-0.988972348184619
-0.953248908865755
-1.06366420665257
-0.785791862606077
-0.920629712329855
-0.952516590332961
-0.943329560962974
-0.887145750315951
-0.981527591784141
-0.959908404062539
-0.979571954353315
-0.830206182851951
-1.01266864005488
-0.923119841375939
-0.859828154891098
-0.916291325707886
-1.11846407055243
-1.00901090741866
-0.898525375032847
-0.97127963551538
-0.81723532157667
-1.02420124920123
-0.897982660836581
-1.01371361225751
-1.02981486922931
-0.902510634480367
-0.896215274454977
-0.76435913331814
-0.824798481907758
-0.825393111915955
-0.731452395593622
-1.15017020970507
-0.87650342369265
-0.759097074867357
-0.836850917469718
-0.881543939950242
-0.993098732090176
-0.721457040458743
-0.827004418743863
-0.867984682213103
-0.695989036114952
-0.817223408773338
-0.839033291077224
-0.89215782046926
-0.859162288588067
-0.78415885165002
-0.894312416722456
-0.939650822181591
-0.968042246517149
-0.80943784536435
-0.900139472488868
-0.783840454273247
-0.963919208268363
-0.819214586026982
-0.762081304051922
-0.857222560350973
-0.73202658418049
-0.88191020012554
-0.992077330232643
-0.705150924769494
-0.703974582955839
-0.750548513375167
-0.854605400365631
-0.83754759492989
-0.848715331238868
-0.796512027092854
-1.00164772513975
-0.811502638118428
-0.95118894897284
-0.752984861906886
-0.760955284029518
-0.863435369469734
-0.77656339692911
-0.805281545661745
-0.738229007674853
-0.819416629054535
-0.819009560947911
-0.659782400757047
-0.840109660169843
-0.809954537321592
-0.913388737703347
-0.945326581316626
-0.77753304546841
-0.820844132550482
-0.772526101738256
-0.766061417061904
-0.765190031232982
-0.882548394186277
-0.781562462681846
-0.911001294385401
-0.798380017454001
-0.701717476354111
-0.801954695320533
-0.695882812883693
-0.626455869976844
-0.640068702116267
-0.696186616377223
-0.816484701740305
-0.766765844876976
-0.723002840162004
-0.677973784078906
-0.670865673137639
-0.683670728480447
-0.771766357577886
-0.682690985308186
-0.765693622322363
-0.623145408535168
-0.646771109401227
-0.66779584165934
-0.660750162346002
-0.748990685344353
-0.727056475260108
-0.780868837925806
-0.715391390279921
-0.686695924489599
-0.632892446979617
-0.637658277913082
-0.945872118777655
-0.704614086589565
-0.599534521799663
-0.756216023622349
-0.672919648236031
-0.604472532080444
-0.650274548342636
-0.645025902503191
-0.695417285157031
-0.747873976910764
-0.628216076356805
-0.639618450332593
-0.625581657218461
-0.728379082055471
-0.781266090125574
-0.710072246100581
-0.787423878882827
-0.519344215193532
-0.696031686060109
-0.658167180325363
-0.694760952284525
-0.606757025443068
-0.678192939253736
-0.747377441081099
-0.63250858408771
-0.442029178625464
-0.771610236203864
-0.870578183024964
-0.541705226076249
-0.502824354359042
-0.71414031066828
-0.573957370881524
-0.622382749114468
-0.629887900776691
-0.618641276784776
-0.594922978658207
-0.702307796662585
-0.656678815006825
-0.854660378953072
-0.464193086960746
-0.669866932751584
-0.612417483130703
-0.565488222164758
-0.505806286996742
-0.654209337861561
-0.570254111360354
-0.602758993272183
-0.696218292543059
-0.706884595369843
-0.659313534413523
-0.636149501866301
-0.516922395748326
-0.669591796650746
-0.588020939685126
-0.482302927124096
-0.559535375717827
-0.589932515899423
-0.798575159222615
-0.582195950466588
-0.59524555403213
-0.440253151350547
-0.562614577336007
-0.549755404530641
-0.561611609874906
-0.489080410716334
-0.549672031355854
-0.514541116164635
-0.557667661266496
-0.640942496338817
-0.464960918361146
-0.468214518992074
-0.600022152482209
-0.518327333233827
-0.48984894197504
-0.53092491546636
-0.506697800205477
-0.601220300926491
-0.562763446626305
-0.418751157202136
-0.629886527681697
-0.64085825678693
-0.539578550835058
-0.565872952668714
-0.562520158989356
-0.608676230850759
-0.494387431825307
-0.502637392251903
-0.618106451453409
-0.55483901361247
-0.444302884253952
-0.587461236646147
-0.566936884568824
-0.537799901565354
-0.442802579445364
-0.567322876876071
-0.624254348380958
-0.486468627369848
-0.478210047513355
-0.597577518966281
-0.690279831648675
-0.454908814875853
-0.533647344876356
-0.63754696190499
-0.531764977123576
-0.517332937947411
-0.513067269903803
-0.400811162562607
-0.480793973081408
-0.420236165446325
-0.554563678389081
-0.543432026450323
-0.694028727960751
-0.484348810026598
-0.568083599770063
-0.648815207869292
-0.517957385282844
-0.627776882836181
-0.446570171625453
-0.29550532987716
-0.482629281445238
-0.43072703304441
-0.574299766112054
-0.50854541803852
-0.33427412374945
-0.474112001030983
-0.3945228304468
-0.501862655994206
-0.356608551571785
-0.381682442653911
-0.509643395814758
-0.492454115946907
-0.482786468761019
-0.425366520800818
-0.454829109976845
-0.4999183422387
-0.346838535736878
-0.445090396863212
-0.456564103005692
-0.377779412054303
-0.351886823131798
-0.510677720214216
-0.601161502102341
-0.44415115978243
-0.498274633174847
-0.280142072110225
-0.422192101905537
-0.302960345306477
-0.406804726669904
-0.495912002681452
-0.452483755387913
-0.438721789866973
-0.523419800235383
-0.390435681113757
-0.36604788804706
-0.451407176570904
-0.321311822843417
-0.356611629196607
-0.58484446332625
-0.350818444189948
-0.389053708951061
-0.349424678078492
-0.318926068618394
-0.321762395005398
-0.470267299831049
-0.496935945348998
-0.325420238044865
-0.197151820900111
-0.504947006360918
-0.36609987091962
-0.333236783578571
-0.325093223828851
-0.364491856034181
-0.442266845387906
-0.437997837498738
-0.341554412351845
-0.385018090034777
-0.370330796016621
-0.471551105609001
-0.267692822769029
-0.221655468828489
-0.442656043605824
-0.224340707401598
-0.437435106475815
-0.362336947722024
-0.18914654071684
-0.538156320195199
-0.398159582305756
-0.296299921225833
-0.298316105504412
-0.33065922910321
-0.222485248032754
-0.39743725689828
-0.280006395430303
-0.368428747966574
-0.109904627368112
-0.291510937742017
-0.259450646015535
-0.37189836891646
-0.409300891793817
-0.291178522279221
-0.244033873620516
-0.461672055142708
-0.226250877169506
-0.271961973442116
-0.305084338496817
-0.286725079561728
-0.335007092972262
-0.385348750692504
-0.297269081144766
-0.204714590148591
-0.155268077612918
-0.276989029849276
-0.266745644659572
-0.145158036035391
-0.33819233078217
-0.31375748869641
-0.397892061853322
-0.0904394670841794
-0.307655951930557
-0.230150171994956
-0.283647000008457
-0.384395610331152
-0.183660470293729
-0.304773766997477
-0.381747832780936
-0.401397524984855
-0.352170458685834
-0.0414358146489022
-0.284930030064341
-0.102253978503336
-0.22600854443723
-0.311354619017135
-0.334014542752723
-0.418363877336066
-0.316983505202396
-0.352500491829085
-0.247565972564305
-0.31293608145645
-0.372246405849738
-0.164994823679634
-0.0945085654874213
-0.300161788156729
-0.260523439713246
-0.117435932721085
-0.180697651760872
-0.319042558314842
-0.335046978654229
-0.252514854828193
-0.26398874717579
-0.284640587951614
-0.275903512248295
-0.139307848976155
-0.215192361348077
-0.125159411330949
-0.236060502503663
-0.211532553150952
-0.245405216736094
-0.281702745673028
-0.107795008811208
-0.129152297983444
-0.177125877252772
-0.321876713443495
-0.341857663226354
-0.130714400131545
-0.312064180902337
-0.117695691029717
-0.193382885380466
-0.174037571798535
-0.040386315375551
-0.195385946578371
-0.091986506445402
-0.325672149586593
-0.18965690939543
-0.316061417485517
-0.116742947604313
-0.204939404662664
-0.21358041599368
-0.196379324653637
-0.0941208977628059
-0.235651826178322
-0.170540359923321
-0.0877340433870515
-0.235577681553503
-0.194734310880782
-0.065523105524193
-0.299248544772501
-0.106029469076531
-0.164619325531807
-0.152812683813204
-0.267690033600725
-0.24459709364374
-0.192006442824492
-0.280365371291687
-0.0812164920250418
0.0025095317095519
-0.172274108874777
-0.177774451964061
-0.142703442942939
-0.0415336155768448
0.0609668525714044
-0.125483254227608
-0.0726273601693688
-0.205627844572015
-0.0719559629941932
-0.113281837139966
-0.0913503380576079
-0.146516007700302
0.00918967871749696
-0.217977699790991
-0.0260814440741918
-0.268844483212182
-0.0727142799738223
0.0191644973539003
-0.134068863514005
-0.0757975413577866
-0.153419842623265
-0.182283801889865
-0.0438107218490734
-0.0994767462098615
0.0293573632052527
-0.0817625032151247
-0.117279751835649
-0.0620077277274516
-0.0669180863678962
-0.0882208869028921
-0.0688553490609077
-0.165669084824151
0.0262004942476458
0.0591334089940579
-0.176846823129992
-0.038095097235488
-0.172513009641295
0.00399011239481809
0.0683642115118872
-0.0666007160629057
0.0347794017916008
0.0229363310233173
-0.0486787441855997
-0.0800571080141819
0.0106428611314348
-0.117333255710584
-0.110814590294475
0.0112150793497828
-0.0344983319301192
-0.00567544066994083
-0.0505476285452389
0.0541014227284711
-0.115231813258103
0.0712692950529254
-0.00520309928901143
-0.0341240424785574
-0.00338139532194704
0.0679639344893331
-0.00609845919776976
-0.172957751274198
-0.077469903820797
0.0626300761950779
-0.10104746476654
0.0315520571204337
-0.0737251749289044
0.0803994101536185
-0.0205528034596579
0.0675840731293597
0.0512659240782033
0.0529782400200378
-0.0437258214296163
-0.063747814947891
-0.0574759558629115
0.0254882915945944
-0.00677453966980532
0.0595617099068699
-0.0391796699917931
-0.10137117476985
-0.0286119824202182
0.120459868710421
0.191829802686123
0.0467743010538618
0.124863048111933
0.0403786019967642
0.0277335090639247
0.0546948414913289
0.0935260605564216
0.00182495355814544
0.0781950204796097
0.164459681635794
0.0387947433084036
0.104924379032308
-0.0310772388637334
0.0921981376388228
0.0216003517594659
-0.0686448101315121
0.2159768976253
0.0160247487998515
-0.00254728489278529
0.122922019676126
0.154652894214603
0.212632285255744
0.237364503514544
0.0947347512574215
0.137395963876968
-0.0197637642542636
0.110425296891834
-0.00462230163393936
0.0991686321940649
0.134966392817936
-0.060138922433572
0.10728282495992
0.104316012041351
-0.0318135087959537
0.348771261569025
-0.0667602217930565
0.287000173207342
0.0957566031819007
0.208224585255287
0.190656398945926
-0.0378934834521649
0.130549724823311
0.249922341794743
0.185764847441109
0.362954891309467
0.251587597506625
-0.0158949899169781
0.0458662370667381
0.223459240458281
0.187937545777841
0.215221025210046
0.131785059540275
0.275547623942548
0.263725154371669
0.124298807700802
0.103837996367762
0.0543293296381133
0.00575139680912252
0.0201156687841055
0.0645141364289788
0.277897296711479
0.173829407221776
0.268111308442438
0.218202928122706
0.242708146124126
0.123798942702101
0.20844974479441
0.0929636835526287
0.0510465535775
0.18067979797423
0.185838858325566
0.19847694856389
0.119939457958911
0.360379729796565
0.260470012808489
0.105790567165928
0.28819994770796
-0.0168099645816155
0.22091973304262
0.265738812290795
0.298465534805232
0.325297474202682
0.342472406491574
0.244331038060598
0.128468986447237
0.0156911058919019
0.232177862849697
0.226337022004667
0.139195888950226
0.229655330882628
0.314502727974698
-0.0204555708468708
0.263956723719558
0.142043604343027
0.180730676724304
0.227779963715692
0.195771221502774
0.340112820414832
0.155653604262369
0.259287072766421
0.319392765428865
0.467436369047588
0.271096970510026
0.243384676853179
0.243193586235022
0.266322817894962
0.311177853582517
0.312178154813984
0.338515234160842
0.260827268906578
0.244244001213137
0.233136836095552
0.148511625868149
0.262979634560549
0.354337073237064
0.2697292210528
0.217870546786249
0.392109517703717
0.291663625936165
0.19630572612794
0.385531638989323
0.130166072584866
0.500110160091097
0.360283110310511
0.11396703854402
0.160426631679562
0.292385909985296
0.44132833743785
0.470212357877463
0.307588454107636
0.311722300179081
0.345828602858493
0.338543587347569
0.328241867606659
0.131018526283941
0.251807528892018
0.301418162540917
0.338157075475517
0.321906333703253
0.368342920008748
0.291946365652156
0.433399727079795
0.189897733079511
0.236391647084126
0.255590324382758
0.313841405219801
0.34853010871373
0.287735859208921
0.458769325905719
0.336421761157313
0.192689787827229
0.239478380340371
0.26251080432818
0.488209960860107
0.387919919220971
0.277331625163825
0.270602891661089
0.38145353030385
0.405528270443688
0.317521007135704
0.474634611128015
0.361724813197772
0.309817794362288
0.257807914651074
0.521739336165564
0.243823120640026
0.225890348755364
0.422859566681614
0.395936393394308
0.361769219967057
0.366678944635545
0.370552134757446
0.367847128130734
0.491597650920255
0.176711785890975
0.366111203591239
0.273608122861746
0.41544639443788
0.303299838107734
0.467587969632561
0.311136810086477
0.441593704670836
0.260416094759926
0.459468325006815
0.441224407513372
0.417562548060403
0.353778005804928
0.289990532665759
0.516416725465895
0.382048004430029
0.511865688631175
0.424330746220706
0.409320549852802
0.449857235945106
0.461480369057631
0.496674386809841
0.320144453852984
0.270732127430777
0.609547911223193
0.417243825214239
0.3373855766689
0.475554886969815
0.404159740063829
0.465205483430382
0.45608547396583
0.302123602570388
0.432802281304101
0.488683279275101
0.467076558895631
0.411912347410551
0.570209272286192
0.259756843132169
0.300564962327207
0.453833094192927
0.307665763984967
0.473660648638917
0.601845761943814
0.417787428144862
0.39666864652769
0.444299351758743
0.690559563581724
0.339960114576465
0.52938732758658
0.488527699190004
0.514548076259806
0.411479296680507
0.502433855152913
0.335547151779394
0.535146549254345
0.494249111643281
0.479260507937228
0.48348013887221
0.412924766924734
0.552530777581998
0.451930005346981
0.604405492205894
0.478238172499955
0.476103618837711
0.704339914300023
0.724804464781331
0.551791764394626
0.529409766238878
0.468671781478699
0.491392102993446
0.421063669402903
0.568003137248226
0.679675530807655
0.448786726451142
0.499311728112878
0.475010098847953
0.596499965438936
0.550388341424871
0.498323877151082
0.498237921929611
0.470016649646877
0.453339552041133
0.534439022356058
0.502391415926022
0.376850759310545
0.696495438098076
0.630278572961604
0.569322474030172
0.513624553397636
0.553656704704003
0.498173173368794
0.51668162838814
0.673138242932155
0.640707423654525
0.51707062012375
0.569363954159424
0.571089150453659
0.6820519463963
0.583667918996027
0.566206921468355
0.610652663311429
0.53593103531063
0.543253205923945
0.532791169522227
0.637185808521271
0.682901657970314
0.640353576720523
0.632663938275065
0.511558551029894
0.508545607417113
0.607636717474359
0.560676335866697
0.558574299967439
0.602549323690682
0.721270722834934
0.671394380757
0.6039642076611
0.517666927505298
0.529798807323817
0.562650271562395
0.664588902745324
0.53847877108558
0.548977393215983
0.556375812842049
0.593248821649272
0.637383247872131
0.623036782607951
0.842319520102753
0.664747761676956
0.576023585438032
0.499169726819989
0.719800585817667
0.836282441510849
0.646109109287898
0.560345526965312
0.735554953767423
0.669262864584041
0.630725664324024
0.781168954054474
0.648493911512634
0.684106460217158
0.626960206569478
0.585408360449156
0.688718359542774
0.741551938298887
0.658734831318991
0.71205355318623
0.738831191700571
0.732942536346762
0.790070505626987
0.834089173424914
0.526646280007066
0.707834833094537
0.677747596913429
0.699300057429436
0.678127738402028
0.776907735114667
0.626878596252526
0.625106675693947
0.909297923300028
0.693236590140819
0.664383049351246
0.727654014607876
0.736154808390047
0.698001202141747
0.64787115417794
0.818236941834719
0.735416118011708
0.833799997988771
0.887966692264487
0.827928767749408
0.673199533941677
0.771727088296327
0.706099291565507
0.757654084665755
0.823256027142501
0.558571479867868
0.788103516986531
0.666096850305935
0.793594208286543
0.704259546522211
0.739482881980256
0.793841415406157
0.698693794211795
0.760306196569371
0.65906918275224
0.76925713127656
0.77542118601362
0.673405949301092
0.767075135301254
0.881778857089311
0.763330657394242
0.685655496692797
0.851207268129982
0.686288522998135
0.785202908810139
0.88741866463772
0.717806867076096
0.921201842806558
0.796360976621017
0.776626446897428
0.76472029626059
0.764551404897211
0.736225625072286
0.86359355942614
0.741871673021444
0.673771553282419
0.803843334949747
0.973474612770792
0.830555704687148
0.765189593589786
0.732430753562683
0.907079790473992
0.920729869635228
0.692841360364055
0.879048594940408
0.881181433859961
0.84805760164086
0.91758122541835
0.831956021606818
0.720320859635728
0.921687731398826
0.786132957523534
0.700833875101939
0.923695646995967
1.10243757006777
0.970049830201615
0.823035708682536
0.903940179071198
0.876487096517033
0.898269861435285
0.876340937337081
0.940229806771049
0.836542704404446
0.950867423292202
0.945173820116621
0.743551411117428
0.817466280370231
0.966276751560068
0.888588895024998
0.814731430817219
0.824083660730032
0.761018813886428
0.82595662884501
1.0345783434424
0.890060016922006
0.905252888827756
1.10038367118134
0.750669770139759
0.896036963845649
0.983663847805145
0.70639200251182
0.837121789817167
0.854559210077027
0.895668148698012
0.749193847121388
0.878353222904166
0.89031467031543
0.897337562691677
0.943065432914585
0.904648494866195
0.923503933052686
1.02327538608999
0.874950201761216
0.867947660418693
0.932060272815396
0.858584371756176
0.797980942339941
0.888239331078998
0.938609854623368
0.995841703353846
0.810499580384373
0.98040685198718
0.966951221201064
0.977669716014491
0.877635017642542
1.01929960497288
0.972742906073395
0.968949706655617
0.996564832193998
0.929069839868541
0.981454821456702
0.925598375357062
0.833170030766171
0.966472030406711
1.12993770438179
0.832864578818268
1.11293630821078
1.0151619487479
0.880247031490564
0.971965145315746
0.970463489577877
0.865112191957294
0.973286311875408
1.02961484496322
0.964477288158593
1.06473916228693
0.808800294862627
1.0033560348644
0.922933719979354
0.981668655851713
0.856292559996071
1.00901736041472
0.877489353383881
0.995957072592058
0.889267730003466
0.852299897704719
1.13826484680978
0.989434048432435
