0.121933448922034
-0.989143466265568
-1.13195490391357
-0.714521381982802
-1.02571660432071
-0.873149123779368
-0.993520579085359
-1.04700744208422
-1.04582756810506
-1.00810248083058
-1.07047178785881
-1.02995300414395
-0.913010406898733
-0.81245709422203
-1.04661281091427
-0.984817796188955
-0.9252677649189
-0.934662947119171
-0.79102401028588
-0.971598943279497
-0.891981968899449
-0.947333015386024
-0.84869960058668
-1.20765302969589
-0.878460299511129
-1.05831400384463
-0.870498063365515
-0.894555980444861
-0.958930650021922
-0.868961205063841
-1.01958581951286
-0.896982366359879
-1.01368012204984
-0.968900308910113
-0.842408404854128
-0.948332607767099
-0.931738756635059
-0.897235253687627
-0.934150189247901
-0.966267096515819
-0.876054748136256
-0.891582900855406
-1.00769121353651
-1.02489180780482
-0.863060049503207
-0.877844064942343
-0.908407442568438
-0.830199730365219
-0.763735671146798
-0.928674207194183
-0.992236382826701
-0.937604092241951
-0.919489437949863
-0.878820250754031
-0.802552084622449
-0.737388728051754
-0.834453610199932
-0.848208838911191
-0.95769462482679
-0.684078327088309
-0.746285954844978
-0.942176633638306
-0.84515841209722
-0.807248179139141
-0.903743556949408
-0.973363385618766
-0.977324453376024
-0.925737356907805
-0.660379975532561
-0.889898921541679
-0.842428273576528
-0.919736049929491
-0.903596418806093
-0.873074347748527
-0.802975936648312
-1.06200269542721
-0.812707471725859
-0.869775300926439
-0.872370214691972
-1.02321831256039
-0.820847089045564
-0.915862393759327
-0.761860870969455
-0.782058663809666
-0.816807363985525
-0.775024449677188
-0.796353841494518
-0.809741294825994
-0.858787345377628
-0.813833056683441
-0.818926707369875
-0.790686269527188
-0.883816007652348
-0.881953145591989
-0.863133573964724
-0.740094770032605
-0.720578792997962
-0.854400321724407
-0.842871836761547
-0.790691601631521
-0.830368008906894
-1.00016675268169
-0.787533859607782
-0.753367285427205
-0.811620801798758
-0.76276007097759
-0.846086199431742
-0.716297336936364
-0.872487543463286
-0.727944554803037
-0.803319461208009
-0.794998938601436
-0.773243191758065
-0.777591236094281
-0.70453986809221
-0.739631709729016
-0.914451395472789
-0.940052254398966
-0.745686323612143
-0.710851644635079
-0.734217376235351
-0.761582070575387
-0.707633490042118
-0.65226584312045
-0.752140700878104
-0.724142903484422
-0.648001240103966
-0.6853258076786
-0.768345251584066
-0.771736730169926
-0.657149006396682
-0.679990031623694
-0.737799241907991
-0.691174503132552
-0.766366197122939
-0.610138076073116
-0.761987486896536
-0.615321468848879
-0.686636062918261
-0.857781321126477
-0.882058020501005
-0.829985315421268
-0.816783295233888
-0.652000969461885
-0.70309821985869
-0.874906869153692
-0.790075428693371
-0.616194789022922
-0.699162811218974
-0.68364093469523
-0.651328484740713
-0.740591474029317
-0.636127638957357
-0.73657258958866
-0.771635056313132
-0.584955135114144
-0.789185532612488
-0.575305550705698
-0.664071405916315
-0.641922366317333
-0.591655205089375
-0.683488290063416
-0.727160502624359
-0.823842746643122
-0.783838470970857
-0.753337080214636
-0.713845111690973
-0.652247933853991
-0.743668664838029
-0.713088015691077
-0.656700951747263
-0.802176708164985
-0.653108578264724
-0.661481484629237
-0.760248278498557
-0.595956512745964
-0.690361456548771
-0.723921949746008
-0.693359532453494
-0.751294173927111
-0.600346150508287
-0.658492610143905
-0.574175464979861
-0.630666137349204
-0.588446163621473
-0.556177118419893
-0.475894766160329
-0.509232712832476
-0.540743547323963
-0.600682676400218
-0.527800932249577
-0.481926785093509
-0.601665989730148
-0.542741364013342
-0.685484891168507
-0.63834692553726
-0.681246781477489
-0.586862526996006
-0.52795495578952
-0.818403768242208
-0.654595912213314
-0.526266152887019
-0.538971823683764
-0.564708948153649
-0.530831807924881
-0.717679006006955
-0.586968196355183
-0.635489850387198
-0.477827164969148
-0.452377266594557
-0.665294406515248
-0.607117479104281
-0.582575725220913
-0.601951819112802
-0.430547521485251
-0.582123869437562
-0.657350364219211
-0.396156294070108
-0.662518723622057
-0.50684205877347
-0.559061073957168
-0.622776539224016
-0.651292064183728
-0.539548458330747
-0.557158756788439
-0.591193929982142
-0.458235762243066
-0.535731507139907
-0.516666501173567
-0.567448569632683
-0.561524302321972
-0.414162060199348
-0.63437052494624
-0.41131158325355
-0.510786026618369
-0.590649118033511
-0.523685908715833
-0.519725451131222
-0.472696930260207
-0.523151866209432
-0.447211540499631
-0.564060978145668
-0.573366914022388
-0.463697789583556
-0.452025047225859
-0.577172962599658
-0.63576624606086
-0.526157329425361
-0.558009548864285
-0.580612615680374
-0.462078140109286
-0.476456825493522
-0.411275760431287
-0.521873264258566
-0.48896533308813
-0.519770023591391
-0.404437526648785
-0.388026970108756
-0.413721382898446
-0.461004610957937
-0.472603060160392
-0.46355350645756
-0.400375391103105
-0.396630173283126
-0.540622900688036
-0.523068406720365
-0.371248998507697
-0.379986280595346
-0.50799988360213
-0.411201682018172
-0.454800182452755
-0.360594973391052
-0.460800676386894
-0.548097681624175
-0.352681194740415
-0.455210980638622
-0.532675704121308
-0.501752333319719
-0.507316702585146
-0.425500666599846
-0.527304017317482
-0.380921505385485
-0.602170377253873
-0.437928295351047
-0.468124308642323
-0.494275807512081
-0.358244118653049
-0.483194822899062
-0.36222584726743
-0.460584879281618
-0.583372994478033
-0.443152003663946
-0.536158322086732
-0.46295806229432
-0.442193532390233
-0.51264466815997
-0.301021335358715
-0.428709679242968
-0.425064072192895
-0.357291570214743
-0.521191588017134
-0.373704732055046
-0.308560394215464
-0.296099319175496
-0.517815961048831
-0.513621215410874
-0.267298348570285
-0.418299834157348
-0.466507853450795
-0.461245600649603
-0.297684922358292
-0.420183788296046
-0.416500495945528
-0.50471350239081
-0.433976545285472
-0.427517631867698
-0.346465542237045
-0.381671501389656
-0.40358837184282
-0.345630788433361
-0.498994725133204
-0.220773596732271
-0.276456903124302
-0.247994176550468
-0.305880177338578
-0.41434497880394
-0.360975294973382
-0.356370931167603
-0.228183468079776
-0.420891774800111
-0.5153756093656
-0.35829353143939
-0.509131279250512
-0.238958726546317
-0.255686146133449
-0.470181334644558
-0.238475124280323
-0.348482964615678
-0.451757743958542
-0.305059514549814
-0.14658621617825
-0.478011271808332
-0.397830448384545
-0.25804195636866
-0.358813361983543
-0.273442378300419
-0.309631493877061
-0.33428743403653
-0.39599411125626
-0.292627587224614
-0.325609997073468
-0.288078827442953
-0.294171251532365
-0.193268493097522
-0.370390369345327
-0.288946590802072
-0.151342654064592
-0.166129787375649
-0.211658506103642
-0.339473166810004
-0.231919867975296
-0.182474638806816
-0.165331751990735
-0.40415471776046
-0.200751621376684
-0.0733083052276973
-0.193837642583214
-0.259395594796743
-0.264961395725462
-0.183823768957208
-0.145640592431151
-0.166404055575832
-0.315023474113732
-0.28706162923583
-0.0774847975959501
-0.248260060161423
-0.274170091333789
-0.185456430245607
-0.226090188906725
-0.0446521420014678
-0.183224406089244
-0.309258131792115
-0.249956343850469
-0.0513764231482057
-0.200914208753133
-0.281958527527944
-0.213402828125825
-0.189989850128637
-0.230287692748424
-0.199610963114102
-0.130864676468186
-0.313535085170314
-0.297762203658197
-0.283251402605352
-0.147779416553147
-0.139451564071963
-0.186889546088353
-0.394572577637089
-0.139817841666774
-0.102919021311664
-0.375577505749384
-0.199971380997947
-0.23554890107473
-0.276320945998845
-0.252410306607006
-0.268527593848368
-0.281263165398868
-0.188811196042488
-0.23943354429025
-0.182276814159997
-0.22118855927652
-0.151558736426806
-0.0994089520434979
-0.121657824095465
-0.183313186865073
-0.0600734160864104
-0.239859309072097
-0.26353336014225
-0.185882024664703
-0.170929833024629
-0.121849473738026
-0.00634464334929578
-0.137497324553286
-0.149721587714522
-0.247910165776432
-0.104712727445402
-0.0079774871983646
-0.118356751601165
-0.0561517150912163
-0.107287674966104
-0.171844131778187
-0.100609970589431
-0.209906022429355
-0.159739056530451
-0.276071061876037
-0.0860990470683234
-0.10351569841593
-0.168379273636521
-0.220838747279647
-0.200527656344308
-0.278399995261503
-0.140011050812114
-0.155173691275931
0.0448234252686764
-0.156665426175953
-0.255098614182817
-0.139286201767668
0.0907462193047045
-0.24936498055662
0.00127146135990081
-0.272067475134541
-0.128311361208511
-0.154567964640875
-0.0259081561371737
-0.0278430757864059
-0.118131220401974
0.0158736569327226
-0.152473689001559
-0.178809254780243
-0.242321063851604
-0.140969007395424
-0.00290855731677649
-0.068189512849818
-0.142183069356182
-0.189544552040583
-0.169715487439887
-0.0800524446937581
0.0120875418780825
-0.0303184240974693
-0.101425527819256
0.0757620308590139
-0.0991564415130061
-0.0136187553088944
-0.0896484651969602
-0.167167284826455
0.0960790514084753
0.033545126721375
-0.108866482338267
-0.0551071846280789
0.0676635241232987
-0.0617010666150643
-0.0151473867287779
-0.00901763294141263
0.0313112245047807
0.00430443899949277
-0.0105634961814038
-0.144928116358097
-0.0070445789855927
-0.0731624806638533
-0.0446334263169006
-0.135170228341752
-0.121488336206693
0.132696111963142
-0.0193525021471413
-0.0438221848401692
-0.107345365639954
-0.0395915930029961
0.0489745834738729
0.0510794851774701
-0.10797455150867
0.114176248151725
0.136987519007115
0.133049224767574
0.0326350686821452
-0.0217083326647281
0.206306542335961
-0.0906023842347146
-0.0892187890964101
-0.138165932963406
0.143018981674913
0.0522220119566972
0.112181371294894
-0.0639601024592305
-0.10279422158934
-0.146049181795939
0.032453454236701
0.150939165860861
0.0975259442207631
-0.0614395041499637
0.00795412614889105
0.0960164831505868
-0.0181885214617446
-0.0348973517196968
-0.169083642275579
0.0339054661626303
-0.0318716337557874
0.0519287785289804
-0.101432345553122
-0.0350833366646425
0.0155256945226443
0.0974003867692876
0.16725763960142
-0.0202890142502255
0.0984938119309336
0.0893023929630255
0.162807617167791
0.162615886416261
0.0688012038661245
0.268064200733339
0.26134810238694
-0.0202062354045051
0.102720089390501
0.0557896652420435
0.136807262779506
0.101763017166055
-0.0187191315381073
0.100447634349475
0.173273132566322
-0.0171348305129633
-0.0114147068869001
0.0640730849647975
0.138893062429104
0.0987762879954376
0.0923627608460459
-0.0435315909622056
0.0199152241560453
0.0886530094710629
0.0363579642171492
0.131999542279763
-0.114853324174766
0.169619413783305
-0.00754976360515677
0.0459351804891688
0.104267051514515
0.186329083858864
0.0722799567593534
0.159167374586596
0.234360259077011
-0.0541937665269948
0.108086975112282
0.155667706650858
0.0579549426352261
0.0853269403534052
0.192039557216198
0.00396368720505951
0.00480932220604507
0.0290335748626125
0.143437469894518
0.0473519952474845
0.014100096361338
0.0719347740615781
0.0904994793715124
0.137658257406142
0.114652425153708
0.171255480691894
0.181357702410788
0.032141555366189
0.375021774674716
0.13780617683775
-0.0246446420854464
0.261460421687897
0.275357417117551
0.144083390330279
0.0556555469043309
0.28274576590437
0.167132240703948
0.0487525622507733
0.165598372710393
0.0841161122829818
0.0133150544118899
0.293424219831139
0.115107592145356
0.192630795730919
0.0905918058764426
0.141646086451451
0.279919180272224
0.219808321502927
0.182525130532166
0.220164292371166
0.277790259323272
0.0393448400649724
0.227802924093528
0.167624470707345
0.0820970135098339
0.201952588683887
0.166910894026349
0.234940330268059
0.20819615505786
0.304471888967126
0.25828098960434
0.196298970084435
0.361470071778743
0.286517374599673
0.289675531126212
0.25008213839214
0.224270346582028
0.285880121039682
0.223737592372197
0.444764940509749
0.189313738358974
0.0900286842628866
0.213316903379071
0.153996162152904
0.237384300193596
0.268494607478423
0.201227505136056
0.201476535444313
0.233430610398439
0.349817014772526
0.310578414737602
0.307784164031729
0.272940178388031
0.208532950189703
0.394810769536322
0.233843322632429
0.330629373328132
0.257523478644388
0.282153873803328
0.250820510379377
0.388140815666082
0.132912541303839
0.235760670225844
0.276119638291965
0.280216121015136
0.320713174851772
0.375617625403729
0.160633673777839
0.392378332596573
0.280803572576508
0.355991852953921
0.436100045344059
0.207307450095177
0.198602799015831
0.35869866571467
0.473055677272462
0.270676037183191
0.316477386411915
0.290310201528277
0.3405459534776
0.270034986329727
0.310417868504919
0.362750330105333
0.344726881374442
0.32025622257533
0.319163830367679
0.314687581473707
0.380967851844457
0.352843622452074
0.403500257489015
0.354688240644904
0.369247358728661
0.473277365321776
0.411693789337127
0.309828504894142
0.448280494240936
0.403746106597779
0.308308487414485
0.386416517594232
0.299098973635172
0.237821072771876
0.401346293497345
0.368764818646349
0.363320614333861
0.334359029137864
0.272482867388836
0.432763496984779
0.406427538216488
0.309432859490257
0.454524875103511
0.525339868014636
0.368206648968391
0.361464029456833
0.217238443165934
0.462090878937492
0.423628902420244
0.355180791184479
0.502740599413565
0.347655367590699
0.324176543684324
0.552507580759972
0.473514282787432
0.410353028436966
0.36650272837428
0.378885938721647
0.297897980296261
0.495006746352026
0.466422082896371
0.331797642913732
0.544402906336178
0.434174596932534
0.45515478953403
0.473170694418379
0.454029390949311
0.372911781317917
0.326505311412546
0.42032570594318
0.518510631688916
0.453456037894198
0.523570054401551
0.39175829578077
0.477070591833315
0.499264861133288
0.419030489968013
0.374966373301005
0.474418718413529
0.413416624620799
0.442508058281363
0.507417570226242
0.437541635709588
0.362347171549779
0.545280872716219
0.523789237306678
0.442932653544607
0.558499273689246
0.540419028186197
0.259615723753027
0.440619978941599
0.42581897307993
0.557226786316351
0.532537693026077
0.494130640368917
0.374884797823117
0.70138195294823
0.4502667233115
0.551410015112941
0.440401278691689
0.582636953417814
0.40224894412575
0.445804072581798
0.550616635639925
0.440168097054332
0.499599169784327
0.460771430060726
0.527798978215094
0.579023490455262
0.44820377681287
0.678729122271175
0.510576677856152
0.610771470370045
0.448988516738426
0.613078071435832
0.460677035794858
0.553911237653055
0.5177841285465
0.512400151299256
0.479633306748891
0.458723141549799
0.558978071609461
0.568770523168379
0.557495374469179
0.449416545421147
0.631981714631009
0.558452445593649
0.667370652050627
0.614883312533844
0.637744997869374
0.524981487167967
0.487219956259151
0.573683737193113
0.544461028519122
0.525136254624366
0.474607862464578
0.557202585552442
0.452175655368546
0.72929079930206
0.69958559991756
0.636712364508835
0.501499555312476
0.614405442332526
0.454838828052211
0.746959508992878
0.420401027707565
0.545641417105647
0.728716096162408
0.710425097905686
0.610081518566176
0.537632845049037
0.590725849496115
0.436441517034469
0.563209364336556
0.551960269048358
0.517155099086646
0.51079682902818
0.580737349745703
0.758602705784706
0.523243110197721
0.678628919815213
0.600352636958014
0.542836412480554
0.741979208716213
0.704171831989764
0.5551325893254
0.777379508307836
0.800669171066396
0.462780825171783
0.703444823993852
0.502805143482503
0.727397226877637
0.674378111289887
0.684393540385959
0.690325266864716
0.502922978491757
0.62953178036382
0.627085758325205
0.569186165570745
0.573094560204832
0.574450092184445
0.623112018826399
0.795676703215593
0.567729798573862
0.613517787892218
0.629903045370974
0.644659292881481
0.770364930827268
0.702380736553937
0.764629636638317
0.732998654229102
0.743502497327738
0.512930200691762
0.648426014732166
0.807047663627351
0.737386164796843
0.722682278681013
0.687736544553029
0.716407255768327
0.621968696017206
0.790263573503011
0.624767528653878
0.681833706981784
0.508177542887321
0.646107749699443
0.69271191954232
0.761977157731748
0.693728321273074
0.659000779771035
0.804473433938315
0.702923451235325
0.742935593976542
0.602582234960062
0.853217946628837
0.689722026831951
0.640214199249896
0.611819433966507
0.73722965168819
0.85554675571281
0.760996666472233
0.782574990218172
0.624591883995499
0.658313172465951
0.736207355471283
0.929981564104313
0.810278530080179
0.718281841707096
0.752559515877603
0.773171884054984
0.847916437268876
0.723384388856846
0.748734268316998
0.618325070537835
0.774932565671707
0.817603718620313
0.862907792410914
0.823888109441703
0.793738112246859
0.689359688924843
0.741088581842712
0.687214169385907
0.761232829288189
0.973148617978426
0.827797643671944
0.845887368169618
0.657380912835012
0.714772307491125
0.916039841319423
0.835743334593999
0.732176595840995
0.924966884863315
0.801278614839174
0.911073951954137
0.782703972645702
0.878375236329304
0.855707022444559
0.726646876622179
0.923054206701453
0.796479559325627
0.903984745730553
0.825562738646863
0.90743883060763
0.805869247503434
0.742330029983993
1.01612728905567
0.740026497786639
0.891176622407973
0.962193824223096
0.939655153573246
0.90527164836854
0.995952435128364
0.864412370172941
0.797061924033365
0.948891477529152
0.700188941532225
0.831385380950976
0.757265800975063
0.710083432724347
0.736239207662649
0.935692941986447
0.858577779891929
0.922568898955633
0.872058021257183
0.969029846106207
0.895608483737101
0.853053270689194
0.863420305240086
0.935917044937486
0.920230615245661
0.964209497186508
0.921014685583954
1.02076404917296
0.918448859300064
0.866735923894198
1.13110723785172
0.812325154612475
0.932409252782565
1.01521745834033
0.755007569925854
0.873886553146259
0.86550437799396
0.907832890386578
0.928678335153611
0.805018594756694
0.903375367537099
0.751562928525057
1.04183161430592
0.9308187018345
0.980776231639067
0.98757774829859
0.895684926272728
0.989381811319795
0.890272950412998
0.857109971238616
0.796042601687154
1.05746557917927
0.864111849676213
0.992789546335527
0.879440177170423
0.900412802913691
0.894163077901208
0.859258711686749
0.984345451176032
0.919547694433076
0.980002672984706
0.975993988794016
1.00631763008828
0.924097389284487
0.829294072890301
0.88834248432291
0.999219700634378
0.954335018516024
0.987327098553073
1.08225451517916
0.915225435359951
0.902793415576855
0.939010469931534
1.05957574151422
1.04846414978469
0.869455982135384
1.0104072984664
1.12336262387862
0.91985738701272
0.866921877685604
1.15337019731814
