-0.0265980125731894
-0.924241590157376
-0.984443124756874
-0.99695947973039
-0.875246711505395
-0.96941738900809
-1.12561453723865
-0.897492808259694
-0.940905183369427
-0.939045233228955
-0.929467144912197
-1.04446337975251
-0.880966778759162
-0.952076852223516
-0.921959863489019
-0.901532417381399
-1.07298350259462
-0.991586620685326
-0.994898509298604
-0.836732589893403
-0.958915834383627
-0.848986351682071
-0.944149004439573
-1.01124645005469
-0.883989462946248
-1.02943204376701
-0.972288816889747
-0.96319024020193
-0.94454871629482
-1.06732429759851
-0.851408938225193
-0.969958887260613
-0.935803462431101
-0.867292987374717
-0.870036836523395
-0.916865057137775
-0.842799648003667
-1.00051909092331
-0.973083124581352
-0.944251607556579
-0.957588630043491
-0.975539164931815
-0.918447089775082
-0.952584575564091
-0.822107931730756
-0.985369264489374
-0.860130369472194
-0.986006710614425
-0.932217711802015
-0.918674266294572
-0.861909257615258
-0.815287621329077
-0.818040033423553
-0.909703557385837
-0.86232510066174
-0.984288396195995
-0.898901369459521
-1.0045972377188
-0.816822930433047
-0.952968097536792
-0.959967599951547
-0.981067055753095
-0.862748215110201
-0.87862040301665
-0.954456252397672
-0.931988005032743
-0.895946344850577
-0.881743594782427
-0.945715227471909
-0.904890442004383
-0.967140467001436
-0.741810984489692
-0.941318695909726
-0.775361326133537
-0.775573977979402
-0.685125645988259
-0.806840036534646
-0.881893963572027
-0.879712570770353
-0.89340205934425
-0.651729018453806
-0.762033117932142
-0.80783145869674
-0.883642499353559
-0.811087732161169
-0.815100680332497
-0.740919879305613
-0.813695678848831
-1.01192606601152
-0.891242077573619
-0.784824371540401
-0.842114318021814
-0.914029426644515
-0.659561494527433
-0.820937813856141
-0.724089779432435
-0.812664230115647
-0.847524743519918
-0.700368962580374
-0.794939043101907
-0.88836930402342
-0.710632760383989
-0.708899563409685
-0.939752424553663
-0.779294243244288
-0.889261395475063
-0.843395031589512
-0.72886458174087
-0.750134483310951
-0.807554842242427
-0.81496897833063
-0.917186988877731
-0.816658438768486
-0.952347183327902
-0.554323918395262
-0.772651162710468
-0.665667124118596
-0.7252590337918
-0.8152837489475
-0.638579463159099
-0.635562032603951
-0.561052422030372
-0.786214475241225
-0.780941391909808
-0.709394326215907
-0.790733019321077
-0.885133055674309
-0.780326675598204
-0.869055222711655
-0.802300827395901
-0.655444757553019
-0.702878860713371
-0.781540021939521
-0.744247525268644
-0.790003642181036
-0.695047497758054
-0.761865644781092
-0.700623442989636
-0.717721523770069
-0.824621804729946
-0.591559225410392
-0.832415484998819
-0.653537282458579
-0.717694553848211
-0.678475760186517
-0.666113835667949
-0.665183110774168
-0.671241265714523
-0.620468390063619
-0.656782577760738
-0.898245920807055
-0.638992060763406
-0.727473365415264
-0.492231281514599
-0.594859777204831
-0.709688787802911
-0.550257146840324
-0.688309115204648
-0.569978723836194
-0.592235232489528
-0.635727756827041
-0.69901672248578
-0.667810566588953
-0.737710015877804
-0.604143754601846
-0.783250430014317
-0.73349380174456
-0.686539039860802
-0.52223518601943
-0.598114470011086
-0.755511593469505
-0.497812366536178
-0.657515555961641
-0.725846749247224
-0.813235835268102
-0.689882141253897
-0.578082561415211
-0.638979505244481
-0.698694069852996
-0.703264768754503
-0.700787048299856
-0.714958741763591
-0.622274180934906
-0.71463014326443
-0.632889466544708
-0.761712821155963
-0.44214072978213
-0.753859802676927
-0.380909832486628
-0.637447184647994
-0.521761271976591
-0.516264282777571
-0.662212439483979
-0.584906146511731
-0.680593609875037
-0.661484244204018
-0.563380783129753
-0.520830045938071
-0.681780336788498
-0.72983165546168
-0.535435603552324
-0.621380964085699
-0.640393442358443
-0.658147357987273
-0.510414743940091
-0.561465600265153
-0.711916705961347
-0.670438914159992
-0.546245521040958
-0.804811349762374
-0.681064580067244
-0.612553918913247
-0.537542359676508
-0.533719123637438
-0.497556504469156
-0.417655651677517
-0.590875404427046
-0.468246433396204
-0.623838930184249
-0.57682927245612
-0.369097897262797
-0.665223740280272
-0.592181125706678
-0.3889318821382
-0.544792087699675
-0.459629385914152
-0.589112715083564
-0.62529918057252
-0.496562808138478
-0.489224520357926
-0.566651152002016
-0.696663408159881
-0.508944577830794
-0.624364386593942
-0.534826213275167
-0.547780980462946
-0.615448443492858
-0.540091935049985
-0.485062837733609
-0.500152588477114
-0.455173345927888
-0.552912010934952
-0.700285441603188
-0.691665058977343
-0.645375613695587
-0.541582047368187
-0.304271014073858
-0.647273375625125
-0.585022639377078
-0.597530266730785
-0.555164081539848
-0.46392666157045
-0.463102848328249
-0.492462668410867
-0.530294817666738
-0.515635182539911
-0.576502062326611
-0.411164049374109
-0.50113599144336
-0.43109677023202
-0.585408850926835
-0.582771797779312
-0.363478159756546
-0.374542296228914
-0.365596896128951
-0.514330461283248
-0.525805543608978
-0.392172519224107
-0.408855259726195
-0.449031820036155
-0.608227786443296
-0.533009351175895
-0.267164642625693
-0.430676767244607
-0.383950647578582
-0.458468039222923
-0.513626677470293
-0.327164434970713
-0.515064156937865
-0.423521038437916
-0.487122185764347
-0.51954888776493
-0.46309675244802
-0.499407812651383
-0.595507864432252
-0.553359093315367
-0.442217075679423
-0.277995188758749
-0.337011197046118
-0.490272970483701
-0.398543265016316
-0.425802876659507
-0.427436986387939
-0.454447826372725
-0.514306049435021
-0.415661640612028
-0.26531097278023
-0.475072411307243
-0.375877932432267
-0.463596563364489
-0.45961928365709
-0.469224233993549
-0.303430196508033
-0.162407596637209
-0.521189695449121
-0.412653544311031
-0.321874953864633
-0.351437825257733
-0.259659243276152
-0.51876249555605
-0.339033598434984
-0.287429857929831
-0.467748103313501
-0.403114924201909
-0.452337228778809
-0.419170997621448
-0.329317168104605
-0.266388978304841
-0.363444723203178
-0.432986510537564
-0.379074449982053
-0.300050851570378
-0.377873805902422
-0.328723177013031
-0.429932550495169
-0.402464598062062
-0.317440032526497
-0.28933571559068
-0.406466339073588
-0.374067019565425
-0.51716831335826
-0.396378050153788
-0.403769413504607
-0.276388262740997
-0.234167869439456
-0.306537553926235
-0.284976961489341
-0.316593657228346
-0.0742950958226059
-0.216654388194101
-0.391128939479605
-0.242422286988547
-0.324893276537033
-0.277782418195391
-0.542325002097682
-0.287211524226625
-0.278222634513796
-0.332809030395655
-0.285435003519115
-0.376342039370419
-0.253191436674868
-0.429709888675857
-0.233413951614289
-0.220279378905191
-0.31181877118133
-0.472864763999581
-0.258996919732274
-0.335610766046794
-0.214298641818383
-0.30362219814268
-0.025639315150234
-0.241044800470568
-0.229810048637043
-0.273504957861225
-0.28671668360945
-0.196967248619036
-0.318366571753895
-0.229919177375762
-0.301575446203156
-0.464638275640356
-0.315068086427661
-0.26119860131702
-0.261268213792037
-0.301318201399683
-0.298049760350989
-0.15072772785196
-0.34288096430404
-0.174774096216008
-0.115713773815035
-0.28266119701559
-0.144217845435435
-0.322100729698948
-0.122677210509292
-0.188285070355457
-0.328889827031812
-0.289397856383966
-0.315485577707649
-0.217117722205244
-0.214359374085011
-0.438535849951665
-0.148103135917356
-0.172248462126257
-0.218788803594642
-0.334467492197232
-0.105630729992861
-0.319460153357654
-0.251592627253077
-0.188682525567204
-0.22979299565331
-0.109566711718787
-0.11536005199051
-0.260283755946811
-0.218038498644733
-0.288234848740024
-0.0945588642168696
-0.194801046683143
-0.330783591162026
-0.289680395554202
-0.166755275640117
-0.279685389199637
-0.18360245704882
-0.270605512077784
-0.0440290227032296
-0.123514265655799
-0.201573349776776
-0.240160468150572
-0.0976112247360963
-0.128176547143939
-0.167589691946685
-0.175998959535878
-0.087062598138099
-0.169645046727301
-0.0347721975929302
-0.0793209235496027
-0.196156112370793
-0.00283717496941411
-0.171917611764201
-0.0731786761617436
-0.0945403532534206
-0.075099822270297
-0.17974904833458
-0.107102033030722
-0.0156845763464336
-0.183725082547676
-0.00169087912132866
-0.139490232272489
-0.23440509117409
-0.0765786291991949
-0.101398027450766
-0.122923665869512
-0.0491655309019645
-0.258378295200353
-0.0461750362884558
-0.0776953668779174
-0.0991676199043826
-0.0309233804870232
-0.189431922710293
-0.13804736659245
-0.0458358268092404
-0.217639580128814
-0.0800317573364537
-0.0698863771155486
-0.157294451567715
-0.0324690394710424
-0.106068244121138
0.0833415099305479
-0.013541946732462
-0.28369774311116
-0.109746868016888
-0.133473589953865
-0.0868569946691852
0.0848866211269479
-0.0372463016832561
-0.123311907594403
-0.117595468632611
-0.186158878654982
-0.0652337357428477
0.0365166353177098
-0.223917887899748
-0.0437450616856858
-0.075669048930188
-0.131062113217778
-0.105638450751567
-0.0903691418574731
-0.0215332302402164
-0.11138833505288
-0.103239789899098
-0.038347582292872
-0.337468349034473
-0.0544349960509034
-0.033617036268016
-0.0151932225398003
-0.0972774204958267
-0.100686130560122
-0.0771346503627895
-0.106539850308246
-0.226920762176966
-0.062616868155961
-0.0112369859392549
-0.119998558513119
-0.107888507327211
-0.107356956019821
-0.0950403113669454
0.0152469462661579
0.00163187129170064
0.0350209034376
0.143507111098372
-0.139132699363963
-0.0158622211968682
-0.187932970199714
0.0900845037458941
0.0259181857407189
-0.0628046901862084
-0.0984637829963811
0.0391098817676256
-0.0649218838668249
-0.0587211519735897
-0.0666261269920418
0.0306417539617654
-0.0298881443912788
-0.111601139445278
-0.0761639257970306
0.0271294332629372
0.228805838574407
-0.0826350279757889
-0.0111157416814668
0.104286079389468
0.0480327348993722
-0.0643040247812387
-0.127033140754523
0.0365583025238537
-0.0629015275737122
0.0796707609461128
0.245496368853321
0.141611633365886
0.0605347946787108
0.0320354648739004
0.0510730310956316
0.0929915541582406
-0.0606319132396846
-0.0900941203369828
0.100704160897793
0.0287749471352981
0.0501293361023648
0.189944667239334
0.0443804293481788
0.120967592354264
0.00142169010768327
0.012351410824733
0.0324609564638169
0.0855116032508704
0.0511791908621808
0.156662018413707
0.196148667104172
0.252512877980971
0.0694937044206713
0.219963598100741
0.0514293061526814
0.126250767281615
0.127179832526053
-0.083718281904381
0.0688824771439681
0.233907449627297
0.00835524772938281
0.110601165745418
0.31636385210341
0.281900977051631
0.15503175965207
0.183131751880994
0.163772215679
0.248498246619029
0.193163969338719
-0.0346255056661239
0.0332140886044545
0.0776265508322935
0.100767368911708
0.185354746316381
0.187587911834845
0.149966229350594
0.00456141812071252
0.0103243872365464
0.177347415263513
0.260395601908072
0.145387229984444
0.152955736710154
0.210381005313302
0.139991294262158
0.178000017238871
0.183675528349572
0.0799478444209455
0.189949999911933
0.122877479720214
0.188518801529481
0.27115366938601
0.104834530075749
0.078390258704071
0.0497786941066085
0.170660706143389
0.27537379691369
-0.0111410650523719
0.114628887402547
0.284756075075229
0.19068855510121
0.189958389352245
0.2477173652176
0.118795553629182
0.18762047451958
0.207741202905112
0.183730580897964
0.270350739246015
0.142738604254189
0.366552769015579
0.223362712946189
0.162048678405177
0.198798700084888
0.14275043070402
0.308019646906
0.219271144288153
0.203818348273013
0.108820893385849
0.299156872000936
0.175814112341396
0.273089788577936
0.235243298373875
0.217762786671194
0.328983905000432
0.300699532806736
0.159078734815283
0.206648318711072
0.290244815230639
0.194751838609738
0.12837725592064
0.364005435244121
0.276298662353012
0.234585518739138
0.330449017523864
0.237484878235503
0.270610248936362
0.391958287648668
0.327779709969322
0.193743867469766
0.287395752721559
0.304485838325195
0.397655146627716
0.218941653162842
0.208495762964938
0.102222332566227
0.35628708742327
0.275805413230085
0.336030568544318
0.14073028536196
0.303742183829176
0.300141430321965
0.249008483019349
0.347376872551829
0.24140702552775
0.335552646991442
0.297597444094206
0.405239383738936
0.394153103356668
0.295083437402656
0.37995354253909
0.230791149727365
0.26682087685297
0.299054373814798
0.209089695594597
0.332207648821152
0.313988844736503
0.385011718335889
0.254125437931435
0.269605775051153
0.270976647328786
0.268974188256202
0.273949131670133
0.441432137385674
0.419213990804046
0.27402053827197
0.457889417434998
0.333482681324724
0.30725945797219
0.538387169537036
0.36037555397453
0.343328833488695
0.356381739054425
0.359796168840302
0.463302289166742
0.249646581914086
0.362338629029899
0.377911897441419
0.436346928359123
0.349536014452436
0.370709808560728
0.348900779720554
0.365431571226564
0.358138677295796
0.334763078314791
0.374983057724304
0.427412778903479
0.208683722005245
0.29324848834743
0.309716240908824
0.469311263354447
0.48184942211865
0.497309033740452
0.451409409551255
0.354752242726982
0.403899828583338
0.518563555272914
0.568784933970787
0.346218334790497
0.54657867277585
0.37581362559403
0.305849356681255
0.398459418789062
0.473573166157429
0.296195601758793
0.295047401725171
0.336326800500416
0.24413245155547
0.400436696418348
0.463238492639888
0.29151094434828
0.374158194711617
0.343432919342207
0.374156041242443
0.422282852923347
0.484677488722878
0.539280143842507
0.344802585370265
0.447624088293075
0.251907871916085
0.337807261952404
0.351905011045552
0.415450678198383
0.460594932354097
0.482667620886152
0.514639691664567
0.423663073857799
0.463883190656974
0.463117946041104
0.529281391666788
0.485388572671436
0.426477649512297
0.559284054391948
0.511511066142972
0.368659872668937
0.513531099979518
0.530065969041327
0.534197533438325
0.566643990399967
0.547734299774854
0.382147200652855
0.479090937993294
0.385790508875139
0.40508696706871
0.534411824066476
0.639173239531009
0.504647944405841
0.460235500721571
0.409109393458352
0.370111152797646
0.526275062339043
0.575029430273599
0.442959623642922
0.470108138074465
0.447397638321411
0.640966968306557
0.63618813539341
0.509471851664807
0.513756676082561
0.567302638573581
0.502111467852633
0.623105210760413
0.545898213922459
0.531904986026141
0.482660968593813
0.411630740597
0.632910830124289
0.547390279453799
0.57047457046248
0.762770243610639
0.444408550679839
0.582485753483719
0.380284784680267
0.499074522394837
0.577361462579813
0.456628125647746
0.678919592220701
0.457934113847621
0.651069892824821
0.530654236577082
0.335560258275655
0.559572825874738
0.434211368493596
0.595882643849176
0.470500245589444
0.587349732069195
0.793356740225223
0.573135703664141
0.589032813570714
0.811471128724236
0.641212108312597
0.659382314288832
0.50131370998142
0.419920513220217
0.637080412868552
0.537354411147819
0.522363643316218
0.732924101227243
0.710389487957435
0.495432114463051
0.586453158583265
0.722561203241097
0.648515420770219
0.570158020756141
0.641677640845811
0.512661180274303
0.490323781435496
0.602076851172368
0.706860253220517
0.615496076892841
0.711572764232677
0.613132241009252
0.587403609075467
0.645077611232316
0.620902648338589
0.686425589819242
0.588281839529092
0.646344595669717
0.68882376637
0.726748135587789
0.563297122799352
0.634002853651894
0.586414603390806
0.69842571294571
0.631132417330462
0.795412106848733
0.600021195046091
0.504403200770023
0.771833585445246
0.493076290806268
0.577056342698905
0.681670774758855
0.52903289629252
0.657562794771752
0.562180729582763
0.702836270970096
0.744362555236499
0.811690183575817
0.692607296645126
0.670530022307542
0.663209251122355
0.702534201405687
0.766038227189396
0.780710326178955
0.713181802558182
0.617852674609796
0.680931880626959
0.716850718808831
0.638924794589601
0.766879642604487
0.688860656018611
0.790936868779154
0.670606182752597
0.59818431401591
0.788076306734306
0.674983523086084
0.630175520686679
0.584140279461289
0.768399544542164
0.896523021688446
0.673413114217365
0.698209928970897
0.816547104670149
0.820215058908721
0.607334198396698
0.639739348547725
0.761363826546661
0.763914322208076
0.672634371615711
0.653685928010363
0.725096043601797
0.836409948388373
0.634679523233923
0.665290244321504
0.710542262236971
0.857990035738427
0.697158990393447
0.726426818372788
0.747397717459826
0.779789783360909
0.767906780977952
0.652753673022258
0.709383927736059
0.809083773229166
0.700640489992839
0.752166300266889
0.729013413864287
0.856032427973585
0.697748512825572
0.827820400195524
0.804997713763389
0.743010767723535
0.763677946812125
0.747237331320969
0.626705841010191
0.803498871373818
0.764889429908906
0.893361210007958
0.735222758620322
0.768454186255538
0.697563799650665
0.792143638022011
0.928713301956113
0.716838235261289
0.838845465005599
0.966412927685778
0.886802464383505
0.745443939797161
0.840981557338385
0.805240055834162
0.974892563035135
0.817256160509075
0.905098940570443
0.98693012568059
0.772690292333889
0.746717853137124
0.819927635719975
0.685078621045922
0.866711187392409
0.859351637951722
0.75137955926068
0.96327905944678
0.795739575491157
0.815418605314199
0.935842851097857
0.990578682723541
0.723099507469418
0.760995338791414
0.98998591273843
0.906500775826203
0.708647088584299
0.984095025731648
0.881803372255771
0.835610193686457
0.833069654086732
0.822881104452853
0.828452875947561
0.828706975818733
1.02902642296843
0.786586891693324
0.939493460593139
0.942370936452364
0.812140797150176
0.842726903235737
0.833148427480587
0.872165810359589
0.852480920034899
0.908772299733031
0.883288853792359
0.888330153225256
1.06580711050311
0.896368800652354
0.831699351233022
0.858395097357923
0.892854110185242
0.984445353407993
0.896986942372519
0.749657581079965
0.924049651726976
1.01573181529966
1.04843499604408
0.741202770468008
0.865575074817682
1.00788242604648
0.960022877388226
0.983964523195629
0.917225269993347
1.04719684722193
1.07415152098426
0.837738599789832
0.992502038811118
0.891083854134842
1.04977757554894
0.920350413133957
0.952153213767349
0.978918864513281
0.950491860254677
0.914801522981572
0.868756186894872
1.05078534495372
0.974066059260393
0.996238341258069
0.893696230817329
0.912485554592226
0.900290120486535
0.915800863099577
0.964707930493049
0.81655639571701
1.01515514967474
1.00965762948039
0.995675892142246
1.0006048917004
0.972989415937963
0.936930843196595
1.04797187149861
0.934302488277749
1.0092433773009
0.989378985456738
0.972084541102142
1.08939737457674
