0.055779559448486
-1.13063877925861
-1.1289526928395
-0.95150083567123
-1.02237809325261
-1.06956038156392
-1.03105526885873
-1.0916630548359
-1.00100703150531
-0.934877497970567
-0.868151575565799
-0.993387362311918
-0.967083099878724
-0.88363347720523
-0.987365298486469
-1.05350934104531
-0.949317546498122
-1.06950621591163
-0.80487007951262
-0.98815269668748
-0.889557856057639
-0.975066422454636
-0.963883922047057
-1.03480740724924
-0.96692707493186
-1.03512128518904
-1.1402958724777
-0.878384694588087
-1.03231855183894
-0.935881775827828
-0.929502627188065
-0.801323233099211
-0.896103082318759
-1.04567212184485
-1.19344950537727
-0.962428835427704
-0.865493491638305
-0.998915507467058
-0.875790438079796
-0.998223336183781
-0.768687466770694
-0.898131606812644
-0.838649104870161
-0.923904253917505
-1.04044625673908
-0.854492477354784
-0.913638917213118
-0.827866941643256
-0.915578199475185
-0.93160539576535
-0.988571489027398
-0.698710234254414
-0.946268395306851
-0.803325198191267
-0.721284182141609
-0.930016673991182
-0.811539508849865
-0.904689161535299
-0.80970818460825
-0.910517179672
-0.976356810010475
-0.842463244805101
-0.902122150692018
-0.796476767704752
-0.911221282962749
-0.871977785160705
-0.84895172689016
-0.734236064292699
-0.763784768002425
-0.940338497711268
-0.967474658705998
-0.810505912390986
-0.874994451724108
-0.902880094928567
-0.883377580745965
-0.8509774563843
-0.887372682039208
-0.761462040421207
-0.866228799382718
-0.819420845677721
-0.755706259808795
-0.801319360034285
-0.852264087199277
-0.803702748777944
-0.969855273118899
-0.812451121997819
-0.718290669943631
-0.921483726412892
-0.754552914522389
-0.839980416760269
-0.933919417512648
-0.854199143451992
-0.760255084509352
-0.882564727985857
-0.901821633319407
-0.899685050354871
-0.77228420369282
-0.781566931699553
-0.790576180943616
-0.697727563117519
-0.835510376966785
-0.73264755334389
-0.768692066195918
-1.00768749071329
-0.695475089579749
-0.725523813001058
-0.875132286431975
-0.803349910476303
-0.803352758132786
-0.86264256342902
-0.979158513103941
-0.686593148661255
-0.759217043873147
-0.647028434000176
-0.656574966565994
-0.750109969573336
-0.806292417576006
-0.878361453518161
-0.858775436213131
-0.83482011323968
-0.674275492001182
-0.695328541742651
-0.782705817559202
-0.682481678326828
-0.724126270429735
-0.628697972670987
-0.828189571421876
-0.659574959611697
-0.728669666254221
-0.817531486762603
-0.701982517531712
-0.715074515114073
-0.82777341597057
-0.773905883250007
-0.693160150291661
-0.780954599193539
-0.715509901552904
-0.767267881432988
-0.773290861275777
-0.607067884197053
-0.554033624510974
-0.744467094017162
-0.679050701064643
-0.593342409823582
-0.759566492003989
-0.636417796392427
-0.889738345667415
-0.592317640476017
-0.717259993348111
-0.643076715549645
-0.740011401155534
-0.756352151998114
-0.712939451661157
-0.847751759560309
-0.62418724896433
-0.749754337506451
-0.659343040255431
-0.738334602384109
-0.618947647689601
-0.572561851818738
-0.526972859498072
-0.656699029246927
-0.625025853876993
-0.62768797689655
-0.765553360923347
-0.617159900099742
-0.567844617594356
-0.513979286981002
-0.71524333303129
-0.440482359335725
-0.681253322193011
-0.63107204953708
-0.636988530636617
-0.785772045534561
-0.688203563644796
-0.655859973443021
-0.679979393566935
-0.588917918866312
-0.680314068483785
-0.584283812554953
-0.624021913127413
-0.649456053621905
-0.6499659104924
-0.651455835530555
-0.611441132269402
-0.523203019317222
-0.502404069486338
-0.622061265406671
-0.606806436914292
-0.638278700992911
-0.730416980278256
-0.725964338694247
-0.632186170360716
-0.611325779406277
-0.648321938272757
-0.571447555083337
-0.70406759300843
-0.565935168317551
-0.586637558407449
-0.538593533630502
-0.685634089402669
-0.569725036670342
-0.573536256209207
-0.685068897173439
-0.514522847500985
-0.491064018424065
-0.678232358923453
-0.639338486332424
-0.487592680191229
-0.555679202431263
-0.551344028433304
-0.492100954262493
-0.502531758088715
-0.547744184215274
-0.371038398294648
-0.6295914053978
-0.606661306902767
-0.615254785026561
-0.506909087734255
-0.528834107718531
-0.610065661281658
-0.725104725600941
-0.546021162992773
-0.536203982446124
-0.545667812066859
-0.676196007617323
-0.553817254657657
-0.514701803079397
-0.546548695841577
-0.442558720463027
-0.562605111892183
-0.451222192712106
-0.642465923688044
-0.555721950226532
-0.573455761562606
-0.508409322765211
-0.488637333838333
-0.450744657269084
-0.581174277592377
-0.545517729091027
-0.428913764286324
-0.513289028254322
-0.730888938513865
-0.548635841690222
-0.619716910240264
-0.606261290052692
-0.390433742041075
-0.377456753003308
-0.54613497878511
-0.329971145652315
-0.520275505812259
-0.628740157408774
-0.420297939909022
-0.496675651886642
-0.317393299554904
-0.547204196424493
-0.476556980398724
-0.422116575280172
-0.679883616280301
-0.265331150673166
-0.568147746348805
-0.505987213570651
-0.445181347873587
-0.37021313746689
-0.523894135858913
-0.405758862942273
-0.435861178496939
-0.390289946825897
-0.405080015316716
-0.457002644885054
-0.395942863189013
-0.464628780221081
-0.446245697678012
-0.433778792828001
-0.451636136703779
-0.41869238242028
-0.346791120330373
-0.576491120499363
-0.466166488151661
-0.470970008421148
-0.357853104464938
-0.424975695136871
-0.465209519377138
-0.306817495474605
-0.489567949318519
-0.493514662486592
-0.516565850446346
-0.373004680194091
-0.316027799183534
-0.459478196182791
-0.305935775521814
-0.351298417403948
-0.475679333909659
-0.420593166709497
-0.409462125023684
-0.390305747761445
-0.507336773206627
-0.387107245976794
-0.500810311382471
-0.567446112288382
-0.502288186537121
-0.373497643888676
-0.443419760154887
-0.452529315425852
-0.306578947287165
-0.392427851553857
-0.483911630707159
-0.429314295129269
-0.3416575320388
-0.378926935184445
-0.34301061437485
-0.314356089344612
-0.268732495143902
-0.54643247133728
-0.319441277095819
-0.443678007920125
-0.383553851535759
-0.413233454519964
-0.311063829376896
-0.455556575275708
-0.394386903333051
-0.319176836987758
-0.279157332851514
-0.258063959361462
-0.434013060587264
-0.388913292204956
-0.404734025054739
-0.384386612286783
-0.318652641500249
-0.235622903102203
-0.293370285753249
-0.195473782019131
-0.290082298957943
-0.408797704345496
-0.24462535539917
-0.378841617600015
-0.270322539469012
-0.285584901977965
-0.343667169421539
-0.199864661325077
-0.301781538467569
-0.404468468860066
-0.199755662173071
-0.368848244168966
-0.184410685327031
-0.435620463663855
-0.494519898466283
-0.457814069236296
-0.280977314553267
-0.424260615572162
-0.241828431610301
-0.262071511990983
-0.285678840159912
-0.430691668350541
-0.343040714015184
-0.246619604315532
-0.213373104462208
-0.487442021071644
-0.449662715146347
-0.206785366885828
-0.281690238875268
-0.161374586251643
-0.24975191330882
-0.361144418748697
-0.346515918226589
-0.318638697044298
-0.267548208253516
-0.205817246639494
-0.271929940588563
-0.356335815614589
-0.228230648206607
-0.124862547275062
-0.171705070525002
-0.273623028857271
-0.313703403020876
-0.331735142269137
-0.342481775845737
-0.25943624981963
-0.373018622260783
-0.256758777368357
-0.321874817225259
-0.267006788874188
-0.312300455015097
-0.165730872897611
-0.117856896468864
-0.23643108015177
-0.178245299360762
-0.387400917151932
-0.262254708836148
-0.128975899421926
-0.287916545419519
-0.198700250045822
-0.257984062324399
-0.163614687136537
-0.191933698226881
-0.197069961849061
-0.245291506886623
-0.290136413952251
-0.154428127879249
-0.0774704384464912
-0.330883321262566
-0.161339260203851
-0.314258825893683
-0.204241275014309
-0.270414017114915
-0.347634719847906
-0.265664641610862
-0.135904062717247
-0.147422430454182
-0.245263305415973
-0.14721623637909
-0.289080790332557
-0.154120768117127
-0.270679071551523
-0.204764485558392
-0.267297379154843
-0.162371667060091
-0.182491499038796
-0.0984762740578223
-0.266361439511471
-0.266071539598396
-0.127216751800834
-0.0524884378800487
-0.155355311380035
-0.0779601381996188
-0.0818287635332305
-0.171513403215584
-0.211209626229517
-0.213501835067564
-0.0880406690679615
-0.180110818719112
-0.187713849318276
-0.105387496099209
-0.0769692906220573
-0.0425767797669012
-0.138766860541401
-0.161086746357864
-0.113433489787383
-0.112039526033761
-0.0750355093593401
-0.210719822231529
-0.119917101207749
-0.0951213020157433
-0.0230340463204541
-0.327945966455472
-0.114998216820088
-0.222174288968613
-0.0968329313675886
-0.0682857325172199
-0.0440809856497097
-0.0831442065199128
-0.142252967369945
-0.0443126436813712
-0.269989660939009
-0.105280218603213
-0.226489842354391
-0.00470626010940562
-0.0528397386137763
-0.232588063342232
0.100770567990151
0.0483992024754366
-0.0115667738347997
-0.0574839089830724
-0.122623438638108
-0.03702466438613
-0.201294708294133
-0.0119424999532036
-0.0662597226507347
-0.138545378571037
0.0578273785471787
0.132978944457507
-0.0676629388880331
-0.018974205638208
-0.0746833300681417
-0.134336537940259
0.112099194148002
-0.0523190568691182
-0.0228161198920295
-0.0803310687804853
0.0128233627996736
-0.0982960297131045
-0.00531170215426743
-0.226354041565863
0.0406218702200947
-0.0864051891921592
-0.119271607401631
-0.0365309137257056
0.113937143259038
0.0724569820560725
-0.0748541538764566
-0.117296208945754
-0.154374822893328
-0.00765874852348868
-0.021990261797976
-0.0560143909221041
-0.0171677944625199
-0.0666196986326632
-0.0827072299164852
0.035821150327045
-0.0826174977602188
0.117576589405235
0.288827066947572
-0.15029780123929
0.182948340049322
-0.0793123812933463
0.0219713239784452
0.185979893252096
0.0341556741228014
0.00869595054950827
-0.067852047427721
-0.0829021429180499
0.0525905885232862
0.146988448930787
0.155742399326977
0.113079354543884
0.0682463388653705
-0.0751725517607159
0.102927042806224
0.124121080236197
0.0569686491405239
0.0115255785303814
-0.0381797517707775
0.159796012320945
0.0307308129264416
-0.0437074883127567
-0.0255423377565057
0.165914025557615
-0.069487801312213
-0.0214937592510225
0.00259654306516687
0.0594732347351401
0.152416850605284
-0.00758433589111219
0.027682108449689
-0.0288650086305658
0.041731821960451
0.0963150291878513
0.000659167350310861
0.0292465906989902
0.13329588917608
0.171387306157009
0.00761527215447628
0.170970813765793
-0.0321934702832787
0.0846926176653615
0.00685638553624854
0.0229888070749633
0.0129299311414596
0.139316840386118
0.127812877851014
-0.038855192028768
0.185721156906643
-0.00403663808416886
0.0402736090128768
0.0746880337586842
0.0151381050671924
-0.0288572629569653
0.131066668550663
-0.0415685947959122
0.22114283179008
0.0754461712473651
0.169135386274562
0.155745924296685
0.0510398280403835
0.0491345246721816
0.185045275232625
0.230319402182354
0.117442331265495
0.012305419533726
0.0817050813360367
0.211297653582657
0.188101947776947
0.0517377963117728
0.200033393478365
0.1542695195927
0.139649400671746
0.281281404144262
0.293570786333583
0.121013728617307
0.12455907236213
0.0269953159384552
0.193496020968397
0.278971992961419
0.103787670032339
0.0763306785488486
0.00123847986378251
0.208737391991511
0.164135493457442
0.169113695837105
0.150525741052049
0.122473146680403
0.134933394062088
0.327553321047845
0.233379697201825
0.33388275032842
0.145602795906357
0.0593974115956128
0.276668389405721
0.195598480043015
0.116528742938669
0.360879267520989
0.0501139544825279
0.192401668340784
0.228371281756298
-0.0379026630621528
0.325219759699111
0.281856910001394
0.244322191318851
0.198355391486066
0.388245204827473
0.146018463293661
0.357151602648907
0.283991047811968
0.138993750153938
0.099444305133822
0.210525052264102
0.124221018307644
0.165533006640256
0.194727570140854
0.0621337452808529
0.329312221428172
0.368857834521371
0.128375667092705
0.159030959676609
0.245287357503655
0.120948972290781
0.406759765588926
0.291001901081601
0.423722564009203
0.343005941111497
0.237921642369771
0.19210085262618
0.15239560124248
0.331731806561048
0.206500340896317
0.399802429052807
0.151905927834667
0.200462278932071
0.295348031697123
0.310020676545782
0.270273292420133
0.339169265231105
0.118153042517914
0.220557308751026
0.330821818627292
0.193931419230681
0.363986787752599
0.388060691518885
0.226307416418976
0.436144453403276
0.249437452530259
0.265504264877544
0.452062704817526
0.409179454757721
0.29276906245067
0.387998987884682
0.351540258428177
0.367753400797446
0.262989909815452
0.385290028588186
0.357349010983538
0.259513691715005
0.240890071981451
0.329938816267179
0.294141446214214
0.319994945593842
0.335008072435395
0.395123097069895
0.351720014332095
0.326693571573787
0.215080117520376
0.355340112801219
0.0982364532757172
0.313307261632083
0.506613836819764
0.525667059100445
0.250963093928668
0.395053645382706
0.439677637007118
0.380087922400871
0.355337918123979
0.275341758770487
0.398395249540521
0.477597945000445
0.270707067612568
0.217412030635645
0.606080085957648
0.383776766496167
0.553680949634114
0.457558089689595
0.443851705834652
0.394265787967446
0.521546558924596
0.251934906620285
0.412520916657436
0.457669394635201
0.489642554365565
0.170087338141177
0.505372370631682
0.558873662318717
0.455053091040884
0.424004459347756
0.461526483358716
0.377546840411929
0.448024261771862
0.365769976588795
0.3784717836072
0.486858680756104
0.450381820606009
0.359519405823818
0.401104822292579
0.578153497469679
0.33613757311799
0.321419084446535
0.440389890682735
0.363259466411181
0.393339501380491
0.327840563935982
0.498133535023854
0.39543150199367
0.483606209043199
0.578107041722736
0.595319439558222
0.44958925271583
0.539595507120371
0.495887205820041
0.43896121468859
0.487187162155906
0.414664834647233
0.351833125956372
0.547140454630989
0.432277343234283
0.29485652922763
0.411888899458916
0.495238148381256
0.424074859167616
0.42951545603953
0.449024545334218
0.430274992335953
0.471826368197243
0.497062636050742
0.270866723945592
0.363871872886796
0.479669373273714
0.552400493927405
0.761401900760058
0.512551522433905
0.443805408561033
0.471307992004994
0.330811149619738
0.416974907483643
0.37369656990663
0.608740686366712
0.598409953271746
0.416764217837195
0.50589101816546
0.518496116571664
0.502187131356584
0.428001013781801
0.514814316382476
0.65308367063496
0.519293228563475
0.604829487572401
0.445131954774824
0.499033305878595
0.688292537486998
0.36598369731913
0.371553695809134
0.545790537044916
0.646183824518429
0.613887759831387
0.645546252047636
0.437871489271568
0.519471899930784
0.576158692280424
0.500883209416471
0.499915228168602
0.509681781519789
0.517091096258534
0.570929609534774
0.667322118549454
0.590867691431786
0.62017541923161
0.626111265710828
0.615870840401126
0.560289412096413
0.608168665423002
0.651813175523828
0.505975888759857
0.634791646658365
0.624059531386722
0.696202649660907
0.449487850207646
0.609397188956267
0.650204369601344
0.586279962557469
0.455552423540699
0.666422914524094
0.498325631587056
0.63065659437112
0.585628096198754
0.674207064778286
0.527084942355471
0.658698131464996
0.828952067547647
0.692125056315302
0.644463471041872
0.676993460200584
0.622968174736464
0.570405726725179
0.754452621655287
0.617510037829882
0.44941639926272
0.504092321328768
0.619690839824706
0.596441029330609
0.630997776152051
0.657171687635447
0.584707137060549
0.437065566701564
0.627380102801378
0.548476862174498
0.530240977226337
0.637820462170282
0.775472524471142
0.740407990990205
0.621702582806369
0.61905087286171
0.784607252838691
0.658867541056818
0.771492040668064
0.882168882799677
0.702635622628806
0.68634182310235
0.728675803631585
0.756292648207645
0.751821649689552
0.762196229602046
0.634199955723921
0.588732949736415
0.664470000229052
0.685702532399012
0.597911546604849
0.713016952252567
0.553561078145027
0.694888317329013
0.843863047036544
0.724761017553361
0.843197103478006
0.539167328664051
0.633596604605391
0.739634764940454
0.631649993716075
0.714595921312735
0.59019326032928
0.63163348814176
0.685643634421946
0.61657409697457
0.707562293096307
0.800068202965067
0.687821654526954
0.82651404506169
0.660006256440703
0.748240367921622
0.785412325353742
0.877685720607187
0.769358100085013
0.798285231569327
0.740120927485698
0.874953026074301
0.642777685585236
0.730862898868703
0.925318894567237
0.557092870618342
0.631553039737244
0.705735102834459
0.771659456157377
0.810219305601196
0.768538350253636
0.687164858511367
0.635525406271962
0.714710015319859
0.591171939695242
0.852080264592481
0.726575333793176
0.803427178300645
0.626886170047697
0.624995603602517
0.879757192229807
0.789193785584491
0.802629647465436
0.812123218362958
0.830262417976507
0.760942542085148
0.550516051018265
0.901540755590343
0.795043823275867
0.647202604856669
0.81093887878234
0.818324062779873
0.814689992834526
0.698891208396681
0.823191152945585
0.906019983417263
0.815425744453755
0.646184631047088
0.55825904083924
0.758249385936214
0.893663655006769
0.986640015410752
0.900722994107812
0.782489126682334
0.94087213486727
0.741980925102418
0.870142794300715
0.807500210245544
0.78221732825521
0.896869547139853
0.755781935997966
0.703565087233502
0.790996422262286
0.947002081276663
0.981646876434356
0.722283045306726
0.881997540200837
0.712797254832237
0.83363039207022
0.725453776877234
0.75236873973956
1.01111399276031
0.98324257379603
0.821564560604029
0.776372978151109
0.70684758815876
0.761884506940866
0.744740984224631
0.861396377588665
0.91868715888801
0.8407825666083
0.902699415762519
0.857018829177745
0.830683923883543
0.914543360461875
0.880437893930576
0.954080081307466
0.873408486600135
0.879054984306953
0.799982788608744
0.92344387732063
0.839360262906373
0.886279415669291
0.998605176859873
0.967878241067232
0.849652863744317
0.820962287894954
0.862283372753895
0.961574014923525
0.933858131388158
0.876966905839065
0.894789478149763
0.846760938282426
0.948707569681759
0.958007797814831
0.918761232482235
0.948165089108365
0.974538860288009
0.908533383437394
0.848349055974548
0.976464184941388
1.00351830081387
0.735051539839732
0.881128143076363
1.20316595873733
0.874300182157355
0.939724238397519
0.869569877914472
0.925197177033046
1.02239597856113
0.927667133357064
0.993039048728858
0.865412859552826
1.06019319487237
0.991793167815563
0.899560525406878
1.00596701766443
1.18371505544318
0.929739588994215
0.914910754944932
0.961660175953273
1.06487553033565
1.01693779123637
0.915465564845427
0.940406364679427
1.05302801002917
0.883143650445847
0.974936669508711
0.885617077593729
0.979585993224572
1.01532731462932
1.12015593723213
0.995210354956895
