0.0209820135174605
-1.00392139388651
-1.07209105360081
-0.856066029654972
-0.827660100420856
-0.975500475307589
-1.06429434739505
-1.10262148497447
-1.0028694814886
-0.902929694942838
-0.943534250876093
-0.999666832962438
-0.910400897280107
-0.881796772172165
-1.06571154011161
-1.01431587356243
-1.06951646775695
-1.0149310792566
-0.885008492261847
-1.08673650507741
-0.974391529552925
-0.991852951653552
-0.898408931416895
-0.845237071796732
-0.935729956356272
-0.964126220621411
-0.93316742137032
-0.971251906020932
-0.927330417074824
-0.896885986801559
-0.891862053452029
-1.01201145762775
-1.01178535012921
-1.04310561318707
-0.943545803133009
-0.855520039780155
-0.969531731311709
-0.897481604710662
-0.866048058202586
-0.96802125985039
-1.05386545188339
-0.83417618318987
-0.790543783655477
-0.885639413530725
-1.01376209901826
-0.8964581322776
-0.929074308176883
-1.03828740333871
-1.04842506881305
-0.936680461088276
-0.941533371509485
-0.8261898739232
-0.82575996382917
-0.963517361570942
-0.939745548826451
-0.688630868250936
-0.981327739463121
-0.831483584371822
-0.767149156804098
-0.906265255862165
-0.890393563331482
-0.826643815857811
-0.940802695124461
-0.891866911299426
-1.02342597912119
-0.938830555693423
-0.801471444155686
-0.690932682777614
-0.884172875814166
-0.857183816081272
-0.867695120192542
-0.831175680403068
-0.831040197582362
-0.89157655697013
-0.827414083917021
-0.766442537546224
-0.72913933022701
-0.874401081628613
-0.757590126205672
-0.954919009612829
-0.796079769837264
-0.881267900357636
-0.827155422869602
-0.943651341513717
-0.828249298763754
-0.854787852538127
-0.820316846970667
-0.72566613552661
-0.872188810707248
-0.916558578465508
-0.740915265649266
-0.776337474310727
-0.72090751519382
-0.839693318676443
-0.780254684112503
-0.85250130605795
-0.933776855352911
-0.757063842751558
-0.906077199475537
-0.800525176376322
-0.790784397362786
-0.812601302221985
-0.881436056162762
-0.878925637509632
-0.958451647057358
-0.815906406511817
-0.63212145247939
-0.790915722958873
-0.780585754626087
-0.788905963239885
-0.798064082133733
-0.825702846253872
-0.781035201833927
-0.535030148016414
-0.742694190529014
-0.669776650402575
-0.709883651101841
-0.841521430475516
-0.723997312480706
-0.794132153158511
-0.859311516023837
-0.661579188479183
-0.745862907030157
-0.797779261261675
-0.720549197287333
-0.65777197859385
-0.784324520820262
-0.90632862956624
-0.756157342420299
-0.814468600221402
-0.800952742363654
-0.789226204853731
-0.687882722022153
-0.792478412622622
-0.855832200655029
-0.726218290072601
-0.757896568134928
-0.80978409838618
-0.792503859507083
-0.824068897178538
-0.6603539312922
-0.854951394392178
-0.748263771354488
-0.789142528284585
-0.507983022219058
-0.856621803117683
-0.791628792742318
-0.699688764601632
-0.707098368992382
-0.673458316777261
-0.752135537305776
-0.671157964734098
-0.810606449037816
-0.714556657719749
-0.80435587799097
-0.640196137309783
-0.651370241243791
-0.698534412373102
-0.551343299132513
-0.552442635390009
-0.651009971831868
-0.755909514035241
-0.697032511652195
-0.727731995792232
-0.615500303277199
-0.62515522147247
-0.632471330213413
-0.606163440916357
-0.523985677058597
-0.773760500158377
-0.673555353304194
-0.737027722894444
-0.655225609603022
-0.625985801900188
-0.480087769731941
-0.530301642089962
-0.783398335973022
-0.667612626319956
-0.493103149280373
-0.745835395466158
-0.563192031144707
-0.610679194916491
-0.476252132609552
-0.773899395178951
-0.589536666656623
-0.679172207363756
-0.689655788424403
-0.647639565156803
-0.711927352330384
-0.519129255546304
-0.738174117258092
-0.63132766035577
-0.385524072088225
-0.684814893397646
-0.745466702936432
-0.536280900580409
-0.577884122706911
-0.633567908289224
-0.646311213884544
-0.48770674864893
-0.572279195080402
-0.513623434573899
-0.552911139295644
-0.526193465368376
-0.659907087498577
-0.510556710784137
-0.559385608608779
-0.623565840934808
-0.519158877421339
-0.724105098907373
-0.497620723362308
-0.422183944599632
-0.427400487398157
-0.481888567292635
-0.440370753972955
-0.598390939975756
-0.572146823734014
-0.564947327244358
-0.532138031931619
-0.573226982486198
-0.528349451226966
-0.448353393153468
-0.520877443426456
-0.552324988386952
-0.534258504026956
-0.57081591191595
-0.438573010479864
-0.570586968132491
-0.438311984244669
-0.400377510676647
-0.515313717904581
-0.731748753975816
-0.491483638485732
-0.43737334824455
-0.489444676015625
-0.759571809312148
-0.622394900547717
-0.419397248974395
-0.405527798662272
-0.546324128318977
-0.262643490162578
-0.378411417176556
-0.58295731568058
-0.451511081166073
-0.438921303186192
-0.504017425838612
-0.479512406353825
-0.514969240975474
-0.481210755729419
-0.594266581353394
-0.625129739301063
-0.515240911024844
-0.525592965098572
-0.440504762794924
-0.49169647172935
-0.52016626471662
-0.492948964019961
-0.447389170221154
-0.557701115289693
-0.575111416608093
-0.396735882237742
-0.482986416855296
-0.36013676200017
-0.420249614535977
-0.497251226247241
-0.580813447771164
-0.220671757454156
-0.464355753785463
-0.41486193362913
-0.593657535784412
-0.379011493466507
-0.497815259770168
-0.48851922003309
-0.47083047660515
-0.34587236553038
-0.370613716642067
-0.458172500362979
-0.416838941271651
-0.303141970467825
-0.382332385844418
-0.459598566209719
-0.455444363846835
-0.445083778047863
-0.476768398623066
-0.548924362450005
-0.461747512998775
-0.332691798986717
-0.328509435206074
-0.57823264842033
-0.430867106456667
-0.316312884088013
-0.491141724824743
-0.460420633639077
-0.441227304064293
-0.536876816539975
-0.369737877834546
-0.497271455731816
-0.450514491452786
-0.390847691620451
-0.362877999233601
-0.341459974257108
-0.466861238262376
-0.442514051241979
-0.324388831530751
-0.398095186606867
-0.478250177216454
-0.391659831503619
-0.314075720468836
-0.39125970978705
-0.432772301546776
-0.460928986306147
-0.358485787799746
-0.405473679969239
-0.246007189763568
-0.2920166473213
-0.18191639855937
-0.406272281519401
-0.358231655716509
-0.379258181907378
-0.412365180677906
-0.506461239796024
-0.23342663681633
-0.297956187540765
-0.38709784900331
-0.119634339556351
-0.403565140130032
-0.344166261280134
-0.335306286151779
-0.375723236373487
-0.442121092657697
-0.3370675441104
-0.503304915822154
-0.451146229060472
-0.199414712379908
-0.42417359181256
-0.211361832106602
-0.0994547557660513
-0.445702953302387
-0.322527616291021
-0.31446857696601
-0.394950776247856
-0.364927788088936
-0.288413098152323
-0.294275199935686
-0.329006139429326
-0.427363671279831
-0.251023851095032
-0.389880132458863
-0.189885815342396
-0.179232624004037
-0.426089381276432
-0.315618606778686
-0.320945794790235
-0.227963483709008
-0.333628929457939
-0.370037532772071
-0.411875331966005
-0.18012134627419
-0.475642206374901
-0.203727072665654
-0.324365381196538
-0.19035549635861
-0.224632265471428
-0.303742439983359
-0.35815786797035
-0.20368218074365
-0.393723194498652
-0.322015969630841
-0.146949239033639
-0.363772957436959
-0.303302576858362
-0.193244520982241
-0.341509981999588
-0.24900264464697
-0.226038597169969
-0.244398818606205
-0.411162399867598
-0.257245956091618
-0.15378830525917
-0.385056191972507
-0.312804352289643
-0.375537775768865
-0.279446411343506
-0.162256813514623
-0.2693875236297
-0.349471358238752
-0.337597478215775
-0.102210380563947
-0.245529136006805
-0.173524860800647
-0.253526877077248
-0.293643412704257
-0.27204017898683
-0.135118312708638
-0.216981552928575
-0.245123483380871
-0.297239763768353
-0.138193870817493
-0.166189399321337
-0.228617380745223
-0.131389105491628
-0.299257238461958
-0.208403783842693
-0.318535134352342
-0.135410325917415
-0.133763267310422
-0.0762898227271287
0.025658576189024
-0.169094049305633
-0.138491071284539
-0.101938441608501
-0.100280982115139
-0.149246886535975
0.0639228572954877
-0.181964712453882
-0.103796823471856
-0.209475380204315
-0.177810258999086
-0.159492406572268
-0.168710119631394
-0.181179089023624
-0.241518164236221
-0.169220260272825
-0.114893468733863
-0.0702789540824839
-0.0809489767099291
-0.144357497345912
-0.268519506370462
-0.0833268107341645
-0.186861868709207
-0.146186882511356
-0.200936438639497
-0.0441073869042578
-0.0643449029745651
-0.0773860355143609
-0.16197372174126
-0.0531216980571681
-0.0387962133183995
-0.2625417120361
-0.306854928205265
-0.0987135047778721
-0.117839357019707
-0.111391782945354
-0.139092507109952
-0.240725936841381
-0.0722856475239151
-0.143934966753221
-0.181886366069269
-0.0896404452024377
-0.152333082623126
-0.039499662199757
-0.0415595819636761
-0.111826774446096
0.0404550108394598
-0.0564558494708889
-0.109727437748687
-0.061005313524031
-0.142693086681666
0.056491895430204
-0.0688859755784381
-0.0197215341473934
-0.195501125430162
0.026476536458149
-0.182750429098922
-0.0119611301648235
-0.0843234287614741
-0.0398931819380571
-0.00754314698942594
-0.0771910760830131
-0.115283514730159
-0.0229400482665866
-0.0407296864544539
0.0307837607761499
-0.0143133855811366
-0.114307337826944
-0.148531275860535
-0.0419665279918254
-0.0244244716901964
-0.107961991710003
-0.146453452245372
-0.187880485001218
-0.0604698746046041
-0.0938392103403857
-0.115889046635448
0.0937498445797923
0.00158843721580085
-0.0592062141032639
0.0161692912550737
-0.152381867919748
-0.127798236926373
0.124047700499962
-0.0499275962898699
0.141096810748241
-0.276138823866788
-0.0495274407875556
0.091239710603043
-0.00072108544566888
0.105200674097493
0.023983463480313
-0.0857727895417861
-0.140559286397924
-0.00512843843659639
0.0192511016977709
0.0890189768602589
0.0782096745177165
0.126533757530836
-0.0662875248336596
-0.0236668474415963
-0.0600642599478952
0.121087389561948
-0.0889133480180251
0.175016626381819
0.144168689507032
-0.204734962200451
0.0368599482958373
0.0850500585371661
0.0460383004423009
0.00903141277643407
0.0345669915276621
-0.00619165167399167
-0.0898424488536146
0.0405984587424138
-0.134647225705109
-0.0111909720594263
-0.0156470786206882
0.00713355083368337
-0.00570931303890155
0.0242385226701385
0.0154835663917148
0.0805572752126474
0.00612279411965489
0.076748504712018
0.0765623773923075
0.00351733317267157
-0.0822124826872819
0.122742304607077
0.0857788228758426
0.204297437509423
0.116365898374001
-0.00688682849203057
0.0417693620988874
0.115616894068688
0.142894244033819
0.0788564796652814
0.00392002215980647
0.0749378751613143
0.152258263367452
0.158050504101722
-0.000834418866369671
0.0424823942604739
-0.0544845565079686
0.0907754736724596
0.121441293188734
0.0829850345522097
0.239618484421585
0.0283370575955133
0.119295115502046
0.08628460625277
0.0421793266568126
0.118063824826479
0.116641388919002
0.088507578778177
0.0641516540250037
0.278894208425047
0.0970425228072675
0.119183517827973
0.0499830940534054
0.164615647815802
0.139767810311089
0.162691340437991
0.274735563231267
0.0639036727725384
0.150622215786002
0.114113996605101
0.152648575802483
0.141749930068578
0.101215810432643
0.124344711965712
0.24587691869833
-0.00826762318898176
0.199165586101291
0.153042755089395
0.131559739570441
0.0791888301064596
0.217918147964563
0.0604909885204225
0.087391683993503
0.22278210752918
0.12059964132509
0.125149970490344
0.251959262263823
0.213724273928969
0.0760001162176631
0.10096494901862
0.0524317644617459
-0.02724822412806
0.323818132590279
0.181544807689019
0.324071965686319
0.37030574363027
0.0316053721889174
0.265813614551975
0.309590775616012
0.120278258989846
0.153813112552999
0.188567613799517
0.343555380897723
0.335957621798464
0.22395999330462
0.162858202414856
0.194279456220651
0.0369300710464629
0.22375064437858
0.186732173251283
0.262810179785674
0.133331569795036
0.202865076143955
0.161426579303587
0.186655580190991
0.1428672344351
0.224021326412953
0.237755389736611
0.22916879009831
0.131893623460351
0.391303346659127
0.223352070059124
0.225832356034411
0.362916556084388
0.225989132747089
0.366683030829588
0.283618285799312
0.284214560060507
0.17852710583979
0.214997997194574
0.321152244056159
0.239872619341155
0.374755365411018
0.340706081677371
0.173590615551271
0.298198304481811
0.260445808678286
0.38817445361236
0.273424552080345
0.271955490441429
0.354843077690646
0.216222996036592
0.224531666167917
0.306011004317758
0.261385057438572
0.432014957117955
0.255970383719775
0.266992587115815
0.285882446735221
0.290092414996972
0.312004188534977
0.346811670524239
0.245654962231609
0.275772158479423
0.372241056976309
0.32812792539551
0.178021531932394
0.33786965096252
0.411964869480932
0.226497807955493
0.280782398190824
0.319147125637257
0.351494021825519
0.438590652519107
0.330363784292412
0.285192169505363
0.375504110652137
0.354936975761845
0.310308263692098
0.351598528631244
0.295509196404897
0.358850917195923
0.38164080803644
0.329353128884599
0.303835207641026
0.227302292264101
0.342212801012808
0.363194475269469
0.487438525054457
0.359803354083655
0.363124136719064
0.358152925975499
0.346464740164427
0.36827044298168
0.436655437758868
0.379173137571249
0.268645493252519
0.375430287840181
0.410580783270021
0.404527802083566
0.323822737908416
0.351094950253176
0.50175272339722
0.35415521394516
0.517768296402897
0.402311235055615
0.277841164967716
0.328716260083127
0.356887450790221
0.364469779967608
0.276252053117922
0.385886269629184
0.270682520976536
0.41193821334282
0.487002291218998
0.284052916220044
0.470067982292403
0.314773423600437
0.443865323936962
0.457218739135677
0.522112550665799
0.601942455670521
0.466255251722713
0.469761411460805
0.427890164930619
0.468233880151167
0.289888405101061
0.443801401266181
0.313896039846893
0.426155640558235
0.356815949011194
0.502186922762105
0.547824596724162
0.374583527045854
0.298567132472929
0.417671201018974
0.600358786937432
0.585733428310497
0.34593189320317
0.375703838542638
0.456686431819238
0.452422605215982
0.522127970941005
0.562561660772687
0.407564075581017
0.524513686418721
0.531664396675355
0.30865877426766
0.438144952838439
0.338116192623622
0.629943180603927
0.538289500646676
0.491444301306293
0.454488714149146
0.562222604165817
0.688614388372355
0.667324398811005
0.501183071097422
0.547013077769179
0.470905597910895
0.47158950529115
0.444654510725298
0.474620622147655
0.467036501371972
0.538904980189023
0.610049307614989
0.363345213260325
0.405632417229759
0.609928955827082
0.440120315303339
0.400198389510533
0.432687625481362
0.592071233292581
0.601843904441786
0.580629391312426
0.582569906974702
0.596162170054909
0.634478306948678
0.646260194841676
0.63779034860694
0.577464592020974
0.451365274485338
0.576687821400998
0.438963273132068
0.456439007161334
0.499746482465409
0.379913094068988
0.535435395176083
0.662811442633837
0.587779641329053
0.486265085259123
0.575154033594274
0.494401175923764
0.61783887493796
0.47310882277003
0.451684061978687
0.541910315612838
0.511330437858879
0.487569425660283
0.654472309050465
0.579944287555061
0.554739992832114
0.67172950986072
0.555142373780415
0.673814755615714
0.703649476568751
0.637100240163785
0.632792071401951
0.58018352553909
0.530665932285892
0.627047009981825
0.565677341979018
0.577996705177925
0.584727366921316
0.61365724315646
0.616216467167783
0.659661355237841
0.507011415215287
0.494623932880732
0.651492022108036
0.666607320924858
0.675451113632094
0.635669079305968
0.551711959042644
0.483573549418318
0.714482418630046
0.77827362550774
0.725741608168245
0.688771831242059
0.561642779642611
0.614418852266807
0.576073475357835
0.667684253184505
0.68050553384446
0.671999187304717
0.68679759043022
0.568750840623288
0.523354264194856
0.604214224339382
0.542735903257099
0.711468983317018
0.609705136176635
0.592308036073749
0.703164025532129
0.73405820828621
0.631096969131341
0.701061801374705
0.610641629348257
0.676588896513767
0.628992470264346
0.609771595851012
0.770197034361474
0.758220610825232
0.728849036670515
0.631114265395691
0.689611906728126
0.830142705241627
0.816439853381288
0.727789949034691
0.792226852073992
0.629820965098424
0.819549260326837
0.703007290417737
0.710459782817706
0.840032432623585
0.654601746376591
0.828208130082327
0.764639846767497
0.602416161561101
0.793125800007934
0.695903251070835
0.768718948677238
0.814318030032493
0.871787526409826
0.64077237687586
0.606250474082155
0.769238739349711
0.786133162687186
0.792186892773675
0.737393231116596
0.833894632108825
0.888379377605468
0.793991163019754
0.813965085866925
0.751913808652826
0.830731695467262
0.825541683440711
0.692307402542019
0.688260098101941
0.805057512008918
0.720406036898315
0.870095504689423
0.591795062696881
0.829851957316846
0.865674802701954
0.731262829702105
0.86725753798517
0.915623318526288
0.633745084891114
0.832948346047661
0.701429622113888
0.797548288439055
0.810929168244095
0.624676759073571
0.752266606126373
0.725555606961023
0.769298059988059
0.728840378199792
0.705895460727981
0.863452661475023
0.753496553542531
0.827976369442915
0.780927836303921
0.696560641521046
0.915973762827393
0.875805119546407
0.694861231275572
0.852497426230079
0.777667102648633
0.690412042168414
0.750591714786622
0.851167265910427
0.85343726543505
0.892423831751765
0.916970828825805
0.834431645891483
0.865419705704756
0.909361331314342
0.843093386793109
0.877103401143234
0.895411323557725
0.853153383848212
0.875009726457953
0.862075368395072
0.729298540933569
0.929247160333717
1.0216032013853
0.706427953277884
0.785260510222702
0.886024601730892
0.794585374912045
0.787539168240496
1.04275032334033
0.907297297381406
0.860786621108076
0.864837523276459
0.841344940081677
0.833799108131392
1.01466474931048
0.822222423931788
0.824072234507965
0.831648798003017
0.861673184634403
0.839492929940333
1.10286910118731
0.960617810534597
0.788803409811312
0.866894745828781
1.03577576781033
0.972246848086613
0.982060818763432
1.10447117043653
0.86997289940294
0.957713925297328
0.774411327218214
0.83788873419808
0.919216895709741
0.875800362767089
0.899583035061247
0.976493876719052
0.933111314896869
0.890925049581038
0.841846639230718
0.978209770314411
0.982947375287264
0.930652652917365
1.07017930022638
1.18226481625783
1.10484143159208
0.971174527220425
0.984256409594488
1.04326857966377
1.04053210325336
1.01833489906419
0.996679516426308
0.882527129151736
1.02321839989512
0.834765366333883
0.921455945654242
0.922162097431633
0.786360116558526
1.01894810816513
0.784159765493434
1.08176953776164
0.989704962711578
0.906085505714505
0.959049007538656
1.01216941433493
0.953022921790668
0.808449682112136
1.03272325240125
0.938823364780945
0.883229356237443
1.07764264494834
0.929687654407304
1.02988578049824
1.182092933169
