-0.00536805400887114
-0.996616212155265
-0.968668518307827
-0.896815805875292
-1.11476867812541
-1.04164994094078
-1.04761678581144
-0.941187908799706
-0.949368970769436
-0.993254969977918
-0.988889564536357
-0.820551102716643
-0.978885474742385
-0.950503743509139
-0.948275656213772
-0.976854325662797
-0.964897134724752
-1.00034583290089
-0.875210345891416
-0.898429240334732
-0.96980137314768
-0.972608743858464
-0.990439750050943
-0.985509587079062
-0.971248132574675
-0.952792160079449
-0.952051899731511
-0.839326254622641
-0.803271144948344
-0.96597160327043
-0.988309052955971
-0.800677245017287
-0.82723369202236
-1.1494773592563
-0.992546916871364
-0.861119590267855
-0.904132339132161
-0.903543189688419
-0.872108761683721
-0.982113974739167
-0.955393128515688
-0.925627960138469
-0.864690459431755
-1.02284615675739
-0.904473937802519
-0.971685379065562
-0.881823152923118
-0.943461083084895
-0.875327477631597
-0.888741370483565
-0.849710284134276
-0.998349480227616
-0.833403510114974
-0.80698174067579
-0.956739539800369
-0.921190301242433
-0.872395298455143
-0.863220065003468
-0.942877216057454
-0.821282851249363
-0.939632044174344
-0.918924573504803
-0.879745203878142
-0.868186439502947
-0.909218813318555
-0.848567291454417
-0.854395531446171
-0.87341256086952
-0.863827185154753
-0.959755403989487
-0.890041445079332
-0.801660434206305
-0.883527465566648
-0.967042651526198
-0.758488521106168
-0.906908323415729
-0.802654936437518
-0.859159395052739
-0.750608637197601
-0.846525166592
-0.826901533962265
-0.877512090814358
-0.911072275349031
-0.737349379648577
-0.729695656371938
-0.859943136847465
-0.842030122988525
-0.948128757807738
-0.801571486418026
-0.841850237571199
-0.699008022918158
-0.847681324390577
-0.906005489696597
-0.896393508921747
-0.900714798837274
-0.765867737860022
-0.797451867801656
-0.827031828269043
-0.671871707177065
-0.861505781668641
-0.676876304100708
-0.761799526457986
-0.888272415517384
-0.843998541151811
-0.873302064158678
-0.784448983799894
-0.762274767963241
-0.763959506450663
-0.678829523031581
-0.695368097196687
-0.770480813198816
-0.85327599884612
-0.77842745643618
-0.836286081456587
-0.775382399743337
-0.798787112815081
-0.800628430775508
-0.673804499178381
-0.878747974151771
-0.614776681705
-0.690592265565364
-0.81469067735798
-0.621515694286958
-0.657687879560519
-0.836526858166504
-0.833748585784255
-0.871945690873013
-0.567998957108293
-0.797041180123646
-0.891774802604529
-0.694640863440412
-0.763099864354664
-0.881428749835182
-0.839813868885784
-0.748522518560049
-0.604217343526344
-0.673550136700573
-0.628179889604833
-0.743888086817723
-0.735404354395416
-0.675551936193405
-0.675278539510249
-0.743986952791839
-0.500896680621254
-0.644452424469126
-0.579727889847601
-0.764097640893337
-0.642347294541796
-0.685914834226984
-0.784562159318504
-0.723183378734815
-0.491651998825833
-0.624836634240811
-0.728468310171086
-0.748645745628103
-0.72255522679718
-0.749246807270005
-0.670836883198085
-0.689227504290023
-0.590018724189998
-0.817494201512143
-0.634497684742111
-0.787487780534465
-0.673789073790195
-0.701089915656073
-0.638933265577499
-0.594196447273386
-0.514497310836383
-0.8067122707194
-0.707453606559198
-0.647689586448681
-0.649947597103397
-0.737625546849183
-0.510289946292776
-0.735080742200003
-0.762739964392099
-0.625781740729386
-0.683091189078612
-0.460194132506289
-0.598000676980192
-0.654271637617865
-0.564335761152205
-0.673883735395357
-0.544960033542347
-0.467448496587587
-0.684681056135043
-0.678187600378168
-0.598186645365306
-0.620472546591881
-0.710555774118166
-0.597576189003764
-0.607921279365176
-0.53911156502002
-0.774583692587492
-0.660871381748751
-0.646514466898367
-0.830442520855186
-0.644471206438694
-0.820807909032486
-0.627703823627523
-0.633661595763875
-0.745447213207763
-0.670603295322591
-0.467575682118578
-0.584331448095614
-0.55599753101692
-0.60657086099408
-0.635474130906384
-0.675268254625899
-0.663584090543031
-0.660080204884988
-0.555542276228418
-0.479776311173147
-0.498386495125555
-0.64710390741908
-0.437156567979716
-0.716616288747248
-0.612483364372231
-0.422642301607796
-0.524327519253892
-0.38283962805277
-0.580256006836677
-0.466109974814079
-0.612258966850872
-0.439105713552017
-0.500874307184978
-0.486528166701164
-0.585578502806848
-0.671719762375859
-0.476292399700578
-0.647863487788512
-0.585506064637123
-0.611340951107763
-0.539410075080065
-0.573882539664498
-0.386759131356251
-0.500351818286889
-0.529996933342251
-0.446708452163434
-0.596932517538106
-0.607680282840149
-0.600202496314676
-0.667601197763051
-0.494805404288608
-0.483010398016407
-0.69973039965861
-0.3264757058068
-0.647655222726849
-0.409756838927121
-0.327639548374196
-0.59002467595225
-0.634825149426857
-0.358938758231231
-0.480383105742627
-0.531768404210865
-0.648823409781003
-0.500186177617613
-0.570719266302703
-0.53916919504168
-0.411331377368878
-0.52123364175716
-0.51666873339267
-0.420193253707005
-0.478367247572803
-0.51029149854541
-0.376783639384215
-0.557633365915771
-0.588242305013979
-0.399476831740698
-0.518769662032823
-0.39083284429063
-0.512779035950072
-0.414391200169313
-0.485068517781295
-0.551615509809902
-0.398623416739826
-0.444523431817922
-0.455892276048105
-0.514736165974861
-0.35500665890662
-0.36631692062976
-0.46402817050925
-0.34227540467357
-0.488713466717991
-0.516363436741608
-0.517507165425443
-0.49992481961796
-0.422816445193835
-0.504684131337583
-0.369284833794313
-0.493178692491809
-0.415924853971324
-0.293593036489535
-0.55422557434442
-0.537040980723717
-0.526324025954338
-0.362507780283104
-0.486328569591018
-0.509419877293788
-0.3873527973342
-0.400700392737014
-0.356074934189903
-0.394163277702566
-0.470110890949383
-0.262754347546963
-0.50760835692653
-0.220373021067208
-0.390690052488677
-0.556866521615424
-0.242813622120529
-0.378402096899607
-0.398945696432309
-0.403372907065333
-0.391739869128778
-0.392074233709987
-0.393150164615108
-0.416760279315455
-0.302326519009722
-0.308081562391054
-0.253688131438856
-0.277827374673415
-0.348063721949214
-0.294167129863948
-0.361788249462949
-0.304967311761745
-0.26913468284195
-0.420042215794832
-0.336554852106141
-0.143817612359626
-0.230125677099606
-0.471985068801286
-0.369890233551946
-0.245793720310352
-0.206538473163965
-0.209455602772178
-0.36859850039921
-0.290884797709469
-0.219378085978456
-0.23786966851443
-0.260386052320103
-0.250738302518059
-0.288600896229852
-0.270452360150082
-0.3697833087853
-0.233310358780873
-0.305945315476534
-0.278683013603105
-0.236800390671285
-0.286233265813152
-0.376849024684194
-0.187989596624546
-0.391252027541539
-0.292364574244659
-0.326850234995546
-0.361566590734902
-0.425002944747911
-0.263790634883101
-0.414559519013545
-0.292917231982562
-0.370726721896375
-0.447359007428267
-0.209862398516733
-0.184107019834168
-0.32381169303474
-0.332953494085442
-0.175021567818019
-0.142131564756874
-0.237197671497205
-0.160463344909302
-0.336458927997546
-0.325744682366272
-0.141228700697324
-0.373746744538254
-0.188825420892438
-0.137120368190784
-0.262287372178055
-0.239896467944078
-0.315863577013609
-0.236588588882479
-0.247966928787066
-0.1095494149142
-0.239609867411911
-0.295396438435676
-0.22028342627801
-0.251169281105571
-0.198867640343129
-0.0315469728349181
-0.164975818611054
-0.329928468780106
-0.317112505567744
-0.321611109644802
-0.163745037522518
-0.222687759599816
-0.273108264490833
-0.236130481278203
-0.250809914726439
-0.163079765167813
-0.248747724912786
-0.293116214519005
-0.092119110667478
-0.128387937464127
-0.241152987973614
-0.202715407926469
-0.149898729884243
-0.271789860953746
-0.256679091628715
-0.0790343439939512
-0.165930658526399
-0.00394283076533393
-0.0671637747092203
-0.295090776541404
-0.184113849523645
-0.299441689362391
-0.13166943163809
-0.341778733532457
-0.255230192050766
-0.0960657567277374
-0.188018747568659
-0.225611361907394
-0.16480428688328
-0.367093694879445
-0.118463262217786
-0.232676724612897
-0.222480733746008
-0.148426072940676
-0.15997164714945
-0.223860494446855
-0.00200585153225291
-0.242862165057127
-0.188784587666064
-0.143861687513309
-0.231142512705894
-0.0851672666422676
-0.12399799782246
-0.122841528642964
-0.233329152088163
-0.131056210824509
-0.157898014357117
-0.287200719621026
-0.116471617170348
-0.190239242847801
-0.0142258117310027
-0.236044765245429
-0.0278793927640819
0.0658313172165744
-0.193090260611509
-0.030658644361647
-0.0931747532728201
-0.116317174246199
-0.116912310700985
-0.111789065375984
0.0414731128663004
-0.00788064196033243
-0.0700124122595052
-0.200093815934743
-0.166584266129675
-0.0106491498864669
-0.157744262209411
-0.0300943042326396
-0.171104012232637
-0.114889979160454
0.0748821504162126
0.0260832983422221
-0.0971047121395333
-0.0114315097458235
-0.222005010223781
-0.0866233535768802
-0.0123330318727096
-0.195130083266597
0.0905189194498854
0.0679200622917197
-0.155182691597432
-0.192957468461036
0.0324290566739209
-0.0988718878940274
0.129714241712997
0.105187632899585
0.00653874722479609
-0.0725878633199505
-0.171098482656305
-0.060978352879465
-0.0253546532635631
0.024479142828495
0.0810762185170413
0.100350118699667
-0.128943351978214
0.0160219034739891
0.14838912675228
-0.0842686409690795
-0.128892330954535
-0.0388423184332696
0.13191037881391
0.0633053849574388
0.0680126202354869
-0.0576698313170781
-0.0389666599109348
-0.0487839612878601
-0.0190074065044794
0.0254190237806003
-0.0927851890697542
0.0491423782101725
-0.136989897849001
-0.137347259432322
0.0477207939152635
-0.0353590785367712
-0.139530451831178
0.0772787474250385
0.11286075410209
0.0844694956504183
-0.0490473653540372
0.0642255136902489
0.00545324333904886
-0.0961617483893231
0.109662892548102
0.209385165638399
-0.0160818709442869
-0.0780325821729501
0.176336451795317
0.152776977618076
0.0228510564224715
-0.0933139329101438
-0.0135583625860281
0.0972669044066624
-0.0417733417216549
0.0536475602179693
0.0268969866838471
0.0102331589994987
0.0444556586735139
-0.0822570023762303
0.0536432031442641
-0.0363330251788928
0.186084421186505
0.130746790013066
0.204517814642916
0.14733472112445
0.08064720643725
0.0868902367937071
-0.0673814310622777
0.066565807746621
0.161998983318627
0.0612898254320748
0.178826154356473
0.140748673606716
-0.0896608458746781
0.0938029546382867
0.111879007064013
0.0353307577487904
0.137141041463098
0.156780589853714
0.0135344442354673
0.0908323363615807
0.0817173534639356
0.0598765182371489
0.0260775154192487
-0.0253606861699117
0.0244881639981629
0.251503208349683
0.193316757511049
0.168168147556616
0.217901169833032
0.161118654044579
-0.016952047130987
0.105595691872303
0.102472408329022
0.0403994566439654
0.234458073892509
0.194780042151504
0.0361186829385954
0.215373159589886
0.081914182721535
0.153846650298388
0.155079423805171
0.193849434351976
0.138151579849798
0.23852420022846
0.138877471804345
0.127212527612419
0.201887219668802
0.218808425747474
0.0726863831874117
0.102346488368014
0.0978729746233499
0.0927238202531927
0.212787143855372
0.191104662563194
0.186626898527248
0.210591084450304
0.135904496630165
0.246692193195924
0.232011234623161
0.157133584117313
0.191096584641201
0.121653490430194
0.121547006442629
0.265672841850207
0.229605048966923
0.236992405569436
0.0387196376512213
0.0583815003068995
0.162136903281103
0.271526411771028
0.229229293656617
0.145322537911652
0.25604580778253
0.158985093573217
0.168945046839749
0.0572903621072362
0.214793289427819
0.191249218130223
0.225185140658383
0.0933712986032054
0.259155935367875
0.33771286104033
0.275812224613987
0.242708665989637
0.210380870080602
0.243299924539458
0.218519666917426
0.201218901461389
0.214044410138621
0.291297856381952
0.358079677320244
0.336987987982165
0.359034815080318
0.278388434522338
0.206034800237327
0.166969722715012
0.320201809197362
0.221102977719907
0.339660380886345
0.113826811134631
0.331999985999551
0.281819933284872
0.243703349664409
0.232112796501432
0.240459853192545
0.386341849312567
0.290510483718773
0.156847759630342
0.170523584446039
0.367287166197069
0.283351900231462
0.344193364698901
0.37696300534712
0.213629976363554
0.249367967535342
0.28686739118802
0.28157690635644
0.17834520408909
0.29318504801461
0.273532146663615
0.216126188274157
0.389053016118586
0.401643951920131
0.0339702866760793
0.341317971740098
0.283014157629259
0.519753587249943
0.243748961200144
0.270590539850269
0.323287089088771
0.235096783951454
0.304048010589471
0.24794893354536
0.297621908289093
0.336664762293786
0.294630600362784
0.38453123342459
0.339107367377343
0.403931369964237
0.359392877890491
0.392294454225156
0.423289525193687
0.321490126544396
0.147045413518332
0.43393972119672
0.474287367860081
0.23158647076998
0.348135293974873
0.416689308126938
0.321869454927172
0.368231267760024
0.288117050361819
0.271442144111403
0.473321524183416
0.367700896608734
0.369485576658224
0.244827572759138
0.351231227925704
0.397800769283939
0.523199270055752
0.525108758420634
0.523741824463337
0.405232436082074
0.400510007077292
0.275708911620027
0.389530620894188
0.253535095213065
0.52775984883236
0.381772131930381
0.442270829214106
0.497502931257406
0.171336749071047
0.308243617923485
0.403897512033977
0.355755143836192
0.402585758555537
0.316847661473774
0.55153708960979
0.395728665129114
0.254308187056035
0.448420426486562
0.305001218157376
0.418996066727585
0.474640727338638
0.429538948489121
0.429264003246919
0.442040074904393
0.487938395298958
0.362718127091997
0.360553827634719
0.521685511839469
0.594557134629346
0.386696549119027
0.599190865531712
0.457399737201435
0.352916165342684
0.536390964712558
0.599316788460108
0.467632441622412
0.399277407110628
0.530229230146009
0.431011555891777
0.259121375409868
0.508332073782779
0.446395551453023
0.503250267183759
0.441235504409591
0.508778863425723
0.580112819608879
0.49666667468901
0.546917478675166
0.500064337476147
0.386938460949304
0.434325351414946
0.514509204736986
0.652991451555752
0.555710643403779
0.57171571557162
0.599709501279426
0.495203331855181
0.409217838079814
0.627010358385681
0.497817425800666
0.431509499162096
0.461906976943107
0.553905058338274
0.640277019697621
0.503926014773105
0.58653135790437
0.555463572223597
0.531821366129671
0.604245145147744
0.524551872611118
0.35993504194092
0.60828528991363
0.523578071132236
0.498797172372592
0.423070412474278
0.333180108410637
0.569469454273
0.503797518058754
0.498935182142759
0.627851909574323
0.568808693974059
0.537253008562443
0.58375078815942
0.490265058257003
0.506455271488841
0.582019934360257
0.603839386495137
0.479131133553007
0.575356891687579
0.535921920356109
0.524512076261082
0.6026254385697
0.521130122934205
0.553967759796915
0.623077759185875
0.604685119473829
0.583276010781544
0.784139776226292
0.603879716380991
0.425282484733514
0.502628488241647
0.649197963792288
0.457822810412993
0.484979238028519
0.70012406445406
0.629310360183245
0.617022402798365
0.579461019865379
0.621296074803057
0.545303736854587
0.549238928815083
0.783701988351803
0.868254174250891
0.568502308366607
0.62222823837352
0.498340502589367
0.562572132698967
0.539884622744809
0.710707096524188
0.588449221611788
0.561398122275526
0.815261527802541
0.715386656917745
0.550327289800972
0.634973721310921
0.575010939443939
0.654709864788898
0.693868425420273
0.797242402529443
0.619960374699322
0.842483991146949
0.67354723196444
0.619305433591349
0.621635484683904
0.67244692488379
0.678266345857714
0.71825975142631
0.674135828920673
0.671882290911485
0.621625770640676
0.790199618482492
0.848113021285328
0.532433835115374
0.664821839818388
0.605151784803028
0.717691633616355
0.731214855333334
0.651539348516019
0.667076618545508
0.609972509088043
0.733063847473864
0.582841347153631
0.764884765708891
0.770896324563219
0.714632319037115
0.72537322793799
0.665236664131997
0.702216821386198
0.830649634409567
0.84994228435617
0.672738443524578
0.696629405366605
0.780360179348707
0.833452754005223
0.693488046569749
0.51062677126678
0.74549763781981
0.725808610264076
0.661902640408966
0.883452310786731
0.767369179184539
0.704830917155549
0.696357389362352
0.695026672914058
0.690147428460091
0.837992538805646
0.70781917531361
0.709919686523855
0.832221963845801
0.83139770168725
0.729219675563346
0.744748796425279
0.688047113541386
0.756749368378788
0.802005907933807
0.634248659849326
0.815082880528404
0.740076649316046
0.737366699455322
0.750500553303671
0.781845672843468
0.614607196802811
0.789674531524664
0.763785948022877
0.731355497322871
0.615163540040156
0.760510532734045
0.848375699100805
0.943106821672614
0.719228557124705
0.779817096797045
0.79711756094471
0.861296269886658
0.847136865635461
0.796070307864165
0.6908150644896
0.865737169573465
0.900384981087856
0.786878439088488
0.82083948226527
0.713109137165385
0.729511253287751
0.814855512579437
0.832639769119491
0.850819823697935
0.715681045453801
0.735373717884624
0.852046398747978
0.675828665973411
0.674736930812075
0.909527328759877
0.767453094730371
0.851967022535474
0.743099669280233
0.913865902464534
0.866125712656418
0.829186103915617
0.909520641526589
0.879691892664795
0.889241022951001
0.849429566509239
0.84104894400094
0.864546306226488
0.788608657411115
0.863828292938357
0.771476341860059
0.786960952344393
0.773214528404053
0.838936140100881
0.945477397361262
0.857626021373656
0.872780484706645
0.916044114892756
0.783695958185948
0.785291161945559
0.876504704849419
0.840317911567807
0.823928831806466
0.860347857073418
0.859594453173973
0.860618761660902
0.790277630804724
0.916496144330022
0.928630046606237
0.942770948148745
0.948568841231793
0.913973721080623
0.863591680816348
0.887174648357809
0.812918855418124
0.844056868210712
0.856920370724349
0.839703030296238
0.933806736922825
0.883082738937467
0.996577371580095
1.01376176676615
0.831111813013512
1.13291285120742
0.846987450676363
0.967500918494404
0.968026089926266
0.975437369321186
0.959881383884348
1.01598892256899
1.11442415798701
0.827126971739092
1.12203623326841
0.89877291209038
1.05273532957346
0.973164088400766
0.824809917901271
1.05600346785448
1.03869391968289
0.781782908461943
0.891279027725964
0.848109351997085
1.13427160147058
0.955983256966462
0.898855483888966
1.04904075756316
0.910918766590478
0.978685666440366
1.04277350730577
0.891984072644415
0.911034552672486
0.971044058058375
0.977121632340748
1.00673712716128
1.16519474367028
1.07350209182689
0.996966997639994
0.96494538061407
1.09159124390613
0.935116757284728
1.01078294459041
1.11492124560897
