-0.0109985675282365
-0.947461332058501
-1.03016600657249
-0.99749474404235
-1.00847300592098
-1.04772010774986
-1.07190363196626
-0.90550253301555
-1.00779771417277
-0.883530900364384
-1.06017090499737
-0.911893184296721
-0.950828059953772
-1.0718157437506
-0.812312977521743
-0.982376605715498
-0.93439150931292
-0.919413725433143
-0.88611123526458
-1.04419802139892
-0.808920296772039
-0.771708254887851
-1.0860762209441
-0.860370572916487
-0.8963349743664
-1.01110103904731
-0.94056954053032
-0.98970249444462
-0.879377685882075
-0.944382842065877
-0.872929133360923
-1.02966011496075
-0.933470555315162
-0.964858610732677
-0.924649172436777
-0.897591753252794
-1.03456487333022
-0.817572847414367
-1.09636574707287
-1.01118639026923
-0.84302911071956
-1.04631511160911
-0.818298411537692
-0.938057692513695
-1.00305584915821
-0.863905029736195
-0.746819462016097
-0.948753795225134
-0.924104264159866
-0.885934677789138
-0.810983247324058
-0.904092553240378
-0.850568380174357
-1.02343184429078
-0.893918942983567
-0.887536573087404
-0.761928038250635
-0.829154601604654
-0.773163654919447
-0.831540210019811
-0.882529956347587
-0.849327530967133
-1.00465420778496
-0.839958468603109
-0.896583410939502
-0.903161929101606
-0.828495277816395
-0.925843573409938
-0.75187323130995
-0.881587816323756
-0.694640755671632
-0.769598341350643
-0.929515255814587
-0.819191224830051
-0.998910638800584
-0.89608347274699
-0.864061934419702
-0.864565395413083
-0.902008835256575
-0.870263128685385
-0.84271239194363
-0.902895915394252
-0.856899248000665
-0.857011614410782
-0.755301495243294
-0.713015812505857
-0.896392720921295
-0.82989427448781
-0.862123441016955
-0.619772035707693
-0.720352669245241
-0.898013904198352
-0.772841892124508
-0.87386649831946
-0.743729653306369
-0.747557250845374
-0.694837358132931
-0.890107290430548
-0.678109439206467
-0.842698079616674
-0.872220990064302
-0.862425998861339
-0.700256549005978
-0.811155925949085
-0.778984947480124
-0.817410317018954
-0.762531935928014
-0.715701472766598
-0.787444738281533
-0.828005135873647
-0.753388022620527
-0.839320561231191
-0.866707285891479
-0.76831759053231
-0.724254849455597
-0.835598833039044
-0.578674199952576
-0.84754850988854
-0.821758214439328
-0.711634490096323
-0.834577612602852
-0.792496156620849
-0.588366982086488
-0.811794934580461
-0.839063085711024
-0.685955049929868
-0.71627061928246
-0.802109137584515
-0.765459345976634
-0.848943934719614
-0.703839650030284
-0.801376579615572
-0.566043209228307
-0.861367818860529
-0.742760887535255
-0.870722033668993
-0.773137313555452
-0.728240300030446
-0.698968120073432
-0.697467483165552
-0.649579719157215
-0.798437498637969
-0.894816866246648
-0.799467103794857
-0.84928614568369
-0.645027300350887
-0.583296268143413
-0.66224802770605
-0.74331124045483
-0.774822794190699
-0.875566357166985
-0.814961300563309
-0.609468714615657
-0.658779405556661
-0.61429795474912
-0.688400991192034
-0.711008998631522
-0.681319415628097
-0.644669755328066
-0.590984583901715
-0.690764410259539
-0.651625048187821
-0.673885126567972
-0.48205996892436
-0.720492594518306
-0.534911878883672
-0.630133455703247
-0.69683761726796
-0.551682390942177
-0.725056588608791
-0.651444437337914
-0.647551615657458
-0.531317443729969
-0.736729829405645
-0.613236759023966
-0.593728633141294
-0.642818944266629
-0.545273028647747
-0.566225312444956
-0.608005587128081
-0.585343102866813
-0.557555594340509
-0.494169121616982
-0.60169943419167
-0.540177176455793
-0.659564723002873
-0.734322449492853
-0.749321927550789
-0.688608184341187
-0.484335113542572
-0.630366843282323
-0.683117168308464
-0.637596297897763
-0.687332434759839
-0.593186911606122
-0.737383798477859
-0.704972370399372
-0.716282299989759
-0.563540715851386
-0.710236782492399
-0.58956374242138
-0.616775121737244
-0.696842092815148
-0.547327287104551
-0.589896116718732
-0.51402642459296
-0.668865654707332
-0.552327825030562
-0.51589974127585
-0.459671053565484
-0.453995160782897
-0.634778429144978
-0.588695630293859
-0.611911632335525
-0.552278063479642
-0.403356431806469
-0.511012327983417
-0.524284459593326
-0.457432090269162
-0.518838047438428
-0.613936361595364
-0.603545698617658
-0.550528976500434
-0.602963753043915
-0.460270626154618
-0.418321964384486
-0.475639699753384
-0.762425905435338
-0.56765703221937
-0.514054539990954
-0.587557688258192
-0.556501672285675
-0.588268126092699
-0.562590251021379
-0.523748968288397
-0.677890548459898
-0.604434974419901
-0.367399800333536
-0.554634398838797
-0.544347572886699
-0.588101505878749
-0.511599295721123
-0.536167657480569
-0.59120316324335
-0.457845063820894
-0.509410079637487
-0.58730066093919
-0.505325925150032
-0.446299092863734
-0.605747294287153
-0.560410747238043
-0.36327476626737
-0.592560930826205
-0.372815064157353
-0.578518083751394
-0.670790556406613
-0.460856982691482
-0.45260543789231
-0.426000869341091
-0.583771158288641
-0.507289365244327
-0.585904786542943
-0.440524306043953
-0.470004197971641
-0.444057545440854
-0.491764983305663
-0.541372398913424
-0.414211035800307
-0.44662641253123
-0.445750713608292
-0.444191232295545
-0.439737678721804
-0.411934075794006
-0.448395460283141
-0.408485529441018
-0.373250261873426
-0.509975260860743
-0.587551880139624
-0.445895545815736
-0.468212366029583
-0.475707901583696
-0.636707999809673
-0.531407582444829
-0.489252095936823
-0.445742510711687
-0.516784500656426
-0.309652258819973
-0.328507055261948
-0.365346547014327
-0.443139699101485
-0.440313184160437
-0.41398364942354
-0.403710333443946
-0.429482812865282
-0.445436658584874
-0.317808994488114
-0.531055001757991
-0.505852011420472
-0.510926601852113
-0.388943019281317
-0.467203225063027
-0.356191878910344
-0.388526244681281
-0.435699496393128
-0.488418515831699
-0.385126361331164
-0.245507994272343
-0.507539728948907
-0.315986599667537
-0.528153978640545
-0.310039951392269
-0.352717470534428
-0.349634381253835
-0.321988640154001
-0.452853180504986
-0.395543592795128
-0.409528602177273
-0.458720613488081
-0.312827780208778
-0.461821347617095
-0.426395964789298
-0.355209737806846
-0.32116122445363
-0.406483879514377
-0.273960272895229
-0.233701149259465
-0.301785155051434
-0.383787946197859
-0.234277136930882
-0.405735052256189
-0.277442338854425
-0.468260880079669
-0.313767661347906
-0.50600694164785
-0.362878199410759
-0.327510184885905
-0.308030351190204
-0.393020902343166
-0.313150857320762
-0.330047202802674
-0.379145356397005
-0.184675339624855
-0.273451557794451
-0.211262568931222
-0.216304250034395
-0.327205986485082
-0.226102638527555
-0.252556997701518
-0.349365422105538
-0.3507387170781
-0.367939445186898
-0.460558900717346
-0.317194371395625
-0.297571036487052
-0.287997280398855
-0.269779969344794
-0.281864448033657
-0.417516377905674
-0.25467983333588
-0.380326100952251
-0.290558176510273
-0.20865127231321
-0.370012941728105
-0.328271523598575
-0.34320614411589
-0.0795369425594716
-0.276580898835954
-0.250255545377929
-0.383407676419535
-0.221685446683775
-0.241013227441585
-0.320366101750007
-0.212851377078047
-0.28121364715231
-0.195898235447555
-0.440473688371355
-0.198604136308314
-0.311372007346784
-0.297591065886019
-0.270731979218931
-0.208428302494455
-0.248287789558969
-0.268227554415828
-0.23077301954321
-0.230496086989025
-0.255555971361897
-0.259103649082387
-0.135771139152427
-0.164668602313093
-0.286563114478385
-0.271677496372319
-0.253846549251242
-0.198252587587882
-0.256993449734906
-0.278511522235248
-0.165010984440099
-0.11510742448171
-0.152798554716627
-0.0838440854245777
-0.210442310503283
-0.143448423255922
-0.288938182966006
-0.208075362738354
-0.213300161215311
-0.0951005353448808
-0.226872384267589
-0.229586929515948
-0.217060295245882
-0.2385224148963
-0.132402883284469
-0.140010710673798
-0.124625984799132
-0.131084826952508
-0.218773801028017
-0.167001742175394
-0.155432005178887
-0.137768890841714
-0.185972927601855
-0.0716037074545753
-0.285369858564047
-0.0947626931074411
-0.150546780228189
-0.0953888297473636
-0.179599649685308
0.0831949853606381
-0.25114351198332
-0.211756573943717
-0.0683308075102284
-0.239054337567843
-0.20260635188076
-0.176996183030949
-0.103866437772592
-0.0940632770365875
-0.109434850108462
-0.111119440636419
-0.303961214592047
-0.145690108010106
-0.159733507583427
0.0956692340456353
-0.18616533772841
-0.149835557113933
-0.220793780212016
-0.256185867571949
-0.241329194840434
-0.148082737646549
-0.0539470328526354
-0.237789571180061
-0.10163452465962
-0.0352060582723117
-0.20030789412693
-0.0380283127197925
-0.125620072393632
-0.121587184369713
-0.102340779789308
-0.141386037724436
-0.111896725512457
-0.0374688296566396
-0.103724771843316
-0.0481265589421582
-0.00962536770238518
-0.0492282748553411
-0.16175706321774
-0.100007867337945
-0.0515495932992578
0.000166348421907235
-0.0449090997136829
-0.00932004489802044
0.062280129034558
-0.148573847444306
-0.0167474254889434
-0.191643135367389
-0.190350959065559
-0.0356540544737111
-0.0923335884000984
-0.127376026195303
0.0320774799206269
-0.139197527975489
-0.118989848749925
0.0873102663386878
0.0216884299509663
0.0685601356919895
0.0757714375354505
-0.0343026056929567
-0.0299296439321552
0.0121667499567796
-0.112251739990906
-0.0777930434851068
-0.185350181121044
-0.161308907671197
-0.0751795798716269
0.0392068572700722
-0.038114888373407
-0.110329008729226
0.032492696662856
-0.117824344304348
0.0900655831626424
0.0433531878625689
-0.0402142409399734
-0.0230532414181124
-0.0794135035311388
-0.00997213778611704
0.050453792805589
0.00654587864774799
0.0518487555055127
0.0409926135809929
0.0330558653415042
0.086016325734323
-0.0212123102246172
0.125663711049573
0.147683126194441
0.0288752030994402
-0.0372929526124433
0.0168386817072973
-0.0192677771487693
-0.0966182153721696
-0.0655813705103522
-0.0584795612280422
0.0786946161206283
0.0891475961317296
0.0616437727508354
0.0211561101898713
0.0591959800432822
0.0626228096322774
0.0481076896060906
0.0360396926396719
0.0852799153267378
-0.0156228178331483
0.282535788086539
0.0917411646141351
0.102445337347808
0.180782839275893
-0.0122628650226683
0.0989091528283899
0.0311002337001435
0.0850980831986022
0.0615041548065821
0.115924910451325
-0.0304471006509365
0.0451535314808019
0.072710702648857
0.0944181499171343
0.15876199916106
-0.0104670905654102
0.0918139696115981
0.0443223022012987
0.000741456735120332
0.213932677333829
0.161278460714378
0.0471786314688531
0.0314901969882343
0.116443309828457
0.0422170013358451
0.094097892229235
0.0756845561258128
0.170129851022134
0.0436896552976165
0.110897158118706
0.159658057488571
0.0342197112299632
0.110233789867488
0.0836017893842258
0.0387842508564026
0.0691363831656394
0.190871824927607
0.18164693470997
0.0856964125319078
0.17345348026868
0.0630783405424095
0.163610966834069
0.125102320609942
0.106506256622279
0.028989237185321
0.208773512887345
0.143796088220422
0.166533606545864
0.27669528259029
0.115517132497212
0.146829722706826
0.168110517082455
0.204763163454328
0.201407436146092
0.166103267711469
0.23747277909287
0.225784509701677
0.147225030805124
0.221029652744117
0.21858830699845
0.259472112480885
0.114278848529563
0.236977669108246
0.197320586457001
0.196520626052612
0.24560065803407
0.202107506061386
0.144588938245028
0.249823911296576
0.273687577647027
0.0836614838586024
0.126927751189063
0.19864648652155
0.177806856057881
0.216034912167742
0.233652253547339
0.220690831738708
0.233939523894686
0.062101621089053
0.18124726516821
0.332062830395388
0.282968876661427
0.165597777078477
0.158997681187426
0.214007558428529
0.322528656228963
0.248472855049294
0.16035998337791
0.200079392894027
0.225878692486596
0.218011140256704
0.21959997018249
0.16795804812248
0.311956438016448
0.424078962361686
0.264014308925548
0.336202746303697
0.217144999815964
0.191431127842922
0.370500293079773
0.181120296635085
0.36462991016197
0.37167872004153
0.252917278101702
0.111527873500985
0.282860420683917
0.377762142466777
0.275638427096755
0.18263371590393
0.235419194141666
0.221979423984362
0.331190712493448
0.250607378948823
0.364162447943972
0.357248390344339
0.404857318860661
0.330654599119481
0.293346496234398
0.184228026539674
0.258955494398096
0.122803878570347
0.120890525774586
0.428314656712063
0.381497205597936
0.206397321580224
0.369455723918108
0.293140764293808
0.217036406151433
0.267557657731365
0.336919226115043
0.34177299525969
0.413438524922981
0.333623262829684
0.391050453314489
0.31802262507014
0.337792368131705
0.364943519440202
0.220731855978262
0.416211137634252
0.303621341342106
0.260449897044162
0.291737506368845
0.352817053439511
0.389876873574518
0.246559760621138
0.469905197956146
0.488107221213138
0.427835800962111
0.303615035977776
0.402666501373157
0.406319799450505
0.396775574370641
0.318730407016478
0.257123760288495
0.41334588727065
0.410224070265246
0.437788845527329
0.287832022608212
0.583557078340785
0.252647023664048
0.430211879933663
0.505000380300389
0.443593157344125
0.404369191519633
0.327328939535899
0.485414832239321
0.217207827914256
0.473271584118208
0.498886483247416
0.485393327250925
0.353591102195688
0.425676587775352
0.329910910995906
0.408861250598343
0.238883385802121
0.436373740227136
0.41878318543767
0.382951980129508
0.389590080988325
0.448995686078096
0.437439225935236
0.281461427126999
0.423774250790163
0.526101103781851
0.365036483817269
0.41837337232551
0.39805650924942
0.410830976154918
0.486562614334223
0.525094582969101
0.478039722812538
0.451033445754138
0.639879169561728
0.297602701013727
0.404751257392648
0.514439589169213
0.387419476621938
0.452044922644783
0.517246110186717
0.529504880054395
0.623550099402615
0.49730218860873
0.392501765421791
0.447870930786862
0.443691866295665
0.391875624774189
0.557272840252173
0.487062379776782
0.393766409668689
0.249118801108502
0.389796929793228
0.490539101708819
0.425766054523455
0.472005970706994
0.41077100349821
0.569270069430491
0.605694586297369
0.489786293713385
0.408491654420202
0.549926739809121
0.410681782358117
0.562845207962854
0.54076575806899
0.400633800122223
0.486481251107351
0.52687595068
0.373969735559596
0.436674427568069
0.627228312113671
0.509980537784633
0.43748194157268
0.643703014748211
0.474254012436021
0.563995967817381
0.449627471590757
0.676377392034769
0.524715105867845
0.452865440244311
0.541361750899098
0.450464967197206
0.607786783364807
0.538595100876788
0.472689928503243
0.757409219722788
0.516240065756186
0.543053567676725
0.535882090503858
0.591641600182052
0.571683562909046
0.506475424960732
0.500756309591243
0.54530451751125
0.506851026068671
0.54374173421333
0.571987326180484
0.563983306626285
0.528348138871729
0.581352655016496
0.632317797725693
0.47650741811271
0.422151435847513
0.513488936252092
0.56348155427009
0.544842395915934
0.630502037466828
0.60866131642323
0.640625018191529
0.518950402676091
0.663388856832556
0.613791499662454
0.564143544777246
0.427965066490869
0.546422164502107
0.591312846047123
0.659617740199125
0.648066559008683
0.656906028279507
0.705502507848471
0.609979368298681
0.538478118868001
0.533771846266516
0.727112082334248
0.661124639736831
0.680792233378499
0.54096352880998
0.827877574832788
0.554780335119056
0.641355289690955
0.69440121814065
0.650682003364244
0.737274751112364
0.55293383498235
0.685067389094949
0.491335457385463
0.553384294409628
0.74404341793883
0.622235217580271
0.68811827365271
0.717686212693569
0.515937400744857
0.697055192620227
0.72385764104512
0.590422143940076
0.699032571451621
0.549022792763746
0.65027537684152
0.590766635813481
0.65051061201826
0.594078221117882
0.661833072804017
0.645809176163845
0.607354445079542
0.76635885960845
0.68957408075706
0.639429111276997
0.558722083092104
0.590550119080411
0.694105036801133
0.664263580263847
0.677739760420892
0.73565627781537
0.779404189090446
0.655216425556646
0.44256874358651
0.680482548744838
0.57170716964162
0.753317481999531
0.596083050719076
0.776693681891696
0.6986117347052
0.766952580721126
0.729462041262388
0.689358378748664
0.675646722193634
0.799983928806008
0.70458999872719
0.669324585462862
0.819989677313674
0.631801422362926
0.807571371132906
0.700006084281663
0.672830548640226
0.673642738032108
0.655942663461644
0.697106202048579
0.721516831177819
0.654487500491899
0.636969393689825
0.755260738546683
0.647396310171464
0.63055317681785
0.716276348406465
0.73475574689809
0.830571195546512
0.873817504817795
0.769242915530121
0.93586552532505
0.717825435089424
0.870886779986347
0.89552946549961
0.711021723906551
0.812874653693803
0.868696999312723
0.777209280976138
0.703879478198312
0.861459396645914
0.767416891177067
0.660602326152614
0.938149290828685
0.774239720436129
0.829381219511598
0.784836191605974
0.726846095285621
0.757284019490167
0.748246431633735
0.797167859575533
0.703282822093052
0.825528341357716
0.676009836700795
0.732558410319946
0.805845021546525
0.834138142772227
0.741359819863731
0.924329375451694
0.82083624174477
0.84483566426926
0.963815671500201
0.85511841992478
0.930134571540592
0.848265961262378
0.866213190229472
0.733176738808336
0.919563600925927
0.756529519498978
0.826586256692122
0.90588701931812
0.832089587957426
0.734133722370008
0.728214231842637
0.985567136020246
0.879955275030833
0.832537288515545
0.764229327984777
0.862548607361072
0.838012157606428
0.851874926047275
0.870868292653087
0.944725949138937
0.717831503792101
0.825878808262706
0.739693007253119
0.853807269753415
0.811177333568041
0.904816902114498
0.838866399928195
0.905966801713009
0.909341622694756
0.840846621933221
0.89434214547398
0.923180506517045
0.856815394754255
0.867821220050243
0.85193785996665
0.847463436045588
0.897856225282465
1.12198950583063
1.00899303779801
0.9090638645915
1.1325345776754
0.775090255760105
0.820294786947468
1.03619341860922
0.994533773585447
0.893284799256911
0.896858396655454
1.01795430045533
0.784112501279781
0.807191853522906
0.819900956018847
0.906193917371053
0.945745236211886
1.04975459573778
0.981819881995675
0.859936354977256
0.88951216417153
0.820099963849955
0.932110087890095
0.752790130526688
1.02737668101153
0.9442036277166
0.858700592353273
0.963790669729418
0.940784596695105
0.91890546587611
0.908880723579829
0.96266517280359
0.906564000544016
0.959801511082816
0.89968885669199
1.14463615728281
0.93433386721187
0.966280089487647
0.920618063955777
1.01316862085961
0.991074558385647
0.986963945889925
0.90408778059692
0.946434693801667
1.02549324716959
1.06028432956176
1.02081010213635
0.902431964589859
1.14926524393856
1.09643227219342
