0.000823652633074758
-0.8809888538284
-1.16806617188917
-1.07196104288765
-1.09127974932311
-0.972448516802594
-1.04295351784325
-0.868210573006691
-1.04237072085902
-0.931759799901637
-0.82583709404068
-0.959921553368579
-0.903439475156279
-0.997677661327229
-0.915289344729131
-0.96478122903543
-0.914908341987096
-0.911051828232485
-0.940194150661386
-0.872464386537584
-0.931543395848334
-0.90816508857912
-0.94119992133037
-0.995321233289122
-0.998113793327389
-0.973698336211029
-0.842042650088451
-1.10777593486632
-0.97509299204545
-1.08294733812122
-0.927501207098068
-0.962029703063148
-1.14409118579881
-0.970172547758241
-1.02262135716697
-1.0388444418648
-0.907755452446928
-0.951986133830509
-1.08883373009311
-0.788684691106093
-1.00520826640711
-0.755942728779287
-1.04648565362541
-0.91408281816318
-0.763958855459096
-0.811210001443612
-1.05560299898238
-0.974666198365113
-0.925743535396113
-0.902050252364005
-0.947793790222686
-0.878733277015403
-0.863421901513509
-1.0294578999975
-0.951373657207904
-0.943457455017169
-1.0152955077212
-0.980465503401108
-0.902215236692661
-0.785389861987113
-0.93078823308034
-0.904142916336823
-0.780679416011545
-0.787673897786949
-0.872329663739265
-0.759843693090161
-0.797684410245689
-0.946800219421712
-0.842374546213106
-0.778008520134455
-0.910846095054355
-0.834670741265709
-0.872704702939857
-0.813122210913875
-0.832990116007238
-0.953609138443673
-0.760900478280645
-0.986344071323243
-0.866331488442867
-0.966842308285728
-0.780530813160804
-0.721749984834295
-0.838999410189182
-1.01792342088135
-0.818433483489875
-0.854431262941812
-0.746999539059802
-0.870165498394038
-0.893066315449486
-0.789406803860414
-0.957139839715051
-0.797997506746492
-0.803100066986626
-0.743674416768802
-0.797633295678029
-0.729075909199334
-0.683037341588523
-0.787424424415813
-0.783772417497441
-0.767652305353006
-0.670914393265314
-0.895856419910276
-0.842965353843724
-0.833061225156001
-0.876896987442448
-0.900985990381255
-0.853939858966931
-0.580091556384306
-0.762550531870031
-0.726389734406624
-0.92057928104438
-0.941933733032856
-0.616478768095036
-0.806000956056896
-0.710336014464885
-0.774253301235014
-0.787556056937171
-0.864491611398512
-0.704889455203937
-0.811594733487357
-0.740773998678512
-0.708560613097395
-0.973790463123347
-0.898823480724147
-0.656337019292168
-0.712263023551497
-0.737123014841652
-0.917894861629721
-0.566841313442063
-0.818053301495785
-0.678917307126003
-0.620903152735702
-0.682498051234811
-0.64096650997851
-0.735669477238009
-0.772499764499557
-0.811321644168601
-0.830372451721623
-0.678755983786355
-0.694969436423494
-0.665283355095376
-0.717197806397633
-0.918720969051472
-0.733243254079295
-0.722625213649732
-0.682897162469146
-0.797596190423892
-0.66051214011033
-0.799600938198549
-0.645988567181412
-0.699781577668816
-0.695898853867668
-0.800663836184122
-0.815391098284805
-0.602521422363923
-0.623168779348039
-0.653372444680383
-0.669994677735979
-0.801082654578594
-0.535578094486012
-0.760456776320867
-0.674899238204666
-0.755852830213102
-0.638691770516441
-0.475486751243114
-0.65431398985051
-0.701091651056041
-0.701246863847404
-0.754943481347012
-0.731496217102523
-0.650674471926711
-0.617117751839986
-0.489171099235238
-0.50654726395585
-0.531993531314297
-0.512664216813208
-0.62792843294958
-0.503737231093283
-0.675997938236642
-0.725631781761753
-0.759576959355587
-0.802934118364419
-0.662229131497842
-0.485246898366004
-0.524961148553771
-0.708099346212782
-0.621385912562004
-0.68876223194836
-0.457800758449735
-0.612491226604765
-0.494611600454978
-0.551593747659533
-0.593628374108991
-0.555687043693057
-0.579876888419824
-0.535911440528184
-0.771497218090643
-0.620267996699867
-0.743743417122415
-0.684146549766308
-0.68124963523905
-0.545820045357601
-0.612510808040983
-0.521503730052862
-0.588993135454324
-0.613889026641861
-0.534345981845383
-0.621872899892876
-0.588848265096464
-0.732815830238894
-0.606046288082804
-0.530464094293279
-0.650733312272655
-0.725898767368161
-0.444305091471725
-0.52128131760071
-0.586169386792034
-0.538913200662111
-0.608641499717132
-0.616038891162205
-0.639591113565318
-0.510115303987928
-0.529459224710859
-0.601935864547516
-0.559581753264331
-0.602543530591899
-0.567222524287662
-0.609372719581444
-0.477829844702338
-0.633978411278772
-0.62765213811055
-0.310705524914508
-0.350766774726987
-0.597356710591055
-0.549906843754616
-0.519726643342196
-0.436391765233175
-0.459005750507218
-0.547035040682036
-0.490805782380052
-0.610620830743499
-0.417989776027911
-0.650253456106638
-0.481731506827519
-0.566718695229972
-0.620278502472441
-0.519007407075974
-0.43422296933416
-0.522598528172694
-0.471383697174913
-0.408743859802494
-0.46609499005963
-0.524215377320724
-0.500318602693564
-0.430781337138581
-0.521557947715676
-0.490613188541403
-0.594164750489837
-0.322496915726849
-0.489331239424743
-0.476139522322167
-0.413487861962866
-0.472406224241764
-0.572952050141605
-0.433081633348533
-0.455427555086732
-0.527538318104735
-0.593670401676746
-0.409117028027515
-0.520749670302399
-0.403278326040349
-0.477933216402973
-0.193736522893143
-0.397312126553809
-0.433864941820172
-0.571712540355226
-0.429998411305745
-0.475804774655021
-0.569553167798352
-0.56180134971309
-0.530349686818086
-0.345532420380183
-0.440640009118468
-0.457139988598949
-0.509176308591363
-0.375051392945798
-0.520265297039959
-0.361428719897084
-0.499336161367499
-0.680914002065324
-0.38494142158462
-0.327219680092483
-0.378940527793308
-0.413189140665313
-0.298323690939292
-0.384131915764112
-0.366580178828839
-0.514695727188645
-0.361608965847519
-0.310949811647528
-0.451814995464593
-0.476787001734051
-0.353359872140468
-0.485289965383252
-0.41621048425814
-0.38229564069418
-0.438028400162663
-0.424949546051295
-0.226925191640121
-0.389391502133811
-0.384936257850374
-0.470831551181688
-0.186698886983398
-0.357502063081971
-0.353092251119781
-0.340172829514986
-0.478816064991672
-0.475207928221615
-0.406270675022934
-0.496283755921297
-0.491981287702229
-0.237921824251771
-0.33897657035124
-0.370482073974063
-0.241036448968097
-0.349421505998057
-0.318433979907633
-0.201855516511185
-0.269001196999924
-0.312770979067083
-0.463451484154906
-0.227618391373833
-0.351869904026627
-0.346166150332517
-0.410305745614081
-0.329827007467439
-0.564072581638333
-0.331237585286531
-0.292711566438594
-0.264665962708609
-0.229900386694389
-0.354414289522952
-0.335358906515846
-0.229192711499368
-0.27827566488255
-0.285525086003546
-0.406146619375581
-0.43323000741752
-0.442571245387901
-0.388074053511077
-0.366364278906327
-0.374130787128928
-0.274153493607754
-0.192404036091399
-0.230032213839378
-0.23844597121212
-0.263369117976663
-0.294793587960008
-0.0849821003150958
-0.216116342081818
-0.192503265717034
-0.246309464150501
-0.146887385193418
-0.227587174328082
-0.275286589350307
-0.294245548778898
-0.182975360374618
-0.348437311266406
-0.329233815237903
-0.282661970386835
-0.31383256406043
-0.207138780616748
-0.338166249330396
-0.366515679842416
-0.0832252359646315
-0.168756956731507
-0.260659655268645
-0.196539365957289
-0.361433579657159
-0.123524954063158
-0.0817909854256682
-0.117436486270278
-0.287493484826538
-0.220560324512538
-0.305226428262492
-0.307228546095449
-0.305186041208763
-0.232318263997986
-0.217257624632579
-0.26665847160389
-0.310096537555334
-0.195741360177313
-0.298467268485335
-0.272791657367289
-0.183887765684884
-0.277300681270217
-0.367294779669845
-0.217212548004938
-0.130413955179837
-0.185460972455991
-0.204691523910112
-0.113184446160772
-0.268091955321078
-0.263519178016313
-0.282905809649447
-0.14568155793493
-0.196865705788275
-0.0965440438205834
-0.130756552944066
-0.201882057000816
-0.116394320866409
-0.177434088360659
-0.108859342901879
-0.252793414237734
-0.244911002354886
-0.0822715829827797
-0.183224719623934
-0.0260189232852399
-0.0993758685248215
-0.272638400273889
-0.284161579860864
-0.196417696858711
-0.142223092956329
-0.100164912771798
-0.137239739161392
-0.127090959186775
-0.199701456737208
-0.0286267244663691
0.039218743100137
0.0485328811792372
-0.0347831031569786
-0.10099235705107
-0.12195089598401
-0.251747401490011
-0.175363350065304
-0.182044684108786
-0.10535569300062
-0.09813466673632
-0.197602814699147
-0.321052175646044
-0.13237097655904
-0.127416815754717
-0.273106248606002
0.0193022096772119
-0.16485326274213
-0.137464592753419
-0.101765801041088
-0.0960320365826179
-0.0879953288936494
-0.0880125403381232
0.0490225204265112
-0.235117701018367
-0.060428128992212
-0.0519919094156973
-0.182527662584101
-0.12969065103911
-0.0253062485527675
-0.0650243693130042
-0.0943051327001785
-0.00469331675235446
-0.144397413939647
-0.123088269133705
-0.078620594795814
-0.0414415752059248
-0.164173842283481
-0.113487828336977
-0.153060708730885
0.0327851203993799
0.0161759775889715
-0.208579795564483
-0.113169603128937
-0.0451187258723369
-0.197163952869849
-0.0766656788762589
-0.0846366327388163
-0.135256322728771
-0.0672607707681393
-0.0797666994228171
-0.0812681688098144
-0.100043186179175
-0.153986981382211
-0.0903019340564042
-0.020300731020273
-0.118174904344756
-0.060086447928327
-0.128754207171855
-0.102689758253034
-0.0518229209168785
0.216365507058869
0.0127962848022946
-0.165240157549859
-0.102264754777488
-0.0515514853809437
0.0186841603313447
-0.000700736709623769
-0.0218082047116893
-0.0104139227782579
-0.0621609773026221
0.0496687370791882
-0.00948916098772724
-0.00492088271181912
0.0154956785071586
0.0386340240821752
-0.0353083039074655
0.00426117174814542
0.036776983230479
0.0329462596840255
0.151434445688614
-0.140066171488804
0.0212241519210012
0.14346858705026
0.067205247872404
0.0224346114453387
0.103128088694339
0.0947313391394309
0.0193068943794011
0.058289081495657
0.156542146466314
0.00229269500555507
0.100977320214043
0.0961563837969321
0.0863117605008844
0.0311929485946113
0.115397064491919
0.219089731839487
-0.0243159741456123
0.0968883921085081
-0.0270881413879658
0.0504917887292123
0.0140923972404197
0.102606007089463
0.0784907965342058
0.054699408487649
0.0897578513289593
0.037758931898006
0.0686408037748353
0.0561468166530489
0.00849680824746043
0.0665784021307285
0.197478261618312
0.0617053590866608
-0.0759908091404823
0.226569103702416
-0.0292235980937364
0.177632942400173
0.115628933920743
0.0655918920637404
0.0572584490833725
0.0496643163429682
0.0939167876386287
0.161728825099013
0.174562802737344
0.0848308389896765
0.0452395469487405
0.115649297264587
0.0475847985397269
0.0840198475781447
0.154992961360307
0.172131966794118
0.212363016145694
0.0768510927984733
0.143010932037793
0.264292855448549
0.223338058835392
0.0419704510101944
0.21329332395521
-0.00031617836762144
0.26912196352216
0.165214208165972
-0.0946715941656402
-0.0148915582613132
0.0462878987687536
0.116986725078271
0.0186884777277587
0.334529907879411
0.0632006348722013
0.0773468288212816
0.216939592488699
0.0452463746493318
0.0907906986201118
0.23453459658993
0.146339861430036
0.231283394339427
0.0042600996345496
0.0742424633539034
0.0947016189590926
0.0705705025788859
0.030421768511763
0.200897823475095
0.205823951734783
0.278867766642714
0.272154923187972
0.224456259853801
0.288674923152156
0.230166705243113
0.239650577597415
0.180834930897595
0.151172557278021
0.160339545599521
0.13378742977292
0.114929820810303
0.180594117681648
0.26797490860671
0.17087905423942
0.189241767594776
0.16685523400954
0.144541951142513
0.210652976312698
0.294077234588447
0.0263402233089717
0.183614254049181
0.179939597645097
0.15508295295351
0.0665538598612217
0.265494257640108
0.187904627366553
0.272290035386252
0.230700168763301
0.279984279103683
0.288745339677954
0.226703289120627
0.29885477079455
0.180016219889118
0.304554464337274
0.176673817959694
0.1151482360481
0.202940046178094
0.403001201243301
0.254963443129223
0.25504785644626
0.0531345671286145
0.271353810107582
0.184920410169764
0.205982584334516
0.0938011336943619
0.248383824157466
0.391115231481952
0.236622206946324
0.17740272173459
0.375649226728159
0.165648063866251
0.4000685653464
0.226076231834882
0.425097265299176
0.344409204355397
0.261565890043706
0.304665612917999
0.200232808102538
0.268084781435373
0.406814494964856
0.389278277291545
0.289139962313184
0.258178046368541
0.253137359020953
0.186024882281301
0.216584535635812
0.193084059020159
0.293156695089808
0.441383561346131
0.333014631046817
0.197859025889545
0.317226428479696
0.282868590853428
0.452899121962359
0.304185397694746
0.170202368867973
0.37565437918009
0.21122639208486
0.283476269124448
0.408619433113714
0.347759330312246
0.428622843504239
0.308796679737648
0.231478976309884
0.209536382068019
0.323304952127538
0.239550617911111
0.39405850197453
0.363567009212327
0.287531953503278
0.461802898805712
0.47393561338061
0.185620176593015
0.288656060531756
0.250972821319561
0.283838902824336
0.303633806670656
0.288172252413397
0.379589441531743
0.371823823451247
0.499452931746784
0.321915716673763
0.443932843449604
0.352492995070874
0.385236543244116
0.401515900533405
0.388079696936244
0.489474641308911
0.390780244608401
0.479748777204278
0.430691461342877
0.28121385719374
0.455816206820614
0.505313400676384
0.45048762112851
0.42549270042
0.509647565719029
0.408862212516237
0.423451753323443
0.485735670536282
0.380024208091597
0.368360060040718
0.512132837490854
0.451512599188695
0.420167714150899
0.44423504450145
0.375282739842206
0.384250295753547
0.394028999698383
0.460988547064062
0.583027182318029
0.391845632831613
0.428414221897588
0.588940683227498
0.487151721375681
0.526963811110085
0.364004267932524
0.495404766067268
0.39314248357323
0.521780787643594
0.421347640801686
0.300795326370133
0.406360594035428
0.459431754302845
0.56664822483174
0.519781583828798
0.42632757384786
0.575721640269634
0.47983083528603
0.554172197928404
0.467021453288876
0.496478140264735
0.543536308986845
0.469658073762142
0.295776786140035
0.397138695547867
0.585138887034226
0.492665922134789
0.497395274071033
0.567956377004008
0.567673560431114
0.539808224117019
0.584084704191856
0.433741367957158
0.523330272096507
0.426843971742603
0.488472882403785
0.56393160871411
0.570202953944977
0.472375966040635
0.568589363265293
0.60865249528392
0.589041969959652
0.636473920657456
0.525093375414431
0.481080420024175
0.625443043467813
0.56711470597571
0.482504203742839
0.57488464625032
0.584219283739254
0.594840015576397
0.535827303999222
0.543213012005534
0.446737344640095
0.502852361688583
0.498122831519576
0.554830365417696
0.495344089508099
0.494896117168839
0.599315563893155
0.662730836548382
0.609537080052554
0.61369449315594
0.56188363699035
0.613094862133348
0.593906204575456
0.657953491766767
0.544364297594695
0.682268845091347
0.554465522129045
0.65119934183216
0.525425089912155
0.501705444850655
0.460868175081606
0.526062083959805
0.528553593039505
0.657467384028395
0.699478297870795
0.542723906235541
0.669701315462349
0.709724310888219
0.621404151004158
0.581923260964327
0.453597977217841
0.53724534078324
0.426222018954669
0.645310484842687
0.476623777553634
0.594410516655538
0.534095018561279
0.459846548422497
0.545056697360446
0.702426864922058
0.638046591859268
0.813638120558846
0.694426736990568
0.652507837539209
0.563406038506055
0.718245396539063
0.713665723697332
0.580109627692884
0.546774947713524
0.688563279043049
0.622275275383429
0.657298887914631
0.589068032315252
0.739084040811519
0.67663078141135
0.539727768453765
0.715063391952097
0.658415309987314
0.676290319166822
0.780592725776662
0.610752154356077
0.694493207087666
0.701456105284005
0.735805542741869
0.719511637958656
0.623509148692133
0.674931637147428
0.651298384449834
0.624970665501865
0.623527683146088
0.732736455757227
0.721873586978954
0.6751724724095
0.604524612225011
0.736390163912489
0.690317435955674
0.670355700673301
0.653249674464146
0.660204955389412
0.763137060354617
0.55579664389776
0.797247348768635
0.67189277592622
0.682799607284251
0.782118577130405
0.523635590443324
0.758036270598059
0.701689471319303
0.869473410429316
0.644815254233293
0.752055416009186
0.653447077102008
0.500970525048182
0.764419671608292
0.840448139289655
0.707861028812798
0.630032470843517
0.676124495438094
0.787877127284708
0.722770240975797
0.757375793224578
0.623592476287787
0.804273999844718
0.888678459400617
0.655344433917302
0.705054321288788
0.742456223319159
0.792039259325331
0.757957807729449
0.520098356856415
0.810214558202432
0.843603679755413
0.910682837256551
0.752745409073125
0.607099266002139
0.694903154419755
0.859726147252567
0.91850056180237
0.856548131407897
0.762476066618427
0.880777309838776
0.670889652564086
0.733938825233491
0.884973656448198
0.714097254047653
0.833223688399485
1.00859959181459
0.714568998341079
0.798075007662442
0.903279607153141
0.873125819017934
0.783715627801202
0.896354037221034
0.71389860707667
0.745407637304652
0.831831101281335
0.891641109636021
0.949897106929085
0.703328679282069
0.902900182579138
0.831624696227134
0.897598282976791
0.694487574652649
0.803517850069476
0.710924304664093
0.865784862888732
1.01715055247927
0.74997575702884
0.766969767284098
0.908260850164666
0.913674835149828
0.85739937291499
0.942841471106525
0.781118246713109
0.807116183800804
0.851770030273964
0.888505090406388
0.771445546248612
0.826244729332124
0.873231126398309
0.724612012047575
0.809677435772233
0.840709432661224
0.913323299756291
0.90180578418296
0.855022153400046
0.82187304533223
0.858918731802144
0.930396343640872
0.859073586100076
0.924804183888862
0.932164070183154
1.03960432897285
0.883791129071523
0.877615932396411
1.00654481446065
0.74229730729737
0.959541534806617
0.807009414056313
0.773626015016643
0.842143428131584
0.842614262070451
1.01286492329927
0.902681546531948
1.04245834283361
0.882280958553869
0.92463949689553
1.06729688816357
0.811083485934544
0.857078419110987
0.911849142191481
0.918871412897025
0.857367902915267
0.925712437428037
0.927484498046097
0.809515183565342
0.870049860772254
0.969232496342344
0.868968706714659
0.860453475241062
0.905447080766353
1.08230815536226
0.817550576092686
1.00983654327301
0.998728519994934
0.834083954055296
0.979289171093227
1.07888467529977
1.03344712090333
1.00826587994201
0.878719651286384
1.04570076915008
0.891269665116569
1.07562566122519
0.998443370880607
0.834457994056677
0.981838216292964
1.10229800614857
1.04023971257642
0.970502089554053
0.961484042766876
0.880710519479586
1.00532240018334
0.907017390967921
0.964151216563463
0.986062151023414
1.02692049076044
