0.02868967242343
-1.0836192954076
-0.837848744584846
-1.01108640076591
-0.79773227484076
-1.25333317462138
-1.1537162698116
-0.971617774645168
-0.866087374233502
-1.06139854205252
-0.887304512847804
-1.09495985018163
-0.996533040683486
-1.05768592691781
-0.948556518952249
-0.970874053075687
-1.08883565546781
-0.9846040396387
-0.933200679659719
-0.992160594556373
-0.965621861991252
-1.00603131542899
-1.14352502118954
-0.98959285667019
-0.979899621105148
-1.01162569262335
-0.908579142672604
-0.815424436759749
-1.1108869310524
-0.935843332682655
-0.892025388800832
-0.633190209315474
-0.907738915184567
-0.853270107407448
-0.911297687112326
-0.778303208469995
-0.908745337166653
-0.70216868912181
-0.944088642742598
-1.03160063300208
-0.850373408722914
-1.0462175027059
-0.944723211287586
-1.04021804296579
-0.868051281208747
-0.978613408518475
-0.999522394970165
-0.909308161997127
-1.0140365905485
-0.881680949852839
-0.928519491004325
-0.970357184877915
-0.918390014259204
-0.873636659473481
-0.851699170623797
-0.863592791105039
-1.00004671064742
-0.752818185882814
-0.711755199844713
-0.928393891026418
-0.888451051411506
-0.837445505431372
-0.861405328533421
-0.892131586979796
-0.992539335125108
-0.980817773665862
-0.7713433493013
-0.859331678851601
-0.831498905090046
-0.928378434969231
-0.892351896925028
-0.895764224204406
-0.800104095875738
-1.04149834106502
-0.872863334183021
-0.770073579693897
-0.909809903535503
-0.832410026281716
-0.653731383667766
-0.929415152663986
-0.851490917627257
-0.772031503264544
-0.750550372267805
-0.852083048422729
-0.843411568823268
-0.908380047342969
-0.895555353230464
-0.853232456503613
-0.876517448510108
-0.768284218829054
-0.613173883962832
-0.737882551590687
-0.834904183829093
-0.672787999970429
-0.825144713707509
-0.815962030257323
-0.712491586647056
-0.689381638791077
-0.902667338553856
-0.758216844444703
-0.851032080034161
-0.909253382490557
-0.750638294070528
-0.72662518965163
-0.859214857315835
-0.821959560897168
-0.765102218684963
-0.786595704844112
-0.837537080004061
-0.675382306062364
-0.86511173589199
-0.754912552150133
-0.92465691933733
-0.802331275863956
-0.803446803238993
-0.734103379535902
-0.643721254681444
-0.602872463568286
-0.706613607279579
-0.85683577608593
-0.664274138403351
-0.833193985892748
-0.63331038263933
-0.75854361315278
-0.809197410616042
-0.89780126506184
-0.647692552496265
-0.655620906991382
-0.739046246450991
-0.750753555842036
-0.712506878865772
-0.679417729628973
-0.807649114204774
-0.65400920849497
-0.8212843921231
-0.713016407879166
-0.69889370187516
-0.843829119746936
-0.735321805213395
-0.686708342274536
-0.73869788500763
-0.817748589704601
-0.680527585519206
-0.580812442106248
-0.657289371245782
-0.747996556228523
-0.686672477781397
-0.593362165386925
-0.789015122250607
-0.776753256491799
-0.735492194694959
-0.618730291188203
-0.70561033140518
-0.638308314347348
-0.79953797653488
-0.715924605662153
-0.680671717359876
-0.620305637942742
-0.622425899525724
-0.701472097284631
-0.632606015761619
-0.585993515635248
-0.745693261895213
-0.756649960796795
-0.6127842810171
-0.542705131022193
-0.674228346480293
-0.659441685551401
-0.65685356370106
-0.708105448264089
-0.55100659258794
-0.622711165806819
-0.560044747896352
-0.613616983172042
-0.694500043745098
-0.628928890180075
-0.76233137401078
-0.689280506242592
-0.701924279922331
-0.660594372925158
-0.696975958811014
-0.646373744825612
-0.726328292924941
-0.655883928488906
-0.779614994074296
-0.570928142896693
-0.719228966269674
-0.708768186228045
-0.636151803381589
-0.608854634599347
-0.713069815484014
-0.738950930056218
-0.773624942983949
-0.46418267861249
-0.735390129652208
-0.643039450527863
-0.572051909476775
-0.607571439953294
-0.67043031444432
-0.621996072722124
-0.594612728635897
-0.659736666161735
-0.632336107058305
-0.517803421920044
-0.684692914494573
-0.641706949042275
-0.544841451242094
-0.546014930538072
-0.571642248721144
-0.720295486966023
-0.373576227973503
-0.616838695142384
-0.587562490938043
-0.790279798307199
-0.483164668325812
-0.716905315691916
-0.5973848696616
-0.629062277743795
-0.571545168358955
-0.601900039310017
-0.556950752032732
-0.592361189562289
-0.574874970323821
-0.605432739629342
-0.521604039318948
-0.653095393711711
-0.632144244534078
-0.646900453462672
-0.477332537376769
-0.578346564736825
-0.602485151170216
-0.507489923103825
-0.344486942323171
-0.569817025583694
-0.482835615458694
-0.434922205709518
-0.591895450418617
-0.677527241518686
-0.493178684079455
-0.544433577793444
-0.386016586386332
-0.459247876725958
-0.524569214871199
-0.569993181583845
-0.620912497881155
-0.423907893183436
-0.496512500713637
-0.411677064466911
-0.467537573014417
-0.514879999556691
-0.413609963160802
-0.410507685252718
-0.555879770132728
-0.414520398415882
-0.5030355560828
-0.506205512202346
-0.394859933010657
-0.377381222621121
-0.464751927476428
-0.361745062444459
-0.355478937755243
-0.343859895553951
-0.627746176759038
-0.367375755346538
-0.510648567510097
-0.400746125853595
-0.314022216172227
-0.438411839360741
-0.54225075669075
-0.454965340655063
-0.433369750664167
-0.427432880767317
-0.338400632181696
-0.458073722542216
-0.460094478157875
-0.431838065966642
-0.565956910082417
-0.389139764948968
-0.470977548456571
-0.370287652991446
-0.361217477569202
-0.387770095719961
-0.439423313799386
-0.40496794228775
-0.487500098591255
-0.430075340805399
-0.429890256017881
-0.359326297162223
-0.465735946102781
-0.418735210034457
-0.336215453368602
-0.44439733644572
-0.327662661845492
-0.303531109015836
-0.437362591421574
-0.305893826507199
-0.360747460601163
-0.451984384570916
-0.440980331728446
-0.466297878821329
-0.318468194610905
-0.465332787795458
-0.323125142125087
-0.40679932324139
-0.581943315605676
-0.333883824257505
-0.219373109935097
-0.426125337797241
-0.448311261402397
-0.297662349103425
-0.455217448187832
-0.39253593472728
-0.406486279394831
-0.415102040875212
-0.204724703393555
-0.390697118550174
-0.341861155828498
-0.460322403286133
-0.305036104238308
-0.281994584917389
-0.436558779130228
-0.252720127529449
-0.344279002328686
-0.29511858757975
-0.293050198160727
-0.334395200640654
-0.369896315638294
-0.415288275869066
-0.212214653968559
-0.254698105176242
-0.476761632636415
-0.446127751582452
-0.352167975593006
-0.291627184439493
-0.310734002008147
-0.231285250277581
-0.319903655181456
-0.239144595498218
-0.269776990662515
-0.395416660052868
-0.327673961613568
-0.294280583757978
-0.279314895828442
-0.407922791728475
-0.417577014510151
-0.36474033023217
-0.186581714615668
-0.22921421586286
-0.325641815659797
-0.389003205327465
-0.356940486855676
-0.211236257352307
-0.393717006423902
-0.212408644117478
-0.293966537442973
-0.477795651039968
-0.388426084476676
-0.244424548625706
-0.302895154521677
-0.282783226081302
-0.453601371731507
-0.322353847436932
-0.406887935279336
-0.215036159236039
-0.270281943443851
-0.104834830850095
-0.278960737207307
-0.421437868354156
-0.319103604434306
-0.351147587001486
-0.187250998064916
-0.296371098460154
-0.295107787704943
-0.282587511427262
-0.286459414184649
-0.218852315110305
-0.220433537094354
-0.248941506232435
-0.305147431519935
-0.262195282442555
-0.159368144200901
-0.275167371945452
-0.143202311173735
-0.234507641753452
-0.120375190155547
-0.328175433822968
-0.251336416589476
-0.224423934658087
-0.144303259493742
-0.211336851909684
-0.156770244228433
-0.16647955180712
-0.25756160075643
-0.220188178290282
-0.340765739620695
-0.315056473881814
-0.275935964883737
-0.254149608622137
-0.276514722791343
-0.161995832146972
-0.221165458355614
-0.206884105581902
-0.200829572044549
-0.294805404853972
-0.190469652067769
-0.242799922275392
-0.200291176413502
-0.089705926299388
-0.278280956274587
-0.27217165624766
-0.267202948930872
-0.248188654634261
-0.161004876405526
-0.184206587299713
-0.188810505836495
-0.0610869860314771
-0.208078631435638
-0.13187015638788
-0.275093762295079
-0.121429267259509
-0.191891795493771
-0.234379451559955
-0.193463709068927
-0.0358265159948303
-0.070504399512118
-0.354064253897785
-0.139442995283437
-0.149859714583201
-0.0866503493047174
-0.0790048715095432
-0.0180450050175481
-0.091688767566817
-0.174740553309539
-0.284998083007805
-0.0701108549987429
-0.226160102459442
-0.186477608363695
-0.277939576232264
-0.0111545354645178
-0.00123005289123476
-0.104354163609798
-0.0859918693943021
-0.0646842259334569
0.0274282711152166
-0.110649811919696
-0.182955544805615
-0.0553889055954282
-0.00943982590420111
-0.0412465483873098
-0.151784296275716
-0.209211225156871
-0.0882430021700758
-0.0890911466729098
-0.163306315816833
-0.0432907945701366
0.0309648742433926
-0.00508864185145251
-0.00778031461961362
-0.146478994104147
0.0351115944447239
-0.125485741305175
-0.146661505062365
0.00826787478630409
-0.211803089722124
-0.0765739712710742
-0.0721139597422448
0.0291919694550905
-0.207384367475752
-0.0607995553626116
0.0066513961060436
-0.0152379385716247
0.0294531516582829
0.084222557010961
-0.031323407244724
0.0272054691100872
0.0856760783578264
-0.0993821282073278
-0.0558076988113352
0.0585901359684973
-0.0249255860170617
-0.135288237157404
0.0602686523109955
-0.0165530326819798
0.0765575620074274
-0.0563734636061368
-0.0943028030835086
-0.00673749677976465
-0.000529148887583236
0.0487452134589802
0.0165538339498056
0.0826754561619901
-0.0579307678158364
-0.145314867871034
-0.080498531054987
0.0226073015436146
-0.0676497998285246
-0.0572175616198538
0.0541968122759262
0.0200652987875091
-0.0595718756983374
-0.0309744898733733
0.0228793953897887
0.0148764140184004
-0.240961259359472
0.0503698324332115
0.0741671418513614
-0.0831992271102007
0.0588090962506957
0.0538041727190084
0.0531486911062019
0.115207999010058
-0.00537365098663796
0.0683303169687537
0.128026655832824
0.048517789033819
0.00259772341057624
-0.00982595763056504
-0.0105726348792845
0.00737306158172292
0.0561564397634069
0.0478079583287341
-0.0141282278230543
0.0357422627465282
-0.0334481394763105
0.0463192922691911
0.165055042950439
-0.0341979524757724
0.0772504351706109
0.0183594165973131
0.2165002313822
0.0562022782224003
0.164559468483374
-0.0145340388814361
-0.058632181142984
-0.0454534730037877
0.102202902865179
0.0548167860958781
0.154646138584898
-0.0918321904480045
0.0615286811112684
0.132952120603102
-0.0128950255457875
0.0688928172407264
0.165118799394448
0.0831204063678538
0.055266126979073
0.126242586498351
0.0702672942796753
0.138572800944871
0.252275886887839
0.0584142774999357
0.0316569034049754
0.172560568111296
0.0578997617343716
0.0657345508108122
0.169054470829994
0.233731494682117
0.201518637719788
-0.0179979452019156
0.183775882694033
0.0970131539606864
0.192400189255549
0.231725974861701
0.0559725923506515
0.0982064779496421
0.153614545557385
0.0408686475271124
0.0699291430284741
0.195321654268437
0.122161641338122
0.151439437259228
0.117478492576603
0.100456319405804
0.15334630233307
0.125194209913508
0.0966671368963962
0.150962646230111
0.125778148633274
0.31527356221916
0.169591296908172
0.00531661827696446
0.190131812884388
0.253486748818761
0.138189458202454
0.176501522284466
0.172791969182275
0.223684813387413
0.341251373429518
0.208267799890251
0.0765597865868445
0.216695550640268
0.122981697186609
0.16798892085701
0.194067811675456
0.384642217901444
0.185289484659699
0.201683947787729
0.344113346310063
0.157921442415319
0.176506967931996
0.219172080970365
0.211426910953425
0.0929607241767087
0.213145757383947
0.129041366862903
0.259016194161751
0.183780581280439
0.252472563096485
0.281971021035617
0.13503780365542
0.299872047896435
0.143110543261244
0.136263442157807
0.256571964248468
0.326694641143229
0.0959604693434451
0.0768636599835647
0.219501372793834
0.291078719190469
0.273433027581097
0.250321758377809
0.120449834798583
0.044448726238733
0.276074864751995
0.429788604711538
0.258447305181286
0.377989456564633
0.306074411768041
0.110220265930981
0.259903483404043
0.156758891329791
0.342376794202563
0.304575706218157
0.152855147905362
0.284523662286716
0.24808877553731
0.352395402795522
0.302991452615507
0.341830537487497
0.218559232019238
0.2514060053403
0.179560091497556
0.259381165612028
0.204724201752542
0.21151279435218
0.363371684061115
0.256760267873265
0.446063857603688
0.312626557730657
0.379480188691718
0.400779465552983
0.224829217561218
0.294009930800028
0.119056300882751
0.23188535993679
0.424753274095704
0.299136533879867
0.373173657429848
0.238294451448083
0.415780473624368
0.293854852552914
0.285488492612132
0.33662965095969
0.195608940663967
0.354419460834039
0.277885019235933
0.335966778716935
0.359518222734621
0.364298678951578
0.274242902790177
0.240627792574575
0.430976057325245
0.398080598528329
0.315440213944938
0.399433118626016
0.420239108368177
0.382038913014955
0.302964856447681
0.386850607076987
0.401102496583913
0.50683492184204
0.35716859142311
0.444166723738199
0.54016532154923
0.509697539215992
0.392057358496153
0.243154595979315
0.389141439935777
0.601746788706871
0.396841652321249
0.50254969310765
0.179975018293165
0.36088057730859
0.39040830305247
0.474135601954212
0.386695437693328
0.353206263092083
0.398641242611212
0.451635801851235
0.285146876067627
0.312579617460713
0.41391012667582
0.406568761985839
0.48634127274474
0.496797709006335
0.352835169734919
0.442077955370082
0.442320232831309
0.499282031411189
0.372754887318579
0.477590762259249
0.308278482428773
0.352921090156115
0.262989169401759
0.398950504779287
0.504948662234831
0.385919678210705
0.283494805709237
0.548344665685682
0.406310636051819
0.544233287154537
0.521642002402472
0.291071128485139
0.467657591963403
0.491465144767172
0.398183161576874
0.411167958735712
0.427609801684731
0.436747140024547
0.371189738719553
0.456430090364257
0.338663406271372
0.389049965249694
0.591902728059414
0.569683143474093
0.359000436163872
0.400531933139363
0.486157835118039
0.47874168692453
0.496042975336931
0.457660457022703
0.536610728822897
0.434745128762194
0.279092021275586
0.382568254281326
0.545392437343973
0.474839427744766
0.430393291683639
0.485066803872363
0.530734614508276
0.519114999106763
0.442661454883763
0.440209151289369
0.423071538965001
0.401427510008064
0.483415321264468
0.423586739465149
0.495482664593706
0.30996457441484
0.576357943453592
0.577649573498829
0.508044824459577
0.50227363524868
0.473681254958
0.532294897940495
0.389673078877174
0.517075499980013
0.498642938187948
0.546503291417518
0.357683972422621
0.577710699157934
0.57664616480622
0.525480069580731
0.496420835008186
0.430385348873602
0.490171272540131
0.568556686797264
0.615059077377233
0.46083653985539
0.601614820711186
0.423577388377209
0.551944586455073
0.564824318848551
0.480130826079914
0.560955169732586
0.615272529039707
0.689726839254822
0.692153770248833
0.578524850909231
0.60558551824227
0.65230529405259
0.535296848594249
0.406254973047991
0.557389647034738
0.598991204103528
0.59253842823096
0.763609539361239
0.580931665037877
0.467193568020262
0.648908178264719
0.671952238040573
0.631040849253957
0.489473207504771
0.664361525522475
0.682913296775015
0.649174339664294
0.568619405547828
0.64464423252851
0.572198535786195
0.613909573155971
0.608439166457095
0.640933934926814
0.619488766338131
0.57525972053414
0.501859763790147
0.756553701043043
0.580809026899866
0.652899906644088
0.58350791347978
0.717035136855436
0.586970116340906
0.656923778759879
0.534790296357664
0.717414363723025
0.587967404971702
0.606697354263957
0.465038538634987
0.579552184779462
0.797838647661454
0.69352354171993
0.929116570480973
0.645642614811899
0.682784810650718
0.614701154799525
0.627362436805914
0.635607598778226
0.573977708719095
0.671058739064476
0.632839130456482
0.61728429729153
0.656755329115527
0.752362158839564
0.717289387054951
0.765410319421138
0.550611283056082
0.604915215782963
0.543812158084959
0.800575176085055
0.811484422790029
0.782570609598346
0.698045111471558
0.681595338353148
0.629411301846513
0.676678588733432
0.684932013118721
0.75619782983214
0.631455160778408
0.731358098219445
0.843188520466408
0.706497866423684
0.576256185217986
0.57561865717197
0.756462414871834
0.632383037022041
0.811609406967906
0.729449111648004
0.78056618018391
0.793312421108707
0.687751683620532
0.676771112415241
0.828780833892302
0.656112567655618
0.778306630907927
0.746190592096652
0.669942884795162
0.700167294093768
0.707611091862818
0.808804963106165
0.758886729545265
0.771169793665673
0.832146896442497
0.697580063965008
0.739586432677185
0.679661455873131
0.75940877122502
0.810287231624645
0.742812574772676
0.716788109164718
0.761299714342129
0.733662708542716
0.801135367662478
0.709329372688704
0.59014703690893
0.769801723287686
0.969020084118679
0.781483407866135
0.89572509453934
0.789933499011228
0.662662836385747
0.760198816381953
0.850330905004878
0.713572056905926
0.714925810003671
0.650738520827721
0.915311747284315
0.590965549771373
0.930679531888077
0.901151873252413
0.888564087611833
0.799399463135343
0.771290459087341
0.706374053543726
0.926780080094361
0.789135111506367
0.904024233630069
0.806615372380934
0.8366250499004
0.845368788369822
0.810047844765913
0.948607130600167
0.967431603498128
0.734174748367159
0.91294607708905
0.805240399869881
0.861517911658384
0.890221363250324
0.809430802517804
0.758940808628237
0.826740822368788
0.790955822903122
0.937994235047114
0.785310724954453
0.755083755495503
0.835254427514188
0.891185242892969
0.799323773355301
0.778547320074306
0.870055327521276
1.03170683306536
0.859562100081771
0.905954648022163
0.930109005784685
0.859116446050527
0.906905445439129
0.93102784218646
0.799412845488762
0.859531170647569
0.90160022426777
0.933137511671543
0.980876379640163
0.830474884976841
0.927598205757378
0.755404728146558
0.874973866873359
1.01598684311261
0.859412942063177
0.982193308813704
0.897555083359704
0.829947307959983
0.993396296178944
0.961863781192421
0.914084108726432
0.905248694564889
0.842376913764337
0.920756027793606
0.847354994769188
0.897467322575329
0.784335834675128
0.993689473712008
0.948149811131219
0.939210070468547
0.965592271786879
1.07466690016842
0.923957702171249
0.950627142225943
0.898757379333953
0.980659418467222
0.833735586093085
0.958400246985738
0.898237693350218
0.894558743425095
1.06531160106841
1.05272566651572
0.84006378275752
0.807697684779384
0.907042063521857
1.07685356425379
0.983685946286543
0.912218266492901
1.09264269728899
0.840852037534393
0.922105176932554
0.979335704873269
1.01027980892098
1.14566554630938
0.903897281932338
1.08192445912081
1.05130818495686
0.953198863052951
0.992662044323932
1.15308034051733
