-0.077057405974237
-0.850859405443631
-1.0400485838853
-1.00186906737342
-0.888186421577916
-0.989957544151503
-0.899789038151324
-0.938981611140251
-1.06420215762566
-0.942964525141996
-0.89253842391027
-1.05690095143925
-1.1043846715638
-0.939036167043872
-1.13437024489404
-0.928806811969569
-0.875074013873952
-0.967799375490232
-0.989319316905935
-0.87286942408407
-1.01065537837624
-0.944557601798954
-1.02124123951228
-0.908104732464074
-1.03593551147082
-0.960923810959902
-0.932541099356201
-0.956439106754827
-0.887394182980184
-0.824326383136893
-0.851297058269385
-1.03146509605986
-0.99548824620975
-0.978790001339113
-0.684526537651711
-0.914301186918605
-1.04596281960626
-0.957263050215736
-1.099399867002
-0.946187112443282
-0.842704811808071
-0.882852901564654
-1.03053976439069
-0.819607507734535
-0.796391194191475
-0.810584157654263
-0.873560663502013
-0.861929569326437
-1.0289863858449
-0.846698369762588
-0.903332915114629
-0.870129676802875
-0.82630725054346
-0.856235172395145
-0.891039858447017
-0.934013840797967
-0.950376402824434
-0.902695736740725
-0.970847050338862
-0.845379103906985
-0.796809518544856
-1.10220160386226
-0.921614038490573
-0.896595632432745
-0.863631251351527
-0.815516090371676
-0.97584871827527
-1.02617340996646
-0.936595114469548
-0.689827762291722
-0.894552497278051
-0.880150209533192
-0.982524284581887
-0.836617031466936
-1.00343395041566
-0.819807399342827
-0.804514740163389
-0.834406296053458
-0.921590460574611
-0.705917442858844
-0.726281889944184
-0.728035877007662
-0.82621079051595
-0.822634110001015
-0.878230647872723
-0.950427188158502
-0.910758630237428
-0.849141737302612
-0.853455170186237
-0.780966756892491
-0.731554606007564
-0.830462355018942
-0.75210863387568
-0.72100974048803
-0.800662643235905
-0.749746936520756
-0.810273962307866
-0.906450468087944
-0.834513408825362
-0.747013208628189
-0.73694076518337
-0.789933234151643
-0.910701027732631
-0.619888533538298
-0.883427385480612
-0.728842441896272
-1.01842813220187
-0.848363784507341
-0.801608811423776
-0.719081690730434
-0.761509454284842
-0.786272264723623
-0.705415884579051
-0.676996232068644
-0.76337827617221
-0.893945620165859
-0.739220877427594
-0.727412049279453
-0.879782528941812
-0.774680522967493
-0.575908040081018
-0.726879145720007
-0.645415439322011
-0.684495453779589
-0.650680542164011
-0.786592891358761
-0.690604405284137
-0.795668691622316
-0.755652120000542
-0.853946385537823
-0.840103524362625
-0.67640226267918
-0.671745362820188
-0.732194636129689
-0.751634442997326
-0.646807782416048
-0.871846886393338
-0.572127185370242
-0.655941430223038
-0.791083513835424
-0.636564564434653
-0.706561156092807
-0.69646666231221
-0.717921072201833
-0.670773660927306
-0.620695353068585
-0.73087583727109
-0.647078595025953
-0.516629416099574
-0.540505955145983
-0.591886540604762
-0.80714638829053
-0.738593030103854
-0.784230661617284
-0.636237781297153
-0.65892709441258
-0.671812221293249
-0.591347902181958
-0.601716468402603
-0.818474207325522
-0.648812768251376
-0.774361609058873
-0.850131790546832
-0.623495722920271
-0.512762314001534
-0.665734036818999
-0.448017392413756
-0.601774885357101
-0.669839729154146
-0.508586341283407
-0.711117827204747
-0.714142045236522
-0.558331365074757
-0.66304679478036
-0.620474795698319
-0.507623083789636
-0.740895704567204
-0.633784976929908
-0.459115741326675
-0.662857630667725
-0.638933786583862
-0.743772550385844
-0.752015060174168
-0.60412118371077
-0.624867026266532
-0.517552311367408
-0.666083291759356
-0.619990977388863
-0.509236011101383
-0.725042271022061
-0.692651415770892
-0.694573027792982
-0.445492054416679
-0.686585573256281
-0.707445980425573
-0.556924546860014
-0.607954648882604
-0.74010921710886
-0.776841559765585
-0.504141585413745
-0.618547625669379
-0.586304745327651
-0.60155561565332
-0.630661555896162
-0.609725806770836
-0.567334128952025
-0.605642015489786
-0.543483003336746
-0.559487700740795
-0.638371721155259
-0.521449415539307
-0.646834331560863
-0.511807709291846
-0.407120300175111
-0.522042617263762
-0.554022221019234
-0.699258967750682
-0.523718837427801
-0.569313193339849
-0.504591318340935
-0.531031993665204
-0.513116253487938
-0.546025760650373
-0.617774490329345
-0.75738077547598
-0.536954027067626
-0.6359045637359
-0.648756814879649
-0.573115930190295
-0.511077664734524
-0.592466658093495
-0.398487198935068
-0.39966886737893
-0.582687199802347
-0.427441567180914
-0.578329327182171
-0.465846011652141
-0.428256160657357
-0.43555120868805
-0.402076236327009
-0.470824947904624
-0.433504936938285
-0.71128393446265
-0.576433619540713
-0.400179156254735
-0.44507842015073
-0.498468632814173
-0.418699805294143
-0.478301479542156
-0.542251358714177
-0.600359069443218
-0.583841801929712
-0.487409035661776
-0.487986951605611
-0.559284738463941
-0.361679397502396
-0.3947999012699
-0.372173547735975
-0.466081915858616
-0.460460624723502
-0.52210020324146
-0.629842053117713
-0.462901804284524
-0.427443523043612
-0.578100554933513
-0.50531959757591
-0.450115422651939
-0.535570309727548
-0.298598827253835
-0.475319515797247
-0.437451034010341
-0.506038239520239
-0.446108775791877
-0.434161083599027
-0.339028216069839
-0.252657924511912
-0.384995824694382
-0.525530944203171
-0.504309995736234
-0.327474311740284
-0.451383277687008
-0.378182565521036
-0.282247337939982
-0.523417648958766
-0.377487989527178
-0.301372305416688
-0.449724987921762
-0.315742439072976
-0.355971138477462
-0.451073577236409
-0.373829225673633
-0.468240284018108
-0.529334037622434
-0.362577503770653
-0.337366315064553
-0.535185033638685
-0.323426789386212
-0.369881377140684
-0.258475101112596
-0.409127546779678
-0.359139877800577
-0.415192387253841
-0.420272765743699
-0.468511251322893
-0.516634855969889
-0.576908498230196
-0.477770676337832
-0.511882380788035
-0.427179256284983
-0.488265378330164
-0.37871786821167
-0.336353525280594
-0.40801913229036
-0.53709760438731
-0.526679370727061
-0.290501389858423
-0.296993576595842
-0.40529343494975
-0.379530782024608
-0.470652125052003
-0.370078127822662
-0.270307240520041
-0.429787153716861
-0.366741237842094
-0.163637894363656
-0.404495766792998
-0.263517683664365
-0.50839556096837
-0.283146126360239
-0.445637064187136
-0.374539504603409
-0.181774942821863
-0.415958662292413
-0.35048046063936
-0.205691924070685
-0.349193685376831
-0.498282772461507
-0.371893603935897
-0.32106634519829
-0.338911289505384
-0.361868566395628
-0.341204768512415
-0.254899845481587
-0.281606896050341
-0.273899752231173
-0.197125964731186
-0.494846106655897
-0.32554931339681
-0.360581757069195
-0.150300928754428
-0.377815242163963
-0.341881442056617
-0.32998819413531
-0.3109539555384
-0.307143100976154
-0.323381497907159
-0.416203126190436
-0.306054433494312
-0.211911479480849
-0.155484903548107
-0.285754892588077
-0.242932742594789
-0.314159863574946
-0.202555989613239
-0.271294715113151
-0.331485689822999
-0.310644976349391
-0.357493572200922
-0.412795933474447
-0.309251634337629
-0.156344234400722
-0.0351938548167613
-0.30253790205153
-0.449081387732748
-0.299899379926783
-0.273609559829975
-0.132519005808001
-0.342664932265634
-0.161242307888703
-0.101677407123986
-0.324527130157428
-0.213735026913327
-0.127804126034924
-0.222338898102585
-0.273430577982244
-0.22149046586186
-0.261419473998157
-0.219792521938521
-0.224606399441951
-0.309191028423862
-0.130480039723967
-0.222507879216877
-0.182080450182685
-0.182329814560344
-0.199611471010824
-0.126532771374213
-0.213802830629724
-0.192323539307508
-0.210023411072926
-0.121457881636242
-0.148476438383999
-0.239817967256179
-0.286597723029617
-0.198544633943113
-0.191064407047227
-0.211693394292767
-0.153517751799694
-0.17076262536743
-0.235276145876286
-0.239649756915664
-0.268304930044556
-0.385984874358037
-0.108880330495352
-0.176994849870463
-0.124631990149127
-0.237542500401376
-0.23703038102804
-0.174500747859395
-0.198603055979498
-0.129334192861823
0.0440132230157828
0.022637529594967
-0.142018164848376
-0.0765343290215493
-0.0908494452180546
-0.151771526872138
-0.108510504103214
-0.145727595265231
-0.245919701476629
-0.0586477436989088
-0.175162133707368
-0.0611161929160526
-0.261125766888612
-0.0413658953463215
-0.2034800827913
-0.246333992016408
0.00946695889004552
-0.115413824557321
-0.129819321313901
-0.0049511696502945
-0.207554839866554
-0.234142485892374
-0.155761200036212
-0.0560062935275893
-0.0716642055815597
-0.00697028650909804
-0.266006634474249
-0.032937425345141
-0.103151327224176
-0.00913583213812979
0.0908525962989351
-0.0621223725254295
-0.163972252725528
-0.103127754675465
-0.154589439559301
-0.111947294857761
-0.10768695135053
-0.127039658785373
-0.126938346674111
0.151413950743924
-0.0611495623860476
-0.118164728486368
-0.0183525897940952
0.0242670861089393
-0.168192451232013
-0.174376656893085
-0.094852597361022
-0.112258176511517
0.0690129728790996
-0.0478667176337354
-0.0548931173710942
-0.104938297616194
0.0837745171855053
-0.0486126168211516
-0.120424660793594
0.0797438759419806
-0.121174840513909
-0.159016154217744
-0.178285821873269
0.0101526675440042
-0.0699370621576535
-0.0612246342492749
-0.0611105022039141
-0.0355705458489711
0.0105384953837649
-0.07629442886866
0.03428690680212
0.0303647223948789
-0.1249755289929
-0.196188230881007
-0.190271751014695
-0.0117932850576564
0.111822541429725
-0.0703774128031804
0.123690799779413
-0.0330219731673905
-0.0263955799756383
0.0198525921336819
-0.00645525739652062
0.102997073213382
-0.00951862687649945
0.0351451386954812
0.0357643567081901
-0.109909090978903
0.0809563969209852
0.0655676137730744
0.0759555272476858
0.062866254503852
0.171949472164437
0.0704090528294393
-0.0235385360160894
-0.103253978120949
0.0303189759805777
0.161080304634741
0.130083805431624
0.046245605079191
-0.122847585364921
0.114337914900673
0.147087946754505
0.0869222299950282
-0.130611752449378
0.0680082482826464
0.00149199032191094
0.0773426010865122
-0.00250113216713499
-0.0403936536296286
0.00187026975057054
0.0775420078672556
0.0765111175997363
0.0417549868690844
0.168664227109693
-0.00756138361654889
-0.0511528507249229
0.0511879744624455
0.00501309200540449
0.15041752810748
0.0574435523998428
0.00814039655314659
-0.00688638447272088
0.126663250449359
0.0143693453216008
-0.0193945483382817
0.0463625241227245
0.132828149365374
0.101240920296038
0.0871721266593382
0.0879226987490095
0.0661243491308814
0.0428041633069508
0.0528271132385872
0.12065489947434
0.0641416953363586
-0.0155179913033806
0.0236856553696445
0.114879477195082
0.0518271639636165
0.103886137596851
0.207976241051291
0.121658133950577
0.10270952177701
0.215046220841699
0.0818229652666799
0.169807991359018
0.111222511827073
0.137995932979351
0.139987482368099
0.162812704439373
0.211946933788268
0.102740218866937
0.185993379942782
0.0805520087275124
0.0825981066070702
0.215857661528268
0.155449289206707
0.0532098433087513
0.209467985637628
0.223383928361794
0.190020424784957
0.248333558909926
0.0866251404290225
0.268691687533331
0.114170570388706
0.249865200880927
0.0731937993062036
0.0494106782504971
0.055968513257303
0.151839634193476
0.109591280627317
-0.0270297399831451
0.00474961881038506
0.118966444368838
0.151085766928216
0.112572894018057
0.101281706380283
0.267928003008371
0.0817734945278587
0.214069828186846
0.279424272558611
0.148200035993322
0.0496595467461404
0.215738238304878
0.246925913915166
0.284797346651126
0.132086840012431
0.276735322703129
0.0443957017101169
0.330355476031262
0.264781358633044
0.185000602538592
0.153328916979104
0.208990731682259
0.0862364270913602
0.232422874637929
0.21227421412625
0.261332168445221
0.264603368087788
0.325989945584597
0.230179519815599
0.224000253210601
0.247280749747922
0.250551567722716
0.264611892864029
0.200304264711495
0.084898437903161
0.269023522207991
0.139986322359251
0.291952693930099
0.28936130233005
0.249084104641852
0.184470254386411
0.411264425283138
0.0999350445283078
0.271112248752043
0.2462959272056
0.215171523154016
0.368343798528317
0.200282735589915
0.14417353328374
0.392522182695779
0.21535550908946
0.28504014033141
0.305468588541109
0.285683751035249
0.229830209528801
0.286371113819418
0.292769383857731
0.268261029738042
0.320774537278566
0.307527015680072
0.314797117658219
0.255314034216697
0.332757778794341
0.21426155615227
0.292939642823918
0.294243919039189
0.373376244023176
0.239850412892093
0.219968635989559
0.298612376047484
0.302678489876536
0.380835015732098
0.39654059801988
0.267176557613704
0.362486353049792
0.253427895693038
0.32443042064915
0.261949925284843
0.236673228710846
0.343349301829608
0.255638778406314
0.367586731633259
0.234352305360839
0.391383381012912
0.400063952745209
0.306508323202249
0.303582814726518
0.331234394163578
0.385381384834249
0.435954585182331
0.155815400376241
0.451267130764063
0.186143893988643
0.378200826705057
0.406035355964717
0.413002709109654
0.345665619804276
0.315416768379533
0.430604337151096
0.388651705537111
0.356041532462225
0.503771376214012
0.231790027904218
0.344839651307118
0.380154776116938
0.430670530948511
0.365337075900421
0.262723110324486
0.305797516823351
0.503873918860913
0.469825357274831
0.348374639024496
0.517968094802215
0.446206314667517
0.52198157227699
0.286779823377912
0.245324642745782
0.29223543361661
0.419859017807961
0.572975588859117
0.364800806894678
0.406739323706387
0.432465528015591
0.483545468052623
0.610652725346622
0.322894707205327
0.366716624423414
0.301548107526782
0.312221353962574
0.408147519302626
0.448136982092962
0.384531353764542
0.61833781707915
0.665797713786396
0.473361416006303
0.442532898552411
0.505134841527961
0.424406736777528
0.388074177297799
0.492933439586803
0.33384573759743
0.278043025969765
0.505505047868732
0.229789233187223
0.384577195481878
0.379669626551895
0.605748439694635
0.412574155938331
0.478248376817825
0.614999804328652
0.511820045699311
0.550303924795513
0.558519762197709
0.36161242549766
0.461611152475151
0.439133888586196
0.479133443392976
0.358976948764894
0.430964338546703
0.526682822430412
0.535597018189771
0.575402176541975
0.453640815945695
0.502599197831756
0.553377140566912
0.334051673615768
0.516681211092094
0.435014990790646
0.315065787750313
0.54411767423893
0.44339421452844
0.556026163468172
0.61082738227238
0.379833588410663
0.459450069478601
0.613200144737055
0.69400903853252
0.561661827956856
0.583205491388935
0.529582352741369
0.592209844130787
0.612283899741002
0.458523260420922
0.566564919492663
0.520219206469405
0.660532157416463
0.45461944536909
0.645189104844801
0.433630426611535
0.483209506338125
0.599600080080661
0.572019192949652
0.604853069345946
0.520612291077825
0.639368560633517
0.549508579448216
0.571273780716566
0.704437584873405
0.690927142378791
0.502094414916659
0.561957022141764
0.637468501439258
0.429276830687152
0.715042669319497
0.501496609813164
0.51833028478778
0.42752425683592
0.550198668574945
0.48934313160085
0.572027638200585
0.470232970051752
0.606384977433708
0.663031466175826
0.656396681998817
0.671066513860066
0.666499267507238
0.622358837960406
0.594828023569289
0.647238193321487
0.640782423483995
0.610577440509711
0.598612958579651
0.602119889490631
0.489422894366043
0.630979358985715
0.545843861277241
0.649826617429072
0.590008018767491
0.640922598390192
0.480887031855181
0.680261514499477
0.683797616593226
0.536946094526195
0.643394992871591
0.569147572811477
0.494638813912286
0.686700989351761
0.54942441290764
0.565942769672542
0.663126926611646
0.582365083245836
0.732318171371797
0.667313724283021
0.680835475214837
0.703765540506567
0.51335852080878
0.784900757358611
0.699226985253913
0.586517536486137
0.591311656191815
0.693420338034062
0.700379799988488
0.506683328868057
0.515673337938178
0.631425297951999
0.601092383964502
0.690454089238872
0.653521671922432
0.669162541974315
0.469015967642795
0.714211255717561
0.661196566996314
0.634216048938231
0.809838447603441
0.763123778744247
0.691544161623962
0.66832892008009
0.785389800157646
0.624001760907631
0.667030260245058
0.741933415400126
0.59739089561337
0.674200994784439
0.540536488367893
0.898717050105546
0.809672779743334
0.615965937159122
0.540227048611515
0.580765862271207
0.647549249955491
0.63891134600804
0.790178443285204
0.736076187225122
0.768653790598554
0.824976194858393
0.896491651995079
0.828086329107245
0.78877435758738
0.546303742023202
0.710873915063242
0.697210310179805
0.748807125894239
0.672426409037196
0.704327786496116
0.768508739164441
0.856311541146551
0.760136129743752
0.731260491920893
0.781948957180514
0.749204371672785
0.687598995835905
0.846106959040689
0.645722754252031
0.875277954879584
0.702785762040332
0.8412873992833
0.863144076729283
0.706125826149219
0.744628487916778
0.823588552163097
0.780816894761341
0.77412366311567
0.684264121561427
0.875484176577246
0.75100558935356
0.814560264659319
0.769935280497348
0.805914923163861
0.825127101132545
0.811041322917122
0.937942518092507
0.839903454525474
0.919768040261028
0.739381756212193
0.905882629236938
0.658375910616415
0.879801877380577
0.921218880823704
0.911282344050257
0.833538792315092
0.917134565839809
0.818335232238216
0.733953102402858
0.820641279096691
0.786339645521444
0.919557756484486
0.79100302640572
0.911002595126816
0.798179387833869
0.877673315356039
0.9035694244021
0.867504168917991
1.05940447298285
0.837113171967893
0.899014928762734
0.986374305077947
0.870015714589697
0.785043468510886
0.731164696278775
1.07086034051468
0.756496314073392
0.914579213472715
0.854857778872332
0.971575076558332
1.0760508446184
0.704324173124448
1.00666574427016
0.785996067458195
0.959651421464161
0.848895503232442
0.902068678749132
0.867552617012376
0.92605670948799
0.919582246512176
0.904148594946813
0.871495075101298
0.928449700359862
0.657325311913649
0.90530569420955
0.863935281505163
0.882034237244017
0.89950627780227
0.957911351547494
0.7226153315032
0.810812792633583
0.906478288385067
1.06612351335812
0.853742738432601
1.0281733882185
0.893280914190169
0.810050627492251
0.839904559606176
1.01320789331327
0.968542895410543
1.08047040811177
0.884898126172441
0.951802972016815
0.962678543591813
0.868579349776972
1.05049437456055
0.927923811539742
1.14473362954369
1.01080436047047
0.95438349862968
0.786409183350901
1.02979018650348
0.8662871721969
1.07218044864539
0.995965703067656
1.15542621760278
1.03457356511188
1.13593257013
1.11902393984821
1.01520218149497
0.921976772781578
1.02658468788391
0.873610508053986
0.986964178338926
0.838945975043511
1.02593610133654
1.15805925263341
1.09861135008723
