0.072756184975047
-0.899569921936531
-0.919033135737097
-1.0019000767254
-0.976260656101154
-0.975461920993716
-1.06018979178385
-1.00832249524311
-0.993061302260437
-1.07399092910834
-0.917160649712968
-1.05253632352726
-0.83771780475924
-1.05950055484359
-0.820756297066515
-0.934562285084677
-0.983298761635799
-0.883878528612717
-1.01339022328972
-1.0915156850372
-0.958553955007831
-0.944108867502831
-0.841089548598379
-1.0130578516907
-0.909997383580438
-0.966824340241165
-0.781321410049772
-0.883813938399768
-0.904741955629888
-0.89067458386282
-0.834938476202344
-1.14804886091992
-0.881861871583993
-0.986946269022382
-0.935157373936617
-1.12829121766586
-0.885709777952311
-0.894289165516945
-0.94192830130832
-0.723697994137309
-0.913564505603241
-0.744802309939934
-0.799699419811816
-0.850938217206978
-0.94308832957516
-0.799386378095831
-0.935208862205606
-0.90086944983135
-1.04122170243208
-0.888716600108749
-0.967538408595991
-0.879060066715292
-0.772080178569573
-0.899660466249756
-0.903371912152177
-0.877595976213178
-0.894253884766538
-0.859658236309168
-0.86903219513608
-0.745415952456227
-0.848238734261782
-0.947690954940558
-0.959869837744252
-0.944349937734941
-0.956005070144411
-0.921354061127896
-0.871882924822926
-0.760639370617991
-0.865849501283678
-0.922692180405703
-0.884764158244262
-0.942128847535139
-0.974008850360589
-0.747374391517147
-0.849160428461965
-0.998660204884515
-0.84861806537682
-0.747865146637302
-0.898515977079908
-0.89558292992432
-0.754329572393856
-0.829171772935773
-0.83859106718517
-0.84524751985135
-0.817075229332388
-0.807752277723724
-0.835960680071535
-0.803357847652342
-0.879103164278925
-0.755427182551855
-0.649361455506468
-0.940785110137319
-0.626206807851949
-0.599070511928529
-0.779455414134889
-0.781497865014653
-1.02457218108253
-0.738877154379575
-0.784189866184379
-0.850512255042366
-0.833539321997758
-0.843015707413451
-0.61319960599229
-0.796813904829511
-0.719217649812767
-0.843278783171722
-0.778056160289414
-0.805501464203733
-0.802318925740972
-0.811972986416627
-0.901717700729351
-0.742428105194361
-0.784869346133575
-0.703198218924403
-0.810170268869863
-0.767262739446677
-0.774122207996311
-0.845760476459578
-0.719836387015631
-0.886997443323669
-0.801286295161388
-0.668728381582297
-0.774305509961317
-0.774032644563232
-0.847692538186386
-0.656716567504383
-0.759180894617937
-0.799519731964865
-0.711264050189711
-0.761544241544962
-0.710395857290004
-0.783339725788108
-0.652316499698579
-0.768588815874327
-0.615019019148076
-0.785808001688978
-0.716148839485289
-0.671535447755234
-0.799610515354901
-0.852339133549166
-0.665582965008826
-0.669875137622995
-0.784356181336015
-0.813955486841239
-0.61739818554756
-0.767126337004079
-0.75356074682499
-0.593064857145497
-0.575650162559047
-0.78067223634576
-0.608886332282675
-0.742447068720335
-0.683833630310408
-0.675365531685394
-0.705588376362953
-0.591534870665024
-0.685126545997773
-0.668216415820827
-0.630176374715051
-0.594064062593316
-0.576767470913406
-0.61728635022872
-0.533844820453215
-0.710925538715067
-0.701547989584322
-0.667620102299579
-0.713324762160905
-0.684413705453353
-0.755917933484967
-0.743579355303072
-0.615820621283073
-0.743733272465576
-0.68919490143954
-0.591811690602035
-0.787681352219203
-0.610931030160328
-0.656745275688856
-0.715655104860545
-0.612429289487259
-0.565138017216051
-0.676047509035425
-0.349719119009215
-0.558127731520249
-0.72821995781669
-0.635752899852018
-0.718175748201136
-0.566910552824415
-0.660916171574875
-0.689523336845653
-0.511551715130755
-0.589766153459268
-0.726979147951881
-0.697297569465854
-0.65286426575125
-0.70041545145084
-0.709721856975596
-0.620991954842941
-0.523474957286016
-0.721590122862192
-0.739669802855623
-0.64180932299095
-0.556054855245845
-0.618160526852484
-0.64764212023897
-0.540167631907746
-0.605610198499696
-0.496952651887119
-0.65919933285107
-0.693242743486251
-0.593788562067158
-0.798726584585934
-0.521830365166811
-0.601539472644968
-0.583894379668663
-0.586589643023887
-0.52788809207921
-0.603411138093798
-0.582052624328248
-0.534952463858645
-0.579602782629088
-0.506046797541305
-0.564964412522566
-0.459286747976692
-0.65080664764442
-0.665001828880781
-0.643152910417053
-0.480627844038477
-0.648832744164519
-0.478666557063511
-0.582533211986736
-0.565775577332617
-0.548433506948084
-0.62726915214512
-0.553961990185801
-0.507684643328218
-0.585286286840646
-0.606283006865885
-0.275405229827144
-0.526980862137486
-0.613677872016101
-0.472107501585049
-0.582806139170122
-0.606397534788803
-0.479313576675856
-0.484282185677891
-0.43409099249784
-0.62699796472027
-0.366310975484991
-0.503920233153412
-0.597674310902268
-0.393862475010914
-0.368709743299172
-0.438415398352709
-0.269960664387877
-0.557552025873359
-0.411130237130195
-0.639343038864387
-0.457594444460523
-0.545420070745559
-0.479638212783448
-0.739404837681205
-0.512018457879298
-0.476797827160166
-0.342781198432222
-0.466320772010087
-0.431759693013782
-0.422070578110166
-0.418661154132207
-0.398172789583426
-0.496738362918137
-0.349656167732589
-0.348098335914332
-0.418335920386892
-0.37819115465749
-0.358893114392608
-0.405793839375607
-0.508609412449538
-0.388504221786868
-0.538257926516712
-0.433981892211421
-0.464688648163103
-0.52601641253961
-0.566687448311283
-0.388288868248449
-0.457822813236321
-0.450557837410085
-0.368498958153228
-0.525762138163506
-0.331355915018694
-0.478075963979726
-0.347640949247677
-0.413851298472488
-0.361534620440064
-0.43943905994161
-0.392505802975607
-0.363873671112344
-0.337639256663813
-0.273060628030187
-0.309165377715621
-0.427099062851449
-0.268712745987208
-0.406951348572863
-0.384820895590685
-0.36124903223774
-0.498644128102328
-0.273224996413159
-0.48557339920405
-0.410035473952776
-0.363229173192893
-0.307804140345645
-0.282915368281541
-0.258196165576807
-0.358734987270939
-0.283305913979739
-0.302775453297786
-0.327509051286075
-0.351716387851035
-0.443833169019954
-0.306221371676945
-0.333880729641426
-0.209488566250893
-0.384836947768981
-0.378263897498081
-0.199138648440737
-0.41520169125824
-0.452241050386508
-0.49503799063598
-0.306823751201966
-0.37203938709313
-0.289680278586119
-0.390784224741117
-0.310162097112743
-0.306475196598571
-0.317820776342053
-0.255257175372055
-0.471303634050864
-0.338829591982794
-0.41232679629458
-0.41589855821657
-0.274890368201328
-0.377485292818587
-0.270404599415476
-0.21518772579339
-0.428681975218247
-0.453580263394681
-0.336060869638685
-0.226974593555324
-0.219712578037587
-0.270755026922263
-0.190891731237693
-0.303753365313509
-0.163786235005225
-0.176832212842912
-0.197474023009878
-0.357412877420138
-0.033207183198577
-0.184889356576238
-0.354048441928044
-0.273973814680484
-0.314791483748532
-0.271153118765152
-0.316248516806292
-0.262564787448224
-0.254771291137496
-0.361266799679002
-0.284533610187574
-0.19853260491853
-0.375037624520924
-0.291859411610451
-0.312533081514455
-0.199836551915691
-0.245063882889487
-0.379280415792186
-0.259353515970836
-0.383358164147379
-0.152474162029169
-0.265401290731579
-0.228627773849228
0.0509005205114711
-0.235087993535648
-0.219170319885825
-0.393530549022369
-0.149418929649753
-0.299614076010821
-0.161718459484247
-0.29169458534738
-0.228608005291534
-0.117441221676996
-0.318734267349792
-0.195552440877716
-0.0372878378886076
-0.149675546557986
-0.280883882693785
-0.178369790483827
-0.204996802238724
-0.153881618464225
-0.245382098575622
-0.243928634577687
-0.153440678340107
-0.226073357242957
-0.102579474902244
-0.206359441048328
-0.166143753411781
-0.257128902432416
-0.22164847874902
-0.276276874237286
-0.20232073269675
-0.168374951333129
-0.0718249077147489
-0.0945347201191109
-0.160137066395986
-0.0728626342494176
-0.0227489601490162
-0.101512317061351
-0.376299030767271
-0.0977039441402835
-0.340590100902664
-0.208884480663946
-0.178213743636071
-0.0713451772645625
-0.250381271782746
-0.129197023285881
-0.273054314452405
-0.116869271311514
-0.162816617029734
-0.0376731633060883
-0.171604242016099
-0.0482166535874191
-0.00721918976308849
-0.253933460377115
-0.0965145055018134
-0.156450908558911
-0.125203029786712
-0.203812526854355
-0.182554164063701
-0.285256106312129
-0.0153351451256775
-0.184091610360225
-0.0156835788877453
-0.0758488286658736
-0.034217563209299
-0.0280362169185454
0.0131519700060498
-0.0984560879504405
-0.29062227396434
-0.0447908851737783
-0.145218720425925
-0.167106641554303
-0.0692120630469584
-0.0706715315811657
-0.115733159166842
-0.257437220285114
0.0338227393372044
-0.0629592272135864
-0.00899161139686097
-0.138930723165752
-0.273100009481502
-0.10808855056834
-0.0360777805915666
-0.0536587786806861
-0.0769728684840648
0.063290249401791
-0.014945789611354
0.0464438276836261
-0.0846608385175383
-0.045705514973298
-0.184014869158439
-0.0309012478860883
-0.0909258620383356
-0.0282982437291613
-0.0984388696517307
0.0741282378266359
-0.0217003623807916
-0.057822950242981
-0.216876481881259
-0.110911049310371
-0.041129887093649
-0.156614583490914
-0.0453466065128342
-0.120806385166379
-0.0260288644631897
-0.144023449834487
0.0252803440692528
-0.033802955020117
0.0542138511581178
-0.0411341297276356
-0.149721550030998
0.0222831748694632
-0.084761581972832
-0.0796667694960943
-0.00316144631645008
-0.0718837914936048
0.0501092460927145
-0.107769496495
0.0273407580702433
-0.185311809388941
-0.0706131416412387
-0.0557505218421925
0.0603119739959017
0.031003909971166
0.100577317020177
-0.0199675442759627
-0.0161335815481466
0.0540479819948588
-0.118200286234933
0.046140812519619
0.0247775390180756
-0.0248397232245809
0.195021889249857
0.0795864592219049
0.0787281922975123
0.0377558091497993
0.100621526486127
-0.0831677268745808
-0.0727120076631963
-0.0854341317356109
-0.239515069054749
-0.0418556841637007
-0.0263456334301004
0.11159390200924
0.0335651965898757
0.0244826904472476
-0.146289628820887
-0.0397459485128446
0.0187516838636198
0.0934174530876895
0.0840311186934233
0.0598776987357061
0.0399665484948123
0.138670827397626
0.127910305985934
0.149430711257165
0.0535433209208203
0.0405213087038012
0.148009596167908
0.05768320655402
-0.0434588126471074
0.0449334809428044
0.133423885931197
0.0393102248891237
0.114799442936466
0.016817187142708
0.186725444103059
0.066257580685706
-0.0492249614486731
0.0662465641636108
0.165837314162087
0.00281080668084488
0.134107061706065
0.102217786826276
0.0481303333762491
0.0681119876773153
0.129973883652595
-0.00874264440139918
0.0767414210153251
0.00733415775120465
0.189782777344564
0.250742826074615
0.129906804882504
0.117485091528494
0.028138844224845
0.0362019208446545
0.161726683691058
0.104757655618196
0.0856001027086547
0.0623499837574196
0.119851413782356
0.212414768010451
0.210194178654075
-0.0132955294413149
0.106480696467273
0.14070477152869
0.202399342450662
0.0940855476847973
0.182868313610355
0.176165130390655
0.192380223446333
0.280508866732955
0.137277726970731
0.20214335364152
0.04478277937792
0.213294972607578
0.352883326035572
0.326544585684366
0.251812104367055
0.0932914121552678
0.188203390883646
0.109979515385056
0.16412396218056
0.262319453780102
0.136117447552418
0.325030472985911
0.190405796326656
0.182718546592968
0.28896881353203
0.0868209367293941
0.2326548987566
0.192286090599632
0.0450590143539611
0.0604568038694035
0.113872655633802
0.258355543979552
0.0178338961464549
0.11851568531582
0.209195984368667
0.270580078650833
0.142722682020573
0.239398075354048
0.303677701952255
0.235138264979569
0.230092231982642
0.241649405353692
0.187983045252597
0.148687214484692
0.171301707863677
0.242577618458609
0.183917110624035
0.0221706035175134
0.212590365762779
0.149697184574742
0.26381587715749
0.271988884143636
0.127427482706071
0.254761122672854
0.235243035749321
0.301687139546412
0.297302974217462
0.263956165681717
0.267868789886122
0.251259426155253
0.238007447288609
0.310511064273861
0.387143498134775
0.235049486706816
0.198511950639326
0.311600492445661
0.34959922506497
0.197967261897902
0.402873629618722
0.261671879758317
0.39820667815821
0.236769766823802
0.249328468324612
0.353698955710265
0.305251644975114
0.230119039627303
0.26088727875386
0.353010183864686
0.299720275297383
0.445266483365575
0.409955707617654
0.317860963727621
0.262860915227058
0.380535776327866
0.199470220058568
0.294287318622671
0.423502178595687
0.424152374473212
0.336278759745564
0.260116346243736
0.0941780188488529
0.407675056661561
0.347761157340069
0.324719322536936
0.373080005870551
0.432452837617288
0.238830632876711
0.40272120705588
0.247882993059353
0.356053281818449
0.343727765422293
0.365726751917058
0.249998175508638
0.476818755526083
0.281028268197075
0.39888642763951
0.401980957330414
0.334373529299015
0.333052495673105
0.322802923550596
0.305116834631733
0.455333651835269
0.453091503944186
0.355187665186443
0.289304267441466
0.440072039868278
0.356617126463014
0.26797425267906
0.376126156673723
0.354898483465752
0.393614258046326
0.289975557769159
0.387105589909167
0.229043241860989
0.413716445913626
0.449197370962508
0.328504467048724
0.36030744130836
0.493895122880897
0.508176121520989
0.349367860458317
0.445444865893347
0.391016653335619
0.355423292976617
0.489938193006478
0.309936206588806
0.425798642448383
0.468451493208205
0.504848194841545
0.441301084097816
0.339188296950664
0.331729863230018
0.273362449498826
0.487402440296358
0.381050929306275
0.44645171724984
0.379637833948479
0.476052338738848
0.476015375455429
0.30211245969308
0.49662278549565
0.511235475822864
0.443851654787973
0.598691459570292
0.558824231053432
0.391584333596119
0.377642955498402
0.515096612970007
0.398473825695548
0.530118108364738
0.485518963759918
0.570622913006938
0.435265404888844
0.567274204988572
0.449658100116148
0.457603460657597
0.494250657380521
0.567358659074837
0.424691864790139
0.557295164247382
0.435007023205274
0.426302816180902
0.601302300838924
0.473300351755352
0.436096190011536
0.486561264093537
0.434318694628593
0.617537255511412
0.433774673504163
0.366259745448483
0.620781624226711
0.595274083157961
0.485897189409323
0.631876728350074
0.585904017539738
0.528677957172367
0.50921910377502
0.621632944809466
0.516719831082231
0.531535231932854
0.447458956004688
0.455043421763006
0.527137508612398
0.510416002838572
0.476885511641128
0.562264526210735
0.538197230324176
0.486821119388942
0.526675068970738
0.594547189232612
0.470800216284706
0.459931557202527
0.476697615404182
0.529280170240814
0.515424103507968
0.500267395702775
0.618896415604518
0.571602342771173
0.437350929274377
0.56957666877855
0.81690788601727
0.656525736464582
0.543052521824214
0.462174844702564
0.534889474092387
0.542026520049646
0.549678373278168
0.486137215553189
0.543152603195005
0.58901366271353
0.704704914905415
0.607955632001647
0.522864723946751
0.613326833458956
0.49183210009205
0.481212474151241
0.648400421276645
0.505927023067454
0.61530542883184
0.562715594983342
0.683855353319381
0.588652082174598
0.493121924624427
0.71961220534673
0.574260232028374
0.678956751050208
0.620301611409538
0.630056615531073
0.590018964407217
0.736652789300793
0.536182178598709
0.545081397723913
0.541598852730414
0.72461715738201
0.656414209310391
0.646361963399969
0.649097131275172
0.493267032237047
0.70897547389665
0.760803505763711
0.586381887545126
0.521421970154546
0.659743603340371
0.741277114336441
0.6060131333854
0.598543980172491
0.548763864481551
0.692825912023842
0.65700899143352
0.696378815615371
0.686679081781795
0.662356858189528
0.860705408042982
0.758323719101244
0.605549836965733
0.633298896440064
0.933480021865616
0.677468521047043
0.633811685495071
0.642442341879556
0.743541594708545
0.571999351729759
0.510319454912398
0.547980657992487
0.819414043774261
0.574696208371125
0.597180936685302
0.59624264645204
0.626606592707302
0.593083807400747
0.646488342004512
0.604487675605026
0.721039716616927
0.748529865403931
0.790424553733423
0.633762749420965
0.671237609441956
0.76042450468314
0.590464091554462
0.566016298422562
0.688035624841346
0.65139407282495
0.781036363818254
0.725028319604777
0.77059758919664
0.598116575996946
0.821091978610169
0.557662224866169
0.771579284419036
0.826889304966856
0.589420281464628
0.53699621197617
0.773748863001955
0.883464560541341
0.867608353027622
0.694234805832879
0.655577039206742
0.742013993834098
0.871619773399623
0.698354246338953
0.630032494962448
0.886830606674621
0.618061729263559
0.901168302165474
0.728801656386779
0.662736162899659
0.7527882508084
0.683064650454441
0.851469697221502
0.668786353744126
0.776661000891708
0.789255265077903
0.652627969604451
0.825454842539549
0.807667994888272
0.82650908408075
0.701266916765946
0.811461281215732
0.838622495628971
0.77978115375081
0.826813118729243
0.876160259122521
0.811765968636445
0.834389380691446
0.827498924855152
0.781052283913683
0.845808743682287
0.812089967232608
0.900146584073278
0.946132271639431
0.839725937863993
0.70074813750163
0.833059041738895
0.927082060757763
0.922125199676125
0.934531447064793
0.749677615700512
0.968058651483525
0.861849245539572
0.761217908010139
0.739235600202955
0.824213661467171
0.847028757996146
0.884237557914694
0.825718957345638
0.815010251248786
1.07822613040899
0.80033404923095
0.758793276641737
0.830305477413212
0.883177338659928
0.864597020141468
0.868843603714152
0.929114908184091
0.925227163154324
0.871615279881456
0.850232704037215
0.796392750300499
0.906814206280516
0.950189688347456
0.769706886913935
0.944876291140998
0.905882610559729
1.02081707447576
0.931253616508748
1.03165376311074
0.863973512658249
0.950747255045896
0.898292033709112
0.898594804395663
0.830764797599091
1.03823303898405
1.00032653875662
0.775823254894271
1.01715458913792
0.909835962049814
1.00082826371756
0.893054775267388
0.864865561899307
0.945903866941529
0.932804523466067
0.81617353415292
0.845351297010268
0.860853164044817
1.16314832249334
0.920915657715327
1.0722330758416
0.89795908549456
1.06780197483492
0.907411368439847
0.770150204768453
0.967620584455592
0.915288131214437
0.871574002772986
0.9634790742433
0.896487478694437
0.991694382389854
1.02618163745805
0.960399116055271
0.864205537939396
0.915193844676268
1.03885914914874
1.08611351297209
0.91209497661016
0.966232649527046
0.873171396869042
1.01515055576387
1.05154379278523
0.987468948380934
0.793825697978356
1.18626523947889
0.932464044515032
1.05988176455728
0.98151051397032
1.04202285363106
0.854516263663522
1.05077355318763
0.897504896595533
0.957997919219396
0.992298124707337
1.11785420886548
