0.0874463310191801
-0.989326791337324
-1.02676791706289
-0.994654298592743
-1.02009961260033
-0.93663242251492
-0.9361407140383
-1.04439036628595
-0.875407750958927
-1.05744883193834
-0.915504740721493
-0.871042776985871
-1.00169516188262
-0.966323878210135
-1.02622569880704
-1.00860821322095
-0.923850977352289
-1.05203932602516
-0.958143027285793
-0.906990126277448
-1.06152428057337
-0.934810770837664
-1.01459685411559
-1.05757606100913
-0.936729305827541
-0.954277492700183
-1.083434644551
-1.08421644101233
-0.923204466512387
-0.909332462741876
-0.900277579606915
-0.823776143936389
-0.92034656335694
-1.01957821182769
-1.02542651224903
-0.833606746547064
-0.892758734992278
-0.893477925703778
-0.947989206673005
-0.796612234200474
-0.969832538894485
-0.944958959505943
-0.955178238141683
-0.949760794032544
-0.853582712344798
-1.01112182956286
-0.827218062374091
-0.919230710517631
-0.845075499232973
-0.936415580184923
-0.995847433506525
-0.867403023292883
-0.921330966425382
-0.853121127102546
-0.736206949708466
-0.87209866546005
-0.846207672963483
-0.878590120900771
-0.824823977162977
-0.909526967163565
-0.718837862999888
-0.831368733626657
-0.929912437167382
-0.957128907948998
-0.836884097124897
-0.946253924836422
-0.889427984531732
-0.817405251570916
-0.91920942340892
-0.797835335449159
-0.649399682717199
-0.886487596373978
-0.903820256566826
-0.853051842249773
-0.810466481414056
-0.930429780204493
-0.941974521746616
-0.8343767710314
-0.929326895992075
-0.693972040808594
-0.903270985575236
-0.746787782727865
-0.825725879634314
-0.744882950236013
-0.833514861418317
-0.858357243625762
-0.848494881026466
-0.631328591695313
-0.881011500973099
-0.797511871167631
-0.745096098631971
-0.860659177866192
-0.916305869516757
-0.73797737915713
-0.686022871955157
-0.860109402055568
-0.79969002440507
-0.867989758705832
-0.74358886821064
-0.78818229017232
-0.671151842886693
-0.645134244906728
-0.982512082003926
-0.723550476066652
-0.897357361392507
-0.768686002170436
-0.80766667112015
-0.862427020601959
-0.850148299464793
-0.75537257509214
-0.969484893288365
-0.874209442166373
-0.640907608919732
-0.805757241531214
-0.771908713111551
-0.632897343862114
-0.718332592216268
-0.893668313500167
-0.816991496449218
-0.893756194790089
-0.790753247329543
-0.820571675890263
-0.75944853134044
-0.815685001038596
-0.680296863431229
-0.666941222638519
-0.84131704172904
-0.931195535680197
-0.827307791083435
-0.802055832336135
-0.8503214051268
-0.741001261313837
-0.833946536778476
-0.682567659370977
-0.666588798259704
-0.651463097622115
-0.604344766770281
-0.73500865814369
-0.683440902427456
-0.823708798490661
-0.880768715268446
-0.716456005661317
-0.815460762548326
-0.623899690559225
-0.839667626060935
-0.674638512346168
-0.64719128096083
-0.488599330293248
-0.607558531924171
-0.754831446601253
-0.74301643691794
-0.632651133647305
-0.658564045029984
-0.838929431000911
-0.704133501498862
-0.637155296495322
-0.593629798213301
-0.753524768135587
-0.587485623945372
-0.645826419850905
-0.719781085937196
-0.640018560215653
-0.668208177960055
-0.698144452766117
-0.739155942739487
-0.670573317043753
-0.629557749469644
-0.539086752788587
-0.585342381151348
-0.693398983919719
-0.674825301808429
-0.530326771594395
-0.610268120544207
-0.494901435980678
-0.580540950316779
-0.605702750844057
-0.672568272024967
-0.646903772386096
-0.681811138173815
-0.600683004428044
-0.66302794770871
-0.630596730384534
-0.662151052833744
-0.672410701718202
-0.734118939573268
-0.580071504212453
-0.495586122081535
-0.777192059488267
-0.549218191492487
-0.493614458541873
-0.529307497713332
-0.570724239518345
-0.627035324586501
-0.70561194035397
-0.612222725124522
-0.613221904249092
-0.757191979455284
-0.67640928498563
-0.614359090511495
-0.746608650773298
-0.576293829863971
-0.559164230079125
-0.612836189732665
-0.545402415297488
-0.505867255990184
-0.650213450016226
-0.519687018126394
-0.602959428139317
-0.521497721479288
-0.638746978442334
-0.552264144356204
-0.611841608831567
-0.595320697587443
-0.532695646516483
-0.579984933551251
-0.589651534906484
-0.670134083470135
-0.596086433179419
-0.568699439269099
-0.576105828561864
-0.51485357962466
-0.443177769955501
-0.61724863265344
-0.507636532456889
-0.524897580088625
-0.471793506308153
-0.600839656088036
-0.73507577629658
-0.358076458886826
-0.560791176182555
-0.608177656410275
-0.589140207323368
-0.555655531510911
-0.513840049379632
-0.491017428078881
-0.707132405826231
-0.548370948938117
-0.553410873626328
-0.55768876469908
-0.403279195440544
-0.548357684142135
-0.38298023386069
-0.634569487966035
-0.461157141655742
-0.582897868598424
-0.451950603762522
-0.564700346834391
-0.583127501869526
-0.646398949007713
-0.565891309106487
-0.453315799042117
-0.488619576617228
-0.480017408160704
-0.458909541297848
-0.542849089201678
-0.251584695730094
-0.463914729314205
-0.483942505370483
-0.548136924302583
-0.43097427937234
-0.44884147988026
-0.622055234228305
-0.625368889371471
-0.612036579600591
-0.601050784406896
-0.501936129691761
-0.516146862672283
-0.539398355362256
-0.430229050377548
-0.461101919194341
-0.581019880608933
-0.500467069903223
-0.584128870078917
-0.468943456206904
-0.348213202259669
-0.476759270208524
-0.361394006218207
-0.497984481965348
-0.420246402459965
-0.380759169474258
-0.452189208920482
-0.438286674265331
-0.444850175288744
-0.345478269307719
-0.664116364766475
-0.317455879932616
-0.443199168005301
-0.501545982167177
-0.537923242268466
-0.481983796672543
-0.370683239415855
-0.383187463749162
-0.5077407269991
-0.333155227554892
-0.371897729040954
-0.422195357983074
-0.486056258423027
-0.534615886810579
-0.343283978887778
-0.312601055386574
-0.446904163223663
-0.486060952421628
-0.279975600210031
-0.257469115763907
-0.261702401967
-0.344084568922891
-0.349049096078572
-0.501759562565009
-0.306898783677977
-0.491121202985824
-0.31520288667922
-0.457758353798436
-0.258664001786754
-0.472067800178616
-0.340613612550735
-0.45403748792862
-0.360965038576754
-0.372694002696144
-0.178609815789109
-0.519098338514365
-0.42270508831564
-0.317274131885814
-0.372186078240307
-0.448453261501462
-0.315870364470907
-0.299389362883378
-0.329922589626484
-0.218278652807155
-0.406538684740982
-0.450364209261221
-0.212815585605107
-0.438923384112105
-0.385384300634943
-0.303293675374378
-0.275222738035517
-0.365407192419293
-0.266885804793532
-0.200300582376755
-0.353823306599891
-0.344648407245278
-0.14634053309026
-0.373019643807397
-0.267361166180791
-0.422883129308583
-0.356903744032668
-0.221657858678424
-0.397375807134756
-0.20646231568622
-0.246188846070427
-0.259716243266478
-0.258328594290002
-0.339449990404467
-0.352475138045631
-0.236391589193132
-0.409319650717424
-0.390816006387165
-0.252051770185248
-0.313633230542682
-0.237806934170004
-0.3741262443031
-0.264101609767449
-0.385636163066119
-0.242167965030801
-0.402212047070118
-0.081252554300405
-0.124666866336893
-0.390793746980694
-0.241244209702326
-0.29337151691464
-0.249187505537832
-0.372372716707453
-0.233876511826621
-0.406309048882772
-0.329219049867773
-0.063764262125641
-0.2459261342319
-0.340724009456994
-0.220412748750634
-0.169911389746886
-0.093223168031419
-0.0536746555569943
-0.356541660567489
-0.259033927336942
-0.192288846184282
-0.218240881930155
-0.289614222190777
-0.191446736737528
-0.311086542785476
-0.30799650150675
-0.391942213164412
-0.0677256777612244
-0.280637867136775
-0.191284396690669
-0.189097520564679
-0.0198045581198734
-0.265903003900889
-0.311240708819743
-0.273255110321199
0.00548962459350408
-0.228123916673621
-0.224041429814653
-0.133335255110752
-0.266900009743882
-0.251971292916433
-0.190082970889336
-0.150266297167214
-0.246138828269764
-0.141068827596536
-0.289719362106063
-0.151605614266836
-0.231519424659872
-0.189083068809209
-0.215976542982564
-0.192025764437911
-0.251879260516369
-0.413687705059063
-0.117773628570289
0.00354252360281226
-0.0397655309213625
-0.188400698886443
-0.288189469714531
-0.104976793261089
-0.107416867119782
-0.103751722705385
-0.0961082279925838
0.0110428257167872
-0.2984461512056
-0.188776747779304
-0.350603968280576
-0.263034212051718
-0.23290287639854
-0.236778220926515
-0.206491613260071
-0.173626764654484
-0.122210784579322
-0.117688521442027
-0.242261477409712
-0.319859186901318
-0.0811199110971274
-0.144597486444017
-0.0634710981387195
-0.10367436955405
-0.0760795416059567
-0.142397036819168
-0.0639873592487114
-0.043157210670451
-0.0118324812143067
0.0142012361489713
-0.140229599100351
-0.262016728362486
-0.0549116676281152
-0.300027463770856
-0.128541341669848
-0.237716690858386
-0.138430249733455
-0.162913059958252
-0.209038375546041
0.0327797586022423
0.0900084680854398
0.0228599744980007
-0.0620517380680105
-0.197851069004996
-0.0494811946052621
-0.10534268748808
-0.0831987496869862
-0.134494749724093
-0.0175988841729741
-0.076197110780888
0.0157748268713659
-0.0870748931811422
0.00790529898998466
-0.250646192889045
-0.106493403018054
-0.0692100228499176
0.00571507742772023
-0.0587685164003315
0.0711623160459136
-0.0633677929724394
-0.067820995177739
0.0209801055597847
0.0398205629357941
-0.129222758650741
-0.126181917020074
-0.0506365061283152
0.11952200683045
-0.132287720668901
-0.101529469720777
0.120769962365012
0.146954928335925
0.0172711777955685
0.0421309991237103
-0.010327953810332
-0.0326165387635315
-0.184226793116241
0.063720647572458
-0.0395130806560189
0.131264742111396
-0.0826840873112071
0.0391056019366988
-0.00541427405573085
0.1102719402954
0.0654747027776685
0.0814453268548396
-0.100546015591166
-0.135536044774115
0.0714911340023665
0.126534772265126
0.133279839334219
0.134297200908569
-0.063184327068206
-0.0357235470216089
-0.0585185205901347
0.187386098378048
0.0133148508137532
-0.116091342807121
-0.10530018941557
0.0499893491373433
0.134212371277267
0.0765493626024043
0.137197478499731
0.047442796679144
0.0883503592574685
0.128028376116469
0.00808679543281339
0.0209108417655399
0.0581880197471529
0.170615865257287
-0.0658409573434693
0.05802037226986
-0.0662108737076718
0.0582401888545828
0.0880140005826875
0.109378942224596
-0.0066178218571818
-0.0263820740587485
-0.012258773133015
0.121682897931376
0.00878413048716155
0.104774094828251
-0.00270601295353133
0.151574756679718
0.0764329520327345
0.00145705583296682
0.119838225775706
-0.00378096608262669
0.00749277852217918
-0.0337398310602721
0.189594741035863
-0.0326104519855997
0.121688164157694
0.087816972611131
0.149769946514642
0.0941351111725849
0.16267645420576
0.00787952231646634
0.111422998258775
-0.0264091982839212
0.219184929187361
0.20505789435198
0.109813428199511
-0.054707953486248
0.0727851206589624
0.069130584949197
0.155042493097656
0.181610218289662
0.163476751458793
0.0807404587400542
0.108158393323459
0.130578158919491
0.288261465897387
0.217874811885452
0.153288459545738
0.226358507989583
0.0162620385322416
0.26059467635138
0.0904584766000231
0.0728309640166303
0.0516966623605687
0.0621791904395663
0.285016475302013
0.11855887589569
0.0454432475178081
0.213619842256166
0.111898668979341
0.272862173872386
0.142757465178441
0.141101280814301
0.171923664267727
0.298999385050658
0.021103773032182
0.251641196300702
0.153303358299994
0.144408096901661
0.178093516519187
0.186308835776058
0.109020782276229
0.305187611999147
0.274670214824219
0.226950730789532
0.125345537763733
0.161830609299981
0.248270474999666
0.135990370764726
0.248351849394533
0.289891682137443
0.24722700017641
0.258244610652776
0.224320342472461
0.24723219437058
0.0926719623866215
0.248005683109323
0.105267911788846
0.242781173645619
0.13638093365617
0.18337617927071
0.154416599037358
0.312712330336594
0.361205352480471
0.224383082788362
0.30010477971128
0.115571576006382
0.293447382692616
0.255389890184384
0.177634295757905
0.282739082702806
0.403037733316213
0.416855790397999
0.112332800978766
0.288677728903416
0.241796397948646
0.282830585098303
0.0764509492322022
0.23054309698581
0.255972812472308
0.300148166019179
0.302843173308096
0.375893482576942
0.174236186235411
0.194190276587579
0.319966807059507
0.288988412686712
0.1692879734828
0.196364982752764
0.263016421972638
0.440683076836314
0.279379154547991
0.351083146977107
0.286413897952304
0.216918566495329
0.242616089525458
0.328436573067705
0.398834301674193
0.243337079397295
0.355584582968243
0.242646284879977
0.429653862486576
0.383284603542771
0.37016149831334
0.413836540699169
0.297548910131483
0.226458203766497
0.304363110135254
0.467903287341263
0.266774348506498
0.417205515559407
0.300604699784705
0.442037236538839
0.342777952897608
0.191332120529482
0.273443579000206
0.433056508124986
0.260963132600759
0.239248021191625
0.3260247777282
0.303938256525014
0.431211090634122
0.405376562910682
0.383810575801087
0.417738624438011
0.294440290397967
0.402029504236574
0.425707242187385
0.364604367275031
0.343645862028415
0.280859658616935
0.293516779517298
0.389156350078684
0.339250926232652
0.294417418547177
0.35971866954337
0.29177052104451
0.339525056027761
0.363272428567712
0.320672916576509
0.347083496266271
0.375187685094719
0.410823024361588
0.415574100305953
0.474343266100955
0.564342711477232
0.437231054564907
0.42809843648832
0.498171627727722
0.329954835199927
0.471140591188921
0.272476534308881
0.447316268588733
0.323401338813532
0.385772732978579
0.288335035719173
0.434549504000578
0.440449692920108
0.522613475124298
0.408831831155509
0.483350023610917
0.465629343225201
0.498517638667017
0.318507988917485
0.390153147028203
0.441612115682085
0.399349165022085
0.529559796798995
0.578243806652319
0.417778546328065
0.309685028500964
0.53739232973322
0.54977242748438
0.42898776004249
0.418195595025776
0.525098136217473
0.337049545429871
0.328820470935139
0.300143670612505
0.389716811097255
0.492971630571288
0.463025260380474
0.538932163211485
0.56105403223858
0.42680481646924
0.519565347499451
0.621583143984612
0.403188092781549
0.456011335577035
0.442396231736851
0.5851369022243
0.391101478968046
0.29392820020661
0.515548377316827
0.592670909564653
0.579098821502907
0.438630180977557
0.505719153431156
0.534303547806896
0.475132928702806
0.400376099742649
0.520220439352475
0.440906428773809
0.644128135341849
0.611138560093223
0.553514836682805
0.563912814097451
0.529121792791141
0.48921118558631
0.487110532769173
0.611517934702831
0.345538752936684
0.472579967860651
0.624304907920444
0.599365871780063
0.458882968789934
0.504191021852138
0.622708345126456
0.59496123977676
0.468360858913721
0.633894881767162
0.649444756780023
0.520652969014766
0.438300181057713
0.548111238835869
0.520013558881351
0.578257530150491
0.633716899532658
0.538960793230899
0.628027532128792
0.56369773297351
0.542316266902183
0.48661949338211
0.546833538388286
0.532499883340903
0.641772133708411
0.597724964907641
0.562161346773769
0.519568621432104
0.705712038876595
0.56867704821571
0.533708927856648
0.642021818115685
0.717443757747558
0.639910105440601
0.696307799049047
0.541569598345796
0.636754852154615
0.679706984945034
0.594774355664426
0.528695252375991
0.587398954819826
0.556278566432304
0.610370873812472
0.566223554320324
0.544861749755925
0.525914581461004
0.510050412467839
0.592950324972352
0.588947638487377
0.61032275465438
0.48204331078167
0.757600896614778
0.638803578941343
0.6526025101983
0.604956987345796
0.680963931018029
0.605628547550283
0.623786803994828
0.633945725419858
0.680233125983379
0.51968772829106
0.646689604854841
0.552388094549944
0.594816667598262
0.552370186118514
0.659066692844165
0.85162239504689
0.70206328467493
0.734958785437763
0.550614623617945
0.723550446433335
0.616466208678959
0.739229053249468
0.679527558078842
0.634843677144865
0.631068601937405
0.829092926971454
0.801278594508951
0.712856244667966
0.821682500593081
0.724949906689342
0.568659486584037
0.595295825969569
0.820793569439257
0.719635960171688
0.80866263311168
0.746997137550679
0.783792941334676
0.553248537879213
0.604383729023144
0.585829748180817
0.896894124728803
0.647318370470911
0.880744690918732
0.642650737455975
0.824326158407263
0.572746112903483
0.631046488697118
0.603157905134863
0.776682679040169
0.652746449276771
0.789510130822813
0.702250833801886
0.721070060770217
0.674949036054401
0.58751015741365
0.794903613548119
0.674060797451263
0.870950317542171
0.753844396569498
0.77090159895954
0.788633827420334
0.935170979038681
0.849612403923221
0.878383202774734
0.821308304318101
0.844437762049387
0.730656490962369
0.656701875264024
0.748397761619667
0.746961396099113
0.873852675360077
0.762705534246497
0.722691047255398
0.87051637465879
0.734410342455847
0.780614912087434
0.745174369449344
0.817249655223553
0.698202722364806
0.705608703841226
1.00714708778693
0.734997551922628
0.684898596151966
0.785072688415563
0.974544728650585
0.861857196131558
0.862512062871161
0.785652413673521
0.843652795152789
0.707394154732862
0.910804631263731
0.909578767037855
0.890093794981301
0.902256113635233
0.793697189654747
0.874281285546154
0.676837275068926
0.879538259078914
0.762672015729942
0.744245375528146
0.741508884003592
0.693442483286964
0.755009092878786
0.840262095295052
0.827052351020289
0.918851372316668
0.957102424801049
1.00560793573004
0.940622071819345
0.963869150721023
0.889510774244905
0.821474459880686
0.855279069342767
0.813689810897559
0.849069808285425
0.857550860752502
0.742767798939596
0.908955850468928
0.811349753210795
0.792098754993463
0.744232743810885
0.882361228391278
0.91869067638762
1.08106176114919
0.830991365992632
1.05744330057248
0.995308209678978
0.874668647188282
0.807389375712427
0.829606946996045
0.869277826707607
1.01324739300525
0.896196315088252
0.969311329205018
1.02996320557451
0.73698417677353
0.89452980973344
0.812199618965324
0.810375384606796
0.974295672248509
0.937802385090591
0.904976742818251
0.883870204389325
0.967287058675591
1.02138668054714
0.870907082926244
0.9528653481419
1.06612113664307
0.951960425574275
0.95179440251587
0.850806065968436
0.858845615938578
1.09459252622719
0.94089123099835
0.908367082236576
0.903780146928202
1.04298218832212
1.10374175060689
0.986658016405998
0.848842548229948
0.989333283676237
0.964923301315768
0.902743065562802
1.11912527869531
0.99505709805563
0.90778369767293
0.941514343845247
0.90652560055131
1.13155767045408
0.994037961501059
0.969042606052462
0.934140959357672
0.869596721886335
0.966965644342003
0.85671024906405
1.0942166419659
0.99163444341699
0.977241669783493
0.930801896700668
0.910408037718622
0.895562468159286
0.993607275545893
0.880046200553932
1.05184090551799
0.933072883558658
