-0.0157410396777662
-1.09024909929856
-0.835346648265455
-1.01101170860287
-1.14092991438258
-1.02554214537439
-0.919417699287332
-0.93070970632995
-0.940147695754249
-1.09011480073093
-1.06099151312163
-1.02856408551033
-0.967727141610775
-0.948101645216464
-1.00267890311167
-0.946197098269951
-0.94367707275275
-0.82712720233842
-0.915945782927192
-0.782832520641057
-1.0019566013658
-0.97459282189161
-0.999319941952582
-0.916115787917886
-0.928408919027002
-1.03828272598353
-0.948311245872023
-1.02323306902042
-0.968367089599869
-1.05811474020411
-0.868999908060744
-0.821225715094106
-0.97883785918504
-1.09097544397354
-1.02790234930099
-0.78980012078903
-0.887892511544978
-0.769276999728895
-0.938400899290995
-0.969463704712426
-0.955108040928695
-0.954271179746859
-0.912505940237988
-1.01278412627185
-1.10268566479177
-0.726078703347377
-0.80761556056429
-1.00867723504109
-0.84447215657732
-0.845337328677542
-0.856566608145323
-0.941138365839507
-0.9066186902032
-0.902709397124987
-0.908287260905482
-0.873981480660773
-0.788569653837182
-0.848983727570465
-0.947181779211896
-1.02278829703948
-0.977787602784047
-0.913514164172387
-0.912959763552475
-0.956945968971462
-0.938630893245409
-1.10032359326497
-0.99842512134318
-0.932028390472279
-0.869747266278603
-0.805129515694216
-0.854271265984663
-0.652439524818824
-0.843483848948349
-0.968272352437397
-0.768525583073371
-0.79649838170136
-0.716397512696982
-0.8458151777071
-0.806859965944124
-0.896745173719472
-0.809895388247684
-0.831025619608539
-0.873409841133417
-0.778075830344597
-0.975475471513603
-0.787655112649341
-0.847760830498928
-0.800795903442864
-0.93763263772397
-0.884995601092309
-0.886052649007394
-0.817089126291924
-0.825446482787316
-0.964852492365303
-0.833961453967293
-0.877035254266301
-0.691585436476282
-0.878467834129406
-0.782301658518527
-0.806783049238847
-0.79545261857232
-0.821876470762637
-0.879857251439513
-0.895103184861469
-0.761714585531195
-0.723106543342382
-0.858810863504031
-0.749405826033594
-0.744940247597894
-0.671824489675866
-0.753087693262437
-0.730950906596108
-0.799126322946888
-0.724090078842016
-0.81902548902606
-0.628325174576414
-0.723049564265074
-0.848235813346819
-0.74561865098407
-0.746907113870423
-0.704972849012422
-0.579920632675558
-0.696466859660035
-0.874388559160394
-0.721980930406285
-0.810243857311838
-0.681444938770473
-0.611354734983226
-0.726305539508538
-0.73666751321221
-0.802570110282633
-0.697353692086686
-0.732337525685373
-0.775348678768938
-0.730879009472165
-0.784984365944892
-0.748978831152147
-0.763407866715415
-0.643867826410552
-0.543000349297232
-0.698039453237293
-0.678836000982134
-0.674774799626309
-0.736757533728642
-0.658802616973806
-0.632676495940529
-0.719060217524858
-0.571302827814159
-0.680589172112786
-0.74639832256623
-0.610254649770482
-0.709627677865034
-0.719212450938842
-0.702315990748632
-0.690035221671775
-0.582573420496613
-0.736460355770504
-0.669730207705767
-0.704903622577124
-0.640698387159217
-0.707265961998745
-0.632278010669884
-0.623966081418921
-0.59747834011902
-0.723497490792714
-0.640299518258132
-0.62223153988815
-0.649989842560693
-0.61095987780585
-0.849438591277769
-0.740363101863048
-0.487759160584568
-0.675924714766305
-0.723568567354604
-0.69402885002666
-0.597287703333347
-0.634245679778363
-0.602669773493896
-0.695818691667689
-0.704764610658383
-0.711457985221471
-0.707770431030415
-0.577043728863057
-0.69079038844743
-0.631627588286877
-0.697927474158896
-0.623157493617473
-0.709811362702524
-0.60135909335266
-0.579438544601326
-0.656439114476621
-0.613092133233029
-0.664194019295241
-0.50429293130317
-0.733889565899787
-0.544603511744819
-0.67043493877224
-0.634267521826567
-0.5719816293851
-0.618532219552976
-0.496629693709101
-0.536178994527262
-0.555157324617876
-0.643131470569046
-0.520346808114834
-0.542198067090031
-0.54133184004973
-0.626925135756275
-0.681019400916898
-0.526219642794205
-0.72552944024022
-0.634456362958489
-0.464631431811984
-0.447707744091734
-0.582826118631285
-0.474368508649297
-0.63457493044809
-0.571272625993427
-0.663867240548709
-0.620374926967105
-0.574206663789211
-0.643126869978528
-0.531012970229813
-0.550182738500837
-0.493297078772496
-0.812795807339098
-0.417160266088254
-0.461082898720105
-0.792776782221097
-0.615362091753169
-0.480087044041749
-0.408551563487231
-0.423354719085115
-0.45116104498936
-0.449986232956203
-0.675088973400419
-0.563417120931625
-0.351884239316837
-0.647148006965576
-0.608453427678924
-0.522195465676731
-0.466979595352983
-0.593832363150544
-0.506445562400529
-0.425439292333563
-0.360967549405016
-0.477271397355612
-0.521698551820554
-0.458263196217357
-0.518420274592498
-0.499481649469523
-0.585362917883834
-0.446752949219946
-0.52720392493737
-0.51667243212602
-0.51827322982546
-0.501942990624615
-0.43860821130896
-0.483863808281917
-0.337819521233444
-0.415658782496324
-0.537977791277985
-0.391373790948477
-0.434288521322005
-0.428588887810617
-0.581345508285366
-0.385271627628598
-0.510761541869396
-0.399170922356297
-0.480882489343562
-0.484009321835237
-0.460322374767566
-0.319239118270758
-0.449124882286828
-0.476231245700484
-0.409627231456446
-0.393261459575903
-0.499502864941413
-0.579304362417272
-0.39289649021729
-0.477412029431912
-0.430884190819218
-0.62926213467631
-0.558612927742612
-0.360811938073866
-0.538547374930807
-0.434890886934156
-0.385481892578623
-0.504880083902961
-0.331023327812644
-0.376296850996608
-0.331009076371809
-0.296196404411883
-0.464651469731611
-0.352637021210188
-0.552280348265846
-0.41111589802317
-0.429102492455415
-0.463478805573585
-0.300973283457642
-0.437306991340371
-0.391150253779824
-0.4847812344173
-0.445361088465415
-0.43487711786487
-0.38974419174815
-0.364615589733967
-0.414788479627009
-0.280744750378393
-0.315099676705305
-0.383377722967625
-0.531599870339701
-0.533431627592775
-0.35591214572149
-0.307307244048044
-0.227702428614195
-0.156555364759599
-0.300187016879593
-0.181524290721351
-0.244846134613103
-0.200151798596813
-0.319218458956964
-0.418302142445426
-0.382255490706813
-0.283807278139004
-0.184782659966508
-0.39692223872088
-0.281793020777955
-0.339051382047543
-0.350743014333999
-0.215818042090069
-0.411580495556945
-0.344940313013736
-0.268160407002779
-0.434217803983781
-0.359936618493067
-0.0760099401501371
-0.391701069233006
-0.264354023933199
-0.363449569700713
-0.324219308012089
-0.341144624801914
-0.41993045891893
-0.374963262846955
-0.332428205865743
-0.349999668255171
-0.186987883914832
-0.312532158032969
-0.251193754758539
-0.374040772737472
-0.434371222520363
-0.18299908083729
-0.434804934340683
-0.319596765113874
-0.233809058085795
-0.169077359793895
-0.0716900532008481
-0.31984651142006
-0.389564468459154
-0.421533847608407
-0.198144344515513
-0.154196054435732
-0.1657460615933
-0.347921729898819
-0.270506430425747
-0.262237978830462
-0.247889112840753
-0.223672297098089
-0.260167207318503
-0.447467555386885
-0.0864889391601429
-0.236755319790134
-0.326708349333401
-0.397174669893592
-0.370966181126508
-0.255151544538089
-0.370582554814413
-0.30877085507213
-0.254871677701453
-0.272711338206428
-0.188688032143361
-0.384742344959611
-0.258127681970771
-0.107569336533443
-0.353094492572109
-0.299655441467376
-0.166138713910326
-0.351633212742395
-0.27553663812847
-0.314564443661435
-0.319788632917157
-0.0736668580724802
-0.2543073779287
-0.0463025756267989
-0.205030539685439
-0.207183001902999
-0.174742760047767
-0.117219207040061
-0.128098320958695
-0.244110850503789
-0.268614878355956
-0.166492643161262
-0.236872434938825
-0.129123337885536
-0.260898639277098
-0.280740615318312
-0.0521664814881575
-0.122528674858344
-0.208273834957553
-0.0721548134391247
-0.155351177406341
-0.266393295607305
-0.133967397838708
-0.164468400914983
0.00261236335238109
-0.186933624860609
-0.181119543607023
-0.0336800307055855
-0.123850087813706
-0.243999649174774
-0.0748776397693119
-0.132919206199428
-0.238704117042183
-0.255376715852979
-0.0488229731441486
-0.193776786342459
-0.209728688374669
-0.155950257440488
-0.0893452894189511
-0.173473633575579
-0.106001333668388
-0.0953828261163322
-0.20623675493918
-0.115311698760007
-0.148751172380665
-0.232063140750106
-0.272167094686442
-0.294997807334912
-0.114335545817413
-0.0738822595591069
-0.16914171505743
-0.115649345559756
-0.241232230333583
-0.0390513420510886
-0.200364835194069
-0.093265175877263
-0.120773789458851
-0.182449044025428
-0.179584247319719
-0.188324481295052
-0.263606612219703
-0.0969950671737741
-0.144664394749534
-0.078563889096567
-0.0740723672285011
-0.0949730777151511
-0.0492694749869802
-0.109351971157858
-0.0856043434576776
-0.0909484024480326
-0.0389967027539727
-0.120091224890381
0.0187112821921401
-0.0425652749232426
-0.201699792739975
-0.0110001258656201
-0.056700326201109
-0.0190942564185692
-0.218525295025038
-0.1098719629201
-0.0775359178440981
-0.0671808917883655
0.0290828581966409
-0.131589846403744
-0.0702924548703813
-0.059653430372008
-0.0816710999689997
-0.181571562922275
0.00549350366686697
0.173754903152523
-0.0784675984989001
0.0264510479642104
-0.0094532355216001
-0.0010894506770267
-0.0562251588541232
-0.256789037472908
-0.0213913868847673
0.10033938884495
-0.00196880601726194
0.0269069645470363
-0.0424632885704346
-0.0759686794901101
0.0983559639856591
-0.0541105756717815
-0.0447485000031556
-0.0303693921819121
-0.0167464733857554
0.0211059793747888
0.00293197914030507
-0.0311724920138708
0.0195652944629113
0.13841747178106
0.0170609658663069
-0.0189380292889817
0.0209324128405654
-0.0857363694281174
-0.13579779519744
-0.0466930377297372
0.0335545755113616
0.0485495410521316
0.0207689885427559
0.0585537768174367
-0.0971277404882798
-0.0852305389919571
0.0186645116526944
0.014298677083341
-0.0488488929523142
-0.042640625079919
0.0109998160060036
0.177875208988079
-0.00598805004601564
-0.0115265536182225
0.125685404714306
0.140269728145918
0.0273999679876286
0.118844003259288
0.0979443735462095
-0.0466108114721998
0.0425912523645431
0.14237653090623
0.0503368569572863
0.0131123514282491
0.157995898371002
0.118027995060335
0.0437229241137066
0.0274529609065236
-0.0526871202577498
0.127506612146824
0.0468159425691702
-0.113094037631735
0.11552066209944
0.039799956445921
0.146884076409028
0.145332145213328
0.115964079364493
-0.0309884968459379
0.0228514425204348
0.133648095230949
0.144906410112245
0.0318345682919468
0.119739188787846
0.0851089861309086
0.103366429712869
0.113896186162251
0.0871772709117781
0.024487000621306
0.162442889501039
0.0245770670045715
0.178936176882062
0.143974050626494
0.192639214830442
0.209633501120141
0.177342663556777
0.0502722913301044
0.164591160589383
0.186153725742328
0.088997749301699
0.181918709614946
0.155777916345004
0.256404253125297
0.136170096370546
0.0368738487651325
0.145467428648124
0.100996767991575
0.158150991362425
-0.0216859442864067
0.0856549030655751
0.140704119934507
0.0729678460107999
0.136303980198888
0.189563156604396
0.331245828568518
0.213792374877301
0.0977834127840279
0.0196427672464348
0.0503713673504076
0.32220576903481
0.139207986639899
0.242820465770338
0.154938848375205
0.228698018266187
0.0370670058269896
0.227180549795871
0.253645795938049
0.179493645905892
0.23057004343034
0.261699264663672
0.213344798314723
0.11289872164069
0.22415319599788
0.119498489833993
0.17243714562087
0.0307405452297402
0.109454573112207
0.0436620337132218
0.128202478927184
0.0997454486440591
0.185551366629354
0.110622473675094
0.301976711387294
0.248091380982872
0.235394223451325
0.0822843022681309
0.253450518088939
0.0437438476142044
0.26248150081572
0.119135482482897
0.211736919573309
0.109525502800546
0.0968598253361683
0.171852873370752
0.212866708979579
0.188272173224472
0.180634402207263
0.154782740973993
0.120438766369237
0.168372442963337
0.178732675165348
0.146021397038388
0.322456936438063
0.350145653663321
0.203694975755788
0.189580325488347
0.260099806109602
0.235608420821651
0.183141312042874
0.151865557813684
0.131953463598794
0.270571207625669
0.296193055955329
0.122014928896107
0.135677441026959
0.201209216697792
0.384117876838147
0.374202933786199
0.389429014757632
0.231068901691505
0.239280454615853
0.355723262163516
0.298169635476358
0.42333813318307
0.341517321670131
0.286785387259279
0.318303595773299
0.329250059082838
0.254532438820008
0.436061284164445
0.263119602967673
0.253540434861044
0.340898618523759
0.359602736021247
0.225209037775177
0.373881495426974
0.473725939195522
0.300206336489693
0.364516468879645
0.515206379847324
0.230243944252615
0.27894435644514
0.425574303869998
0.153542062890065
0.420986320730527
0.276296760485502
0.266310383283158
0.288351365617857
0.466591549485973
0.387510883682069
0.244433180002992
0.313994585594567
0.465484806192478
0.366625383566253
0.502614994427984
0.438748999266556
0.429942401092819
0.332631719871042
0.319571739384933
0.344964906479945
0.284946697097978
0.360807299063669
0.479743829203514
0.319943047311924
0.364516413097192
0.445651036164931
0.295049234782668
0.368541589425339
0.377480602592822
0.328458866757596
0.386342702840612
0.251937366969964
0.341605354272074
0.445452947907611
0.466336061132956
0.391693767449368
0.547217853892713
0.33998304835944
0.445771674269789
0.432566191739709
0.200922268522606
0.390341247156142
0.485860519958239
0.362120578441159
0.526491426604808
0.439380476110911
0.430279021427156
0.472914280934655
0.415092812449152
0.489306083623629
0.43724841309189
0.511835212255657
0.371742830520498
0.374911646224428
0.468906004118259
0.430961452878387
0.508217926768057
0.425581569105142
0.652896435528177
0.379387853782141
0.435868034750652
0.481555668859461
0.349323253616361
0.417234400751346
0.423008824605824
0.402278168988852
0.401995007356224
0.429573983040771
0.396590535687696
0.35617940511703
0.397553842397951
0.498690564454555
0.511858739430311
0.550961947179545
0.528287974482141
0.625083236583511
0.369677680934815
0.334892254370466
0.416212820851826
0.336036142868114
0.455153687152171
0.524312150406036
0.384115162373116
0.587099612161014
0.596693832250203
0.278408694629044
0.379852586442408
0.568634986790542
0.381111445627926
0.505154742394415
0.442759005352288
0.426937544542674
0.50185113146283
0.55352432903803
0.517431658416536
0.661221102852447
0.587081124339299
0.577950608638202
0.53061082118007
0.588120568958257
0.40649000710842
0.375468787537035
0.462119086023464
0.488243146751617
0.527045327466995
0.547351250416984
0.554248624885106
0.370460933210755
0.534138315051859
0.441283930392172
0.391787738752803
0.415104537677969
0.57716356963368
0.62261136748368
0.574977429865132
0.581742616169473
0.461548481057953
0.590354477406824
0.51750001788592
0.518182788800748
0.616099746694311
0.654977166175963
0.554259864318965
0.497072711402191
0.650729784362229
0.583853339777492
0.475611292722184
0.593109415889514
0.644408481997709
0.531299133985238
0.550912825806611
0.667247080289308
0.491942355104882
0.492812118279449
0.63832708135908
0.652075553580162
0.738943569604608
0.591167474786633
0.597188276802443
0.658129787421081
0.538310003074145
0.612644444162422
0.589581697606279
0.595161069731386
0.753675890466825
0.623607075087191
0.668077266821647
0.629755471866417
0.637900391905126
0.655590290696354
0.675617601948184
0.62620884303145
0.63104974643025
0.750640098483729
0.582525648411672
0.619392361632706
0.700248473650945
0.700746361766862
0.55377215836953
0.560558611583644
0.663833348852401
0.559401341449541
0.582778488090928
0.50709246345233
0.604443101735699
0.593119497990149
0.535495521272734
0.590027029013343
0.749565067529851
0.77245487776053
0.71332368162817
0.706414521149001
0.661477555074224
0.598598054204627
0.490848589682788
0.850574254819316
0.740708226010681
0.700261451001922
0.63259051458599
0.573440915525059
0.768657030755211
0.602690608954021
0.757204773750182
0.580954683587784
0.702166298514743
0.769939985432484
0.632110949976221
0.590072990577272
0.796639216455883
0.777004120718953
0.703404048850074
0.712429326797471
0.761675000157862
0.765647371670293
0.626902744814819
0.811851607002348
0.81669315388976
0.805221151461536
0.841637531808329
0.716261065972068
0.672948065783059
0.861369907707334
0.74148514293256
0.57979706119004
0.686714449482154
0.767382181512518
0.761089870521501
0.791749926790823
0.750757427962891
0.784795802401089
0.696085766089711
0.671560757042921
0.826554250249302
0.661682291525158
0.606740737388819
0.742032472267052
0.908936941982894
0.770143861109761
0.751265166126932
0.876158825700589
0.812917760795227
0.685731027313501
0.809394215669778
0.915810518069755
0.726687476070338
0.794978177297351
0.674294627582005
0.918845634330099
0.799152300702774
0.911888692883637
0.777174937511284
0.737840396925509
0.676719845724516
0.920917186369149
0.878838379595687
0.783978215683922
0.847701609746573
0.664813114927252
0.852989602164593
0.767966149029308
0.811888600889701
0.90736363243448
0.817770918363979
0.776655419625076
0.845557237176885
0.890775265762101
0.830868409899106
0.83921378490314
0.857707256355868
0.866828099991972
0.742309670458484
0.795020826828045
0.902902893939305
0.848438512912788
0.808915164772606
0.734495516639784
0.986297415252197
0.935708403820045
0.978909486148159
0.870296333929288
0.931964569166758
0.859115459080968
0.885646812957648
0.966640870987032
0.798584444390642
0.842586643388468
0.828881497741612
0.815140950387424
0.744318528178314
0.887270395895842
0.866764206317293
0.985271922964389
0.844714995106298
0.852935181140116
0.929691154148676
0.977734772941196
0.94128638281705
0.905921210633434
0.844483486021528
0.961406476890987
0.792773402673919
0.835863571353756
0.748376988756704
0.936379078303135
0.972660089348706
0.99737664640492
0.830078845867084
0.825375607124195
0.812606145233558
0.852544880304695
1.00528562960715
1.01487114598914
1.12588621266601
0.82288812435377
0.823467725521726
0.909500670970732
0.948572432615317
0.989808135714448
0.897408730348457
0.914545408596953
0.972508962102629
0.887424852415787
0.927124558532613
0.934145313962745
0.845367518903271
1.09484911325258
0.885679991624645
0.908225545654943
0.983041629824198
0.825411112229757
0.982557055690127
0.838595692666738
0.989481414696032
0.931624086141238
1.10849979525447
0.986311025853071
0.895491781241125
0.858059169104207
0.889370626594855
0.961543983601867
0.904645679804657
0.852251206128461
1.03775451601766
0.986806083886642
0.868730376832786
0.891685886158497
1.05292380422989
0.905103971544929
0.993084028653052
0.972748408021895
1.01576605632813
1.18387475087606
0.995684637308109
0.826876890017891
