0.0182290348838635
-1.12753800877882
-0.999872056601506
-1.15560309819098
-0.955724269262403
-1.12787288890725
-0.95945134891316
-0.909738223291305
-0.987556179170345
-1.00642379323167
-0.984583332980696
-0.895921168007652
-1.03258226145478
-1.11061992174168
-1.00555214699008
-0.99207058170467
-1.03138718034302
-0.819335189824827
-0.813169641324112
-0.905684666439459
-0.952011313952733
-0.897133136101905
-0.953206283158835
-1.08580934999197
-0.973698077032592
-0.926191054434586
-0.992846429696574
-0.991634590415246
-0.976394134158995
-0.908115990561651
-0.723063397864293
-0.98554029936256
-0.855487588603424
-0.87024096893857
-0.791504857807365
-0.934836304119567
-1.02496463306783
-0.819015100456894
-1.05821646621443
-1.07200150046175
-1.00737351984639
-0.970018805218419
-0.937372193179086
-0.877391688035208
-0.921854190593613
-0.826912196170544
-0.951819188199285
-0.766151996561876
-0.852891811146074
-0.978507224387251
-0.941471017763206
-1.03443209961886
-0.833307132477494
-0.828694805913745
-0.975823463833882
-0.800259645728312
-1.06629245024514
-0.95343618921075
-0.815868469351066
-0.951707159072504
-0.855722171447795
-0.926689223000445
-0.902053794135073
-0.884833515336511
-0.912061977270426
-1.02776771820171
-0.970424334671613
-0.701991727893218
-0.62994105079567
-0.817133624129437
-0.884263076299161
-0.793584765118411
-0.972427996655353
-0.955353980248935
-0.845612339581929
-0.773716265112939
-0.802259020528065
-0.988466367689473
-0.817558104693412
-0.748400509670591
-0.860805707561441
-0.767427562709136
-0.752795392813594
-0.807497408398941
-0.821637268289669
-0.930949940332414
-0.945566620761066
-0.748238404336943
-0.870979691933213
-0.820243084644703
-0.649177266565122
-1.06146731995046
-0.840677032602994
-0.75620736584871
-0.732294602790285
-0.744073030118439
-0.739215028989332
-0.952275866783517
-0.793834080144277
-0.857400729132188
-0.635396100933684
-0.776290991635534
-0.666626939319147
-0.709563348737242
-0.772082899097245
-0.849930932875702
-0.884589327702174
-0.789008071555128
-0.713656785287454
-0.891314477648107
-0.983581457229891
-0.733744987119503
-0.828492406871413
-0.767009182183604
-0.83167743749003
-0.648800031467985
-0.792083629222754
-0.719267976437276
-0.808382314377224
-0.671698585105996
-0.845574644689606
-0.866665506391768
-0.721146758405889
-0.775881219348756
-0.779932011507084
-0.723514759912726
-0.72993324641169
-0.795202238122834
-0.713910317981799
-0.849881570517171
-0.869351305437435
-0.746262280604896
-0.589698719954905
-0.646357662861621
-0.607811654201406
-0.752461241765953
-0.70387913992839
-0.690229969387755
-0.822392608210249
-0.730830243091651
-0.68388241686382
-0.600024116917504
-0.678614013540245
-0.73062711454247
-0.780697481197138
-0.634143353712275
-0.797420104448024
-0.632333485981232
-0.724977445263832
-0.661442261517918
-0.760219708160796
-0.603783418126481
-0.869560001782821
-0.686113445298655
-0.612858119536833
-0.669728553640229
-0.68396216310704
-0.65848514128881
-0.786132351747178
-0.734131944788291
-0.628259272483896
-0.617886900059542
-0.632947887027343
-0.571017546592455
-0.650846566645696
-0.634686302473213
-0.639327430695659
-0.671355073887373
-0.621143761261344
-0.713329137678926
-0.764234972278227
-0.65673648150085
-0.58520673284368
-0.444777023237705
-0.553487712835916
-0.679373858976376
-0.660511172931201
-0.739067969497242
-0.738842388296516
-0.543351674556891
-0.574183437043673
-0.610800341976376
-0.562079264461843
-0.582533370938697
-0.538759435972676
-0.608096169484743
-0.556896502691476
-0.599752709928596
-0.578041873420811
-0.545694324022784
-0.530483327754892
-0.518179279491602
-0.51689200301537
-0.611620764668855
-0.620072346696293
-0.466167408933103
-0.585590206244262
-0.726756630678716
-0.510125594075549
-0.704895071880405
-0.556995778157731
-0.551697135764022
-0.496579763209948
-0.576581809682728
-0.502797186762862
-0.534929248232713
-0.555708325226928
-0.669681018220461
-0.433184944900138
-0.567169171747904
-0.505130108049238
-0.651070356360014
-0.521330646222601
-0.463155294330943
-0.460737107804142
-0.447517141602478
-0.675710612696727
-0.50106078869508
-0.491803531051901
-0.738294785601564
-0.548935800157003
-0.392863362769115
-0.640674891039305
-0.556331543519652
-0.527927198953887
-0.531438704007754
-0.662454544945762
-0.631696060531933
-0.564085514079128
-0.35474957180603
-0.550671872606039
-0.575559357491997
-0.564744322471627
-0.730812022647732
-0.575169050786936
-0.44950571468436
-0.573478255386201
-0.533717885095842
-0.603546144347564
-0.456606142430485
-0.421832513262464
-0.456247063703746
-0.474362947560798
-0.510359929364076
-0.403523466832252
-0.605754369246034
-0.585349943235911
-0.56356701947986
-0.345473077853406
-0.46623218199669
-0.559701059041841
-0.464741417391523
-0.395470040409227
-0.312928897804403
-0.661920518013813
-0.448099451138463
-0.520030088591464
-0.707433069408042
-0.614726392595636
-0.463410179494048
-0.49533262333898
-0.548460183963983
-0.538800141623875
-0.519692054917551
-0.525880494304276
-0.430337434471195
-0.34206848604352
-0.520523089303555
-0.469702621777303
-0.566992946816286
-0.47832432083977
-0.534284685226459
-0.420936933227047
-0.574041671723093
-0.354180495308463
-0.502752414408694
-0.376393256934855
-0.52858501427975
-0.341661107528805
-0.427081166623501
-0.358793581399931
-0.554289264467139
-0.533868404103546
-0.33829325076994
-0.291510582697128
-0.49105673967867
-0.550024162420294
-0.430325228072359
-0.476412645618528
-0.515860329263683
-0.512475690086468
-0.314211073053197
-0.477734948635065
-0.375200676303764
-0.515137694746601
-0.56845987646102
-0.37664107189057
-0.34532372724931
-0.427577686090097
-0.415077031722416
-0.427570807096544
-0.349138192224516
-0.401016608013163
-0.411806945238776
-0.480040072931504
-0.391019713534332
-0.416379492062097
-0.401078484695578
-0.495774599653345
-0.384011609266129
-0.348031588317046
-0.363973753828769
-0.309653319942314
-0.328098725190112
-0.473314043354515
-0.264525179598771
-0.479741332696263
-0.396596660091456
-0.386333967182259
-0.370178606111108
-0.34333387957476
-0.335697480536128
-0.302860322810311
-0.354965631468821
-0.342149616586483
-0.411608539277417
-0.313883904508261
-0.366496273602896
-0.367055235732004
-0.299757688455549
-0.338541626187159
-0.414729257717182
-0.296204340170761
-0.274894021429915
-0.327031549097991
-0.395654355255128
-0.253107871421547
-0.327296758765015
-0.317355363630339
-0.285242858264264
-0.404102700050826
-0.419805673296941
-0.325994784325526
-0.454937120223754
-0.342730657956839
-0.245963225746368
-0.200435418993305
-0.221614701291778
-0.200975184536702
-0.451632083121183
-0.387937866801281
-0.367612537126827
-0.221080033492749
-0.235648475621416
-0.367638513817212
-0.273271749261127
-0.0758048840345635
-0.529594194190123
-0.436991227888842
-0.287905969819632
-0.253645919680886
-0.223361709636461
-0.238297599919622
-0.292144936089773
-0.259053051665938
-0.319411977448952
-0.337700541315874
-0.237244621984936
-0.185210565744247
-0.291678790229633
-0.41292257690317
-0.092307093023205
-0.197743748148725
-0.0975556429419263
-0.228057395419912
-0.338471499228986
-0.368211221629294
-0.30184970891629
-0.23724902361455
-0.325865487073048
-0.240876702467139
-0.183029314631505
-0.26448772040688
-0.241726655472121
-0.33761214802269
-0.23993433790067
-0.160782979243069
-0.191899034370203
-0.164293401071611
-0.217634916384977
-0.319973332432327
-0.234915400006132
-0.135670964920598
-0.176389289644911
-0.0789582606939892
-0.125514525175141
-0.0831469080593031
-0.211500157267757
-0.0843640351714765
-0.169260215507883
-0.235009844801113
-0.229986673896568
-0.182636783437234
-0.146867357980192
-0.193011178440049
-0.286714908012983
-0.150058117575395
-0.251490251489191
-0.138231036991247
-0.274626932923554
-0.181378254300784
-0.226785787200126
-0.163928859747837
-0.178486360561687
-0.0616880139946236
-0.163492080346205
-0.0914757594753729
-0.116161998462727
-0.174317460397482
-0.217185355889176
-0.13207379669174
-0.118425506475974
-0.108604822843225
-0.0640431960754287
-0.068288763600808
-0.00335757396836853
-0.159124733823703
-0.154831861778175
0.108812001195021
-0.103405459280878
-0.325291018956752
-0.184463236745638
-0.073860742084088
-0.15609627000083
-0.111195661921364
-0.00144473973440071
-0.116458186018329
-0.134577736291985
-0.194166151271516
-0.163830849518476
-0.249622363860297
-0.0781864023414754
-0.102944853887257
-0.274267328143567
-0.244196025511203
-0.121495264472834
-0.121288853804216
-0.0643044317634606
-0.225350852125422
-0.0543043430696079
-0.176459097474994
0.0465059626816856
-0.148296757965211
-0.253936060556355
-0.15093337530314
-0.21161881133688
-0.0273758399088012
-0.141321520819846
-0.0180795865024806
-0.00524045521601245
-0.0561946572134497
-0.0353527132776739
0.0347726538832826
-0.0832618385646627
-0.193364565458304
-0.201905312602233
0.0332124454464967
0.0499265915788171
-0.043819483763261
-0.00567849637216534
-0.00420464160457805
-0.105391505957256
0.00908004232601203
-0.0532413953784522
0.078944789424203
-0.0607875483873427
-0.146591587585277
-0.117897802686291
0.0225641353400585
-0.170346660622954
0.0633655436051302
-0.123808279959642
0.0633233151167217
0.0471623686995564
-0.0223701259861581
-0.0332791758136648
-0.19196822842202
0.139784860635965
-0.0227162855530258
-0.0320119239070585
-0.0330715805920008
-0.0657137887939124
-0.0758107038010923
-0.0157585499481287
-0.159531187346534
0.0634762406466278
0.0563079038604107
-0.0338809716403093
0.00159570329582422
-0.0212953078072806
-0.0751287082735362
-0.0386112591794761
-0.111467416689712
0.056564691818575
0.143534434000428
-0.128967228512256
-0.0156251162694496
0.134910279267444
-0.0442619428314024
0.0796353384757016
0.0257361269850439
0.0264959220866143
0.0947146690839957
-0.011652921925755
-0.000975169007342693
0.0666963147764794
0.104174873418641
0.011076658131848
-0.102407330272566
-0.0662385780439768
0.141460720112658
0.0640442761366755
0.0334918326352568
0.0809421516197277
0.0405558023110106
0.138647026690817
0.0112832002258385
-0.00150860243342214
0.161859095048254
0.143431668870825
0.148332096108014
0.13703587617002
-0.0223802352645283
0.115226639388918
0.0879758456654842
0.0746148961705401
0.0472433507593093
0.103261303526797
0.12421282558045
0.00309837949068014
0.223806841421645
0.0796012809049497
-0.0313574497362819
0.0847692695274921
0.107814653223649
0.0232739927734905
0.151218608520799
0.184476167320731
0.0966596633291205
0.173478649103361
0.133045809104127
0.101275099845529
0.16779536267387
-0.0288485640075153
0.29347217334551
0.352887273145714
0.0501495913944884
0.167585254031968
0.172414315997892
0.111205719886057
0.234069454708934
0.237800506188046
0.166736097372377
0.139457081236894
0.0518630275769945
0.131333721357232
0.187255668280106
0.0575336877776934
0.236424261341519
0.113194095019878
0.254609707151629
0.133854525281616
0.0238854593270368
0.158072842513634
0.113394818656518
0.0696114207122873
0.278053872375532
0.121343124256497
0.204307778309779
0.097280584642187
0.179745791729618
0.250598322498459
0.135635300540762
0.226842382120607
0.0446076876243838
0.177581323930717
0.210211706502094
0.157498015152861
0.302900280123611
0.148688076831489
0.268783640746903
0.26529359310442
0.227323181917504
0.00775694869155834
0.199906564534474
0.193961716213594
0.35622611504822
0.309794326185602
0.225139043273114
0.218613963462441
0.170813106283788
0.143559018710948
0.223711691615267
0.222750043731014
0.136665418624415
0.0874395051081747
0.132713437534796
0.172263800890594
0.257131510582629
0.113663368544429
0.210433761932822
0.111777608845977
0.235098294231322
0.201322485516715
0.271146716716717
0.226890941686667
0.355617357450773
0.261702557779099
0.255980732307083
0.282677305146731
0.242677258716276
0.421922420946953
0.258652979053702
0.187373741401795
0.255604925717691
0.234956023717056
0.188656988557962
0.230502979854906
0.174697487883627
0.188502580582179
0.15641054015997
0.28810342786091
0.246720532587896
0.300700821505151
0.259004258025071
0.309027113941532
0.141755040245027
0.201740141910029
0.390919213823809
0.382308954899118
0.441308867646097
0.278410616260377
0.237283257895412
0.321649009405437
0.341404964838975
0.128668789789564
0.403276878581899
0.240110818536994
0.248570156639834
0.403775950455482
0.512096161721616
0.389627568805162
0.326425444121598
0.429142387108567
0.273891973503804
0.356528236666332
0.391915333679901
0.234811248758596
0.374471065451164
0.354577263622983
0.268631412671891
0.242444027216488
0.21591976047582
0.426957058678212
0.308662954274157
0.212658136726482
0.41029127841697
0.387789022549042
0.381805310007052
0.342618726272179
0.36459144570806
0.175866016827153
0.317785002832006
0.343924713933781
0.17412646477422
0.446327226302287
0.371048763812704
0.355678014418338
0.41099713897679
0.356353792462383
0.303681575698678
0.254862866596133
0.433451029471814
0.234121975539861
0.399499460249096
0.311093588841974
0.457286430582354
0.339189381617922
0.48156212349511
0.317994420019546
0.387390937860362
0.499076703440338
0.395936644188726
0.43018194198022
0.276451272547606
0.471144712968749
0.469353642688428
0.467798995768927
0.311393757151798
0.503167650974741
0.321093794447986
0.325308912755753
0.449280802348234
0.315241081819429
0.396183138396538
0.40769508898768
0.310023258612759
0.382004681461117
0.292837695498483
0.511046178474678
0.306474901355778
0.531235848989477
0.397383970828961
0.410172425315148
0.405894545274939
0.564925412975134
0.510688356962683
0.456979279113879
0.464056225562341
0.440356996744188
0.507333777466064
0.513859314748774
0.638123470491926
0.455115116779981
0.465646665398759
0.466569165931062
0.469037210305138
0.453621225439885
0.492519926631111
0.388715129340048
0.467920414634262
0.614965113315501
0.361863263446796
0.408363346210706
0.465007496749373
0.390651562056483
0.45070028350437
0.487585624667969
0.308353829009243
0.381967734462204
0.450434691366148
0.4387559700781
0.42528622585986
0.384506826300467
0.53411454396077
0.468215530733373
0.465783444578256
0.475535213088943
0.498939740894658
0.378970936510625
0.61936009824995
0.550063800643964
0.487292090341631
0.575277045867106
0.439041663592135
0.475137690258798
0.542451432943437
0.577233792981216
0.484159508689925
0.463035792869815
0.479685609311774
0.546697269589965
0.485991168721819
0.524569114957424
0.462589369747174
0.417239968306691
0.556000171753357
0.568531732500558
0.565421267810672
0.512632022309548
0.616716290330211
0.41116189148751
0.51936047393151
0.584394114982446
0.517939954175612
0.58882250020446
0.609827786976461
0.555167221247706
0.646592045401285
0.69672498752392
0.696946451851989
0.547482988802964
0.741283258891645
0.398251126773125
0.523940446796961
0.590181057785487
0.44124194648649
0.543773252720436
0.524366347405854
0.500684240436498
0.594968839519185
0.579266585660608
0.526364500097608
0.628827745201306
0.575248063480228
0.677310851953495
0.571813301988004
0.518805509199639
0.617542585147986
0.607441490336695
0.623666034325191
0.691892976270215
0.613194485238231
0.432251841386227
0.66817960705126
0.644987273855502
0.624992113176121
0.458258671684789
0.492677397505331
0.608812113049644
0.648595411450174
0.793691779058478
0.565466401617399
0.777276053199538
0.540468843880422
0.658353914734186
0.561149485399042
0.675429653981734
0.641451789438996
0.643248118247126
0.433421472266563
0.469970457884618
0.718983866360553
0.647136851152838
0.641742407241431
0.653509944148982
0.708191415559937
0.614918837049858
0.665938862253897
0.74815459180092
0.610807985407948
0.67744087675872
0.628176134384552
0.591762927100808
0.688992836446774
0.698114705621924
0.773637085131344
0.795424906014689
0.742742879897468
0.654535299661381
0.815037768688168
0.612562166044888
0.668753569924292
0.770861602124004
0.642070160831997
0.671620505137604
0.822041159998533
0.700030137332422
0.70253276693751
0.705834613616412
0.768357468333516
0.72105731811797
0.630595619059144
0.734937165399708
0.664020597398578
0.707357796119258
0.78650988397371
0.625414308285455
0.549617935800526
0.649344452429088
0.585491847465661
0.674751290572896
0.763324863394607
0.78815076803752
0.574914687782708
0.705805444263204
0.768901055104128
0.780116459321865
0.67725009777764
0.617637621004412
0.712467571343416
0.741494006057502
0.761224024177297
0.569345459308023
0.789025293685234
0.629071528194694
0.794153068829455
0.856517777192955
0.611234853375697
0.776610702909681
0.569303614338959
0.81036095284476
0.724666240006064
0.887585749113281
0.748524812621658
0.879822643472925
0.852207677286891
0.788317118893021
0.638287275238141
0.876387036121853
0.869351878558692
0.864081083529742
0.700138272740798
0.841252727236874
0.618680227677723
0.768052159344287
0.863762525400911
0.742202787906476
0.850349644444954
0.710988580133507
0.946949800295843
0.863739858427669
0.849127558829827
0.814067517906307
0.898419778450436
0.71596878531471
0.886768832600384
0.769944417695801
0.828471269540616
0.780752864881273
0.649034515907922
0.860284622769506
0.872068882765705
0.861481438277789
0.809714674465145
0.971322239807251
0.957248623944628
0.901788380584654
0.80873274493509
0.830858081190578
0.799617708023709
0.833146673910488
0.782890235631508
0.71268001563089
0.886010973055786
0.789452717914857
0.904996073126684
0.819623956407692
0.883025301118116
0.776954112540504
0.922711807849516
0.891186497347815
0.819922562748031
0.952339350433142
0.968752473789357
0.864994490508541
0.848888150389562
0.811543239673123
1.07074777991753
0.893088039337956
0.921259703581867
0.759226897343169
0.794763687504236
0.747449570658465
0.973756512896996
0.949086497656807
1.0421501548595
0.948084040719615
0.953604782419024
0.794375244954085
0.865132306945217
0.740472800566631
0.993952221029577
0.931161190052437
0.895677411675252
0.932119192458727
0.906062483714055
0.886068998209434
0.841471081036542
0.888596760246954
0.805790529976016
0.833899296548998
0.924737962710603
0.819137421694474
0.795959390340511
0.914119992460953
0.879133992373494
0.830701303553378
0.896270426961546
0.916464363674778
0.702998194031729
1.03977034411531
0.864479521483546
1.04480524600833
0.9980881013533
0.883173152803132
1.05508302258846
1.0250389451786
0.885947389048861
1.01687409454809
0.892726342679411
1.04432128011598
1.01686042250398
0.921815647305584
0.757085371428448
0.988309561961071
1.01471364518221
1.00315681881916
1.01162691955635
1.0723921454365
1.07258399683988
1.0287501802485
1.06233019095738
0.945306431413577
0.967260317046101
1.07407154023352
0.933898593650451
1.01102271291536
1.19794954613835
1.05078317830971
0.87678252398712
