-0.0195600117412626
-0.978000137426982
-0.958256764042663
-0.917232492870411
-0.989231089415058
-1.03295621525129
-0.95523219125311
-0.982104723888641
-0.954708607693481
-1.03400276870563
-0.91484163327132
-1.17425934242722
-0.986207496972764
-0.739775744919964
-0.897946496683919
-0.927213981010073
-1.04087589326675
-0.937812961121642
-1.07353438929884
-1.04481537156102
-0.786386655468675
-0.891489468578333
-0.886957091749819
-0.859065957418173
-1.05536260180982
-0.954497420876414
-0.87517359483661
-0.940062915524422
-1.00450964670146
-1.21495749976309
-0.937163862585017
-0.922365530007862
-1.02125482394472
-0.963784528241242
-0.910640615482598
-0.866314909008467
-0.942682001599709
-0.822954743079111
-0.88624051178606
-0.946183338276113
-1.00576424933683
-0.925657258744362
-0.935689675809365
-0.744397279413992
-1.04497308282377
-0.893898199478057
-1.00023986517249
-0.910313647196521
-0.844872016575415
-0.881884619650457
-0.761923722716859
-0.88578434579504
-1.00669002449932
-0.965274849268108
-0.885484771291955
-0.971383449854215
-0.94296003358289
-0.913669495593047
-0.84700616945162
-0.935584257465557
-0.880257878300234
-0.962464692303808
-0.95714274585785
-0.911627434009973
-1.00767425896661
-0.975651588863889
-0.742081597693471
-0.797467306284108
-0.87603549640797
-0.852068694533901
-0.886434554334251
-0.854444316943061
-0.688833446989641
-0.961849341673644
-0.827458487368623
-0.81968938435269
-0.843636427406548
-0.782868989220621
-0.771543811512432
-0.842227316839796
-0.822901311598079
-0.804081279786482
-0.824445830351338
-0.955467401665916
-0.981490032185684
-0.89910399020304
-0.739277434260199
-0.803830055483175
-0.798814971586554
-0.908102068983529
-0.762055979452487
-0.86943725224945
-0.868105529420394
-0.997383020458376
-0.791975460749301
-0.958147274658721
-0.831509608593006
-0.908200167922006
-0.899981599070817
-0.774951762201442
-0.779302592543643
-0.701960709236175
-0.805009732022786
-0.820186207032178
-0.790077618916131
-0.692828511967647
-0.658160627063119
-0.775534252373123
-0.688025257418138
-0.846526768694352
-0.683712520040206
-0.723975950720069
-0.831546098481143
-0.76725347867621
-0.755085626998663
-0.779507979643995
-0.617789967396127
-0.84134051876496
-0.616132088500171
-0.638853754164218
-0.813452410315154
-0.73446523885113
-0.815959524745191
-0.785057515442039
-0.751162934716753
-0.706541154095457
-0.851624494054038
-0.869376264359855
-0.784569242920674
-0.585866700593975
-0.755461384224267
-0.762679833991888
-0.739302944231612
-0.67133394303556
-0.681745350604246
-0.681456717688579
-0.682402744573383
-0.706943307847383
-0.638768150193992
-0.647421355838234
-0.681854564021992
-0.615220112436496
-0.689457332016957
-0.700057456721919
-0.661069967368068
-0.608607391734223
-0.724010976691951
-0.604382356366055
-0.660247889573846
-0.731902304080552
-0.854776825029451
-0.679969823028104
-0.693574381197558
-0.740508087710915
-0.712422639704855
-0.610766715542837
-0.58395418491488
-0.681592258955352
-0.69054794563457
-0.625234409413639
-0.55313658924806
-0.753379033905677
-0.641786987143601
-0.606499870778668
-0.787262319428804
-0.728660147908973
-0.655988418811016
-0.710877660909365
-0.683908728585196
-0.660567861234241
-0.677908763634224
-0.594657330660977
-0.575533929729389
-0.672826140104382
-0.563085993747307
-0.690189621162387
-0.705151870895345
-0.696767458053881
-0.586719016260433
-0.568425673500044
-0.633906257455564
-0.719542819618378
-0.664138497649655
-0.647688476512812
-0.679376041482623
-0.575487773229033
-0.683638076410052
-0.57911675187519
-0.591505829402528
-0.639791778413829
-0.451680115565235
-0.651870222100411
-0.66309530765448
-0.697217022602117
-0.515217277118867
-0.686642899709523
-0.591387533848568
-0.667267282100941
-0.873651330774823
-0.735172700670251
-0.61884603451294
-0.537456188431085
-0.464320653610035
-0.451063846940925
-0.5644047603346
-0.559945353172372
-0.696601926976133
-0.601043893602653
-0.609635564991402
-0.688705226573886
-0.560809938586632
-0.495209294993708
-0.750978208988215
-0.616819680094545
-0.665968705226599
-0.675150458184327
-0.642929854656012
-0.658677357950028
-0.547916809705337
-0.532025300719582
-0.650066881424496
-0.5350380365301
-0.573057581521546
-0.488287329625341
-0.494196355830291
-0.389311582299958
-0.663012722091128
-0.540005107175786
-0.429886115761793
-0.736275510976881
-0.508196687524673
-0.479578202891671
-0.647343661663548
-0.540709729955738
-0.765975893983609
-0.434022851348635
-0.518522912122821
-0.517214172569585
-0.630852701400562
-0.415325525102215
-0.514219235638785
-0.559321591349544
-0.505538888390326
-0.506001943415581
-0.478688596976008
-0.530618479859734
-0.445109028953339
-0.472800261195878
-0.540311089236183
-0.419249917631665
-0.620370941013111
-0.534815824473731
-0.49474566879204
-0.596399832910804
-0.562751335949157
-0.430397493626787
-0.477176323548479
-0.506426925070581
-0.482014990972983
-0.315037708431135
-0.463863800567169
-0.607044647087552
-0.624550311689985
-0.60593137454108
-0.444570777572222
-0.465086327610085
-0.482014009702927
-0.461490744920178
-0.390544956724349
-0.519094978610685
-0.353737870977436
-0.521386264025749
-0.340906325964145
-0.417664149616994
-0.399710442342638
-0.462089662604842
-0.390324328671807
-0.385486078659509
-0.349924334344277
-0.424182341838212
-0.530427771806546
-0.408903689537877
-0.49161232635717
-0.515228091831551
-0.48890763225399
-0.354687796575266
-0.46328007424035
-0.561315765128491
-0.516705579632132
-0.352332339151743
-0.427431599488673
-0.261227691216285
-0.428226641360142
-0.348909012351858
-0.149393843997198
-0.421595177047921
-0.458586215525285
-0.44620087875946
-0.301636477108871
-0.445116864869
-0.401993889669381
-0.382645697736058
-0.370411099334541
-0.509702209802126
-0.409162028055404
-0.425431085699042
-0.43216022649915
-0.505976169415752
-0.36394239999866
-0.51466432327822
-0.351313965489736
-0.382658433073148
-0.422880988062437
-0.318566142581775
-0.293715744504582
-0.442845448353278
-0.417808893364994
-0.45854414391421
-0.269917260199696
-0.357369823988288
-0.409641543289574
-0.368977176807249
-0.449161295800271
-0.409779925462619
-0.309410303053301
-0.322522327406007
-0.428708979968849
-0.362068362609857
-0.222208444637946
-0.261931380147293
-0.351531934907191
-0.24823481419923
-0.302370917390526
-0.45451322812262
-0.247286383740553
-0.46088469819606
-0.435624157030835
-0.432459624481337
-0.419832486137498
-0.311467286121912
-0.272324144408569
-0.398333441736295
-0.250913748011478
-0.284973989853658
-0.406743938615635
-0.223270154014832
-0.192690814717012
-0.240562789002701
-0.361091460787493
-0.246026050145199
-0.408929082263784
-0.377665725298928
-0.352479428566518
-0.216470047094504
-0.291469121419033
-0.300118216526602
-0.366507123755214
-0.366888923200923
-0.272898156548507
-0.374946191924957
-0.481443612637519
-0.192219300050607
-0.226466158057064
-0.353725705056855
-0.212592622073707
-0.250539171276325
-0.224794901744714
-0.0481086925636646
-0.221881592676991
-0.349349586412398
-0.261596925962379
-0.344296083649574
-0.300464752259507
-0.31070431992436
-0.300717349504905
-0.215593170998992
-0.274915221934918
-0.332454923275606
-0.222147492262046
-0.290739119666984
-0.180305004840853
-0.260879877755129
-0.202701536116454
-0.117607499284781
-0.382108439926414
-0.243567376711536
-0.14467634385202
-0.254200974112337
-0.0212025341645342
-0.24769402007585
-0.224632185291237
-0.366059261034592
-0.330056684441141
-0.17394910498525
-0.158044298760766
-0.240837188483892
-0.258985773145363
-0.161584807224539
-0.129812680643936
-0.217108643790047
-0.197889611618212
-0.260712441064026
-0.267534032573877
-0.181341311002305
-0.170295660385193
-0.345709947487687
-0.167220975424715
-0.0300978032658197
-0.160632930089754
-0.172547794979242
-0.174119599019665
-0.0130476376509461
-0.217553765591257
-0.181760112745389
-0.208483625320397
-0.173390720369642
-0.159240552880262
-0.0785611762016002
-0.201403092502653
-0.119146063711085
-0.165319485817005
-0.299774716204613
-0.184832212814754
-0.0343526039011977
-0.132998133480728
-0.201759170265587
-0.249652005194793
-0.115925456488545
-0.21420199990671
-0.125745176661726
-0.165292476417363
-0.0651078663723606
-0.0840336928001734
-0.15611252801372
-0.119740574192822
-0.0230505251877655
-0.269671400684603
-0.0619844519545933
-0.0899849850999602
-0.260376210936272
-0.191886749044448
-0.178167401394919
-0.0303919371291523
-0.0559763241512561
-0.243156404921081
-0.0840866370891493
-0.0595246518945707
-0.00792930160604038
0.00347630691731883
-0.139703798984703
-0.149292075938901
-0.113840108962471
-0.253496512733888
-0.148959820935868
-0.232177250355584
0.0156222582936339
-0.133860625654947
-0.00663387933730634
0.113004403871732
-0.134347606221856
-0.101400641506308
0.00467875630495262
-0.176662416540233
-0.121253819399375
-0.165204065068953
-0.212765718810857
0.0282955677301268
-0.0478317793201665
-0.0779600161929637
0.195499775097369
-0.141395702354846
-0.227831306300817
-0.071437708954007
0.0467021321693523
0.0248635578240107
-0.0937498721612967
0.0316370675619212
-0.133080848296695
-0.0212142261943841
-0.130964196304469
0.0290342837145588
-0.0552373637021665
-0.194544292020328
0.0658567895365402
-0.0564005572467496
0.0426947303273438
0.0344465125775985
-0.0672831971201698
-0.0504104815689796
-0.104654672200774
-0.0114614365612751
-0.0199857507988653
-0.104157746540811
0.0109789499421666
-0.129259095477846
0.131071816915262
0.0727046048281856
0.103124636910564
0.0212156999521366
0.0277152350004883
-0.123439352694976
-0.0397139713114425
-0.0242566093345392
0.0747999838652013
-0.000227525768440514
0.124105318750691
-0.0387712026257512
-0.0920905799174747
-0.148206022501685
-0.013683021652494
0.0981673966087644
-0.000565447267255309
-0.00573634192808768
0.238598407675565
-0.0182562838956535
-0.0561162199226131
0.0266206912235753
0.0263932872206083
-0.0769923302497569
0.0166753246370627
-0.0230029658366201
0.0583005317018087
0.037520487100802
0.0437635388789373
0.0465972725624638
0.0787367243257282
-0.0303114657093243
-0.00800725644820323
0.089398063890966
0.00384388929343035
0.109541327749307
0.00613260334276393
0.0359477692922749
-0.0266838473242357
0.108035679720453
0.0940878211655879
-0.00769842635674446
-0.125164025045048
0.0868193694464359
0.041540602024532
0.0824138197278445
0.133591923390654
0.0891924225764466
0.135494421800646
-0.170330400433316
0.00476501985186937
0.190141976062449
0.189939520841703
-0.0560078457025343
0.259172752564147
0.159447779531118
0.13946228361296
0.15158397424214
0.084836080819919
0.0365242223630457
0.118341969140761
-0.0713932800971718
0.144731987980143
0.0436728184318631
0.250883453948915
0.0375417677626468
0.245299965554665
0.0228231511094991
0.00186306881486847
0.277437324566953
0.0500509688899454
0.15881121098806
0.151968192973914
0.31796930394864
-0.0560849324328377
0.150761501985697
0.108589845150439
0.203071883819349
0.158558763469874
0.190681152099954
0.0117755543368186
0.0810392532799955
0.116086992664157
0.217778428058823
0.128035540187038
0.122837972172896
0.119288664665471
0.111674891173089
0.174168200776033
0.266411346048396
0.127881281222681
0.147202604639634
0.126594368872433
0.171965223684496
0.346590512975432
0.0976539383703824
0.200072097713056
0.269092379916907
0.184654899988724
0.285853018810911
0.116397650666995
0.0918619921244512
0.156252854268438
0.292773433599567
0.247137423006762
0.173097514366528
0.341114768159345
0.221992077178249
0.2605097945319
0.378995691231378
0.256704430991332
0.326767229303451
0.233773124473715
0.297948507406681
0.278057095726639
0.170820044041403
0.289120696910137
0.102812252027819
0.166547349136607
0.317779292588807
0.144471094278113
0.278457469056502
0.240295531896508
0.258650316887364
0.386161526636974
0.28191674961561
0.12488740793739
0.287030727719658
0.321687768561513
0.247356083263322
0.146977237601828
0.221832275847479
0.286093914697054
0.274469766917383
0.287045914318989
0.248084873629891
0.246437075566189
0.20363123294011
0.288130387141637
0.326096979410452
0.230286173475083
0.349673603233112
0.291301584587395
0.446162958821161
0.188068314331877
0.202862809840972
0.362063875208706
0.288994371706958
0.354290723313092
0.28016637670736
0.365171338761891
0.386310089029643
0.28477457502798
0.446003354159347
0.370051532249489
0.308786877755959
0.297503246422138
0.429738381986818
0.283293656851457
0.317495305789452
0.247386642976596
0.251790868604167
0.335757607617861
0.455324389250975
0.286771753773317
0.516516132755318
0.292537286595297
0.369644823162348
0.421529615112268
0.338134840437297
0.409861635503949
0.435099453506543
0.333919598888417
0.303433309876747
0.261877665629161
0.311328001749881
0.431946215966585
0.159722886076295
0.427535217760171
0.258863253872622
0.188749768670556
0.29621144453777
0.397382039860167
0.413181427710375
0.400210912495993
0.294788159820361
0.382253011482657
0.467715609158526
0.312891432663812
0.117328593874227
0.41758790026811
0.310649945379924
0.384013668011138
0.227940273832323
0.569413611349858
0.242285613625366
0.189699219226224
0.277653136646368
0.335577581753462
0.345207270682165
0.388970099887614
0.372740152920904
0.249724816507896
0.415884517204565
0.381840950185456
0.419806680525326
0.434966190214261
0.326662410047669
0.432221741344581
0.313540486493979
0.413596231026424
0.365860325925715
0.387482270057436
0.418808453389519
0.502539918034202
0.4174392386673
0.408369266658541
0.510657433793338
0.495985184345205
0.554538111203241
0.39754680248295
0.483394107515732
0.26746357062347
0.368318347527804
0.390857061140774
0.426326758916654
0.383898572898336
0.491143420537856
0.439556282094754
0.463280372741139
0.584533274603224
0.289590650061207
0.511672653642145
0.561981512064268
0.384944067008768
0.444481239638542
0.38502898128374
0.531638913817962
0.308353967256483
0.492176710344184
0.485874459723042
0.498631911724237
0.41449556031656
0.527658078415917
0.393380854040845
0.460641567269119
0.498542028837592
0.392937162755479
0.479355419014716
0.4688846237532
0.553155852246117
0.536352235397654
0.559473860796842
0.555924045701535
0.47247948209496
0.67250524271479
0.512564554750775
0.626645597942836
0.556258765573725
0.541815246590845
0.561940650669738
0.39614259669185
0.2001746775429
0.466504495779536
0.6314255453376
0.522381320619399
0.441897520133075
0.507241818757258
0.500404854204579
0.588098428363625
0.514379468067747
0.607225615462659
0.562013257109037
0.43147314836086
0.579579191399124
0.546345398181265
0.441914490171148
0.516404956099066
0.554395816026235
0.578576226344977
0.56909155999545
0.659456861837258
0.659080707274838
0.474307307356019
0.408255306551296
0.440357459665553
0.5983063522138
0.613043504192027
0.657363375525106
0.584156642893889
0.498564401016363
0.663660989974841
0.579361424339173
0.574738961677758
0.729489111676082
0.526495801449054
0.381145077379084
0.493410743574027
0.534277468613171
0.718761913010318
0.747384325442044
0.537902158505455
0.633815713114324
0.51984598749546
0.704588297157687
0.571241172167849
0.688133473642957
0.563410725464328
0.534873526562499
0.650628654641464
0.690411470562407
0.74242312061836
0.599843458392985
0.732087232039147
0.50923845140684
0.653253307723206
0.462967623253843
0.654616824349917
0.594832141017466
0.536792435781655
0.55222713018566
0.675467655964371
0.56945406503627
0.596564135683701
0.809128254005587
0.619697594288307
0.571949733029685
0.58095483641829
0.701910362460148
0.598506769318816
0.647854620151961
0.62488984029114
0.682297814271086
0.577532169072869
0.689553240679034
0.64030330761886
0.602294748387599
0.527687750248541
0.628755026828815
0.599996886185008
0.655113269776901
0.634987377650429
0.72325795638779
0.827958790479457
0.636261218743449
0.612148449096516
0.697046155551521
0.734215018852053
0.616171470938569
0.699480187216307
0.456465745818538
0.688488922596673
0.640689112442187
0.79016801213227
0.616914026905087
0.746998626102598
0.647804036960017
0.666435095987963
0.718616748657655
0.611298521153179
0.759851769384774
0.633281071988587
0.677582799985234
0.728850003060578
0.737739950140369
0.69734373576877
0.735296433239384
0.509493313017928
0.865527823800762
0.703717460742321
0.663796746974923
0.809502241072346
0.704434579549296
0.651836034294766
0.713440722988249
0.766817617915723
0.681926768461703
0.560958086675136
0.668272251340017
0.787365470976588
0.760570838063227
0.85609550426584
0.733828351506285
0.80203751942432
0.703366268034602
0.800281066383674
0.703397857458713
0.748846987041647
0.699112014919536
0.748361432215539
0.792186428711548
0.744675347204135
0.518377107645925
0.620164536286055
0.795392476754098
0.827122391244285
0.749132045954785
0.745595190985604
0.645577236276242
0.881235767804775
0.711208682087559
0.881726943378023
0.784328863922725
0.735023006764824
0.873080837053351
0.741989159260352
0.821654478602367
0.793724350790309
0.822203760392085
0.756598609491221
0.635573964452438
0.846022913145745
0.99084826223978
1.01735035332625
0.671991167779589
0.975410397757587
0.762525363879486
0.772058047406781
0.853679411407331
0.949055157322575
0.82739053183912
0.788508854778572
0.960483232315124
0.948263927223151
0.910803711558798
0.796842794296131
0.85051363353003
0.782028444048606
0.801866162951481
0.945623199115297
0.811865512488223
0.925150689581339
0.864358064037176
0.80839382741892
0.909468701282602
0.831066093623362
0.72804607319598
0.721212277280299
0.825349684345177
0.722268869471677
0.876631739404507
0.898285335797654
0.876233998983825
0.897669155405158
0.876262456594361
0.832018588718607
0.973351113393887
0.850310067848616
0.899506365216247
0.871674532029246
0.877789528587432
0.840581282269476
0.783752978473589
0.8183361707065
0.948155079879531
0.754381955419264
0.925956708847764
0.907064679862618
1.03721908536442
0.838691248868911
0.97066606589811
0.815547467501876
0.943806513749955
1.06937072648182
0.83287195698732
0.959403768835401
0.949240438619607
0.993183543810852
0.902582635143426
0.952766345575938
1.01383037290063
1.01844530051763
0.904528461715398
0.994935596568022
0.84044483839044
1.06865758235083
1.09751772739924
0.9325713452519
0.978098065268033
0.759452373484049
0.922657038988534
0.972948265887604
0.990604761883106
0.951616324572418
0.966434733155586
0.940550836646826
0.857892463474652
1.06021617245725
1.07332322869795
0.990692116380053
0.984600473885684
0.95472281828097
1.23759283909777
1.13594479009538
0.767973218010926
0.899721956948374
0.846077150652581
0.987991410843823
0.903598063475776
1.10126426693818
0.996585736866397
0.899034794372617
1.10152298518132
0.908270975716622
1.09811381810461
0.970505041619679
