0.0219373981650463
-0.989056152135913
-0.949408921883344
-1.13032616394032
-1.06941683457867
-0.972965501591286
-0.943285469354816
-1.02602331986667
-0.783332578303335
-1.01449005486078
-0.945602194342738
-1.13374878444972
-1.06713477538092
-1.00159443506412
-0.968660092557372
-0.903644275986821
-1.10934657927509
-0.996661999537215
-1.12687369508972
-0.906948620175661
-0.883063122525095
-0.889683101159227
-0.980672870907578
-0.962019825266693
-1.00668577818072
-1.13966634189128
-1.02973948805639
-0.956097584749462
-1.00576060158352
-0.821869568526205
-0.910958725418345
-1.02630606315611
-0.971047163861647
-0.84245949289792
-1.06609915582322
-1.15648630558678
-0.784938611287737
-0.883946525514839
-0.915350704410199
-0.833882919991797
-0.869712768111276
-0.875577454428741
-0.875613181997128
-0.992814033752698
-0.950571407587779
-0.827748204864517
-0.940069602554602
-0.93506160324388
-0.765039452494117
-0.984208504164499
-0.950342159510742
-0.960401588753082
-0.782421376687263
-0.861553144110609
-0.914466242733809
-1.08187888564903
-0.909048988055341
-0.909148806234258
-0.919660965552833
-0.879401261264465
-1.01248687448032
-0.934419888840684
-1.00146703461288
-0.880777734909817
-0.88576880296825
-0.819398392831442
-0.939952990700569
-0.830166837292383
-0.949939279840439
-0.89693487379063
-0.738922608997796
-0.918988527911456
-0.885402703458188
-0.86379225952428
-0.817062409260888
-0.805316245532306
-0.88426275566366
-0.832423139840302
-0.763128084041061
-0.787153504088857
-0.867342709338816
-0.793720618702029
-0.841245992889575
-0.777947400900644
-0.784510934053484
-0.798920135774726
-0.951593430936003
-0.972225111649092
-0.953924977233209
-0.774344329034099
-0.860756147932707
-0.917996789018034
-0.795895646289825
-0.771975017416117
-0.749011376025978
-0.722558780744865
-0.761503292696099
-0.664606728319691
-0.626520956093487
-0.808063512337972
-0.827736569794908
-0.816153107056595
-0.614558902291988
-0.903262147709158
-0.753017557095304
-0.811899369169571
-0.812922292083362
-0.72019047803858
-0.868825939832657
-0.819361721548801
-0.72883874302563
-0.768511459515502
-0.641971704422125
-0.936709790250526
-0.887619998913819
-0.786072088321441
-0.781879343571382
-0.612488411340406
-0.726688575048154
-0.930472576133669
-0.824895728740371
-0.87855071015774
-0.747826829165579
-0.776959828226844
-0.718639613949933
-0.703386431426651
-0.739727600232188
-0.766764079594561
-0.68672198487087
-0.915537131183622
-0.658206985067453
-0.878814656574196
-0.863548376658155
-0.711412947080718
-0.662661717062661
-0.621344959540077
-0.797834676696847
-0.766734979592622
-0.826214486030859
-0.77617617088855
-0.746987766669654
-0.794813994861468
-0.71792396517136
-0.82843532533861
-0.598773347945193
-0.682814262882526
-0.63499732360108
-0.720606812371519
-0.749984165613168
-0.7356796262078
-0.711685590416627
-0.68379355268318
-0.807157632395676
-0.536548849947291
-0.692295750938526
-0.738976813779941
-0.549968320889079
-0.796847733527504
-0.584818203745447
-0.646002005584082
-0.78456379348253
-0.63227157957525
-0.680247600971453
-0.490571040374994
-0.608661411543355
-0.671220333352828
-0.732754913870824
-0.671322320894027
-0.721272263513893
-0.598051174098582
-0.699280133504763
-0.7953582793708
-0.512330408314309
-0.706601577432603
-0.642631652389981
-0.676325891676898
-0.616125308855869
-0.555360183774477
-0.611185174295163
-0.601439629704985
-0.637960907639804
-0.695498745509012
-0.599186567243073
-0.703784180164327
-0.661943449601548
-0.690098809015624
-0.668007266504618
-0.663983104070596
-0.688972394075242
-0.75529081664777
-0.530049221254583
-0.551000651764153
-0.642848436762277
-0.723277499304339
-0.522703214418243
-0.590989420652572
-0.632740228584617
-0.512676552821843
-0.612127779289732
-0.486260579323373
-0.689714197111348
-0.497005501026153
-0.535226892896438
-0.684918374434525
-0.592507392021675
-0.55485283612859
-0.589121705301608
-0.675619866332121
-0.659569049354144
-0.7313793309477
-0.642107061407796
-0.66936018663178
-0.664323816686232
-0.530717786716966
-0.653871835865013
-0.599391798978807
-0.630427125761669
-0.571236591732777
-0.593485700718287
-0.678741736278995
-0.537694623153677
-0.588888183983973
-0.582049544640092
-0.557653237921121
-0.499480943089481
-0.446031809068217
-0.475304266061817
-0.527924062370428
-0.403814542177852
-0.40347376248448
-0.556887770677382
-0.675123784145599
-0.598208735681951
-0.695055485942056
-0.605764523546383
-0.557687059858562
-0.655017011857101
-0.385122155284363
-0.482025557733872
-0.623118712477971
-0.547854195724505
-0.444450598556255
-0.713977677830763
-0.473496978449397
-0.604921892871954
-0.592607151888136
-0.573071402913691
-0.564401336474082
-0.514057261407916
-0.594708010672631
-0.536085334474379
-0.58503310352107
-0.560626702804903
-0.457214576629429
-0.409031396821463
-0.51428276506571
-0.685733546220917
-0.58224761817364
-0.456603593319381
-0.651111126823212
-0.400583856986674
-0.458581608717099
-0.45894019417232
-0.407175464032737
-0.312897847046668
-0.433992022037036
-0.509993417148098
-0.426878150241655
-0.452223522597808
-0.428707935452615
-0.478588752089906
-0.416765762854095
-0.540921109694783
-0.418990061280943
-0.5992529525959
-0.537711492759166
-0.362054005803983
-0.476214272541429
-0.231743394100718
-0.486331054031797
-0.372964445371509
-0.466009041852951
-0.590480635836414
-0.430418911959536
-0.595620962996565
-0.477278762527256
-0.292565033880608
-0.389117343141881
-0.378409558374191
-0.456300294066515
-0.464703816489968
-0.261837435142757
-0.397263421536487
-0.352262258873353
-0.39760259252239
-0.475587353998092
-0.499992954352199
-0.314887357786812
-0.412787482959735
-0.342944387341439
-0.491332428850698
-0.394250871080795
-0.307462080610705
-0.316499931026966
-0.606291236178819
-0.342615733291292
-0.310196911141022
-0.363852541332931
-0.445692520747047
-0.442822885703878
-0.433539882778486
-0.288188028314955
-0.377569351756968
-0.311827106635752
-0.402693513290744
-0.2915672577522
-0.343073670597541
-0.37736522693823
-0.48393229276591
-0.306921899279076
-0.353997069248311
-0.303984355979902
-0.353089656817991
-0.375418509776572
-0.312986605083603
-0.328423538603274
-0.464880017224964
-0.244588831541944
-0.239164694330803
-0.295293563970366
-0.551360709809601
-0.36465391232094
-0.255307497836078
-0.31395651318965
-0.234500624774515
-0.481662632949097
-0.464744595903365
-0.420047777114051
-0.306409610837129
-0.321198107147528
-0.192804823570963
-0.18629787300701
-0.356700741095719
-0.329798708112207
-0.313147867760835
-0.319741307036024
-0.320365026760764
-0.333530191792231
-0.317094227522904
-0.17924935318267
-0.372669429065879
-0.312454007855341
-0.331577239832398
-0.429229493609001
-0.147922716217466
-0.419182812582865
-0.230791097885643
-0.202490090889175
-0.344923897140777
-0.35630077171406
-0.3550900197082
-0.313793387553709
-0.261812037510929
-0.163734535947921
-0.1774530048011
-0.234473246213066
-0.309140980122241
-0.216225955067014
-0.273778199748208
-0.186197728645818
-0.225706813590298
-0.186948497602364
-0.153318147687003
-0.191618577256934
-0.138627319042212
-0.195466594576114
-0.270654148524284
-0.279766676852977
-0.379003669520993
-0.300417935529926
-0.386700214454952
-0.134112278655818
-0.176284727368666
-0.294100115519266
-0.27813778666749
-0.183972522914857
-0.290860067022371
-0.324575498293301
-0.184199453444969
-0.18879391377279
-0.220832884227071
-0.328909579407368
-0.216688261987506
-0.181988620158064
-0.116034101090596
-0.17473352630043
-0.255574117110432
-0.161499103920282
-0.251173400924682
-0.292496328733112
-0.200675728882119
-0.183750754773829
-0.154022406240771
-0.200695709997645
-0.291491435673199
-0.277493620730702
-0.187384388673804
-0.158933862171529
-0.28046607740499
-0.208096709631575
-0.26069938035748
-0.332298977872665
-0.236188680506549
-0.153632662374636
-0.173798011650427
-0.130776276493476
-0.132250731838838
-0.0299776211197323
-0.18881201742085
-0.232147989817599
-0.132649384261205
-0.238127985394165
0.0823355502168295
-0.295797514784385
-0.235397000262652
-0.237739393935864
-0.16036197795361
-0.216539253849621
-0.0936721244663522
-0.113762230048647
-0.2093220631787
-0.119684822503209
-0.0499251325718775
-0.180015380923179
-0.102572933505294
-0.0283232392151097
-0.162493409560002
-0.0957122400113512
-0.131162470996011
-0.15414826734596
-0.260985226426351
-0.0778861177210427
-0.108948385304483
-0.0510654557431464
-0.226324256985225
-0.0943237302598986
-0.171506178214424
-0.0646525999835798
-0.142242594847368
-0.198179217623761
-0.107263395579069
-0.0663482607942344
-0.131013194933907
-0.0771051381697451
-0.0606576694875059
-0.138558691207298
-0.046989424450217
-0.227435922483149
0.0128461264121496
-0.118000957859465
-0.189189104996074
-0.172595331206242
-0.100717988470075
-0.0988938306828681
-0.104603964755933
-0.0962659434578037
0.0217719795443145
-0.140118959573143
0.00929381686982179
-0.0575223140439758
-0.0894526558458339
-0.121693476351596
-0.225311107865362
-0.00778222079027451
-0.13490769579112
-0.0403467521216017
-0.0950075579787606
-0.0273131761550547
0.0538328328091787
-0.00456952087168134
-0.0899575762682742
-0.0539082412648294
0.149232924259205
-0.0986555603656887
-0.0434906349635679
-0.0145112977120675
-0.0481732007732556
-0.10668515711846
-0.0527197999525251
-0.132107883278296
0.0433641005316573
0.0188522331563964
-0.0842735972274656
0.080807253298741
-0.0850053191456437
0.0883956297123432
-0.0621160685183714
0.185846766059235
-0.12004990875739
-0.0730134893584867
0.0178167376875082
-0.0309578184798995
0.00143463118902243
-0.064023099617122
-0.0204481497651107
0.0253905880727335
0.15618057276826
0.0578601612110662
0.0236498076166948
-0.0954836607094805
-0.0779285786025278
0.114217568491712
0.0219564226449224
-0.0344207583499792
0.00941733872941006
-0.143066333231256
-0.0135202034027376
-0.0889391458867123
0.00943468464124454
0.135345526741886
-0.107566181730247
0.0614856856923645
0.0143131061139149
-0.0699944619198931
0.128016362139615
0.00913042456604828
0.0551018563232736
0.0545925636362518
-0.0236301710413396
0.129764503895418
-0.00507030788838131
0.123679128465443
0.0546845842342566
0.0719778900355103
-0.0131278356417407
0.00702606372337584
0.206219845129743
-0.0176883543892145
-0.0398999036905076
-0.0329764904306557
0.0557044859798814
-0.0254226327659053
0.132576569513242
0.097659720184598
0.0746258710606112
0.033884321737035
0.120984101619973
0.0894554527163016
0.185637645048759
0.0985220383358405
-0.0801281525444517
0.155121238659944
-0.00870349400469493
-0.0106178337094589
0.0515919435776777
0.172217084003457
0.13822171170174
0.109017856403659
0.151351177846099
0.122539704956183
0.263519214518709
0.119396054407865
0.201840796903463
0.0495168416049909
0.207876991211618
0.248001066033731
-0.0981736698080178
0.165935617738741
0.17358921286828
0.256326560752538
0.130927022585784
0.19585782035243
0.166488933278196
0.0673009624895448
0.13375269559506
0.0371124146409895
0.15165783131928
0.211874489514637
0.0572561977543211
0.148760248005615
0.211268122509236
0.246133100154426
0.14209071682457
0.103718284150536
0.0678707813273036
0.215346400872007
0.14341145271206
0.142965400698559
0.0734037989375601
0.170512971515903
0.183046603510342
0.1859230377959
0.252896388325334
0.162803801258878
0.232300987078407
0.0894157240794892
0.237215121668733
0.182321173207991
0.144967617408823
0.342496918718527
0.259739911899081
0.0718544641612111
0.240471913781645
0.302370477957965
0.181794738292143
0.116398797824911
0.229759768424653
0.262236347139947
0.170542143689911
0.310668215350391
0.185679603909396
0.183804272524726
0.24595185481269
0.251400954050152
0.261027502150347
0.330675299938849
0.180344161139186
0.202616231533659
0.348479301779347
0.28123655589243
0.238330042402134
0.218866187834444
0.203362447386123
0.201153065090178
0.192511586271511
0.337690123712186
0.289957607227663
0.297946226033099
0.305166544549906
0.322258140602168
0.292199668731821
-0.00343496673792509
0.290125649561522
0.243031644827334
0.308807054613777
0.317220103530869
0.20083503897581
0.341128517493834
0.315662561559548
0.157765633441726
0.455682210334511
0.271363103387865
0.237449474215213
0.294007607005363
0.291053726044077
0.3654324841167
0.406267555634918
0.318539643456119
0.297396628777243
0.158708816588268
0.26663077390027
0.298913667186185
0.28166622714595
0.241772922150206
0.311552417860541
0.408894474607394
0.470981170461037
0.409980296211431
0.316086242030455
0.312530581992803
0.221427102156949
0.308391116421229
0.256797993923992
0.42723503170046
0.428570714081393
0.499580837559685
0.26899815313125
0.391928868521756
0.367540790136063
0.426228463776138
0.358809962132545
0.30483082325947
0.349344965184168
0.384847075381088
0.352523761421456
0.40338757837591
0.406489713863411
0.435784048011025
0.223863326705205
0.245916180018225
0.293228499117704
0.498582158541384
0.299899981095682
0.37661780287238
0.285605713328421
0.412568859798721
0.422574867730095
0.463448108365465
0.588334001902309
0.370149165254377
0.308331001634878
0.419300114706985
0.494103319696564
0.195357034268505
0.369250543267351
0.287011747406372
0.313145199404088
0.330538799573454
0.452171551630381
0.331002644167538
0.352415674033963
0.374333698468061
0.424848929553592
0.438418617009957
0.450297918992774
0.439893837839528
0.430642899103822
0.278354520181113
0.429309353279588
0.388048589651648
0.474230388355785
0.456352278449928
0.402983655714362
0.43916505322212
0.430748711158325
0.614217638801607
0.450470079253969
0.450536920214651
0.49152418289298
0.379120355847859
0.539044990712651
0.586115608979886
0.489976577048737
0.326492793240999
0.613013949786167
0.460275413269952
0.400915554506672
0.37575683593468
0.35759930369035
0.547948900113618
0.485590337403675
0.505533563516054
0.410528027860632
0.421873382888966
0.642572293392738
0.616654891483654
0.469329378863939
0.371157278973867
0.418436647304473
0.467929959726807
0.529188126535185
0.277339462106716
0.459469977656747
0.568447567218048
0.494562413170678
0.486561435214575
0.376267589631719
0.524206275217876
0.37905479315613
0.338957329172261
0.396324831163851
0.47363509193491
0.464621196601101
0.455359175474494
0.577234607584329
0.608644908110444
0.410797009445496
0.431139498175272
0.37655099805115
0.423075940714527
0.593270931374289
0.671306831075377
0.537725924542042
0.592534185211501
0.542172563623181
0.483460406919413
0.533744046798732
0.444611061839338
0.587469332973661
0.377052667705546
0.455009479931792
0.422520038315209
0.387796432966076
0.465615675735312
0.501309758310855
0.634225854656688
0.605018111278598
0.483422500085999
0.618014779369164
0.527710114226386
0.513878929511852
0.449516542698584
0.56318942197912
0.528754883722206
0.489993717356615
0.558282112400994
0.61034494155479
0.507407896979177
0.543090929713794
0.752877403694939
0.622821146708428
0.435662117784223
0.633098848983611
0.615276744990764
0.706634806763775
0.771901969251335
0.626240779248758
0.660307057139107
0.502199906787545
0.622993265365309
0.633430314421751
0.557532467431162
0.542537732960887
0.70730159312925
0.651085962565631
0.696404018891651
0.55623973198211
0.643343231391448
0.632374347911377
0.492272088492025
0.561583258588933
0.565428239283252
0.583643194714679
0.75009338686551
0.77074539617
0.750897620383778
0.583685064393042
0.675751594431958
0.687902862225492
0.561724392286368
0.519020474100608
0.525499004740121
0.52772453394451
0.496682628762195
0.608090033642947
0.578076865422696
0.584668384292387
0.638206203938683
0.646223038290593
0.733683798167494
0.602754690633257
0.730357645563057
0.741936952258823
0.576856751981896
0.65142512318179
0.606252945865714
0.752874573016329
0.579443415463974
0.647243902753935
0.779587911009702
0.6047952190703
0.653861211171806
0.570700268247456
0.701957186866488
0.594170707525979
0.698426277466914
0.620350551670026
0.662447323642031
0.821896008838831
0.651843514269817
0.661307641180317
0.641884664864073
0.635970703116628
0.618719124424518
0.634373427137565
0.781980328354525
0.843436637929929
0.619098968065539
0.763195044234488
0.648768425738765
0.607819192653967
0.705193730577054
0.714636805567018
0.707554952630701
0.769834282171784
0.755354888250416
0.623671017748958
0.744470074021668
0.768401307823207
0.648981729729236
0.681840867098618
0.549031252647518
0.703052726289448
0.753651193003774
0.706591061713431
0.720118831556171
0.761091179969694
0.541538725576046
0.803776162761688
0.77494160433244
0.746767656205645
0.614256678745681
0.805063142385418
0.772485934025892
0.903712379300185
0.823714195516827
0.850803340146143
0.692285905943707
0.789886121275092
0.95627093903502
0.585130527385976
0.75652990065179
0.780580591128747
0.705370533724649
0.936306494150978
0.799724789556107
0.99707430169191
0.785019657693767
0.856010594042166
0.782673083862736
0.677795012747156
0.788803759854393
0.824430957816955
0.815728099632643
0.876187712777377
0.859875766280173
0.854187115634603
0.694921933257168
0.893893960682757
0.911329687979809
0.81824109360257
0.82379792804234
0.724936448688967
0.980606042615478
0.873916296746532
0.745501959870007
0.855188939425443
0.747393867077831
0.862104241910933
0.891659744325257
0.793711284808241
0.927811676575145
0.923001729338716
0.853126090000867
0.879565292417741
0.939682601749584
0.916890711174064
0.841569440782165
0.806982432851072
0.886871854276015
0.912844611922907
0.942727063652823
0.832863506041224
0.725787012365664
0.930810119269429
0.901376381426128
0.796253170819451
0.822588109691413
0.960717315634909
0.95655337532669
1.01655436747163
1.05061952614624
0.761518696966151
0.917280538229995
0.960255863758375
0.961172206844031
0.927576868909517
0.751265864985929
0.897507825406279
0.878865958417944
0.908034137879598
0.969995300690079
0.971488191774357
0.983400904440678
0.962046432390602
0.915379217086542
0.946127205422392
0.995194422868973
0.927276481328158
0.895290648782935
0.943120820203152
0.930536047894577
0.771249815386494
1.03258176668229
0.843153975339371
0.961381984913777
0.958197080524602
0.900507733625755
0.878552779490798
1.00282261000392
1.05172820196433
0.718868032225546
1.00533356998937
0.977374587415322
1.02637017114584
0.955502355945709
0.761336080413932
0.950401326337864
1.10858208695225
0.985363721886314
0.995784504544331
0.874854186635677
0.976063045242792
0.924202024866601
0.915920134081893
0.972112765939823
0.984688620042781
0.895353154453417
1.00977179941012
1.08679224189945
1.07853287486282
0.936430415673359
0.864056992351179
1.02328714684081
1.0180328673694
1.07072372485197
1.12813584885618
1.1260771614475
0.953028016504928
0.952496586199906
0.945374136884834
