0.025319164481617
-0.961318798773196
-0.959778417301173
-1.06763902194859
-0.971327185036903
-1.02578310417774
-1.02548607837096
-1.01051682041385
-0.888481824630706
-0.872836573946774
-1.09489164316165
-0.865697513359323
-1.02208593464096
-0.968961406815876
-0.889100488328681
-0.869604160758449
-0.899243219114177
-0.868960417892142
-0.968330173062949
-0.915255463193571
-0.794011602737999
-1.0321863577179
-0.938955167610933
-0.982967169230904
-0.973737529337193
-1.00086738434382
-0.9636231862729
-0.970042264759349
-0.970603351310418
-0.907085901969249
-0.887207270792041
-0.872182757060271
-1.03886439708521
-0.962413369545985
-0.962916745018057
-1.03664525249384
-1.01715430677862
-0.904655013406862
-1.00171226795633
-0.813593759520761
-0.750607799458466
-1.0231432163775
-0.895780556799148
-0.91663441480344
-0.985244084650561
-0.843959470638917
-0.923938041358045
-1.05437779385312
-0.899055569966914
-0.941480090295275
-0.907501790917617
-1.01626626536045
-0.866933679242264
-0.913374641025772
-0.773469829381521
-0.772350442488385
-0.882469768711748
-0.765377822366785
-0.903561918417522
-0.713623201085159
-0.889559685310976
-0.882851119362753
-0.864814713360239
-0.805574069061082
-0.916444493079825
-0.943265861845503
-0.795636620411211
-0.797104701243666
-0.859307330826674
-0.882854254581734
-0.841068636281052
-0.843523091843027
-0.868166427722316
-0.919162234453599
-0.921569000971322
-0.83374471754769
-0.829641704400683
-0.915375870641197
-0.836318608364057
-0.797428217463936
-0.834112210586118
-0.833429892260798
-0.755081270371754
-0.799311958903289
-0.843842586469526
-0.823738090837964
-0.833359717626472
-0.864447200563687
-0.827701807803764
-0.806286075477671
-0.848922379832856
-0.718625407305632
-0.794475382616595
-0.753416581226481
-0.757496812763315
-0.747943294566443
-0.745388114196728
-0.754912753411226
-0.777740314522337
-0.767641062188814
-0.769022622029161
-0.767681778225552
-0.683839578661389
-0.822029421050904
-0.77876220061137
-0.638692194930717
-0.755221563955414
-0.986224662502251
-0.755220385587975
-0.731959037624594
-0.823093741548526
-0.805915297023213
-0.883319437199796
-0.739318330351663
-0.734758141316018
-0.776872796394567
-0.789204842062084
-0.827281446629904
-0.922988405558449
-0.833256556252986
-0.770331503279112
-0.806358414591487
-0.858507908670371
-0.828822765705459
-0.678081934579682
-0.710179030056823
-0.804335249618507
-0.684632753315495
-0.769455847647032
-0.742017699414418
-0.730592057724486
-0.730145853465913
-0.789931262419275
-0.747438927588959
-0.745862503001522
-0.758706015152848
-0.742174756439456
-0.767464314477458
-0.84085418577837
-0.724953232980057
-0.594696250980314
-0.790953442891996
-0.693020565733463
-0.743281530391895
-0.801392827652511
-0.716927990603728
-0.640715438451635
-0.726298320013363
-0.8031845341784
-0.639091747739365
-0.733222272183152
-0.661096061016039
-0.680101835867634
-0.673119746149195
-0.87861881675253
-0.726104273283756
-0.678971355125596
-0.764972312355242
-0.583703532331094
-0.66315496164166
-0.553316495462329
-0.711954621136084
-0.646947446189295
-0.596742826770116
-0.605024332251665
-0.593546177060512
-0.753529140476861
-0.675930956390976
-0.762742629272453
-0.693294921249006
-0.724708716846971
-0.558379566023428
-0.615503807498544
-0.716806097158432
-0.672909193713079
-0.753059710209396
-0.524858499609258
-0.777313418953587
-0.690422864574643
-0.746849520174923
-0.675430935345178
-0.647497743085635
-0.613507030432537
-0.629831002120427
-0.535144780342798
-0.511092471682504
-0.654962828149894
-0.657834206879116
-0.55113545000571
-0.62288015982442
-0.721315231177233
-0.543961346480133
-0.763277205238821
-0.675872808146801
-0.660695930110593
-0.598631159893635
-0.564933261074712
-0.514379167747797
-0.633607015019103
-0.623081541436947
-0.556581985410531
-0.399997925369975
-0.564817547086494
-0.445320803720313
-0.629444184841941
-0.54586571092719
-0.683061696078155
-0.595282396688235
-0.497466169838209
-0.505622373167719
-0.684933630821792
-0.576817942635089
-0.428379627913215
-0.580225006898649
-0.575825802400346
-0.463834499627258
-0.594350956522907
-0.41073763353061
-0.612104766409705
-0.607653989821467
-0.511767682942394
-0.679817917036805
-0.533679223574113
-0.718364642837617
-0.632427487250106
-0.50038677738231
-0.631793768097508
-0.586920881484186
-0.548931271088766
-0.64451392821236
-0.695202352917865
-0.599654506517394
-0.593670231052597
-0.430946249485398
-0.527588589414178
-0.552082982101687
-0.55503016890628
-0.419007517212546
-0.42385749676306
-0.597440854428549
-0.608570867362125
-0.473143606350118
-0.576969820399518
-0.612849756322451
-0.537162924942162
-0.495790536392724
-0.647991640086791
-0.591991352534445
-0.506225548120308
-0.54485581394343
-0.486121039121289
-0.538809150367423
-0.487499240560026
-0.531804255418247
-0.354976745368667
-0.434643865816653
-0.564657183257531
-0.413512560855351
-0.419588373011745
-0.615086602589712
-0.458685646920439
-0.385387387588963
-0.516974199814961
-0.59440700645322
-0.369002511437787
-0.344665689940484
-0.526602853504229
-0.410787050448398
-0.449466617636558
-0.480337925976896
-0.48655324410857
-0.548036479194321
-0.293127970924131
-0.563183823212849
-0.356501261871943
-0.465106567256514
-0.559140913652372
-0.389019668336098
-0.31564350931728
-0.620943670041539
-0.48051725011461
-0.367980358137697
-0.382584413136524
-0.518802709945216
-0.314047304827397
-0.455054064272747
-0.388225708757266
-0.516883380910835
-0.525582682021285
-0.408833332511276
-0.571226576972133
-0.447556494313189
-0.242250106107758
-0.392173295441038
-0.567353054368222
-0.475201293691618
-0.444826990321021
-0.428757982181209
-0.424589836770816
-0.342571272014532
-0.417679395138107
-0.449117739312553
-0.42907878385633
-0.347687463055366
-0.333474240029091
-0.417442246018336
-0.263749308721557
-0.532281972732437
-0.415176121720217
-0.617151836900203
-0.445482628072678
-0.379324924104559
-0.314812278485577
-0.46025169592756
-0.284860751619577
-0.279402031270541
-0.28190868198605
-0.320861164772585
-0.388425262847761
-0.438411593308469
-0.430552217782264
-0.244675079466122
-0.302361847381912
-0.438325563438579
-0.396889965379611
-0.429426559668007
-0.281000210908075
-0.434545599148489
-0.333254410059459
-0.359605554474644
-0.404403884883992
-0.397085641204708
-0.348949877217357
-0.327528074245415
-0.35879865895878
-0.310810642862845
-0.253923344474953
-0.291958500687275
-0.246238629261848
-0.168470388858872
-0.347183011527855
-0.373383669348959
-0.245786957453901
-0.265656473585786
-0.316919423958713
-0.298038205804209
-0.235986754195639
-0.226462175332949
-0.418495271364467
-0.251476953559439
-0.341857618437822
-0.409051737648666
-0.333269775304505
-0.2524468861208
-0.328131775379395
-0.214766466800749
-0.14501241682403
-0.229452280414031
-0.338490067336308
-0.459072728830477
-0.349225801912058
-0.267368030839572
-0.130755309064373
-0.162291739899034
-0.491462473598744
-0.16527768150695
-0.244862971064811
-0.287775029130857
-0.306661876894844
-0.412480604899465
-0.254423005293239
-0.274467707163653
-0.0415383789088832
-0.281846320761962
-0.231318622166729
-0.328903848887988
-0.219542924238641
-0.274695767309656
-0.245946280790812
-0.283195315080023
-0.301073998032359
-0.207368183727099
-0.33969051463888
-0.324547777408414
-0.208515516847867
-0.320715993446579
-0.172117797917267
-0.167010392565711
-0.244736919689899
-0.184684457135209
-0.16561855438885
-0.279438384369561
-0.246396010945776
-0.411723132123506
-0.25923814448619
-0.30213805070862
-0.163961768309681
-0.112093462682284
-0.193417098873034
-0.110974903856268
-0.170642841706252
-0.175888596833332
-0.252466720229499
0.00932709402910374
-0.141612148131142
-0.138025604674847
-0.216544436759923
-0.124737809275845
-0.335063709620749
-0.099303612543546
-0.0829733418441221
-0.350397579263319
-0.148265484542827
-0.05711985612552
-0.228329601020707
-0.104837996877719
-0.117534505509927
-0.181613434844921
-0.105155498481958
-0.189501215448467
-0.298053455414509
-0.237839680350006
-0.0819374811015008
-0.131522631945344
-0.301372576310687
-0.02402618928331
-0.0586818287289402
-0.109123659797894
-0.00237342121385362
-0.148941014799756
-0.188372059616466
-0.281906827229288
-0.0706606908552824
-0.447793884946524
7.33419740038737e-05
-0.0421295841139544
-0.0981184918956164
-0.271998355711458
-0.203131356843904
-0.192754947433048
-0.172427424584568
-0.157462644509055
-0.181622430272238
-0.124206373782307
-0.265661898315841
-0.053058114990614
-0.140421204025321
-0.169534236945818
-0.191477098259011
-0.218576159975649
-0.0549700300364327
-0.14772050829579
-0.110436309560634
-0.175536054114614
-0.0931583676619707
0.175799914453533
0.0312779313726739
-0.0587007976367188
-0.0902352576332338
-0.0581674633942132
-0.16746173238214
-0.0831828541905146
0.0446487522974045
0.0849295381404283
0.00369691068683486
0.140883559642862
-0.117294742291663
-0.2009214375006
-0.114436544749739
0.0109079499943534
-0.0615451971700163
-0.256971056895532
-0.0280810533915034
0.0351552123898143
0.0377935764828127
-0.223776829973776
0.152897524880055
-0.119261925150574
-0.23097328043011
0.0290669390503629
-0.0881096199702046
-0.0297401651528557
0.0635471064491951
-0.130044229877711
-0.203381981061722
0.0789714859189704
-0.0763105328289577
-0.115404071251917
-0.188360345417509
0.00718869824909254
0.0604480430637567
-0.0829258406512583
-0.0136913794190376
0.0657984964628044
-0.156151649058548
-0.0863168401560779
-0.0660796851013866
-0.0919783464640755
-0.010412672277259
-0.148298443477155
-0.0412050641826317
0.0606705074596722
-0.016524363309646
0.0639142000508853
-0.0563143039055314
-0.0364502237335654
0.00531731744628127
0.115244650518104
-0.044039880311862
-0.116833057826458
0.0906469382111153
-0.0101547420843873
0.056255159885378
-0.0434894065812544
0.0073787334882625
-0.086863297256539
0.0783015658337918
0.0258078948246629
-0.0472693376526008
0.0438810553299255
-0.162967999976794
-0.112321842528182
-0.0422102611089989
0.0372169856130724
0.112942865141605
0.108162948271736
-0.00553716096257267
0.21445560968554
0.0655788383740559
0.100251679640434
0.115518735781871
0.101150185621793
-0.0200283543446549
-0.128103308427147
-0.0765853230867438
0.0047281971009049
0.0822898189206696
0.0348982895649685
0.0149779007681622
0.0301929804765178
0.143481810752366
0.13265796653583
0.158314847263092
-0.0415722277176786
0.024891209790794
0.00699930591381819
0.180274521241843
0.000668760728412341
0.0862579538363329
0.0571275524010478
0.143054792289723
0.139603473530391
0.170902573342598
0.135797099738934
0.092021639806535
0.0712263458151116
0.00825102122371311
0.2494716760313
0.271527617514952
0.0246738449145891
0.136113583592222
0.178724264773274
0.176012827834178
0.147752693959557
0.199924345248044
0.116024390763677
0.179475271640445
0.144456287986442
0.0196470665097238
0.0166274820572362
0.208657956058545
0.180182783462439
0.153215382996905
0.0710839944004886
0.105209150028705
0.0457879983927316
0.156614658618046
0.128947090760374
0.264867043664478
0.151091842432412
0.3274362938551
0.190610310341632
0.32321664582801
0.0628087978973453
0.0847306236587464
0.135109682681652
0.174999829957907
0.0705238141689768
0.298034525347487
0.1095718784585
0.094939411447108
0.157983911890161
0.236397229103081
0.267226262865036
0.200964548254831
0.173375334110621
0.227017078262465
0.223361088657084
0.303605948238226
0.0487836281953593
0.250750081407802
0.132563759402827
0.223004496004596
0.247352895132262
0.342707160263471
0.246990701381269
0.0158720413289314
0.197441480967782
0.0906473530107512
0.197652070299359
0.125611715455657
0.289052170381408
0.130936835427328
0.309818488026152
0.311317054983856
0.187155719528773
0.224690043669133
0.31556326871808
0.188636590913657
0.19390979518852
0.163154798482686
0.247559120738486
0.184261666788449
0.27040000575933
0.352397769526737
0.307781338215802
0.129587900660533
0.348566464957901
0.252727615608241
0.175730766013747
0.237955843015995
0.296969019892539
0.356618294458945
0.352567157574861
0.236060125158009
0.300787241131292
0.266928878448703
0.177745873009747
0.254711160624077
0.15236781202936
0.36703072542466
0.244670303142144
0.234819216490288
0.23821605329137
0.339155357391708
0.291065041468527
0.361097264672342
0.247533184693357
0.275123357019769
0.283907837135059
0.30817767023992
0.397522018296232
0.254677128437947
0.258055271151416
0.304405974033166
0.373820226014572
0.31220695107865
0.40314396223839
0.132998051626543
0.311499976507099
0.185813140291665
0.294392662995248
0.296343468388193
0.327213747186796
0.291598235732303
0.360163207518808
0.322133585364757
0.332015241069476
0.308850523644922
0.378349354341077
0.333202987119228
0.251593045310818
0.273210037502749
0.521999550589114
0.361217266833887
0.423148431450234
0.29572340375054
0.25364085342654
0.363473206333979
0.38952627263147
0.397913628944384
0.29969171984708
0.342507600831296
0.53759066435569
0.38171727515808
0.332042882785209
0.442780713380078
0.435734862918403
0.528783984718485
0.426259984918201
0.300190286747291
0.359955795266778
0.42700526561712
0.329318732478843
0.360040283949276
0.378302336630248
0.512240651930296
0.570665455312051
0.37884773903565
0.328741854887699
0.440265590689079
0.417653588256178
0.327819779292511
0.568562257811746
0.446668468855478
0.516582803756961
0.409120002738475
0.348803851314981
0.412923322985041
0.280265547607259
0.357929775809936
0.47155489818096
0.483802958117516
0.460183269046184
0.416875371811818
0.355896821102787
0.428338053266421
0.3599906596189
0.582402441306553
0.511213907178329
0.487309987288475
0.454202316736058
0.449178206997033
0.494410304165751
0.431148239970621
0.536711241264354
0.368719103485415
0.458866340362994
0.302291261746335
0.344205347021314
0.381348031059398
0.465778198270333
0.45833065102106
0.461972208412117
0.48475211752352
0.415357367535079
0.584100463483421
0.493322733273364
0.389925928231392
0.327377477888521
0.544159252814465
0.55335695580031
0.671710754402155
0.418375538639006
0.456919424125476
0.4727828154076
0.567738613106323
0.566796659713951
0.630992772031088
0.438367457371341
0.555997116676332
0.434728550904563
0.422738670492381
0.59940502179321
0.40339664100328
0.504109206171056
0.526305968033383
0.547144328361857
0.440028045222858
0.607390440946453
0.447570081344964
0.65237862226832
0.614979289976038
0.548741219101066
0.728918332446853
0.607257853586835
0.276506294859353
0.366474606842313
0.661791080419868
0.468512438197792
0.49359169804535
0.566089391264562
0.440079741736154
0.519270175397947
0.603422080043804
0.56994772841082
0.604983687028949
0.534220284102738
0.502319563705538
0.512883560025924
0.454258707215614
0.699595756127297
0.632447641787701
0.644057127771693
0.670280410451303
0.554015539308504
0.649496487490966
0.489031440152762
0.586439641088946
0.559707369590208
0.494205580435915
0.622082858391959
0.483839447695584
0.570132553262686
0.632961264109305
0.566028620919718
0.62069491957614
0.633320451538559
0.7051166388196
0.698040697098971
0.560909038675113
0.600427530477535
0.582124127279353
0.540050651837767
0.464217265617578
0.489033187546995
0.553247498112152
0.634591976971834
0.465804826389362
0.759836606508377
0.63673839347928
0.652513867417047
0.608821808977645
0.523755966044003
0.600073681548466
0.517216543129885
0.620025361736357
0.602140161309471
0.528746819664955
0.635686913660372
0.59704995926973
0.609952898436366
0.553695537872837
0.629826356640985
0.7055129454221
0.659380334395586
0.629638928419084
0.725376161335237
0.668249424755668
0.645634328210024
0.704101277166157
0.761027073410316
0.784905584355831
0.764576132593984
0.742237457442399
0.727897911887132
0.564900565014936
0.507690833308374
0.49851016994571
0.647580436433798
0.632767075461384
0.633851372436796
0.765442144433627
0.642642523968532
0.5886003775962
0.685198662218293
0.629784080459844
0.683220461645337
0.737008497800987
0.830078155217708
0.827908028570035
0.701558339088256
0.647942983046083
0.639759469690292
0.707316333842763
0.827130368187531
0.580914654907091
0.731103428666166
0.655240659171734
0.840474274392033
0.829298826044689
0.758233966689267
0.67058231144675
0.824267785559395
0.639849661970865
0.79922067072702
0.764851205870805
0.775775735257716
0.779443998919056
0.695224533049235
0.776363985806069
0.785898841385193
0.749611218578318
0.788710160093299
0.867397873832804
0.772954824099494
0.772157177861422
0.590266837890285
0.846107821478193
0.659040515527038
0.667732700251801
0.704331351600113
0.91060822518779
0.909743811087127
0.749570526256849
0.918457714606902
0.734318276233142
0.753405708402669
0.767214983327838
0.890912488064475
0.856967375700358
0.663384294339012
0.854185792643525
0.748621634954863
0.710623915572482
0.871473133986623
0.822952022801539
0.829327734386697
0.771499798262551
0.693855561906599
0.889108155318893
0.766691695712961
0.793071687191487
0.822660848936053
0.865982416039195
0.831790774080175
0.761469355840584
0.869695473785643
0.794993977790567
0.779376770447177
0.910029351532175
0.689269046470352
0.824932120387439
0.836872302342316
0.784714133273894
0.781493915560304
0.781451569258236
0.878285511296052
0.708050869041238
0.931498379489276
0.811562745359521
0.850448872197963
1.01490431806846
0.874780698462823
0.956114199607997
0.888302748307683
0.832981344264259
0.859088635800387
0.943012085753019
0.889324049703308
0.967291406792145
0.890045948625416
0.662195908560675
0.891612247683811
0.829874578674768
0.91515799601856
0.987419447472423
0.866428243496504
0.831149293473609
0.920374171638877
0.87687921411084
0.846187177268167
0.979099097230829
0.924567060881795
0.844534962641161
0.78313391715662
0.891865136873663
0.886676682112566
0.869389767073902
0.963972517603669
0.941335990453437
0.68442321884904
0.918323180003361
0.838539169313897
1.0576094302432
0.862078359013526
0.790790301469387
0.840069359171469
0.964244240409425
0.80867257090454
0.88650736893898
1.06980411596767
0.988794770568824
1.08903048293733
0.827455021977849
0.927898665872725
0.962643016173158
0.825573297288715
0.858644370347448
0.869446402958604
0.889429729668334
0.927705373646131
0.956534354530388
0.917991853959996
0.912951959473783
0.873437224239699
1.00320618828891
0.927896853626237
0.949639036404105
1.10829627772234
0.847685794528197
1.08178088892277
1.01603054424076
0.858605724473111
1.02529012960174
0.9811140271228
0.888679979632276
0.963094745998719
1.06195945580458
0.932697096554204
0.973458743409597
1.05897805327888
1.03299427889234
1.03342152794631
0.971003159619394
0.830356698370512
1.01870141230068
1.07008032744715
0.998520679434837
0.923631981711838
1.0502924513525
