-0.023153221724344
-1.00850350650826
-0.84947556762554
-1.024881159711
-0.923433315662542
-1.06061502065759
-0.974876117781767
-0.962661736594907
-1.0155803132223
-1.09311605102101
-0.982395433969296
-1.01552510596843
-1.10973042808099
-0.910403270108477
-0.958453514789592
-0.921813962167234
-1.04852236180598
-1.08500323846337
-1.00395455273314
-1.09329911605383
-0.95572782892624
-0.793471042108728
-0.936704616553895
-0.874657249081609
-0.923542658380962
-0.96824678216138
-1.11172866594684
-0.923453612273081
-0.884337602612824
-0.847782733056623
-0.982992076540667
-0.906336963765342
-0.920311426718774
-0.939475810307606
-1.0807943741901
-0.957453904730764
-0.812661253609032
-0.945257986681466
-0.968562146804546
-0.782438505557765
-0.90912759695307
-1.03148261724083
-0.875675727995829
-0.868391054754858
-0.952313766028218
-0.834331296804004
-0.897459045429553
-1.03961759410333
-1.04849932633815
-0.954541015500574
-0.923541219313864
-0.913958727817676
-1.05461497460804
-0.846817734021129
-0.937205888480653
-1.00497109294777
-1.03123673642863
-0.991701271211052
-0.914899970788102
-0.7919327473661
-0.796899328781522
-0.993260999511846
-0.859149050443792
-0.811934503092433
-0.853493860558837
-0.882511540168065
-0.688940925830915
-0.735053736282157
-0.772560783863481
-0.841855718967123
-1.03944560382049
-0.70480096387057
-1.08715363445411
-0.898195178646324
-0.869827408755839
-0.781553339789161
-0.742497440822522
-0.896387473313149
-0.895888994789147
-0.687507316738372
-0.860622297666447
-0.872452832187412
-0.943130047200278
-0.874793751710354
-0.904840492802693
-1.04567264240841
-0.621830561905745
-0.738750187508821
-0.654074672858372
-0.926634164568246
-0.963928838988805
-0.741666906859197
-0.679824029003195
-0.628924900915043
-0.808406585666498
-0.819483960290384
-0.756908990490903
-0.819977207839746
-0.803690097099891
-0.84372505934134
-0.949371945219035
-0.840248213671974
-0.78812690317175
-0.841224731469976
-0.695858209902552
-0.838564968480484
-0.622089923464422
-0.802629089357537
-0.771300734791186
-0.704961637376608
-0.825009564648109
-0.758341291767522
-0.772860218321426
-0.692094630323977
-0.73711501446317
-0.852136624398199
-0.825633394669156
-1.07595180927107
-0.89906174664096
-0.764363224255902
-0.736179049606886
-0.919671584161223
-0.744736522626569
-0.726379875292363
-0.702062351148951
-0.793072464895033
-0.94180126996471
-0.558915345086242
-0.758527394116482
-0.85546562679708
-0.940378581863843
-0.693574534532572
-0.810277117548133
-0.611683462905254
-0.806863295815177
-0.795741622424152
-0.653254765413459
-0.727427429940897
-0.653563824619519
-0.599141061567137
-0.751953353055388
-0.818446170258722
-0.729780867620398
-0.654189801373704
-0.799137400582634
-0.660674378925652
-0.836667143745922
-0.547436090180933
-0.724430639195039
-0.701940031978416
-0.665815397129543
-0.660066353581273
-0.677565292295353
-0.778822709029081
-0.797177620808095
-0.555893883416817
-0.716298442656051
-0.582152311340801
-0.629299571721925
-0.619833171823607
-0.777949968965851
-0.725784799465591
-0.678973164276283
-0.814887639788511
-0.641598172433199
-0.636016042091775
-0.740487777026694
-0.686256496622807
-0.754136043703456
-0.655402409693827
-0.624776593121705
-0.585882869878977
-0.552874460733303
-0.54910559139518
-0.607278446903199
-0.794921775435925
-0.468104603989891
-0.641880891755269
-0.757365284016403
-0.595922346005745
-0.539412140654603
-0.747008984306609
-0.588761113058167
-0.570362727591734
-0.588801734171439
-0.538765987279554
-0.618758667350695
-0.676409805407188
-0.724810729594521
-0.600934284102746
-0.608717462854975
-0.664905961515622
-0.434095574570739
-0.586248119892214
-0.577213758194903
-0.742517928738853
-0.4243169645307
-0.584047662958343
-0.640028697880189
-0.606808984213549
-0.548556962745352
-0.612611004968786
-0.660279193412785
-0.526604728053355
-0.724522829326447
-0.760247045215656
-0.499134803239037
-0.713821816070472
-0.643848525362363
-0.427469717500768
-0.592444790576016
-0.491353546361912
-0.478937831895981
-0.571197345523896
-0.533395381938629
-0.611754125516811
-0.634361962019961
-0.691239691943186
-0.690077487723225
-0.65630834381749
-0.546400307981452
-0.530832054972323
-0.588500937619012
-0.485586586649358
-0.625538601193505
-0.642397004313738
-0.558323555951832
-0.611886323354054
-0.536245080352564
-0.581079328264745
-0.590923012102779
-0.539814397947621
-0.635870590304256
-0.46726158524299
-0.62313250747718
-0.561421433922858
-0.396559244550059
-0.521444779872866
-0.433805967162775
-0.384095346068424
-0.637301010531955
-0.567120900613815
-0.502395371327404
-0.596348642034895
-0.570894370646263
-0.650035060973794
-0.509132827661464
-0.482298566740398
-0.554961149397842
-0.585292551002634
-0.472147560739919
-0.430195867654864
-0.537179195013277
-0.513948309935968
-0.593076111797158
-0.530233889294989
-0.545895217731164
-0.483570232102707
-0.375870943528762
-0.46568879608482
-0.439256331754568
-0.403355020337651
-0.543062031245749
-0.3733151855252
-0.435001635112463
-0.40610554328658
-0.449295770036313
-0.3974609586916
-0.437284384258649
-0.322977374531666
-0.371221433322549
-0.352558831825313
-0.391497928654049
-0.559826212887702
-0.477561783843468
-0.443688312992468
-0.43377651590839
-0.361612302958406
-0.594665434501747
-0.434362706879533
-0.373115284963275
-0.378062622767669
-0.490504281673429
-0.397961441235538
-0.282229754254714
-0.54167833669107
-0.396374950321165
-0.456992454534992
-0.359376521956002
-0.481889171827564
-0.397938530453581
-0.554012711387327
-0.439277898099838
-0.351182533022149
-0.315880539819751
-0.326058168672651
-0.415644587381695
-0.424450847117644
-0.41382869920178
-0.4330808178753
-0.435942292398659
-0.408657885693142
-0.291264776575366
-0.420332020345308
-0.523136778405917
-0.359459799574994
-0.338395569599123
-0.366287741238727
-0.42579494769963
-0.437623240060812
-0.409659694760233
-0.287206981230955
-0.413745057745274
-0.525997115335273
-0.436250336508403
-0.291906810507109
-0.308702134849467
-0.474953217535602
-0.289155066226341
-0.37784885235064
-0.315736316723981
-0.399532643179516
-0.351210623044595
-0.401353622031363
-0.206084617535857
-0.411514757162539
-0.330657340456361
-0.339275549014314
-0.438449907096271
-0.326586617400898
-0.459246378347507
-0.344734067140177
-0.313749868178548
-0.349750380086846
-0.226283793970754
-0.463779043225969
-0.351867461080007
-0.435179151402099
-0.341161285868685
-0.0562880552791443
-0.30547918532117
-0.196058267556567
-0.267451953969138
-0.322559374092836
-0.416338513239178
-0.306948110533703
-0.427631731060205
-0.358563435692683
-0.274752837957087
-0.354697697470584
-0.338610421249379
-0.269182549829076
-0.346158415642649
-0.291674475032524
-0.398834615443477
-0.292298811952793
-0.252365903124255
-0.247099700789598
-0.382680583513126
-0.35496801044897
-0.331833313419449
-0.185615772796437
-0.341769652440506
-0.417343157879451
-0.336128580095956
-0.345242541991094
-0.30247359830417
-0.257363419610998
-0.444018377296801
-0.318459799051356
-0.286056245275155
-0.17018556749647
-0.232490967238451
-0.409825463830181
-0.133340127991298
-0.309115964092133
-0.238266102859087
-0.184453512794979
-0.218353816775499
-0.23865196166512
-0.286657981072472
-0.181047476989913
-0.272729224713913
-0.227807382778222
-0.201453751358761
-0.16702695563283
-0.2407578027057
-0.177103658305133
-0.0600477460205474
-0.167612624136731
-0.0655279680604057
-0.203459912242772
-0.206813283996733
-0.214764932943149
-0.189746435586413
-0.163658371405611
-0.234184280241518
-0.3953413846479
-0.242337137999393
-0.0713145800507866
-0.261975271612413
-0.288788401344749
-0.149902581301939
-0.14840027708728
-0.170024289083844
-0.0505588093467336
-0.164841559357149
-0.132256608101714
-0.231162160238567
-0.179851447990683
-0.160224553580046
-0.295172686629825
-0.147423515053144
-0.0660168730688629
-0.178834557932989
-0.122953897282714
-0.144683114624799
-0.112561100156225
-0.159546653265159
-0.235946314754038
-0.117121935079612
-0.161347774408437
-0.0933185110466992
-0.15340588627741
-0.231916411580161
-0.228987541649125
-0.254410075600581
-0.0909295232138005
-0.0623165523232895
-0.198325622136506
-0.0345378686233375
-0.0556815188621749
-0.0722975863858663
-0.232616120385969
-0.10062686808488
-0.130651346381785
-0.142254821342994
-0.108189427287234
-0.0244641678985534
-0.223521325314481
-0.266692517975546
-0.0549019970967653
-0.259059303488327
-0.166905385230121
-0.161280367469699
-0.106502336976867
-0.123923389701653
-0.187475907379512
-0.145503211057496
-0.185570529512322
-0.0942731620515609
-0.195373085305024
-0.0295879265479751
-0.11935541161663
-0.154665811093943
-0.146659249769022
0.0138690486978535
-0.0844871557007962
-0.117421420983534
-0.12484994196873
-0.189163248522716
-0.1193990226803
-0.158459685070925
0.0227570160948556
-0.0195991053030813
-0.10140156943487
-0.0805685569770149
-0.0799057002686246
0.0674940764667581
-0.0551164555718804
-0.0826347995833595
-0.0593202290029212
0.0449938490310702
0.085350767333239
-0.00991963667760512
-0.144409530601797
0.0749096371898529
0.0183269390186505
0.0538642565136284
-0.057541169405889
-0.103170613706167
-0.0143647258881579
-0.0584100986834113
0.0547187492594849
-0.0353364963736631
0.0473737220197974
0.038868461392497
0.0694216211315697
-0.0241981190474555
-0.0749495120047367
-0.0381534198920299
0.0497910545141263
-0.139456294597164
-0.10982321571225
-0.208067461107359
-0.00310525296913371
-0.0262629299669069
0.0704041333381693
0.0334571852164593
-0.0104800662203688
-0.0736617412547157
-0.0029545269797301
0.147638504081625
-0.117647988997803
-0.157460732669983
0.0999459974318288
0.1102964850395
0.145179934229149
0.101683930289564
-0.0534539342550553
-0.0582789099911668
-0.00599147647338002
0.0635207882364296
0.133346912598453
0.0235328411534772
0.0851584567720157
-0.0877345566479146
-0.16182235604597
0.136928352992603
0.0726057972301684
-0.0159947190191756
0.0776518912580676
0.00756300476410823
0.122566773485253
0.0882462713478588
0.200912391800766
0.11029217165698
0.0356608157590452
0.0308895341707194
0.0386417560672345
-0.00804049627667989
0.0332645443619526
-0.0162593025241404
0.147754878376697
0.179083856843585
0.159249889059595
0.0213281516274728
0.0773411372942796
0.166200487297367
-0.0179090299257209
0.157514918233076
0.250617472300747
0.05966537114491
0.105392115217989
0.0663927840454245
0.0791114244347966
0.0675051676418884
0.0162146957575193
0.0757064641669516
-0.00100014095949
0.122687882676798
0.0919448592867065
0.220137130263204
0.251635818917495
0.257100619815469
0.0199013704603535
0.147543005732374
0.243526357420239
0.0990479963392193
0.0966225668134963
0.115732280506499
-0.0113637247711452
0.128302626834731
0.25099843673154
0.1426374336161
0.177904998248901
0.0577443939330232
0.0660626315369037
0.223747585173424
0.0862838046864737
0.0566658516389307
0.143964338084688
0.0810780469525873
0.0749127020742613
0.16194809123726
0.0366589972187151
0.05373627972097
0.112586025393189
0.344536546760169
0.0608495175399216
0.314513137465177
0.0961309110007554
0.179706096165933
0.317487796127537
0.0664403055217618
0.293500201321284
0.159474491871011
0.240694971586232
0.185590067634709
0.102686766986312
0.22566726962168
0.279617536045923
0.0657175801542306
0.138140935934836
0.268259280893678
0.0982693606994588
0.0668898587494602
0.0175045604954683
0.236635866808478
0.328126018967715
0.097734783169276
0.100292917135781
0.0705046527299759
0.210263323048779
0.0720130332883065
0.244413882792695
0.256935638084045
0.286114147981975
0.118889721413854
0.0720881267526985
0.283804415623354
0.226330179724521
0.237080907030851
0.106572261294363
0.178848662765172
0.177219553375777
0.370614945817218
0.189086591649428
0.309215266252572
0.32571311749364
0.311521787383562
0.287355267290077
0.307479443699416
0.303872896851205
0.407871860164333
0.246237825841767
0.146452165061701
0.226118196676369
0.299828798535807
0.35596578823548
0.38727091073773
0.286493861855511
0.278394901518487
0.376301019026427
0.203123406685601
0.264974107812566
0.173228205282591
0.280425752947881
0.28717294535038
0.316691099125262
0.094009892491414
0.417002061594075
0.275187215832326
0.242837813888565
0.360066862519791
0.442716294412712
0.223658871948702
0.284526751861135
0.336029458162804
0.342962327917787
0.263616307743096
0.285065150909294
0.27723260449098
0.32794909717196
0.268573851564167
0.205848494461835
0.368335085795915
0.34526318245711
0.23343199450622
0.386020763294282
0.289506138865106
0.333562985031946
0.407278718210471
0.374358189448417
0.405720534816149
0.190872590196267
0.305190663064858
0.49068035337763
0.241534604985988
0.234416026597391
0.293764388411647
0.46262733566053
0.320462065441035
0.204969870448652
0.313580848600404
0.394797112705244
0.462951676102343
0.403510366204762
0.287846971047209
0.311466002914283
0.409750698040545
0.31182503781949
0.325330066523028
0.31746726190116
0.354804461967471
0.338566850700043
0.259173714830231
0.352351089656029
0.473644680488531
0.513592987347504
0.515376235178833
0.26987811860943
0.451998585391831
0.389651434633233
0.291080396786033
0.298428798987508
0.337744776152307
0.38751705723137
0.468331447577802
0.343977299344088
0.331304884547266
0.440674826096039
0.513892633296356
0.286209701935895
0.387959782935066
0.42521383640954
0.375324969511998
0.372090462097671
0.494281357099539
0.419814483629482
0.523088071413112
0.427855323712501
0.330201823695137
0.324531696381061
0.317294970414388
0.494864260638031
0.468305850246941
0.4140988046319
0.373342464242477
0.445010468330498
0.443138243093134
0.396554295320099
0.494145879511117
0.470037453774002
0.496683943075659
0.470607306831411
0.620417767661329
0.445672531870906
0.555071614467221
0.528942064349909
0.493038845998591
0.471522336462878
0.50813808120783
0.540843320774687
0.388488076160665
0.404934666178599
0.492588399977378
0.514639432974622
0.46781097950711
0.571556639519285
0.433175873128159
0.436396366869689
0.413960371437185
0.448678654149324
0.608046112818907
0.339672149087458
0.474591945518522
0.558282432202402
0.482965831155247
0.477781282278694
0.446247742853477
0.547331571944153
0.532281707975729
0.532920214969256
0.642348173987805
0.490951459016505
0.457678611181858
0.650381833519404
0.551208510411123
0.563005883323006
0.52788611161338
0.445884075689926
0.486455028357041
0.410863759396848
0.635192658499004
0.580751880370871
0.485537369756619
0.525940127626438
0.520765513834858
0.618410078220505
0.481650097173133
0.604934987196607
0.571019268715287
0.480531681604044
0.412729033527484
0.620491183980888
0.579085717592047
0.597704083649454
0.512259585105562
0.680020561104419
0.700771905550382
0.435940278738459
0.514225983254813
0.638325316470029
0.451784370297946
0.59373849668757
0.7355729380852
0.495751132397166
0.590526519308322
0.628317640069416
0.5076231848647
0.449917008241056
0.58563661440923
0.560195943898429
0.430971764205799
0.617195765273588
0.607358394702219
0.656914127219443
0.695170944489774
0.592057088407062
0.56064148816777
0.715459098806308
0.687228225271555
0.65372690220971
0.808291187076722
0.721722479205781
0.531397086853014
0.460315328186436
0.800207741100781
0.548618376792231
0.61139772829796
0.681029276182207
0.639527028566706
0.629977276947821
0.643972797608491
0.523266071695982
0.587274100460538
0.72048459763754
0.644894770335467
0.578514927108953
0.603576527636359
0.696385875395115
0.605796857950527
0.552906228448545
0.709434519925679
0.705848017323481
0.501011543149164
0.707153212242063
0.731731485581863
0.787039380989858
0.684869089109515
0.602608223105083
0.557914267472535
0.721913814934113
0.662977322896299
0.636476552748585
0.671620310963005
0.70518353586423
0.70823212676765
0.731877839944506
0.662791915524951
0.706511716190226
0.745168256439815
0.748425128060717
0.701185665075913
0.835221282739999
0.785383225686019
0.638425950590617
0.748072167654258
0.673717160443002
0.597958741076728
0.600633992258002
0.733560317246738
0.697232527645455
0.652783966091511
0.704218238074542
0.631175062470953
0.720170833181647
0.723200052663412
0.738870977237652
0.735735449099687
0.790440976239805
0.721991898748166
0.764816776231633
0.67987959224634
0.705360071561631
0.6468509805788
0.637017213033077
0.61283107987017
0.798835107705919
0.730406023734605
0.6783190199511
0.586062769080962
0.816149766545213
0.622067863532736
0.643459376226033
0.804336229759656
0.858986691227048
0.844628223557381
0.648686107830238
0.831231232218642
0.796246427047851
0.746121386222964
0.59204831429678
0.705228683113581
0.743242416615534
0.83587339203337
0.754875844095885
0.678872326309451
0.676263169276383
0.853891607026669
0.804630981432296
0.878534875074196
0.866037788364707
0.752570193123016
0.881265487120074
0.747470321642454
0.675922253409743
0.780473387682127
0.657724484697721
0.900887556461907
0.756762711101866
0.819678394392314
0.659005882598607
0.811436551611383
0.803500434639606
0.81523321804275
0.638931388378371
0.822194076284014
0.925695924074507
0.936409707052831
0.793934845833102
0.897050054308016
0.857035233086474
0.803788557133575
0.875067542493054
0.894833885877482
0.71815866646714
0.902044174322658
0.902348347804581
0.900265129164489
0.874405570254179
0.906610683212799
0.766433450800254
0.775660950823423
0.919597854967936
0.936032897870958
0.828580344271338
0.822226853602015
0.769334620912173
0.775166889846913
0.868784047029018
0.908833513191071
0.888209806374651
0.745124290488026
0.994908643021543
0.680691409724443
0.819738288545937
0.758148240290071
0.92461785664389
0.84379947922412
0.860625055371934
1.01075324628147
1.03668835041155
0.951967365579263
0.75886495039794
0.803339648548555
0.950163903686523
1.0301876032256
0.868520000381539
0.811151557761075
0.961522584589002
1.05460247277272
0.967491938517081
0.909075278221434
0.967479375285765
0.864452409769315
0.778960015465996
1.00751026355649
0.96799813259999
0.851163468951645
0.856258001331367
0.901272335644664
0.767103984826843
0.939284876843694
1.01521597051445
1.04170689936103
0.862326484526497
0.948693031759142
0.851895302281756
0.970719312037619
0.837365372116398
1.09144458506303
0.994337368531413
0.761777823236057
0.82543167051763
0.981602291362315
0.785080293769341
1.02827449448072
0.82350155605053
0.999805256803334
0.936736082006669
0.812234690532577
1.05396366357673
0.812189990736219
1.11355299450511
0.807633514792011
1.01255256662734
0.970553700295063
0.944017426251665
1.11860314607557
1.05217622838392
0.928756923111896
1.01923313705429
0.966736026215848
0.950520232134466
0.944710962622652
1.0775788696027
0.903699952230917
1.05722393827245
1.08792502098878
