-0.0340975999006055
-0.947574662605226
-0.929121417003686
-1.03036001565142
-1.08033000602158
-1.00128710928717
-0.910801191929588
-0.957459246515874
-1.11026543058672
-1.14553870230179
-1.10962381225099
-0.951018349295371
-1.18590840132849
-0.939641007386774
-0.989847845285111
-1.00036560195988
-1.09659214660513
-0.925767515914355
-0.743409108304025
-0.939162796653401
-0.946725859343649
-0.870466250032254
-1.0643701955856
-0.869837697710697
-1.02916076787088
-0.916759420450762
-0.881276652734104
-0.959664328244809
-0.851248382365645
-1.02766516454529
-0.962695990521662
-1.017679213193
-0.894476357164722
-1.02749250190476
-0.910533018415668
-0.903644707177334
-0.841111399304821
-0.886014569172933
-0.925838654772301
-1.02488133022996
-0.767093650964086
-0.852689905910396
-0.965410576843411
-1.0566996357404
-0.846696303375155
-0.84048893321606
-0.977315988471581
-0.920938476711001
-0.74598053578915
-0.902731703036478
-0.973375702394211
-0.935893788623487
-0.871276940513256
-0.821399366483433
-0.876686815673002
-0.913888351970826
-1.06881207611352
-0.936061776795156
-0.951016583161904
-0.837532556856768
-0.959105836868523
-1.04559512960172
-0.904825896232661
-0.756656001687903
-0.887418033894695
-0.832018990938096
-0.7926631137132
-0.934028229787907
-0.810017832970013
-0.900465823652149
-0.806080035037491
-0.806911637330666
-0.963235876109227
-0.93467664828596
-0.885647790107772
-0.998172175860458
-0.756642619265197
-0.935419902209703
-0.733029968605022
-0.88050340486825
-0.718452507124187
-0.864440465735579
-0.841999812834845
-0.886081654603856
-0.946423676633284
-0.920490756244397
-0.713662959053871
-0.795583957557262
-1.00852946254131
-0.909488913833776
-0.723251693160929
-0.799062048583702
-0.826817502357147
-0.896172960272828
-0.699737031132091
-0.679401902194391
-0.752288886221167
-0.865364845911964
-0.835705376038137
-0.800477378202219
-0.838870060136548
-0.984798788120607
-0.764623134569752
-0.797177723637784
-0.799106356681749
-0.862195854504638
-0.67398791534378
-0.748263246081683
-0.866610100405728
-0.71047933307771
-0.828349433007238
-0.716483329305976
-0.789035600304786
-0.737107127944879
-0.674640877651463
-0.739963411279871
-0.949338132547747
-0.674484575754139
-0.928038431854142
-0.913284043156566
-0.725080918827926
-0.765657116903217
-0.58162288764476
-0.666343396091259
-0.760154090136169
-0.809799396196599
-0.850489096108808
-0.678239140999272
-0.774227463045957
-0.750548925763827
-0.675425983089643
-0.756378238350534
-0.812556929080212
-0.870320094848502
-0.697712383547751
-0.7376599638854
-0.685300864747033
-0.681223415587498
-0.689765523384093
-0.646081708745936
-0.789888163819427
-0.622483664217585
-0.655789131196706
-0.826135544564668
-0.784818467585734
-0.843643595678877
-0.760409971012414
-0.661062725482007
-0.590828152550075
-0.627201982885536
-0.621939355201458
-0.688629813983053
-0.754468591378028
-0.615425517910521
-0.763710166210119
-0.572865372055527
-0.637864280605272
-0.811162471840721
-0.675438047373441
-0.703664601356282
-0.596030187879952
-0.788062183411927
-0.678600484098192
-0.513927243787593
-0.699851022980183
-0.679657762577442
-0.636234611360283
-0.723152842970933
-0.698967864811581
-0.580959795178972
-0.514519225034748
-0.737970678670213
-0.608085749020846
-0.575716016068875
-0.817296722301461
-0.404377838835543
-0.604934928711924
-0.540695783547227
-0.746089480507046
-0.680651698505549
-0.646222366134733
-0.621300718992381
-0.534104036613125
-0.592493506815388
-0.651512039994945
-0.701477083405133
-0.637647383939312
-0.575402683752317
-0.571371921429139
-0.598572738884901
-0.629829922330422
-0.71670065635476
-0.671593152026647
-0.681437267616305
-0.512765831355828
-0.53864241541111
-0.668701191481232
-0.728632169019452
-0.549607483738477
-0.551918642825234
-0.617528351015939
-0.556274527682644
-0.594352146600906
-0.624578072276709
-0.769120374629073
-0.525254650801338
-0.551399761012606
-0.468188444266384
-0.523993692158948
-0.537291918405511
-0.539104229979908
-0.609468098413216
-0.837912398329077
-0.48320549207942
-0.53531890583317
-0.477158179735759
-0.592761027661941
-0.55627377661394
-0.523414940469909
-0.648667098405299
-0.773074221106666
-0.470436719918869
-0.441670195464306
-0.562554544746409
-0.446854149438132
-0.54512042723303
-0.652078074190045
-0.638403162464497
-0.482400161059528
-0.537563855818477
-0.573060411251163
-0.41792418186615
-0.568629222392909
-0.450190021985986
-0.474054838584166
-0.645237208889942
-0.580194376537028
-0.53435202393761
-0.621298960119938
-0.735065176965179
-0.517801202518729
-0.429309510760857
-0.501064159948165
-0.546903884432783
-0.47173422052528
-0.465876968741001
-0.435099444156466
-0.564370857014625
-0.509937500415297
-0.551804971305882
-0.526786167106717
-0.390044573135907
-0.524317383083381
-0.324095303920238
-0.610735093360351
-0.496476333635372
-0.396490679630218
-0.495017496725459
-0.394323494624439
-0.483710964983581
-0.509804972927669
-0.480065941773382
-0.343648528357857
-0.528834013525409
-0.29445130971505
-0.301168960191029
-0.531877636221965
-0.501242249110521
-0.414355689709756
-0.51409284377247
-0.465077997830131
-0.378454542494442
-0.397841405380128
-0.507454391572898
-0.46522045089734
-0.336099413531223
-0.462650261355672
-0.407704975662025
-0.429841113765721
-0.458487469275443
-0.350255497283071
-0.412319137068056
-0.329865396438429
-0.538513312301438
-0.447887776714349
-0.430587766025617
-0.397290731983674
-0.498145462631087
-0.36282404222358
-0.30072106067497
-0.353986598095166
-0.387366301763259
-0.413216358690865
-0.499346450281589
-0.504744913611517
-0.546175369108104
-0.326198837564583
-0.465216167740672
-0.49883557319109
-0.373052246351392
-0.357116403634056
-0.325957174989938
-0.341972839885806
-0.418127197019066
-0.377766179809784
-0.317927796969101
-0.333499510147773
-0.415454172317085
-0.349387303728774
-0.417177002948921
-0.360125950614649
-0.270346218547683
-0.281785866898277
-0.218749275454307
-0.344188487614415
-0.33109087161338
-0.230475453205253
-0.356170554274497
-0.406400407008452
-0.296017807967413
-0.41086463958942
-0.226336906520903
-0.316132548818539
-0.49541480818685
-0.313713678954057
-0.197417933214588
-0.374386349438466
-0.41368883614529
-0.318688068693224
-0.239632612039744
-0.326711531956552
-0.313011257414369
-0.488079740344475
-0.307840205998282
-0.366734322969991
-0.258087310079345
-0.341466533796845
-0.399470265018506
-0.455035088440732
-0.300871898650055
-0.422962709510421
-0.445798252494888
-0.187042630198721
-0.465807697740789
-0.339629443011773
-0.29832939961082
-0.317098978500506
-0.322775999212011
-0.266406966899864
-0.425839754234907
-0.3382658880442
-0.26292425484902
-0.17630891677002
-0.38385073384275
-0.400881352722136
-0.330662869189454
-0.383771707403955
-0.263803333327326
-0.320762680784815
-0.356307275746861
-0.227902783744512
-0.15603129240132
-0.144332871129862
-0.21552724111067
-0.310242741562505
-0.388731528037506
-0.310975158281886
-0.160441775160506
-0.216110669607702
-0.281717332648458
-0.301243856714355
-0.280727789767285
-0.252542469597245
-0.334763722551871
-0.285655393470031
-0.19723140246609
-0.282439638018475
-0.314015975214816
-0.278824508261585
-0.293065904423207
-0.268432300008473
-0.270914723202023
-0.312928718818184
-0.335450745240044
-0.207022406818227
-0.166009256905624
-0.20863180643605
-0.319869443452968
-0.198361300849993
-0.223286406657185
-0.192131953484395
-0.191712046465455
-0.180280593929707
-0.238022712156436
-0.425498293194145
-0.120386050061694
-0.213055217667819
-0.259774252745325
-0.191001168760484
-0.234602250342128
-0.0839905005513066
-0.356617658462045
-0.0868966726009905
-0.284880881030295
-0.176876125317758
-0.137355144151404
-0.151766113787348
-0.191707133513887
-0.165633941630024
-0.139820491021761
-0.148114916320488
-0.299969187036736
-0.167137263689829
-0.107695919962728
-0.140407450882841
-0.139115311272182
-0.214144551674615
-0.221366638854195
-0.0399372728583835
-0.0877135850823133
-0.17835613726922
-0.0581915135885605
-0.149201777837389
-0.15443300731616
-0.172876886280313
-0.100593647032637
-0.182395631659439
-0.193888345914337
-0.110364695854623
-0.170121897895423
-0.222756194352366
-0.102294031674279
-0.201762133782098
-0.0629821240329325
-0.200828971958474
-0.280723735804253
-0.104946907046449
0.0093916247386647
-0.0940205276940451
-0.0812870967448614
-0.165240802904955
-0.106753110650292
-0.111304909102189
-0.231775461422979
-0.162631528302801
-0.141386486681951
-0.0320220363607611
-0.0952713592810923
-0.0322670628045639
-0.165397210643435
-0.176629287161446
-0.090090785454671
-0.104391164336683
-0.162746532996312
-0.087162918021508
0.0648435557806655
-0.192893404893399
-0.0141983251661515
-0.0464757330904557
-0.137841666463015
-0.0793511407643922
0.0344681243820424
-0.0227684970149447
-0.0318403223924443
0.0204763919635971
-0.0784626278369012
-0.0367824739724757
-0.127470046756529
-0.0595759852506888
-0.169171440030165
-0.052545918069007
-0.0959832595925689
-0.166436550355219
0.086583441829835
-0.109043264866918
-0.153818962200367
-0.157585680665868
-0.0961819908641413
0.0096531059184106
-0.0476457606783203
0.0953866159785262
-0.110760852504781
-0.0519323019426998
0.0585126030538365
-0.0981862335561549
-0.091785546137019
-0.000379922512180925
-0.063762150952362
-0.0184676100453395
0.00147429100541514
-0.0783256216435056
0.0405288933574013
-0.0424152662451639
-0.00999662231924557
-0.138453603963078
-0.0159124354206949
0.126823176469922
-0.189326752928032
-0.0384090135301256
0.0308308380057761
0.00687645020526813
-0.0186787024932875
0.0587729492697479
0.118395606813349
-0.109105088704821
-0.0178796761009632
0.0348565591975934
-0.088139672727283
0.0186072183545732
0.193443104428
-0.0866090260725906
0.0263867542757869
0.0702232969653648
0.0409378346484324
-0.0296759778598202
0.0668921693408797
0.0370546663439546
-0.0636812450397619
0.0199185550433706
-0.0202953621591454
-0.0814845826698196
0.0390603301045914
0.0662981233106736
0.192920138523601
-0.00173735335459023
0.0980436177087824
0.0846941487903103
-0.0451381904390276
0.177968562468715
0.00858457335421701
-0.0430399747332089
-0.0721727664074256
0.00279992342521407
-0.000151585068857731
-0.00400610248067165
0.0891396278290887
0.0303538496983818
-0.0331609489364921
0.0267163583066237
0.0547158198275481
0.0364450372640431
0.00677180945082707
0.0400160112823042
0.141987091674913
0.0581098376570522
0.183961104083729
0.11656217999391
0.093481787089312
0.0137341844069726
0.0426085265625579
0.118785491059428
0.107993089664403
0.0270735649019603
0.0224877215815366
0.111450060288177
0.0939749746221661
0.0341553734820635
0.181704088674722
0.131344604972846
0.234390138648622
0.138457753219294
0.127014547022663
0.116858262505029
0.241923476113229
0.145334178153825
0.19106268678036
0.0403396985084318
0.0385487311945691
0.157528141387605
0.0694251622554118
0.13456870250665
0.165005149992871
0.174475713832531
0.216961689057621
0.125078646471537
0.145626032906038
0.0618161755908243
-0.0696303706060914
0.285705616599337
0.148705826118029
0.0743473090714886
0.249506627964011
0.282656913428021
0.183497283565888
0.0348167533161354
0.180282653250077
0.107637025357609
0.203415411180489
0.0965409097338691
0.0954672009791866
0.296407874074394
0.30044789313464
0.168664762695787
0.0988241813972848
0.255189967657867
0.182206393453382
0.325527883857258
0.131566503024657
0.212188344294876
0.248727897883348
0.107823211465456
0.0811526450989043
0.135985695112084
0.183797345256697
0.306506157470486
0.345880720408233
0.0686209904552823
0.199538331947363
0.125091669341025
0.134120162385308
0.366341439692033
0.0826562533026416
0.180979373035243
0.291828217615536
0.135708334863201
0.142376741916296
0.241289345821719
0.195800108009072
0.209068512345745
0.315600282348592
0.0784372183794976
0.223096101139665
0.21888020357424
0.441762676347661
0.115220843363157
0.143163979890877
0.317701110116808
0.128898294338872
0.212582487085845
0.212193853058943
0.323835842096908
0.204547374960278
0.0775576443268154
0.227672499263285
0.312741855299082
0.158015325037479
0.322097058538221
0.34054284699209
0.351276377454811
0.277403481100852
0.192424549596586
0.22183648722255
0.205759366528682
0.0986688500557169
0.176025530358221
0.184897480061096
0.333147581813841
0.124492088410596
0.342373801259787
0.37873018964105
0.265227801630271
0.48415922832755
0.347957298686234
0.401544926845625
0.395290754242213
0.230394066255496
0.260856027848844
0.420244707622378
0.278143522405559
0.440454175475211
0.333152189180849
0.293126298678198
0.442007895765693
0.317873825787659
0.250727103798538
0.301165437756659
0.339937158253495
0.335654473571856
0.117104333802894
0.422133706231948
0.240329742896453
0.398745767724274
0.430077275683802
0.431116299489865
0.321761182517711
0.356551577987165
0.272109606552524
0.428017658128213
0.352236219918037
0.231462936972618
0.475356033064579
0.295925462725969
0.482229406263432
0.370249177253568
0.373402189288898
0.424168715794985
0.422709297958629
0.455297936449495
0.507371328282498
0.458823898465227
0.457368586562867
0.276794212848954
0.342572770232718
0.345262366127409
0.368623820643159
0.366386941254134
0.198964598397477
0.303687455144481
0.485354250540079
0.390006466646654
0.490323427203341
0.430715229058511
0.278247721482908
0.474664555408232
0.491922057398402
0.315849382926477
0.438800900049069
0.295520453355909
0.501183307473677
0.307115638723851
0.419572060186476
0.427486577195203
0.454006148876054
0.539998291741604
0.290403344508916
0.382270305317128
0.420071520192063
0.447592001668138
0.554160707803143
0.365867580103193
0.346952528845632
0.360636171493892
0.437821003219698
0.422519627227537
0.347459226829037
0.265302595319808
0.399512981063884
0.408423830288162
0.480335689815718
0.475637359769178
0.426115861759858
0.481745977855801
0.480303689518067
0.451542832253877
0.589931652383034
0.44819566731774
0.434916054897303
0.518642621529544
0.514805532972461
0.461961489598032
0.545509177034326
0.475743986482916
0.474892552511534
0.411172012082438
0.60303011650054
0.364406997079052
0.326155685301761
0.439754290127183
0.447065671119932
0.437761818383916
0.63978817237089
0.49955950377123
0.517462794770652
0.426878267514549
0.508075552818294
0.449376280717054
0.418552329858864
0.404019295819824
0.498003003861124
0.469921654409899
0.518614975642714
0.525515754973212
0.534776467212238
0.452548055282535
0.462027191125797
0.598650653928556
0.565756886097576
0.564854971940248
0.412916907424134
0.550773352815086
0.67107808038949
0.545950619563848
0.530484942443356
0.529607591484552
0.792444487541124
0.502898327070363
0.586460578170316
0.476017595130663
0.565358191623157
0.471708121568257
0.455513607761894
0.564453585237952
0.567028021820411
0.555832637775687
0.542236662195654
0.684875192936468
0.525812624126258
0.714097323401649
0.559149344455194
0.462036525726815
0.722480259985578
0.701822447762248
0.52280548067029
0.587819753029083
0.53727840111015
0.56376273614993
0.661114771811031
0.576674011448751
0.651887921381157
0.476442383369226
0.417781292289453
0.663442328703246
0.706974574056932
0.564219018199859
0.620939439806038
0.713383466491687
0.718683561302409
0.802787551137996
0.614446265168213
0.673946708101341
0.56631208006073
0.713723501201443
0.790754358354503
0.636164768637002
0.557482755777764
0.605256775474454
0.610577495992445
0.519817819067146
0.625695348827837
0.712213984620572
0.668560440867975
0.620392510977362
0.591711344752511
0.567679360547948
0.767281785513145
0.762423328723133
0.423471869295337
0.699712357384166
0.773933674014318
0.667956356244431
0.597361539773192
0.802390738867043
0.706226233302769
0.711523088536219
0.717417097904117
0.592147576492328
0.573577186891865
0.621872355614491
0.792389685980854
0.877559014925783
0.721374136254852
0.800457981286773
0.758630676156202
0.611130846727492
0.734631652825541
0.584091716183079
0.73498202611342
0.679529193036541
0.657979448547137
0.603595927315995
0.784269192382987
0.639282767313212
0.748693356121173
0.66317281909736
0.667325501284193
0.818271963229166
0.766035740152489
0.680941947568246
0.733155588428207
0.724845827728282
0.632537954546895
0.759392812410961
0.57138464327766
0.782183168764761
0.69919656527089
0.751401746361508
0.813025811193093
0.790618171545744
0.569643673554688
0.83815191687556
0.667301092323558
0.823416147440747
0.710142660044709
0.775902579053311
0.833171540423536
0.615801722137969
0.816711656899216
0.842517183091333
0.632373964079479
0.741012325156821
0.754527369762344
0.709746828591369
0.647489246535948
0.670280231248374
0.628595525221945
0.805387349561996
0.849478900625618
0.879150906879291
0.63790717992347
0.793945638490561
0.644111398391665
0.889048762688629
0.961666825332501
0.963257516876271
0.946992505849739
0.724013209442909
0.824497553215801
0.618424734202136
0.90858575944142
0.790994386339677
0.788297350824311
0.739025848692738
0.752315638459206
0.841384923606949
0.923075269508848
0.778831189911034
0.87166981125394
0.719797933267525
0.960998842010337
0.793749690402467
0.870149403457743
0.801989629156868
0.901543324445901
0.796934009620181
0.978356277763546
0.633797333928882
0.813826263855942
0.923744036182801
0.845102436272128
1.02068701196743
1.01796441887425
0.77809970920467
0.741068863281961
0.920588071262347
0.909459550235118
0.950675878672187
0.841337377590203
0.901620154246519
0.81550935051713
0.673894132877537
0.751047989243533
0.926072584043167
0.848163813095606
0.664587798643743
0.722277086419425
0.760078174319568
0.859713852608641
0.852517893146265
0.849270208188191
0.966505683984771
0.883580796385384
0.777586730662521
0.908843161323603
0.96544469441722
0.903547632164092
0.854713333754886
0.966854949584717
0.917352139355351
0.833525029780813
0.734752334391345
1.00373737775622
0.926988470670688
1.02165041418454
0.817266731442339
0.858210969783876
0.903272953346865
0.923826821239307
0.881803664012806
0.916186207317581
1.08780151678561
0.960705962488939
0.872585682131336
0.876315883177907
1.06596599771889
1.08326935618079
0.945586890011438
1.00555284938466
0.916814796120267
0.865628619076312
0.875874972999692
0.769484672665766
1.0651443574989
1.02843856542056
1.04752717714438
0.670637582457788
0.804039879930451
0.962689493723867
1.04872662921744
1.03122688192
0.805379575916637
0.923779217190278
0.912669115258668
1.004170137735
0.897616159289827
1.01146466375612
0.908175770109302
0.878543188151909
0.994869317171756
0.999302595541681
0.845216010923971
0.947440291100628
0.99580135028643
1.06846565977125
0.903747481141755
0.997543546282779
0.934000073657863
1.07527299379506
1.08127343282
0.861252486955148
1.0579018918984
1.15624416002015
