-0.0745156701004568
-1.02812300973368
-1.12211385021948
-0.931212442078294
-0.851803440878221
-1.08193419305469
-0.952336290133399
-0.945229298795998
-1.09735468687278
-1.04424686801858
-0.986398980445071
-0.979466233252382
-0.836486739849029
-1.0696287456897
-0.904442585720135
-0.934809509713978
-0.958543794636302
-0.934477132087842
-0.931517057154698
-1.00238254387879
-0.837804946607493
-0.933362159405376
-1.06652727924948
-0.837209387139937
-0.844313280023607
-1.05696920338639
-0.989898141224849
-1.09461254348112
-0.936257341559876
-0.778148676100629
-0.862512467270915
-0.998133463595213
-0.949487060314524
-1.01380096146829
-1.02656195540631
-0.822600951228411
-0.94311140215713
-0.916798895042839
-0.887696241398898
-0.904036492998389
-0.861294663167516
-0.983238516593539
-0.955923334300904
-1.06311430311492
-1.01303883344166
-1.02844965042119
-0.86842457454695
-0.889709425443333
-0.885400289361808
-0.974785516774424
-0.969032062758341
-0.978749355983264
-0.969823472501364
-0.919324347135142
-0.874153569512692
-0.68465269776457
-0.9315526276636
-0.785103351720518
-0.906341627248304
-0.955953291660691
-0.818398033380692
-0.958638121435598
-1.04593386296398
-0.913583887660036
-0.859658648822532
-0.925582582425742
-0.82604906701463
-0.873078557912049
-0.858673877870588
-0.713439642984642
-0.891462166704493
-0.728104904734111
-0.840287556686426
-0.987493359066745
-0.824870932279762
-0.780067463214248
-0.730934433086708
-0.858415561936823
-0.835704991617993
-0.714900294343887
-0.872826144145147
-0.765791230024132
-0.717106243651413
-0.82523246909209
-0.91831880466794
-0.861406977125631
-0.730071552271648
-0.772068476815859
-0.881234892591544
-0.84344480222191
-0.796829349410977
-0.826421029644246
-0.683548034058934
-0.786583442510681
-0.818158153928913
-0.70676540859642
-0.835615487382892
-0.834923200173372
-0.709523382652231
-0.832238331617933
-0.663657303439896
-0.907399922911115
-0.895527944454277
-0.856455495151772
-0.808620023399943
-0.697144291375654
-0.958573050189939
-0.838668322013602
-0.731452789527073
-0.831130477952982
-0.82212937993366
-0.838881952136516
-0.708196046699284
-0.667392542443971
-0.663205316989356
-0.784180903377206
-0.726291449789029
-0.656684632174748
-0.901819989799791
-0.791118714994092
-0.633247620453042
-0.804752843662035
-0.660367029110325
-0.622364461415293
-0.719036727261573
-0.771175431747435
-0.858519646820713
-0.751541248477455
-0.695868716276345
-0.68260309805533
-0.629399516351581
-0.793255174578725
-0.722012986786031
-0.891797563708344
-0.713170475800984
-0.796683474596984
-0.795473848964742
-0.724575339506808
-0.662921400097505
-0.699503319329012
-0.617490087990718
-0.652785824368589
-0.854328816493174
-0.830379558961276
-0.689542055025061
-0.676511050007963
-0.648251844445074
-0.715251431639668
-0.620730054910375
-0.755259626441367
-0.742686588388276
-0.808507683710605
-0.806398050919827
-0.590315498992315
-0.61983150032047
-0.765917261792715
-0.830739849264042
-0.573089781110236
-0.507072925661793
-0.688744747798927
-0.784799080683354
-0.684309800690577
-0.724263919755973
-0.546620509021312
-0.612818204382052
-0.569495299086767
-0.687541596015083
-0.57440062378033
-0.56834766563411
-0.683183910357591
-0.679192474393189
-0.596236171513073
-0.621653037041505
-0.470404137953595
-0.758604173930956
-0.717042140176891
-0.48601116389673
-0.591299996237872
-0.598999800296402
-0.75561746254712
-0.570771728005333
-0.69385729576723
-0.518987216105313
-0.791868136219212
-0.637889982649877
-0.801276043367691
-0.796117007068314
-0.668832571936337
-0.652550074277013
-0.706019685885412
-0.576226774654012
-0.764371551206658
-0.624819357311457
-0.646679843971867
-0.719335721608973
-0.683418179668149
-0.432431490902648
-0.716054965826809
-0.570682403670115
-0.734329567288955
-0.500942752336404
-0.684609401718606
-0.547427019841965
-0.586017030506328
-0.559645721450452
-0.635685242338347
-0.727801136516437
-0.4571931658999
-0.661386188073087
-0.53019863651825
-0.570313807866168
-0.59561584597937
-0.619793073098256
-0.49602246143741
-0.620487206866915
-0.457789245793155
-0.601125693667306
-0.466984058716204
-0.590536088872154
-0.581227853098035
-0.535668847208982
-0.503081003569581
-0.499543986819132
-0.665259003973244
-0.627995277290127
-0.704634884614384
-0.578846506601015
-0.531343770619733
-0.619448760840946
-0.493793129035693
-0.506665660276721
-0.48178200864193
-0.469435861854103
-0.495298306749128
-0.701163477402336
-0.585721190074489
-0.744461971578909
-0.597661783448577
-0.507743951868776
-0.528836391351055
-0.484757493346038
-0.522694462301544
-0.612863924473496
-0.527484819202719
-0.509716941396834
-0.538880529794284
-0.467731766785296
-0.576187549106406
-0.504116817564124
-0.440455155555056
-0.487408368394957
-0.582415876038504
-0.484167078474961
-0.587154967669323
-0.594214141662624
-0.550688470966961
-0.24050614155394
-0.534033765662385
-0.556764890486551
-0.421591236031401
-0.487659290467054
-0.379546347710982
-0.487609307469482
-0.404082861987194
-0.617048424890713
-0.444783151984902
-0.477767844823526
-0.431081941776331
-0.365935552183814
-0.629811831596215
-0.302266166770416
-0.333851824900046
-0.39428297416798
-0.551259411268881
-0.69120110742552
-0.395892349703424
-0.270099526604787
-0.518335999153933
-0.379614099827869
-0.458200162701601
-0.562517897826954
-0.463805077140008
-0.377723900696352
-0.505445266118669
-0.464927842298849
-0.412311789503789
-0.613090712020002
-0.490466741984714
-0.466180114421707
-0.45610232690224
-0.49196078607635
-0.467809270688206
-0.460130780143836
-0.438431357571605
-0.550619569851942
-0.479711768032063
-0.456400629947261
-0.321555004032516
-0.428508119880002
-0.355439349570559
-0.439971837375385
-0.325427502307439
-0.242078919182823
-0.351563595501606
-0.540987875019817
-0.530738147956631
-0.462671499822662
-0.51478431753171
-0.466381178354259
-0.498357863475701
-0.34209105845486
-0.451220090936442
-0.438073292795714
-0.402151227021752
-0.392055385253921
-0.282701317008756
-0.276256601270582
-0.344781451431471
-0.175250360449682
-0.397646889986506
-0.394618339881171
-0.322876284733893
-0.230963082374169
-0.461492174780571
-0.242550641581709
-0.401305238977297
-0.319811911150999
-0.356303314531489
-0.50285725454734
-0.290350473935138
-0.24623288425185
-0.265483714231658
-0.412800544309783
-0.332446121637815
-0.136032888418405
-0.3481581867891
-0.296135271577833
-0.293593514095051
-0.397883693067211
-0.293491254011184
-0.26510532249206
-0.178606601580276
-0.374768005725134
-0.295266013425013
-0.324619449318819
-0.205753586612559
-0.266223635801873
-0.154049674840955
-0.410690253039535
-0.408275052608414
-0.280377113984332
-0.262840037715931
-0.302514972010681
-0.362779194433378
-0.258919083241979
-0.223247642572935
-0.380617468070531
-0.267634672867924
-0.28022674110797
-0.290170327776211
-0.28669748855012
-0.146638756737137
-0.262564208986897
-0.272189359801163
-0.28225987454484
-0.34659967011842
-0.254537524731676
-0.439364855753724
-0.341264237960165
-0.264872717956943
-0.288802283576744
-0.130633112090851
-0.31113810456163
-0.296542130189421
-0.214990122108468
-0.239787122301585
-0.209389508148624
-0.207595437746868
-0.146252211219518
-0.272903231027917
-0.171691568262886
-0.324640627393228
-0.364124066736142
-0.167974414461578
-0.295270199566186
-0.204772519420271
-0.141256539066735
-0.32815270075996
-0.326602929826804
-0.315384072376886
-0.260431919373414
-0.230744900269088
-0.341707108019927
-0.289063383457908
-0.301909934580517
-0.296190155139713
-0.264143073941888
-0.25624644372706
-0.370172520700958
-0.347095519758551
-0.299874615854355
-0.170370451011971
-0.191588184366017
-0.144389275916087
-0.190734206221728
-0.0133126207241362
-0.278302985672751
-0.0545859546838362
-0.335859411707796
-0.116348180576257
-0.240039744396022
-0.276545163179381
-0.316801103885366
-0.00520861813115595
-0.144945700031222
-0.149661993441777
-0.137124222389209
-0.0850015046895466
-0.147127417063804
-0.0973165330612538
-0.143178490185007
-0.182802326829193
-0.153493217294247
-0.00861276682555267
-0.140223907797527
-0.345511147380242
-0.227322062655396
-0.0801411983339186
-0.104084359035006
-0.13719410907415
-0.260572833984823
-0.182811170175594
-0.316473180717406
-0.210535668162249
-0.242867416666185
-0.079593164765621
-0.127049009635247
-0.176382463569967
-0.166688192176061
-0.21715283951735
-0.19289227758831
-0.162147209126105
-0.19251624193725
-0.0276291853020585
-0.180328623797833
-0.125755967076071
-0.226237219039425
0.00469650964643729
-0.25233978373007
-0.164070832835777
-0.14714717880064
-0.128931660850971
-0.15473184300515
-0.0486994265487595
-0.150184316325298
-0.13213271789683
-0.0650929458013679
-0.00397943591386072
-0.179541912314912
-0.208754342545746
-0.0515530585990928
0.0131130691672275
-0.163553482001324
-0.051490432073389
0.0298247700199263
-0.0805579222484591
-0.0327766848293735
-0.0888203519879617
-0.169602798735451
-0.00759778241476757
-0.0997468224138914
-0.115549906966141
-0.135188011804815
0.00892950099452801
-0.0892439504388941
0.0280528088227328
-0.0440467392665322
-0.205161104404321
-0.0338994815939493
0.10070352008402
-0.0304369042373612
0.122758698365003
0.0839024323966888
0.0256489791798006
-0.0234798513611753
-0.0472424217461226
0.0319019071085622
-0.058417306401575
0.0416580671034459
0.0201405818782366
-0.161234489440058
-0.0301690079935138
0.136026009838996
-0.114803642615281
-0.0100951007700792
-0.104699101405712
-0.181076934200057
0.00936705253645477
0.0589955705219373
-0.0192860055017986
-0.0122803089844728
0.0860695860536727
0.0879678435391114
-0.00945427805689119
-0.111524823628958
0.0408643952053569
0.130793564060865
0.155912810935168
-0.00531547351219131
-0.0770483617104413
0.109998604502076
-0.00678079170841711
0.0305996242891811
0.00365092262575639
0.0509886643195411
-0.0289446290701459
-0.00753849293522528
0.171175832435247
-0.0679677658823912
-0.00694976262498984
-0.108087894073614
0.119376723812904
0.0359150785180003
-0.0758926354320417
-0.0356692608455944
-0.154809244657182
0.0822745187512546
0.105907759984366
0.127622815274123
0.185412919586832
0.0822638076818389
0.0280925606304742
0.0304079296437802
0.157524056678744
0.0648538566517454
-0.00587051175228818
0.0763811784540099
0.00530628193895361
0.167551279308336
0.0977220284668843
0.103197067042864
0.0192137816211465
0.0118760888257137
-0.0178348789660005
0.239736691732728
0.199682475561559
0.017474859148274
0.115247986947081
0.0351759005924584
0.0743312559373924
0.139390916470129
0.108406087884965
0.0821485088145115
0.0182989953737923
0.0836065083066877
0.105681299741146
0.0402238774218448
0.0956879463390452
0.19906886429264
0.0585790274653626
0.182983190836527
0.0969025494032454
0.0213960937132075
0.164541760451228
0.360493953029199
0.0889237635616724
0.0166133963746826
0.144761966430566
0.149207157639109
0.0320441423582866
0.0980517772034006
0.18532733202773
0.104486362928661
0.0978427446649695
0.274423269876133
0.0578432988209047
0.102021545922359
0.247045114047251
0.0603481009185391
0.0385771862169581
0.127336446792108
0.199914535285587
0.16271936385092
0.128447676864121
0.0911154406769862
0.134769528399847
0.0899878156947023
0.124584086689394
0.313784494099212
0.210496233131463
0.169486796566652
0.196194502899347
0.0970572474792402
0.218435678636727
0.0691924429021171
0.29393994905176
0.28750289712591
0.188323042022362
0.230134836992539
0.118438756226578
0.145968814161496
0.0878823394288858
0.339642669367112
0.115588177893191
0.0746815588154394
0.14251496429788
0.287385641846709
0.146349505481754
0.0777337318859607
0.400637113151058
0.194108873950555
0.227149029552234
0.369563343208939
0.235828742747731
0.427144377636219
0.309365156351778
0.23150315524204
0.260025342569683
0.213716919327698
0.187830764468933
0.347554213431365
0.346685281443831
0.174734077443448
0.159480724435419
0.277823557806657
0.297963784303766
0.197691096421463
0.295664165240381
0.299112344169837
0.249652082860865
0.202158946884263
0.288934765286791
0.358959812047275
0.248755450745598
0.37971791616484
0.314745658667989
0.339595357171252
0.324736811458077
0.302508304266841
0.226538935429354
0.250893612278486
0.233836755999538
0.381942575119224
0.42821473656503
0.201301633492925
0.31752175095199
0.458832531485837
0.201714825057238
0.253177911364313
0.171036189352036
0.304744168700083
0.275499320057086
0.36547273714333
0.324152252927181
0.33000062227298
0.366735369819068
0.243448023827487
0.167535974309489
0.280963308628607
0.302614529941479
0.452252540447856
0.301989041424108
0.407068076283197
0.351480223654101
0.431175700875929
0.370540851862932
0.323569787168035
0.249039817671067
0.388170609799349
0.482782847630046
0.214814984571696
0.601275479423325
0.292413824716166
0.308234293993255
0.486887108240028
0.333554135299593
0.212086571353399
0.204267092073304
0.374932879128171
0.321334915959425
0.35266900403428
0.300141308443205
0.404561711069785
0.331305656660242
0.447533576471214
0.430499008904699
0.32956515269241
0.332006175924316
0.518776930047586
0.315162422599692
0.326687855592618
0.448151727718186
0.319900903303647
0.477638712365411
0.558203125962468
0.42087946412682
0.570554462396008
0.262021264609683
0.436930172388286
0.462497347407539
0.280643428823168
0.398120690903398
0.337138515479977
0.261313477654767
0.318400907190673
0.407851246733039
0.472632769306653
0.436714289469587
0.407621634685926
0.531765992660121
0.296704636258328
0.327412944771413
0.402942623648798
0.39617076366257
0.464423998992908
0.44285212739588
0.458998016498039
0.529976754836969
0.553581246264673
0.327376299355679
0.250067543750718
0.514891450394202
0.515391051489058
0.365806675396242
0.343014816042729
0.450405742340438
0.431301855720877
0.471214317357139
0.519261164052464
0.380806387369553
0.408036381423057
0.454058054014837
0.36867754858919
0.543659633672872
0.481737699041416
0.533266322148276
0.53159619764985
0.391537463771248
0.392319301509763
0.394602138345599
0.592912268348048
0.563803423973533
0.470223540593815
0.544515999090228
0.533314929611178
0.444994983521267
0.438864041463689
0.382878056379722
0.606042929945784
0.401609768405275
0.539426145244096
0.658432864478901
0.525038003753021
0.476576821228587
0.556549376810408
0.552754500329166
0.497523709739636
0.507049724810068
0.449492409559141
0.442657741749377
0.569965445825102
0.511479768870677
0.421043674585551
0.349537252190151
0.551431730109536
0.450231241451447
0.512560354852102
0.618581020601007
0.559876372762745
0.584042224903539
0.301000299490011
0.665481190521967
0.566610367154352
0.580362634803089
0.539288593390976
0.473821320302341
0.54519763259616
0.509190765776753
0.633741499025095
0.544504482175377
0.443922151662932
0.681324512421962
0.608247754654341
0.521659258910928
0.590813735420685
0.620894371572711
0.721525515170143
0.588759819302659
0.545280867994813
0.637068483367189
0.639094041753157
0.323309598388585
0.529559278553559
0.561951950478102
0.738631235795391
0.71902334461959
0.667427012887043
0.594265950193718
0.507531741971108
0.754794621358622
0.637817736501171
0.515225533363925
0.746877493662567
0.583997260824366
0.780364378161146
0.586636276102196
0.560811679137037
0.663536896005889
0.5380842999077
0.674818920714468
0.574681879262794
0.536893405067427
0.727891276785408
0.551383873326196
0.584229442180738
0.77470206137064
0.682453932324962
0.579987273602871
0.703917762610928
0.675092555317249
0.674640823235211
0.567866853515638
0.606505352377923
0.572255161985955
0.544959542603208
0.675305834638536
0.713217596458623
0.590823604242224
0.66989961781383
0.640303696675367
0.571073847588543
0.719931261211186
0.684515029760284
0.55967246477661
0.731242323284882
0.502432524484938
0.768734413061045
0.689876733309041
0.710755494238656
0.61360342283156
0.709742650662519
0.804524316300664
0.631137269624715
0.744831666738189
0.60191712779487
0.665802586129863
0.76390027364655
0.77061803045191
0.749435413198324
0.805065780880101
0.677346415291598
0.670851837605263
0.702177709201438
0.727837795744168
0.603858802228356
0.692871921183131
0.802327403105872
0.617527077354158
0.602391231506025
0.667662384022546
0.637588884830142
0.844440749663439
0.747994701672637
0.617749053476811
0.731058049673463
0.801545227529974
0.622463773084854
0.788963778865064
0.623127388851508
0.669075191329051
0.714490754273121
0.737353164250785
0.667736557664691
0.831068860457679
0.785901398716049
0.837086611778012
0.686250951563334
0.824792601800494
0.743716429456295
0.744513486640851
0.808181387613584
0.714021637645916
0.746921454858214
0.915248643587925
0.824868946609977
0.642609181573437
0.773513387686155
0.760858734243289
0.773961949044654
0.715720247121319
0.801501151580854
0.783079127513585
0.707324916560191
0.792546908076331
0.899557106217907
0.728277066845339
0.717833717571756
0.904921346365287
0.753450518541998
0.795546381127108
0.858038004044887
0.773385071662794
0.809679538415068
0.761477107114803
0.701337723963756
0.871279663629137
0.866223912447239
0.711364658761121
0.893305001627587
0.802733660344023
0.70273633027246
0.818148079377785
0.744770503108749
0.841202597291829
0.913273601156394
0.673004408648024
0.843623729155543
0.801534218698452
0.768900470269556
0.865048043159137
0.95341836777258
0.806896920775816
0.94967766753375
0.92864099923273
0.86026230541234
1.01838737760558
0.674642598036793
0.778770275416144
0.919507865580601
0.758793471833375
0.905501787224485
0.875932324957679
0.760083626660895
0.916196149177782
0.84134335573382
0.915713445074534
0.773960674692078
0.892458175700768
0.920754249440468
0.819098480957976
0.78088567076815
0.741796724609981
0.900542546054415
0.800964269646999
0.928197069722388
0.877496483971476
0.787925242046836
0.898883280443117
0.773106706354214
0.867264323235071
0.888648420668133
0.900834498979641
0.999037567615372
0.916539793176503
0.91472455669447
0.97705137821038
1.0687859442057
0.748469676352342
0.794451835389503
1.00126281907703
0.799118555822176
0.969515053616753
0.829102882749302
0.897631447140245
0.943054497932745
0.904415410376409
0.858638765021007
0.931769901901871
1.09221051303716
0.928203912860872
0.880365084088105
0.926709668358683
1.03859238266493
0.918380499348499
0.820350601584042
0.832117039746455
1.07346178917451
0.970537484201565
0.965331183316296
0.881989180677976
1.01586365035935
1.07655009156991
0.844408459998324
1.00160231352496
0.848641236648389
1.04672614206269
1.05688620132255
0.962390793881558
0.825011674287333
0.846114907556156
1.22872425757883
0.91027209102305
1.13821144394879
1.05456975550312
0.913795240456084
0.952523949047687
0.9303367667576
1.04024060554457
1.21492883876298
1.15650538251773
0.955727145653508
