0.079958361907532
-0.882097860993617
-0.97373509197208
-0.990411912916741
-1.08163945736094
-0.962557732755296
-1.04209808242062
-0.985422082108463
-0.950873431984709
-1.08346584769897
-1.00579771487329
-0.899690388982786
-1.066983344218
-1.0318560575347
-0.92149334024292
-0.983085805578859
-1.13321173327799
-0.948203840755839
-1.14816975272877
-1.00878183320146
-1.11023450387083
-0.741354950513613
-0.996612309478458
-0.819860774816743
-0.925797497167142
-1.04516164223185
-0.785947233814247
-1.02280405352218
-1.06113318227094
-0.948014370180802
-0.89281143307149
-0.923447674308937
-0.939213616403569
-0.958088223272201
-0.909763039220957
-0.900412808955776
-1.04689673557775
-1.09367885381416
-0.817498164637266
-1.08208924066202
-0.937213448517291
-0.839268244337586
-0.86902826559723
-0.843627045680835
-0.930968085493498
-0.791428714691728
-1.06751601511113
-1.08494306462893
-0.860809919981743
-0.88065302811846
-0.874021623087759
-0.821457707188818
-0.945882863154553
-0.862442165043807
-0.801783571731703
-0.848349403721697
-0.927450094334854
-0.97716929140392
-0.98917957854253
-0.866878004976427
-0.791857488925402
-0.896650286135733
-1.01594467007066
-0.753797754371767
-0.813076548434743
-0.905622865482558
-0.791262112860728
-0.849705778714623
-0.831160449245689
-0.883736935635248
-0.888180813974252
-0.82261071868586
-0.831157711814844
-0.827959336571763
-0.769551453910815
-0.823726426314603
-0.83552414863207
-0.888676599546216
-0.76031039295509
-0.913549510376136
-0.860628840194712
-0.859231067526697
-1.02325129421623
-0.929969171439724
-0.847896162045654
-0.738538513541834
-0.809220294566867
-0.928523796837877
-0.917360060424829
-0.656519315825328
-0.820825765077754
-0.865148997345297
-0.854580930477633
-0.893825804235765
-0.832258984375634
-0.940689310496918
-0.738770104268958
-0.840183734394596
-0.796583697067088
-0.80694466193021
-0.82375321601492
-0.887739555284226
-0.841530209086206
-0.833647857077302
-0.752918961496669
-0.899242144226621
-0.695015061922907
-0.833759439269169
-0.762798192331514
-0.852368865058334
-0.799443090323195
-0.764660254964087
-0.868531188185193
-0.807924433307025
-0.778304094641652
-0.868716794443797
-0.75235832316141
-0.702238976848787
-0.573863469422507
-0.784529082868542
-0.58094104588701
-0.771017188095135
-0.838224982016872
-0.755525529187082
-0.763976058264232
-0.706072626423401
-0.652778943201389
-0.684913055978212
-0.633861011768135
-0.748695457137813
-0.776953542011616
-0.859205827433876
-0.731777046479925
-0.654652542745767
-0.763336336721359
-0.771701209393084
-0.703981766549502
-0.75063136075759
-0.752955966699788
-0.696259462160883
-0.833275678197875
-0.717498126533268
-0.739863989621974
-0.74674786504548
-0.659593806802026
-0.704133417869197
-0.763050465576914
-0.601874530095695
-0.78063797127844
-0.765036704937544
-0.683590571310364
-0.73079076812439
-0.693226596139223
-0.670367573991797
-0.680524486075487
-0.692406622489994
-0.692808875735072
-0.612043584404849
-0.8101076875908
-0.785624677667312
-0.711668792948157
-0.694932229361892
-0.705329683815401
-0.797176786585875
-0.763348457518099
-0.725855276164861
-0.705641960455388
-0.562415047088577
-0.599408633630153
-0.596652823273696
-0.786751749754376
-0.751921370316041
-0.682822408359944
-0.650146259243807
-0.528026655540474
-0.628776007430077
-0.653606473681437
-0.571742250296802
-0.669699363222743
-0.557720940507885
-0.57422334963984
-0.644452174994216
-0.661619138224416
-0.705825111031128
-0.472432763814273
-0.661857703881861
-0.520507327118622
-0.515923018410266
-0.628548896224989
-0.689523060450774
-0.56978543638016
-0.532947945408856
-0.563199508781741
-0.643457088752505
-0.795886801950894
-0.555326473497625
-0.614190143187556
-0.574880357649292
-0.668372222789271
-0.566643575054178
-0.539846653012019
-0.599685162495069
-0.594792996721574
-0.724910520177237
-0.619388508919436
-0.549873989589019
-0.538420584775243
-0.607733372069702
-0.624058617997922
-0.656564300472225
-0.592664450200095
-0.622738428408531
-0.501110244312701
-0.405742063551816
-0.58438434506005
-0.607166306532126
-0.520079838417073
-0.631411922466104
-0.623589352866211
-0.440760264320229
-0.632347052886791
-0.600447454937095
-0.628981897444278
-0.620185472377954
-0.546375288722248
-0.717918053590045
-0.580750529668858
-0.637125109589334
-0.607913062957036
-0.375649936571323
-0.359278603894062
-0.384154946749805
-0.715441104468843
-0.443961664155054
-0.458613582626994
-0.56760093300884
-0.540638498847092
-0.453490193140932
-0.651206286303336
-0.514035008309818
-0.426860447235188
-0.53220839824993
-0.50571686794146
-0.579347984691408
-0.472562683154579
-0.602141465149174
-0.613505102948462
-0.611606760261701
-0.63408384587731
-0.52873730769589
-0.550272725227177
-0.588776361049199
-0.451263421943238
-0.455532840635273
-0.574651993955903
-0.59331263231346
-0.597688126433954
-0.60498897306189
-0.671358441103877
-0.529219769080972
-0.520371428447742
-0.313559205372885
-0.452243856647697
-0.58974555806356
-0.438706305642599
-0.467848979410331
-0.57070158829054
-0.470769083379498
-0.601500260549115
-0.528957865471907
-0.452988279916616
-0.464028741285593
-0.458632353043336
-0.452287832139462
-0.368390525501987
-0.501941489030016
-0.335809567899814
-0.478360219884096
-0.411807173765492
-0.410367308600648
-0.382221813671705
-0.498040163285016
-0.591453241558411
-0.479021409811503
-0.509895165510192
-0.305702797300705
-0.512898494541145
-0.473386139440157
-0.447974168814297
-0.410280223688612
-0.411680501444392
-0.469676475964213
-0.446934727518073
-0.387529028330298
-0.360744552687193
-0.299162629763909
-0.62382595397496
-0.342068321661327
-0.266341360579486
-0.457171704866694
-0.325059783847985
-0.478971324264723
-0.381137183771995
-0.542253484220775
-0.404700676322317
-0.414906116175317
-0.43913903042243
-0.509110256342369
-0.38827597195213
-0.351275354748664
-0.541657039448798
-0.473094928292784
-0.372234486136074
-0.400927277754991
-0.393299380003277
-0.316862563315918
-0.347752184294662
-0.41340163615248
-0.381433714491697
-0.221243845391062
-0.217843286984108
-0.195261023329867
-0.410576008452426
-0.456443839163182
-0.337443826696799
-0.360380503079726
-0.454662664125772
-0.314422361305727
-0.436286945258668
-0.407322696791896
-0.386807889225286
-0.366513214207847
-0.384612750154838
-0.418174491724065
-0.388844650638446
-0.429618521655987
-0.403309965015503
-0.310545595229334
-0.327664327195211
-0.257987006626656
-0.333722013213608
-0.32995245240071
-0.359176343969127
-0.142150968509596
-0.247550212514447
-0.143168746441189
-0.407505632953974
-0.168486883979693
-0.311763219882344
-0.210058423821714
-0.298212783288815
-0.263546269911977
-0.225615806398595
-0.325135217676854
-0.147618316344173
-0.434009576034779
-0.317429013274447
-0.353566095060049
-0.343239864627304
-0.265437385674888
-0.201922659234383
-0.395896833904683
-0.389319199291763
-0.13098241961008
-0.327974163536263
-0.165499368417281
-0.259939826280538
-0.360166113528382
-0.231300092414903
-0.308714266527549
-0.247965981448881
-0.363470088524474
-0.287245655584437
-0.351242726804655
-0.384974174044933
-0.200580515929019
-0.264426717797222
-0.383348971731418
-0.255536333524924
-0.300017308442043
-0.16988364585857
-0.189616503914089
-0.242267923678713
-0.0912346806183307
-0.263875249328837
-0.253834703268325
-0.143165313869958
-0.064753819199069
-0.173633997402493
-0.266810580007848
-0.117814228648492
-0.29765751819016
-0.267720694122625
-0.142220473847079
-0.270368906109642
-0.209280352704705
-0.283689680797641
-0.260864997931644
-0.250760468304899
-0.245708977396262
-0.318998001064345
-0.230322212997387
-0.188547255471768
-0.163732070283782
-0.0375031989051362
-0.242109853335915
-0.132997486989347
-0.124160879732145
-0.106750436437431
-0.169434898013526
0.0309856402583327
-0.210565023162225
-0.243056109284223
-0.197824170426175
-0.26557925062262
-0.286678968684329
-0.168258350787297
-0.228909613910234
-0.0872445340394166
-0.219004122339559
0.0104238193340207
-0.0389753589967731
-0.125828200717708
-0.280309679588005
-0.0863791781145638
-0.215314750758795
-0.187835543461588
-0.13286858423648
-0.181419213630734
-0.0868024931297381
-0.154878891470379
-0.143837795271202
-0.19370215184415
-0.0966427406277229
-0.0341392460438916
-0.271713203076511
-0.146434671287357
-0.169865045177257
-0.0739592926397953
-0.0978292956806367
-0.233248930592364
-0.112078600831638
-0.0145144660124418
-0.300605550807291
-0.083273442503524
-0.144776455721718
-0.0157390827317508
-0.229877550506653
-0.223971909423629
-0.142102634789127
-0.190690686929777
-0.192766773343012
-0.161063119432633
-0.207137592494061
-0.124223096396514
-0.0542846826887888
-0.182712404606688
-0.152909651972913
-0.124307818601128
-0.188371531534889
-0.0492446418298304
-0.0385680710039253
-0.0362168035855626
-0.0557436247903741
-0.10633715264395
0.0282033818862122
-0.0539834780242457
-0.294519944434724
-0.109777562576884
0.0674822795004586
0.0290531912697452
-0.0328931452207858
-0.0765847137265357
-0.0831103917040245
-0.056285664452417
-0.163393154513942
-0.0244355342319319
-0.0676204063202764
0.000287703598450226
0.0111479656200559
-0.0697709233905621
0.00338062352585626
-0.106221440272786
-0.112164305798269
0.0023849492705467
0.0704144611434887
-0.00555763938361971
-0.00201559993769435
-0.102519675417971
0.01315476967148
-0.0985613039637048
-0.0273897590642386
-0.116514713103968
0.046233125724262
0.0140403612887166
0.0847279330001304
-0.019882496149981
-0.0715392696816627
0.0250906983068067
-0.0956463752005091
0.0828937111025525
0.0830092141909967
-0.0194696272948249
0.0299659461122258
-0.0746189356368575
-0.00121768069792012
-0.0690678813019669
0.0832984628985725
0.112615709133576
0.0902977103424026
0.0858057275031285
0.0999590553555692
0.23412264080685
-0.0538490317154961
0.0914954895798308
-0.0280579882402667
-0.0367829530399771
-0.0663999565487181
0.117756267566917
0.0203831018394197
0.0196614564268462
0.00504722965532878
0.0937800531871554
-0.0489518262030984
0.00488813982110591
0.0184451062424504
-0.00727170124103277
0.251556356274528
0.113185423383358
-0.0222530567071721
0.0476680287854837
0.0856367741605868
0.0438025993233861
0.114579553605651
0.212215720593501
0.288519907767682
0.102101120622603
0.0872051927777195
-0.106210438088137
-0.00667898185988412
0.146611885058599
0.0189521146227159
0.0152361037601616
0.116647951152202
-0.0100684555008442
-0.0187510122811422
0.00786597258018118
0.173233160032919
0.119184755921332
0.0939436254028922
0.0785334953519963
0.185764376560421
0.0668656745359574
0.0253238306712101
-0.00176433839852962
0.137879719978865
0.124768370768142
0.0769341234631807
0.136064285128239
0.313819425008995
0.0411083387558574
0.0195547927303973
0.128807424496506
0.09938106839186
0.219131738980752
0.134022843605235
0.118171722860778
0.124643770821208
0.0778049300131222
-0.019225160605053
0.256988195252571
0.0704873332881053
0.190576531801895
0.0824396183126869
0.284603474409749
0.0781246716150177
0.248651598073624
0.0328957648628788
0.227072000626203
-0.0463461749272452
0.0400520537510522
0.12911181450777
0.301040394728164
0.0801133588472198
-0.0292757097346288
0.147017999944992
0.125516303062311
0.127663270496021
0.163360643766163
0.240118404403304
0.171845993205339
0.205991000802579
0.255021679001483
0.256429861356678
0.0323845160061929
0.106422698581444
0.237323197289061
0.237095529902454
0.311214493696275
0.218525627856184
0.293924646598184
0.146312240286275
0.0892901887157982
0.18424480947082
0.192859777233869
0.235876003936586
0.296314912156097
0.157637576529135
0.030686854857925
0.188159313934492
0.318544448730827
0.165118096914853
0.233555124184527
0.138139707091519
0.268118428513472
0.261800672949737
0.0984234087975926
0.181186562860741
0.323302944066503
0.221872916744152
0.258588029850271
0.418513067389229
0.215837332907621
0.204018573052548
0.251649595995176
0.276390418284932
0.34343238338991
0.196129287112651
0.132853848777927
0.223680562570685
0.128763891706425
0.369951437493633
0.326946336885954
0.304562621352596
0.211066019059838
0.194071767207697
0.18493854108359
0.169948997890213
0.235213862536787
0.151864965010204
0.258171698652627
0.307560956197256
0.251404589972849
0.387475942632502
0.320290396905754
0.142942392820376
0.271216234750867
0.221911911222368
0.267250826667064
0.22793472192347
0.357282173185272
0.391197884531638
0.211397292438051
0.398165667040738
0.325948464627886
0.260860609292846
0.311355274005515
0.334993556814289
0.300262229247197
0.34682725819438
0.221855211086005
0.302738982512903
0.38840894622129
0.547996415203946
0.333225468778855
0.185669144789956
0.307215083624353
0.285233126138153
0.354452909916051
0.327018575800256
0.334629602922425
0.432296903452996
0.280739144921236
0.320829880669389
0.352294523369027
0.620121518977403
0.393435095016405
0.388266716846345
0.398900859158789
0.346198723587082
0.343409963514955
0.26822116143187
0.352377440881777
0.348145092655386
0.354746794798399
0.4064946900223
0.337670889901112
0.414551833867834
0.479658622221473
0.425138585357513
0.199685444024352
0.356255359454366
0.417140212199907
0.368580647633737
0.411487851888401
0.400131502091582
0.519321753799329
0.26255933320676
0.552619807272791
0.403534743656984
0.424149850069411
0.457797241053483
0.256962465694564
0.377937331127704
0.405414503594753
0.231616130835372
0.421386412886303
0.433886796274544
0.422410417657169
0.47708710368272
0.518088992525877
0.42986891043789
0.479556120482102
0.467146938589789
0.491238379099168
0.467214149095692
0.315464502762179
0.408242755554033
0.409393243630599
0.215387311500558
0.487431694190195
0.489388521382529
0.364855715931683
0.492333986337005
0.500810584639865
0.489163346730226
0.558308730135138
0.370390160884463
0.517786654226379
0.452079092896945
0.431394633992574
0.447568395587898
0.489623225417061
0.51497299981901
0.428883548050632
0.483623477562585
0.523727578542774
0.433846500432869
0.473418374691
0.587894348457745
0.492982343872718
0.38398101624302
0.528760230241465
0.312144387402557
0.396365340453137
0.577438383003539
0.488868624756224
0.565452344789267
0.485294702768015
0.599082991220031
0.601174341030906
0.46630604462078
0.484769099885452
0.588101619081576
0.426022360085513
0.602670715258596
0.49264134035568
0.593589809821053
0.452362863387467
0.526169213631726
0.533379355771838
0.396626296076454
0.639291250722951
0.59742868435793
0.418137643584607
0.342843800535416
0.579858200513074
0.694846344425225
0.501010230983865
0.456912777275818
0.5940015244836
0.694292758819376
0.546687074896165
0.593906932990685
0.620059695403754
0.642050518242045
0.451106072580386
0.38758491467609
0.5949608979088
0.586234261063572
0.500698897467671
0.6295167744392
0.622506135501745
0.64710703716588
0.512393392953578
0.590242594817624
0.50356742726446
0.62886597335988
0.504037260854921
0.591456747261657
0.533795942198143
0.62600611706721
0.648974061462461
0.547197248435161
0.59818180234545
0.568714522666293
0.424922848189603
0.641565115968968
0.54104794227752
0.556138981152805
0.551203183608471
0.684356803527665
0.628007583012667
0.617562488564847
0.598748682269473
0.581355335587374
0.601844934920457
0.825761628835233
0.598183129433287
0.627874377492209
0.664034813861342
0.769879833715351
0.725911290598567
0.716380754709557
0.658362541331247
0.633433787283622
0.721542862199205
0.695571746880343
0.663468781028965
0.530626926358044
0.590063325986707
0.660187384223411
0.745449603236278
0.555501663829147
0.741743174719517
0.634247143376843
0.605357282050096
0.728704039829925
0.617762630987206
0.836224203336188
0.741027066106029
0.671195746495611
0.572132668838347
0.697623799831656
0.701898724074934
0.806582731193808
0.456600533952798
0.65758655004205
0.720245101989794
0.703748791864607
0.596859341161248
0.723865994303608
0.672746339116398
0.706457308166114
0.572521257414321
0.680597035047004
0.640606861200931
0.662900164447708
0.682443426913294
0.578482751991215
0.61563516814133
0.619003477935415
0.76161656810459
0.67760253453874
0.763999036726256
0.664084152858327
0.669152223606597
0.776133689777697
0.71695615338155
0.700142936107386
0.627574816040427
0.820582134243913
0.804707917745874
0.602301208995353
0.782485150421885
0.745781415157248
0.574568842320981
0.748728684017308
0.680265106400816
0.668356043430466
0.890004902232737
0.709849120898664
0.58431295241712
0.818601453002963
0.820503506108313
0.668817175619461
0.696154282722243
0.797746060186555
0.831309531969893
1.0093680096659
0.812272621687581
0.757201585164184
0.715972203902777
0.787053645824205
0.710744163167425
0.678424264548556
0.778817361920229
0.797016166975062
0.777813879372954
0.741974365982368
0.703529406745891
0.784546958575064
0.734491064393331
0.70466712230185
0.69269829003033
0.831778648924298
0.687562054859272
0.929330619563701
0.798322839124386
0.756931580272947
0.876061814386653
0.860990043089078
0.72860507140864
0.864276076917609
0.843016695598033
0.617726779026034
0.765784876043183
0.885232562178544
0.628382403236519
0.808157792160545
0.834977622004387
0.789423602991466
1.03695003284712
0.872109707610628
0.690064316246794
0.816218373748375
0.772191627418934
0.689252392139901
0.749178350266621
0.754307091551184
0.788359231342578
0.911147649788664
0.973581088791159
0.771951115856783
0.75551643550376
0.739024530344048
0.801447807025887
0.854724493707307
0.833720186309861
0.81087469989394
0.768096046403115
0.820240506851327
0.741901577108183
0.949993243549563
0.998933513166597
0.912484194376068
0.93471896259679
0.843545889047338
0.741103318195468
1.01237598880771
0.810336889699527
0.913484757259269
1.00484490502846
0.973971359415369
0.866468897468339
0.915782395123784
0.948196303632631
0.990429857260667
1.06538036984986
0.898650560730714
0.803444298494201
0.887198706176286
0.961007016445328
0.848762329167135
0.927918267452719
0.964964142991129
0.9745521342606
0.854146685361388
0.941349859601043
0.959473322111852
0.866388935534912
0.932327403882198
0.932031604854479
0.942865247805921
0.765108465647655
0.899206154144566
0.799498761648893
0.912329408649611
0.777792571653591
0.970477889680337
0.944247250623749
0.816253264192557
0.930413354568607
0.973199972894657
0.908526575476821
1.01568224903207
0.895762819599639
0.906863079548712
0.953076138730458
0.945171099478297
0.950678731356479
1.02116609442744
0.899774803127058
0.96231084855273
0.996665971691434
1.06858148255456
0.897046241881436
1.09195866871326
1.03380080943061
1.20342473963898
0.885123959537875
0.97950553045382
0.985190650422469
1.00402740133598
0.9091751349986
1.06941504529365
1.00857376873702
1.04563789657438
1.10819832838746
0.983012273291465
0.931080970201978
