-0.0193415688829336
-1.12954077683941
-0.942640422192861
-0.877501570380358
-1.09637056347275
-1.04309911222909
-0.953720738113709
-0.958095153205938
-1.03543291408155
-1.02115934418702
-0.984795322832704
-0.882596106787807
-1.00962418237923
-0.985351191983396
-0.910367106366697
-1.00449749009315
-0.904476162627553
-0.910969246476196
-0.88392555312932
-0.943906656888691
-0.98065008340489
-0.95840178292467
-1.00165850932421
-0.922483465612426
-1.00713701271794
-0.902205241926286
-1.0301303912555
-1.00388062365712
-0.98217208171867
-0.953531626844782
-0.833477044815286
-0.862225795198626
-0.98009285350656
-0.952263874578517
-0.970211651544406
-0.932177543141474
-0.875634765273704
-0.967086725962546
-0.842815835137009
-0.865157210905301
-0.908384019537367
-0.968467202042512
-0.859042901200324
-0.949063061243663
-0.836482573316253
-0.983741735900291
-0.847763589897945
-0.746627118506299
-0.852917316498789
-0.981732809668404
-1.03582972520177
-0.983797574540983
-0.896820915865405
-0.864711538032805
-0.904019151194715
-0.854243136782956
-0.794543484580064
-0.928115166169477
-0.882389964332986
-0.769987807299724
-0.884982993118457
-0.907715077191639
-0.744807298229145
-0.893249127483122
-0.762734021585078
-0.959809006448539
-0.850240059692325
-0.777747666184976
-0.89075632064906
-0.844463212153973
-1.00517347758835
-0.861075131654959
-0.946806960533841
-0.923770755340909
-0.89512315869886
-0.911761550439
-0.769718757199799
-0.880039792963661
-0.866147671127415
-0.787442434025877
-0.906789154791855
-0.892314568912375
-0.805695193557606
-0.906309042543598
-0.825071934748536
-0.752533856029953
-0.84346448826409
-0.69452907376521
-0.727117194381831
-0.838566850347399
-0.856546686346629
-0.746922931149784
-0.85871978250479
-0.811763534788925
-0.726137789873254
-0.697990261222851
-0.706780821412922
-0.751747691159953
-0.718077195257194
-0.809818386163633
-0.857125370613408
-0.801158685289502
-0.790785975259551
-0.762401337523657
-0.69215430066595
-0.755881646954246
-0.675130569140006
-0.805436182141024
-0.759032307626814
-0.668662274569313
-0.713562044501858
-0.635474382696986
-0.807499588033395
-0.81270249689209
-0.777877043198138
-0.712772065726208
-0.835890130266738
-0.944691793202935
-0.856746202231276
-0.622793738693406
-0.710556764488538
-0.620220146748509
-0.715489941220551
-0.657689403533485
-0.855002151900787
-0.806568132583797
-0.822893347145568
-0.819072621974633
-0.781639630763335
-0.716133149910351
-0.730451337848612
-0.734127379897255
-0.698254673888536
-0.743743814461319
-0.727634821108328
-0.769822392167712
-0.759485536764166
-0.535561457754051
-0.675804115166555
-0.700225319435601
-0.677439994810912
-0.762711091187855
-0.818603961053347
-0.649180825023792
-0.616565650914254
-0.819920584802232
-0.534156348948478
-0.795283502404143
-0.820126497033027
-0.742315984768354
-0.7877934471678
-0.780346581085343
-0.644389470319813
-0.644609734467569
-0.772320541018057
-0.934822041507013
-0.725298682640452
-0.700607765034255
-0.649349144891834
-0.646100192259236
-0.649296072052215
-0.514764484295779
-0.609618648496458
-0.87038367712269
-0.607692898741364
-0.547449457661982
-0.732786524565122
-0.613104442983199
-0.610830425312808
-0.645254888642825
-0.743418734924248
-0.715678581783148
-0.668276997952336
-0.681157422272773
-0.51946843792156
-0.628399991975004
-0.793024495234854
-0.536611859083241
-0.766707264752986
-0.586214806128868
-0.545890018583515
-0.698356777151548
-0.69845096228807
-0.55380244046261
-0.625946670507451
-0.499257442621283
-0.676596351374659
-0.583497591959533
-0.651520477734617
-0.720549408036163
-0.638312541321021
-0.680902742243455
-0.761044248826948
-0.619279697846156
-0.543557881276173
-0.550751179935095
-0.576434420826851
-0.661067367852934
-0.620654329924377
-0.650318305559516
-0.670023319440941
-0.737455906356745
-0.604046623846791
-0.541730591676257
-0.602195211306676
-0.484071262313724
-0.578633705970084
-0.595864387254024
-0.689418659840394
-0.682173710741643
-0.44625239190975
-0.543433246242063
-0.576549996808318
-0.500374237032246
-0.734545021479367
-0.521582884929544
-0.434135935340703
-0.44075302380624
-0.391219491449167
-0.552070795260243
-0.545828391327393
-0.615233855991677
-0.560469244160093
-0.609421860181346
-0.543213640710732
-0.673467233681876
-0.574511074242315
-0.58887156510414
-0.560189503820779
-0.575156122589924
-0.473426856059924
-0.492931370161141
-0.412027700012521
-0.649344283579223
-0.525965204945718
-0.583005960773058
-0.533237177243119
-0.531429580125321
-0.520472797615129
-0.508179218225607
-0.488264854896986
-0.452144405136574
-0.56904741855841
-0.559262718180302
-0.612349308148963
-0.435467608220018
-0.509012379725541
-0.543168950212972
-0.501987554370461
-0.553707340977617
-0.454127872699822
-0.505033971501937
-0.565732538369746
-0.512585590582535
-0.681987299394361
-0.463465757498896
-0.503242501064319
-0.464104635665303
-0.563308415739533
-0.467812408341292
-0.376741181102988
-0.460588121755461
-0.425033030203352
-0.537739385774771
-0.514439053290281
-0.407672509448346
-0.331863147042278
-0.444411448215309
-0.395873516343287
-0.410192739540582
-0.467107105468665
-0.472350078246932
-0.380641143625833
-0.455698619344543
-0.62280532218317
-0.499890466859701
-0.357155708562992
-0.449219460594951
-0.312791126690737
-0.447808468558016
-0.588267183224714
-0.375175428513851
-0.463095766146317
-0.409170068152907
-0.410195385016139
-0.452752044740643
-0.424641086202921
-0.467594658226751
-0.566517520832856
-0.598083460322861
-0.434475377875038
-0.435425302490965
-0.386125079643748
-0.512688041393199
-0.444885640371093
-0.551887320122035
-0.302319916556693
-0.536321737925347
-0.493201943734183
-0.502852862918493
-0.296229776795485
-0.520337771122218
-0.438734384872416
-0.28220251037662
-0.454620025496377
-0.305582210745968
-0.432046164667538
-0.38123909631378
-0.403966376056905
-0.258805466944868
-0.43387450610847
-0.554669964587187
-0.396516300996619
-0.337071423334361
-0.496840929450024
-0.505042396620614
-0.428912872774747
-0.489809632223701
-0.334792550960173
-0.334213309592411
-0.260821200025007
-0.347047437431029
-0.382868835574091
-0.326326192641169
-0.381002832641652
-0.35234941828392
-0.472492779655438
-0.449947502588293
-0.381329178216426
-0.422280622427156
-0.426950820050753
-0.370185312809477
-0.424673258967924
-0.325280935166259
-0.286770650709159
-0.244492973713513
-0.223928522319182
-0.347904712153755
-0.41962067605896
-0.360295531068653
-0.345017000169537
-0.353396469267851
-0.332085753116285
-0.350889222930328
-0.428703955781504
-0.501520599674495
-0.292416346543806
-0.300047721933149
-0.128647500549272
-0.153557289317965
-0.346735931738436
-0.39974966242997
-0.357845283123729
-0.236685968987651
-0.43629787395372
-0.375735229922949
-0.330581498830095
-0.380059506272091
-0.236574691040323
-0.303439301498586
-0.193712571118123
-0.268316019537449
-0.2441616826263
-0.320702764627653
-0.268032497522612
-0.210351678559119
-0.235146347915822
-0.414920781599757
-0.236534407285405
-0.253212274434834
-0.166608865115435
-0.218422735299523
-0.165526127677512
-0.269229322966237
-0.182836959567248
-0.214902253226164
-0.266602934104482
-0.238444487114512
-0.228208953026622
-0.304294285078178
-0.307887369131624
-0.287285893190156
-0.393668902187949
-0.257681540165428
-0.139997658230455
-0.225985662000971
-0.170771852559973
-0.114279917643719
-0.0326431005443916
-0.250204260364411
-0.348799241688626
-0.187089145898417
-0.0717237522928524
-0.220387086472232
-0.106404951092966
-0.340241570056308
-0.215493248013202
-0.251946454862677
-0.308285886340123
-0.123539969976746
-0.237011179543046
-0.273847435880909
-0.108405519599912
-0.228445954574969
-0.122086210895286
-0.153122968465156
-0.434126042490459
-0.182731671713471
-0.1058375291887
-0.148848984755526
-0.11783443296495
-0.198651675175277
-0.0359009234869273
-0.167370444319343
-0.103611440285468
-0.0891805390098678
-0.294229099128443
-0.0723582922424053
-0.144485892804645
-0.253217654759646
-0.255400516518673
-0.178960091121516
-0.115130309258574
-0.120800461157665
-0.0865485661741888
-0.229170617896285
-0.162719518685692
-0.292387302723296
-0.124457361482327
-0.20698322351184
-0.23472854389234
-0.145274980636956
-0.265625656226785
-0.00157226502956574
-0.202197904273349
-0.107675285747207
-0.164506750750772
-0.130225760557995
-0.0406168866604217
-0.167181335858609
-0.0892607099444773
-0.139788543474506
-0.0476171643164426
-0.102447713513274
-0.195836544037995
-0.185914489583117
-0.232755122302515
-0.00758067883857161
-0.162559819891745
-0.0260548016315557
-0.0962720383530317
-0.105698220904744
-0.141272303890207
-0.154735245950631
0.0353756681304964
-0.204950291427187
-0.0448717829839968
-0.0844432598775155
-0.076987277351661
0.0995698213863852
-0.0996154224431575
-0.0987252719630245
-0.10572989784094
-0.137974000337671
0.117149094572627
-0.197042377837104
-0.157470729759786
-0.134496748155042
-0.173675306325687
-0.114279553360164
-0.234066805286367
-0.00904567144776919
-0.183578703941563
-0.0899968691393028
-0.124209142381621
-0.130479442502045
-0.0889875850916352
-0.269127416953136
-0.159384472453971
-0.198795626997168
-0.0852693378091966
0.138742804126176
0.127187772109088
-0.0672233514549623
-0.168754670012749
0.00476644528736148
-0.0737750365510644
-0.0216319928621423
-0.168593847748326
-0.165913364312157
-0.0090222181222283
0.0766525471871682
0.0882939805474717
-0.182180362502206
0.0469729199017388
-0.0898208916542915
-0.114814854200061
-0.0643562484736559
-0.135185190440279
-0.00388665762183824
-0.0933290983018066
0.000786475780420678
-0.012441494285533
0.012459500820253
-0.0615060391927264
0.027614244972858
0.0457429551427315
-0.0420013478879914
-0.115725416523688
0.230190486081882
0.0823628715568418
0.0894776264225302
0.00478647538700307
-0.0802035516354405
-0.022590659874579
0.0739002921791822
-0.0952667832005323
-0.0054974063672748
0.100207108220516
0.0988615682461255
0.0117011310115034
0.0844400056834851
0.0833079263397144
0.0684866500121342
0.258021427491822
0.0917879005186349
0.0965665698826792
0.0361976455909726
0.0575569561201597
0.208654005531844
0.0966861439747077
-0.104524461736696
-0.0123657662345943
0.14779861658873
0.0283525539796139
0.281772563905632
0.0664639962615723
0.0821449796690467
-0.0416232811312028
0.0949584296164091
0.156779343744252
0.2172325836497
-0.0270433467285048
0.0432440258132646
0.235791087484646
-0.0220461292364543
0.160266400152681
0.197249336468814
-0.0377354363587591
0.188451827298524
0.159588095374824
0.00818709728178913
0.0276308022649001
0.0242380330375799
-0.102638913087544
0.0491008100320402
0.169835033908958
0.106792256783895
0.0584854091147822
0.129169904187302
0.265806475090196
0.200069986791108
0.113838786118765
0.0631077750787931
0.195587175469792
0.111155036534171
0.183555605674707
0.0956233990574535
0.117980427585142
0.156775262874536
0.250632415092466
-0.0199733418631283
0.231697981799386
0.166564700262941
0.0809630892853372
0.0481664506494363
0.0759942176015834
0.0499278149416414
0.133370634372706
0.164919129265394
0.238161881589733
0.141260403031286
0.191223804308514
0.302094656984268
0.258925644305716
0.176632730463784
0.109620403786297
0.1004808328067
0.244842957996965
0.172045923723996
0.37572485432687
0.0584730969469781
0.0970950164101744
0.329554159564156
0.153329809540858
0.223849629635569
0.085258291716418
0.246508950101551
0.260681132574355
0.225092149966745
0.305233108322352
0.170674888283492
0.20267899178053
0.315614309849995
0.121023957118305
0.212509374992817
0.164850142732525
0.24363349693309
0.217989118530142
0.123434851501058
0.229283027031994
0.120716472566427
0.348447964615323
0.205557920784386
0.138515978236176
-0.00448684219451815
0.196589533863957
0.0473173336682189
0.406844094659378
0.299137018878924
0.126146305851128
0.17614134850389
0.151426913785912
0.232409165385647
0.238216181060974
0.285886690019308
0.198723647353374
0.369276797538158
0.140214755925666
0.208345593231413
0.243570291367209
0.319669812987994
0.326490804207189
0.229911790627626
0.245925903310327
0.344092137118432
0.330556899455947
0.422950231933804
0.230748962006091
0.209982253779646
0.255097261528651
0.114840307100031
0.304614632463568
0.360817030886898
0.225510032839539
0.30064224602877
0.337916341803523
0.153863885690183
0.429935022219895
0.17133921358814
0.262310595007348
0.327102660823448
0.23123969537816
0.390185962955164
0.39518894471736
0.365137402571955
0.454301033977226
0.467499959918235
0.299725688668085
0.311173687065786
0.328195942105684
0.364826324855747
0.0486308885759616
0.295582286839959
0.407998136564493
0.329164926810462
0.282154967093312
0.354224245916179
0.250736323534281
0.367536334692821
0.409953350759458
0.298150706619874
0.157342817362522
0.379484984220376
0.180609699809754
0.269549082425685
0.403735553401099
0.284607636608622
0.397998506828714
0.340514861484384
0.32383176660848
0.148532977112207
0.439158917903081
0.41032606316769
0.402219586479041
0.369666729687143
0.591387871184032
0.227386864073414
0.391053685763173
0.41072158185592
0.398493629741765
0.384478248024046
0.42014898914487
0.308856977693252
0.389791038620616
0.295153635140244
0.2888783933077
0.289248856862199
0.47845771791489
0.575091555581298
0.494508441623177
0.290488832408019
0.309874914368157
0.425498465700665
0.401977485061175
0.241431234391661
0.593822175913036
0.408729707307133
0.380155067496447
0.483038415207455
0.383103283439589
0.31041968548149
0.377996091169678
0.442311849965156
0.384001868260569
0.383697696347547
0.430599195051699
0.449043565113494
0.284183012775532
0.374532897804111
0.439302627823059
0.452469798612482
0.53959954167123
0.52000327245725
0.52063837886477
0.347067737273216
0.476176084316375
0.449423128873636
0.58426642598599
0.433613509127418
0.440813443969034
0.583635434027516
0.402167677751305
0.40038272408236
0.438787865905719
0.395143098999031
0.415479110539488
0.458679792881218
0.467647346511069
0.573828621462298
0.426690185738667
0.636331321731417
0.501636259784628
0.489971680388376
0.380558910374274
0.504257799746335
0.506673278487638
0.649830837154363
0.439945356588356
0.538000619609023
0.462551223419384
0.482076810512935
0.36850415758431
0.409228894535599
0.443526412871101
0.648186133661839
0.517063915455112
0.409301043185287
0.574179907888382
0.373135954440548
0.643671492060383
0.646884665449786
0.581152985751377
0.457437510132584
0.582898607026126
0.62423765003691
0.430862786978319
0.544386743803458
0.464192817870644
0.602299950379051
0.531526031706571
0.456583414442205
0.544567509416606
0.438470421541533
0.51907202560319
0.580312810688875
0.531399778934404
0.532023678395176
0.526311020684706
0.440019268201927
0.766527286506583
0.591718977684942
0.521665162741645
0.569072091672504
0.630031701599678
0.570651218709816
0.603941448357928
0.76238176161782
0.712928539842836
0.683403366952564
0.559122323160782
0.606992273196464
0.610815889634782
0.413675339014152
0.577206297595774
0.571823683775626
0.618510754172922
0.610018349575029
0.61506997733426
0.542861558365957
0.413061551441491
0.664307054653681
0.675346161056026
0.673616292841287
0.603127033315122
0.537802335248955
0.562240206515431
0.624456993774552
0.675756408048784
0.678651663885159
0.564336288924989
0.682524321889258
0.782471400594545
0.522880958455543
0.697366107217298
0.68686854447052
0.714089951226485
0.721533618451562
0.480111235494536
0.703094649841483
0.517169851029876
0.635487490898747
0.627870554527867
0.645212572066776
0.601673888982945
0.521114076977054
0.77894108842663
0.583429800478608
0.638994020527493
0.734330409932075
0.657908273304757
0.660724879154135
0.608845629644642
0.704798348842831
0.6433133372941
0.715115583187654
0.677547951472213
0.768948442723368
0.680927710041395
0.542389664533179
0.658118592227083
0.678220415918222
0.699407771093706
0.864274882523049
0.770941360815805
0.736164230586913
0.700994743437874
0.753925146553795
0.566854009216986
0.714200459071608
0.622297383644302
0.67445251033256
0.754686914366501
0.754955314298245
0.74282397269538
0.78592007779784
0.662350820417418
0.696422844882804
0.670467110897247
0.574681544265703
0.864186074292808
0.755864728644663
0.608160973588222
0.551446360303692
0.669729187919972
0.717780004184444
0.869331150053994
0.699516806636007
0.797864236153872
0.696329974173976
0.739886269758114
0.720257369585718
0.811990080730866
0.580730761163892
0.631816182859725
0.804604576740769
0.81619607275356
0.749307579359636
0.741372040485871
0.584897269842956
0.680048029064282
0.772211204096266
0.770856588688056
0.633341231385686
0.736061873765669
0.657311843259493
0.799080677665654
0.738191251172061
0.745501223262665
0.920183410480347
0.829377742550533
0.655415845321114
0.756899536349192
0.690417835643194
0.806524405355278
0.861948398511628
0.821026201874708
0.699462909530543
0.749285313110382
0.770275806396659
0.843075230304085
0.820670297445721
0.828539023166805
0.759205704192917
0.865707309212104
0.79012782720662
0.863069954521018
0.814523063018579
0.999350891724198
0.66189884337311
0.806865381707019
0.683336644323521
0.776882714024931
0.921134265290571
0.905429131122782
0.750970166021284
0.905586578162172
0.957629951097346
0.990140570257183
0.784415403792333
0.721536753556617
0.887219478449658
0.835159070083579
0.968359285572686
0.966720565300519
0.840194411891498
0.833603594349933
0.809178569090004
0.839366443325022
0.935187992398891
0.865082419899556
0.797900006768434
0.922637504609139
0.875143699588273
0.971575934985797
0.884804185316871
0.742919573869454
0.901609227646422
0.824960124082453
0.730013907780129
0.891015781703967
0.870035976942519
0.869269598044245
0.88688446680884
0.753832230129072
0.930035057035077
0.935965722480226
0.770182192936174
0.95754076503407
0.947492112372403
0.963998031547807
1.0749689561363
0.772347190004013
0.793931336485707
0.940801155156269
1.02069453134346
1.0509520570137
1.03339052523187
0.951746908848662
0.963499874022441
0.847493999244199
0.86937746581638
0.96958122620306
0.94417565146687
0.903571516176018
1.00407155010275
1.01929908812889
0.966604670656293
0.939839274935694
1.14504351248696
1.06203975312848
0.915548488756609
0.940822982005959
0.940910304339006
0.893559416106912
0.996897363133514
0.919100568628739
0.761053238294585
1.00544604708739
1.14696121348844
1.0222860304847
1.11960721566675
0.946902827959717
0.935858813677027
0.971604577142289
0.919149335472268
1.11331584383195
0.811671695609445
0.99706658303434
0.997383724164228
0.988537212493972
0.991948300742416
0.880565456426642
0.89649769696875
0.94830103388491
0.987179503842675
1.12542400172936
0.951182206501448
0.829688315493985
0.994410471122509
0.941787308726423
