-0.00322930127174077
-0.879477822200041
-0.987723872996253
-0.951187984661301
-0.967968060447779
-1.03206191330877
-1.06410642709285
-0.950847323566883
-0.957048336159037
-0.959898039103641
-0.978345004574862
-0.827189302861002
-1.12363500632403
-1.01714337704265
-0.982951086865401
-1.04008272156568
-0.923761122928401
-0.8843594763772
-1.00885384995529
-0.996381112512347
-1.01777212205112
-0.973648451970606
-0.949760905558019
-0.864883148291069
-1.01023135518872
-0.859599020952012
-0.950081920435502
-0.904788869644666
-0.934494732861645
-0.961017204220678
-0.855723266712384
-1.03877723352366
-0.879490308390181
-0.908796466422163
-0.964195289768082
-0.993042535384438
-1.08539001493858
-0.926109834627796
-0.933796468008473
-1.03506272332579
-0.972386830470379
-0.858009220938823
-0.788260292563358
-0.979643855584025
-0.986230696607748
-0.976593716036368
-0.955662125179515
-0.890620401265992
-0.80950172197502
-0.883236235666531
-0.90620624821751
-0.943561595634303
-0.807298950565273
-0.935343209805902
-0.819499787475853
-0.999144367507176
-0.959297786794343
-0.982983332602502
-0.910620902209758
-0.876243014983612
-0.79361611983557
-0.761556251356236
-0.606339975608174
-0.710799556015024
-0.854338691274859
-0.992343600563158
-1.05813800305982
-0.866823262989329
-0.892941978879008
-0.795840463377535
-0.875462900452954
-0.903633766527352
-0.83035813243205
-0.764571639407124
-0.895516142071503
-0.73641065331088
-0.809890244188557
-0.875499949160424
-0.816860150289431
-0.755861255222335
-0.724344796328759
-0.735594815312581
-0.770533830480181
-0.934672449854361
-0.793415618729871
-0.947273513454014
-0.76962504612538
-0.892263894217049
-0.907445007691879
-0.71816956982859
-1.04292937081493
-0.889184245763533
-0.844182746380112
-0.832754067555647
-0.871094459651909
-0.708554423856205
-0.688295642122791
-0.797545972472043
-0.868200484418043
-0.88453176976001
-0.704010653787146
-0.760999736632967
-0.740585424429782
-0.923470034103942
-0.736884269932401
-0.695967754577993
-0.933707430358204
-0.735540170639402
-0.803560096038792
-0.821923028737495
-0.974721532579301
-0.836744703357866
-0.797112713484036
-0.846045524123488
-0.875910819745693
-0.757886957568779
-0.831978085536902
-0.873875947175818
-0.737475442748114
-0.733509942523876
-0.811600972925493
-0.731942902587581
-0.719290401435279
-0.890992554454868
-0.89636068284422
-0.68584015891764
-0.885287187201516
-0.698471484510858
-0.684855483879038
-0.9535506374525
-0.742578805911632
-0.853351969802594
-0.692357847484664
-0.800686482467416
-0.772567251976421
-0.819190571083506
-0.718176635492653
-0.575106123509562
-0.86880522060166
-0.714079662320853
-0.610322217214367
-0.84847850343589
-0.738244171064167
-0.791373827245779
-0.664474308376169
-0.727254208400155
-0.81080476382377
-0.778651403037092
-0.746022742763093
-0.628381346390572
-0.664520108664012
-0.724630210064782
-0.696142835958686
-0.785961391751284
-0.743690028410192
-0.747953497488421
-0.55303357279742
-0.704795917330288
-0.477959289038337
-0.585395117635881
-0.663572119628532
-0.723171862063883
-0.695704791640477
-0.558701864310548
-0.722349778480677
-0.759042698886222
-0.641912232983888
-0.772479899664338
-0.620254681184555
-0.605306045811556
-0.620061463276476
-0.528084805096089
-0.623112400024072
-0.62033502121025
-0.735253017040215
-0.786564589852013
-0.793640864398243
-0.610152716074599
-0.651255294737761
-0.883344252448043
-0.558848347512073
-0.76004536814469
-0.58719960570133
-0.70524587858082
-0.688885760284763
-0.552177595900464
-0.548611589638222
-0.721412000557921
-0.459051092614946
-0.697100016760942
-0.594647426843301
-0.53506611838007
-0.642937063017399
-0.536597951399418
-0.645979338453637
-0.601547925084681
-0.504647240358747
-0.613923870474161
-0.692660029881927
-0.622986137035269
-0.55681329524002
-0.577331085269208
-0.555794110072925
-0.611373292643016
-0.572532265181574
-0.736062603521806
-0.72825550247909
-0.550951854627289
-0.690951646062572
-0.653710606628204
-0.540125391016767
-0.574506297603091
-0.624781204429371
-0.51062623393913
-0.614203776734422
-0.563315223102101
-0.594683217225336
-0.520443274432156
-0.443342732886966
-0.474643395476862
-0.533197719754933
-0.576765584356145
-0.535881762101381
-0.703907098563706
-0.498303029085435
-0.472673621746796
-0.537996848871835
-0.503834538642702
-0.466450891059098
-0.532473076860281
-0.537332983495824
-0.729077599876197
-0.509802271135673
-0.6115931759232
-0.51499088362005
-0.531967236960511
-0.462131858385359
-0.407688790624433
-0.553693451693253
-0.458721112559514
-0.54102499402918
-0.48972667462706
-0.472766953124498
-0.540644172558449
-0.57254435021451
-0.581127938945395
-0.550986371872629
-0.393712143269669
-0.523259392419338
-0.62317400929675
-0.50243415107562
-0.47946611239427
-0.493208834258384
-0.409392831827079
-0.543121108017712
-0.562752447149637
-0.379613172041688
-0.500051057344512
-0.378232790989463
-0.477125876663508
-0.595762394101496
-0.457201459924235
-0.399726732195536
-0.475434304174842
-0.460001571134709
-0.483455605225673
-0.596566967349517
-0.459219305419826
-0.452991542132692
-0.501943515360244
-0.479551095744962
-0.399008295686598
-0.525613434262279
-0.501051462262402
-0.329430868263192
-0.349178130857874
-0.381725362245268
-0.60950597078907
-0.245188798159553
-0.438474402494566
-0.302564358959133
-0.348356641717866
-0.484855113831334
-0.493568898432814
-0.47550374566324
-0.396198585502051
-0.473423519530809
-0.439873923615715
-0.53831795577277
-0.372094609922381
-0.328564773220797
-0.40412640596866
-0.37319525053965
-0.632833183186143
-0.38241439032668
-0.540960215079738
-0.296648456805656
-0.272183777286359
-0.559122639169894
-0.490887512565253
-0.47557032985035
-0.306574217825826
-0.28682013517192
-0.407327650898589
-0.50972199915487
-0.353931725792595
-0.423880311692264
-0.535995723263595
-0.172664259337557
-0.551272513407974
-0.331497774542773
-0.311085553647701
-0.478349068764827
-0.408092444236103
-0.294707764611167
-0.292121851066358
-0.496517556724259
-0.302609944047776
-0.348677734988893
-0.230902847103807
-0.200296258741233
-0.338389571490401
-0.429007356913463
-0.289475224498406
-0.502259495194487
-0.441305648668311
-0.35568787700031
-0.381424650297787
-0.330924512499158
-0.109802645871295
-0.390322124051448
-0.387189968439952
-0.280976091444005
-0.377789514007512
-0.286546640593402
-0.330088882500058
-0.417623246110945
-0.305954886380989
-0.246385016533294
-0.321979050721653
-0.333278392342497
-0.255589116373374
-0.317497588451592
-0.293273010310426
-0.293665257893559
-0.292172676360328
-0.275194353565559
-0.372532771120329
-0.314947968813759
-0.226836030980083
-0.23321361468965
-0.316995742990076
-0.263413387680827
-0.255795013436412
-0.258509976222771
-0.247071129330559
-0.297651296761844
-0.327812550710988
-0.298889965080185
-0.297498039079743
-0.256563140758968
-0.168131393179904
-0.305239103376611
-0.261364211828089
-0.207075339818963
-0.328364418457781
-0.206827535597456
-0.34749957837155
-0.320684811623757
-0.201190843790392
-0.241019991244833
-0.239166004247306
-0.219114617225368
-0.203743279373202
-0.157178693248945
-0.262523006204062
-0.419667113781079
-0.345542620804721
-0.353628120175197
-0.19986823170892
-0.178808584536135
-0.429506618487057
-0.239913211647154
-0.0725137983336026
-0.30774747653118
-0.289854980072249
-0.179761020272847
-0.388060466044384
-0.227882586242691
-0.170921252666073
-0.245060393955832
-0.156884175957746
-0.296496839212256
-0.158074562249748
-0.201178076935035
-0.273845748861449
-0.114126512947847
-0.180377764399926
-0.284234545612921
-0.183991036663666
-0.158840586588863
-0.212413010599979
-0.175461112111154
-0.213357608057965
-0.157696297523234
-0.228584782279468
-0.0896433055170697
-0.254887615099217
-0.32827114625796
0.00194728132511848
-0.146904882026462
-0.0960809431386504
-0.186866780597802
-0.130356841850723
-0.197112906594704
-0.207590909740587
-0.139265420502292
-0.159739672510091
-0.115924831516449
-0.238607529671589
-0.143684685016762
-0.22367356649638
-0.138688655094267
-0.126729503685485
-0.161822960140622
-0.385318619118003
-0.188722289733299
-0.109325209412466
-0.102130119491861
0.00515817337088364
-0.2830587654561
-0.13561732718166
-0.132986877343453
-0.264908300451922
-0.168251016047667
-0.216503058370238
-0.217243290087654
-0.192687749221167
-0.162544132910489
-0.236097112742393
-0.15079019916514
-0.141615815062994
-0.15254845743753
-0.117965723473494
-0.0898674508755622
-0.164283391512447
-0.204692277462767
-0.204091431380161
-0.0355126052430628
-0.0446689968431256
-0.0819806017964629
-0.148913575989687
0.0192871627108244
-0.134206858589979
0.0800398857044979
0.0228038018444579
-0.00778273666110669
-0.160654170763374
-0.104190237989947
-0.155559826390386
-0.130689903475423
-0.036536505633416
-0.26127117621243
-0.112387771227163
-0.0167663752883799
-0.147485988730605
-0.0796243220297059
-0.064650705817617
-0.292785941206032
0.0218946218844811
-0.00431793235588779
-0.083016990193262
-0.0469315748754708
-0.122070491318976
-0.136147081054776
-0.0712826060707076
-0.101362061528216
-0.0313448405693171
0.0973479684820283
-0.00170142890571149
0.185577566461077
-0.0925191188802091
-0.00991244802257018
-0.0617095344415822
0.0377970390275493
-0.101107083643931
-0.000579348546899785
0.0775140752901754
-0.0304559464865316
-0.0347054413929793
0.0166996593758203
-0.0330154737793755
0.114301847278538
0.0445597027689424
0.132873868456566
0.0931778546104711
-0.0650583640458662
0.109868571220263
-0.126838117771692
-0.0649806443227491
0.00208278348701136
-0.0491196433607545
0.00154799892517483
0.0107565204600385
0.14713559963868
-0.0257766317120136
0.169066671353787
-5.01192124650767e-05
-0.0637783318968045
0.039879024170517
0.0771627336386612
0.00597645216653222
-0.0125604046474409
0.0581870812801569
0.0702176487108044
-0.0682311586582561
0.236401906822344
0.196047610109788
0.208316785577664
-0.0952805764654476
0.126332475577339
-0.145609353412713
-0.136484594792491
0.0318355269859442
0.0402102935709728
0.0709806077653663
-0.0202719159556711
0.0216146724744309
0.0423909031492368
0.163954998242422
0.0747412474212353
-0.00524741734852383
-0.0704749686894742
0.212914490454402
0.119332832794684
-0.0214781786401577
0.105831175285846
-0.0329702150743267
0.0328164238238924
0.16230908198322
0.00377453927716119
0.194581029638007
-0.0127844402079588
0.111651138638743
0.0438884373006625
0.122036419550358
0.0191011901255661
0.147506991914904
0.0530801311736997
0.105988224447119
0.100254188629607
0.141962642002141
0.122879145756473
0.210676084889544
0.1383799980985
0.248952810647195
-0.0268633552758669
0.130625512399785
0.0961954257804956
0.0935369548961008
0.221698743702946
0.0490632072809219
0.126459293074143
0.206017562583204
0.0680281980555837
0.0905498778816225
0.0696648906277181
0.104402697808473
0.0963281708382346
0.240413569642176
0.1197395635623
0.194466080055863
0.210935829660843
0.340423195912623
0.224037902101151
0.155859591236917
0.275387787394246
0.181008363057786
0.173425353806062
0.144314828998847
0.105389359164846
0.130222217037171
0.163398893188983
0.228836873313597
0.191521102855796
0.306080270037218
0.0799092241734882
0.228079006950637
0.21363623320621
0.0602888206937678
0.215115738768363
0.232880862754736
0.14601014436723
0.133841937673889
0.207693166979575
0.158640164799693
0.23126223304411
0.301879242518497
0.241314553643269
0.295852515963543
0.242213760107322
0.204316249693742
0.210358944749424
0.196262185980268
0.209706303571251
0.235457344775773
0.279235194564218
0.331476676996441
0.288000866850695
0.336810999150124
0.215459014711477
0.254190600699545
0.123988951530463
0.109789569766487
0.23040259911622
0.164135847729565
0.278675190457107
0.0782137251123209
0.315414531609332
0.309942486212875
0.340082380423284
0.312886110612433
0.164014125350129
0.274348789709559
0.251697620458427
0.321469183613745
0.191476759884991
0.274614858510405
0.258418323588503
0.290844025857282
0.246055479906257
0.268218985686448
0.208807768294508
0.206160923570829
0.310695679484802
0.436392668976239
0.347447715385505
0.292398878907869
0.216836419300516
0.397034176942351
0.151426703515246
0.36959854441705
0.281574800600837
0.168459526859136
0.278592828172462
0.251440989537328
0.302130970569784
0.262781117339862
0.413451434374209
0.301040164905278
0.32178181431252
0.268564997301035
0.242163706911026
0.344378885485422
0.446094574664998
0.330176750956627
0.298626002741878
0.349722444306613
0.265553091431808
0.44949204524201
0.310052164798235
0.131987677712262
0.333242235494908
0.352762876655209
0.271220493905167
0.273726347847
0.366862655388532
0.371769787220455
0.204903168888435
0.433706134158133
0.297181975865211
0.332531955514863
0.369652367137383
0.430470512133246
0.268145812365233
0.433133325453992
0.456373528894466
0.269477764183332
0.385990154021866
0.554203272094903
0.371133726356994
0.215388143935288
0.496908279327916
0.431553345452373
0.338692771451494
0.39944950869459
0.325591347484399
0.545246896453617
0.545623231686705
0.297150719094809
0.451934741324611
0.421159790493154
0.379186057866436
0.425274705858396
0.2183668954199
0.272254920880485
0.3972275383847
0.382675211905773
0.37298278335257
0.420462239096806
0.286161942091299
0.372557442678427
0.44815102766669
0.35149342338898
0.272300560943669
0.412051145133325
0.34762813692691
0.3200796419842
0.501929270318386
0.395390740508372
0.393868663706523
0.458694876114408
0.357932319799864
0.504861559569275
0.424789493015128
0.50659246300474
0.42040606158898
0.366506257683458
0.558856349089622
0.607301033938284
0.400117030373821
0.528103379378546
0.464379003134106
0.536387836291762
0.344954008072055
0.42269953383853
0.490682045680195
0.456734196611041
0.498085222368824
0.479085929479757
0.496287206306845
0.492743722475
0.381626917773646
0.513425761810602
0.466091292754111
0.358272518107466
0.392435478390215
0.407248669405467
0.57188723318663
0.423167129570786
0.547548416172486
0.415830304280286
0.47766710749251
0.535353600484379
0.402004189302038
0.478271845814618
0.530625694939036
0.403626364005322
0.49496626122402
0.468259035456987
0.549441391219903
0.281352765955793
0.615623687171414
0.40148514005204
0.41381064823674
0.564995276897707
0.599027528947327
0.358730314086615
0.442410870711891
0.503612605592319
0.549448544118898
0.529411789712316
0.603777680216789
0.534663967016308
0.506959994110485
0.647746940242078
0.479467571768044
0.528722919969197
0.543892751578185
0.580963550559651
0.496246476970626
0.435429056985639
0.475062267953331
0.582336256157746
0.688116789425372
0.487588201833298
0.523087237951037
0.595747964066035
0.555893130975492
0.554828086750052
0.481495497033321
0.550808451681781
0.631973081413954
0.622599180845476
0.559409620776137
0.592634004409675
0.464865353881813
0.623231426102114
0.534348975293817
0.593133550388109
0.57768860412853
0.647995619797141
0.560283803834662
0.470499906478331
0.612708530208746
0.615384938814179
0.451755553842954
0.555861165810025
0.665994051441704
0.615146686028487
0.774376866618218
0.705371255132997
0.608937525508608
0.594315813375672
0.552613754786929
0.620377440264168
0.564159089113628
0.774767581575504
0.509092459515317
0.570241262116113
0.670050427471651
0.424827630008848
0.678687574150466
0.66959056166414
0.623790995656862
0.568684965948092
0.699691367223897
0.506249901966491
0.521142325944727
0.724057684771941
0.690857078951887
0.531194066484007
0.689821028018264
0.603449149943925
0.661048602635223
0.666609944208386
0.616649181326435
0.678504145152194
0.636500096532883
0.640617935743115
0.690501574875159
0.716425000576109
0.781740547868407
0.391472672696325
0.834980682495763
0.824458435408092
0.81424779835757
0.750637124371872
0.701879897331224
0.621388096754302
0.554451885733296
0.693250271397877
0.692027939671654
0.643099291948846
0.647306140559077
0.738173053146521
0.772534732837901
0.641310013286229
0.848764605670247
0.766585809003301
0.755491783288829
0.48726690820004
0.800468307286347
0.610728147265971
0.711064059263626
0.833027392006564
0.747993194251058
0.812398652905367
0.569334847342324
0.571212850023204
0.682611679067984
0.655763508364876
0.810620739348561
0.632048335777477
0.752293990138184
0.693106389514054
0.757015394340831
0.677295651548777
0.802272004788455
0.654369867425538
0.794448132044392
0.77726006974546
0.713535828247168
0.741594618483742
0.900297496240507
0.659521565559982
0.756361464440422
0.594631871388497
0.781011726602807
0.628053102848361
0.693837472268579
0.726452710089929
0.882848835137433
0.662012103404639
0.781318615767151
0.853799359420754
0.789244166987756
0.774906318096513
0.699105230905428
0.679974768373174
0.753231589811374
1.0124565624335
0.871140090548696
0.661133233652411
0.848025860647958
0.754653414691976
0.792962090138286
0.769928520689576
0.569532871812896
0.787500703027818
0.807787496732005
0.908702903236018
0.686641413231575
0.760570068954905
0.900936144047234
0.893001611461221
0.871946807464379
0.859181799517009
0.843318303615926
0.749749638060532
0.833033653419338
0.819115934133752
0.868898038619015
0.826240431321762
0.908002425740951
0.736931581872561
0.81769377590264
0.798018664605392
0.829263839009941
0.924604375062533
0.794059335147203
0.874472918977043
0.834990746174617
0.82998741779438
0.76184559980742
0.817919848489476
0.810779196513539
0.805996092329375
0.782220122216383
0.815986513115082
0.78153812578811
0.965733870440481
0.921213376389012
0.886558205838867
0.68462021970189
0.825732130667269
0.820140247357305
0.765167514533909
0.892494272576636
0.922875178738241
0.876185953575281
0.879795302193004
0.901850356773035
0.856334543448725
0.914859743204392
0.794748118712542
0.963717576317599
1.04282375149743
0.888709702114508
0.787625972706699
0.821587073068829
0.995022256726
0.898704724826884
1.06434963070971
0.992475129331662
0.896388652631917
0.967485704847644
0.9545014503343
0.989466924020212
0.892802856795548
1.14185361703391
0.964071961846694
0.922292925715348
0.830759347188017
1.12693166133297
1.06207596743437
0.884212225020582
0.999967483800041
0.884942949705248
0.880721948066387
0.926468445108566
0.950340815540275
1.09387322139157
0.861107863426275
0.869216309710783
0.990064147824461
0.943671594036307
0.843877723872545
1.02093934217678
0.866550770138636
0.912457714193245
1.05554471596294
1.03992379376104
0.886625234207633
0.950072089756189
0.910214077997841
1.07794099543059
0.969210592628019
0.920359220873442
0.989425994561363
1.01809512021014
0.893224043745706
1.14246373624194
0.994418668310736
1.03183565940532
0.959634293081585
0.958579286389487
0.92511830416915
1.02994544528065
1.0339357390108
0.999230750522694
