-0.00344818696362264
-0.907933083332968
-1.05271228302778
-0.980313602757269
-1.02128035544838
-0.962675598153719
-1.0039345072226
-0.951874071341929
-1.06229648594407
-0.907348960054952
-1.00336484598414
-1.1459365382124
-0.800992565267431
-1.18295497314585
-0.811447548694055
-1.0349431531334
-1.02201270846551
-0.988525205062324
-1.02622409437261
-0.934964080587072
-0.864540241178015
-1.04623139256861
-1.02378742318851
-0.985176733443834
-0.817878447607996
-1.0798847146125
-0.945306755509364
-0.895711186907621
-0.919883509912198
-0.998098725870423
-0.895065151455283
-0.876770923868146
-1.04650767611955
-1.07747926398658
-1.07844112073773
-0.857361270156313
-0.981021748333122
-0.993431228567602
-0.873756271677722
-1.04504050053874
-0.845523687936995
-0.9428785814918
-0.86912562210545
-0.848011234986414
-1.03045210464808
-1.01381434605325
-0.905252975044095
-0.922652809448213
-0.861825954884943
-0.83950940193922
-0.966700931964691
-0.881427486503369
-0.861918891305195
-0.892602416558048
-0.844091681990373
-0.900833193999725
-0.910615424739363
-0.938381833992973
-0.73633377686044
-1.01447909450118
-0.866045518363649
-0.827524450432396
-0.739343704420599
-1.08871532500562
-0.983486139273183
-0.853359468767004
-0.928566917021894
-0.809998709576373
-0.95080257083326
-0.839156947521541
-0.857015655218733
-0.914477805236858
-0.817312115471515
-0.850424619200894
-0.876768045363033
-0.912162119645349
-0.877946426965828
-0.861824589789106
-0.918518840684173
-0.8936852777697
-0.901768992445564
-0.890553846609942
-0.998238208517086
-0.768743749087051
-0.939320425121571
-1.01198704995851
-0.823345350265536
-0.847650254108882
-0.781193138501995
-0.884525072797525
-1.02675338274908
-0.757890296686603
-0.815314081102933
-0.944073084837252
-0.83091264333222
-0.822042794217121
-0.827482478886229
-0.85663843120787
-0.84288795144605
-0.917647303424937
-0.80601333041409
-0.766098297854492
-0.806368595036341
-0.620528357414518
-0.813002311816245
-0.884109898640801
-0.810035455209636
-0.611676709282249
-0.716093758416067
-0.772728150062732
-0.742938730049641
-0.790112747558374
-0.963168148086942
-0.79654233115834
-0.667878600620175
-0.715960232507595
-0.71193214280279
-0.722664692201528
-0.663584541653287
-0.928269916690297
-0.69939046797147
-0.799907796626089
-0.872414883466533
-0.866146613788035
-0.620154856503724
-0.803247935416928
-0.746469134842406
-0.843646321341376
-0.742290899782815
-0.601735419642944
-0.814260855326239
-0.574956096852649
-0.793138467185148
-0.819315984516719
-0.74156195889116
-0.684956907852167
-0.787475699915618
-0.771251358292526
-0.770032241403005
-0.693138446542413
-0.668405306036841
-0.901790459296305
-0.638567670180025
-0.728770957549696
-0.672972541998812
-0.56975987184045
-0.710538551908154
-0.659358993748735
-0.605761536031955
-0.740348018808705
-0.666708928373338
-0.642102700331281
-0.855070949416501
-0.653922273786618
-0.728309489699281
-0.740419282517174
-0.751850131770323
-0.777135081449568
-0.553619259778402
-0.767809706139925
-0.61567825534324
-0.750483307618132
-0.649323809785914
-0.745996963693609
-0.823274731095064
-0.724740569970662
-0.696839628386519
-0.73272176746764
-0.745744568026199
-0.713881930961064
-0.482604649133247
-0.603979201020492
-0.736718659052846
-0.72736489488075
-0.497675273569608
-0.616024596109397
-0.77266245215891
-0.672921877200692
-0.738634521856949
-0.692107388640434
-0.531382087635157
-0.541479786971704
-0.598490817080803
-0.635961702835277
-0.665418653274245
-0.779596619885467
-0.582280493725681
-0.694273673627689
-0.555902704346048
-0.735341832423775
-0.669497792953709
-0.606596656820257
-0.56572934049303
-0.625525090586893
-0.775448736190915
-0.437065457250873
-0.542602531510097
-0.498717088205088
-0.6563027742004
-0.650122880645577
-0.478977526266938
-0.667589478965443
-0.574628258218657
-0.754197460085067
-0.554523802103692
-0.634193213878108
-0.644764814971697
-0.604402457928098
-0.625415711761522
-0.579853602469876
-0.594449263448622
-0.452538967502681
-0.444460278066911
-0.619210268880296
-0.83807073987172
-0.533455176794331
-0.674426365695104
-0.556569986650875
-0.593869762147768
-0.525924095411445
-0.493819934871518
-0.602436818295773
-0.463609104532459
-0.584886980546133
-0.549444903838976
-0.54301055663055
-0.600160785003107
-0.63012416772854
-0.419584771905
-0.530024579430395
-0.538239434590066
-0.585430504783054
-0.448259418119652
-0.524582547377262
-0.489315516415549
-0.584202957454079
-0.568837885851728
-0.557824148090853
-0.448114517143023
-0.721440394770423
-0.605662513458887
-0.584471372044743
-0.530327833770361
-0.325415847780677
-0.722175258121181
-0.619786127790876
-0.285936400419871
-0.453967550259314
-0.472873594700551
-0.515414875554809
-0.487204815810529
-0.518145848180603
-0.561458283204167
-0.490957542207983
-0.5274897922695
-0.452795677662147
-0.468113163199581
-0.402824648790619
-0.499292421433155
-0.443752710514036
-0.475828274090904
-0.50495108740687
-0.437164468252525
-0.450775839181874
-0.412350894736614
-0.454240882227937
-0.442535943191105
-0.344215963731156
-0.506858658322278
-0.362150014616324
-0.450874815635739
-0.526193340179407
-0.492998644668328
-0.51618255173756
-0.474773529127132
-0.454917342500566
-0.43530496729838
-0.422609048049927
-0.395337263344127
-0.378856486462902
-0.55863178803265
-0.523268890232199
-0.452284284969935
-0.240384525740684
-0.535008815100841
-0.434807602230523
-0.281927524910758
-0.447892537372732
-0.435554091060995
-0.506882507199756
-0.565844446640097
-0.552815260320022
-0.456247647059885
-0.404101092534654
-0.291016598327404
-0.378883713542545
-0.436532801508999
-0.436279054831718
-0.195302918815849
-0.398467818302825
-0.404923559252105
-0.468725866045527
-0.424732300112576
-0.378770159312779
-0.513650702819955
-0.483222722601912
-0.293667079461888
-0.43692204021073
-0.402871438164708
-0.362756213557034
-0.450014962689541
-0.367942881591566
-0.380247049853089
-0.391647152662829
-0.289939057175116
-0.217185227624767
-0.493135695699202
-0.487433645336803
-0.24524253003136
-0.370483187294084
-0.222998775764492
-0.447780227014846
-0.430244874946635
-0.360698716031935
-0.233047652719165
-0.216193095429132
-0.492790713292021
-0.4362926390973
-0.439877455645331
-0.398127920666094
-0.23217917871783
-0.455464880521861
-0.206212124081085
-0.263142714096884
-0.35049889556438
-0.283209701302726
-0.295466579648955
-0.439763020314671
-0.316659798159586
-0.272409051811925
-0.409300887917744
-0.325177374381245
-0.394705706692654
-0.355462584576719
-0.294962734689678
-0.231961499716977
-0.181100250380979
-0.296607755194934
-0.271436121389342
-0.258437383784781
-0.408178346683746
-0.400370812263137
-0.497921403285037
-0.280802629940898
-0.24651349586073
-0.284909437302331
-0.215962184958382
-0.31332067635074
-0.22003890422005
-0.315274831937961
-0.187565255486914
-0.0833617473990377
-0.402900587576981
-0.260194682691381
-0.269311275212236
-0.256052956501946
-0.329048962059699
-0.261382250472931
-0.22795745362728
-0.259424653161502
-0.235729701465791
-0.231842034011493
-0.362185743710629
-0.270623108731171
-0.343156811555879
-0.203225082819275
-0.231757415819139
-0.0990621294126738
-0.299480502959106
-0.192444187948598
-0.490765589870777
-0.345773116944991
-0.220481372132065
-0.200282907019517
-0.175516611260763
-0.311397208604267
-0.29087536831262
-0.33449897451193
-0.335028430726792
-0.150171736995606
-0.29446573213117
-0.19101928878432
-0.091172576326233
-0.378289460762674
-0.0981336292236003
-0.345748438654852
-0.0847887006425719
-0.175646461945829
-0.202493204775545
-0.144127383933658
-0.172058299498828
-0.256078903289819
-0.186082484615083
-0.271611066013726
-0.19027617124072
-0.113071726616594
-0.167616820513968
-0.209803353117786
-0.117817539567119
-0.152890378649545
-0.161197616129648
-0.322910814424403
-0.141521903794594
-0.226958991505889
-0.148871134576516
-0.152299201454716
-0.304677954403726
-0.183412904487452
-0.275101209805014
-0.150213828171167
-0.188625178011828
-0.235346114810982
-0.230408806390773
-0.0467163806397245
-0.0992931627628925
-0.264143583819629
-0.225817216331154
-0.134545497966963
0.102212334332318
-0.16762214161038
-0.249270589231562
-0.154920150942038
-0.254429100197578
-0.190054352205556
-0.0774107885790341
-0.191172223372098
-0.131070026752884
-0.162025349851344
-0.118509400376258
-0.0789571977071742
-0.233507311298983
-0.13549953229937
-0.145936099265099
-0.106365160580704
-0.198885158693276
-0.221305965353077
-0.272654242033185
-0.167875003637853
0.0124391074807681
-0.232129079103384
-0.206378502259305
-0.145135590055497
-0.235736997190249
0.022363100249856
-0.116645671043913
-0.092992904381679
0.0631106681432972
-0.129176122178269
0.0574982360662349
-0.081215407672215
-0.0540463893922762
-0.0919071516079435
-0.221896012973456
-0.112831850349608
-0.159949873225133
-0.112698393417708
-0.0872849885875063
-0.251548217384657
0.0127692135293341
-0.0723446364826788
0.0544477226144991
-0.101979204258067
-0.257470128110151
0.00832544571552288
-0.162483354411432
-0.022323413681026
-0.185769481699349
-0.0325068212906208
-0.0138658091141382
-0.0327370039254134
0.0194918463625868
-0.0491379769394846
-0.0342639034951182
0.0511415234569608
-0.10731263177619
-0.00911462487537255
-0.0405317004992537
0.0756114178265495
-0.112781702204716
-0.111457761947062
-0.299699372092709
0.0356876526478451
-0.0645832326280065
-0.0137158419480908
-0.0322029435733963
0.0104495975632835
-0.0597899405667086
0.0349127026685023
0.0478018862105803
-0.0271235824797375
0.0926785520270279
-0.0228295278916622
0.0491201164299535
-0.0551425139298754
0.0326690659480532
0.0797950794186453
-0.108247577456517
0.126457191927235
0.0718377178902901
0.0709671658038965
-0.0167925569852187
0.137520713897167
0.00612317477251652
-0.00712331747866498
-0.0677433992149611
0.0777515906576764
0.0244479143854908
-0.0908664289284866
-0.023843242730862
0.120987354833623
0.0375625903777364
-0.0856637622175931
0.0636483337068082
0.0759042077115735
-0.129089918498435
0.0605388216616567
0.0651836227753008
0.0343708435645163
-0.0438334044090146
0.0380152733930636
0.0649434510410731
0.0589869879250484
0.066057417870563
0.0603950663533131
0.148159803446898
0.0360130637497066
0.091288012609354
0.0853870822643303
-0.0131312338683857
0.0592767633221116
0.0764218321448796
0.0835641992026693
0.0123438348209607
0.102101069193662
-0.127515713091368
0.0551338157792935
0.103330444875511
0.0423554371937858
0.044071242905192
0.0357395716648852
0.139926881073955
-0.0135163411282685
0.0895853995067311
0.015353622388878
0.0183790998652082
0.00481850958949827
0.110461365447166
0.242836206096698
0.0774879530467221
0.142011374530023
0.090461109789434
0.260306950893814
0.269653501425797
0.143766597685054
0.188699915203345
0.0753432859685852
0.16742994256431
0.17217418721708
0.168017371507022
0.0389677292418659
0.167196069613879
0.302347073994606
0.173421884473172
0.165258283329079
0.150913942898956
0.0863667907829915
0.201373547082906
0.176797635137905
0.00281634026402876
0.0364811362654629
0.00737430715428736
0.235081632846726
0.236721584162224
0.179092922595499
0.195388132207407
0.445395392177454
0.13220296157049
0.0193200213867089
0.210731544834123
0.269341291588193
0.235705264918208
0.181597323135203
0.247217255679694
0.344273619768706
0.259539061098794
0.161990945641128
0.167280149938774
0.15805447876157
0.134050120555869
0.168991714754655
0.126319556112197
0.231508226049945
0.28389428667385
0.17155084082201
0.29069333607697
0.231296333328965
0.0858884702848529
0.262295376937034
0.231568580039871
0.251683171239809
0.199509828228974
0.107395002178163
0.224190669170609
0.275784286325547
0.179373369189384
0.222336032589118
0.200191193042729
0.249330542644133
0.0550858934478622
0.341822810762631
0.195232188045705
0.29153247482191
0.145686163828024
0.351535330606462
0.28944288753245
0.33389991018997
0.201020556694751
0.30238770810507
0.274552256031909
0.251738019450589
0.236420733545371
0.312160564619219
0.296881830048246
0.366300655345385
0.259930307632221
0.32296288710184
0.290982875350995
0.286579164897054
0.285080777366216
0.130762267637895
0.224306330648649
0.279289883588361
0.351165230358027
0.176317711752911
0.221949986494648
0.350438413537641
0.242217736492088
0.290589739477779
0.266220791981247
0.28060439791378
0.259677019893567
0.343288562150704
0.337153990014237
0.320855866949985
0.232669838286747
0.389649226105377
0.302145371847134
0.349867562073601
0.26333397044811
0.350133787603569
0.284840376600785
0.40016501438563
0.272292177676382
0.219175780938702
0.422354655037125
0.0643043812053666
0.211047135160812
0.401338265579481
0.319250521643131
0.384615660148714
0.508778134650201
0.311124202113124
0.212731981155847
0.282187197179255
0.395379695242378
0.483220293580107
0.429144749640518
0.220038495325151
0.282015378588763
0.344313431509525
0.415458709537722
0.500746266094853
0.272681983157048
0.349432054555515
0.39738681009703
0.463811171748668
0.384521879525701
0.347682378220344
0.35159970195218
0.389173880867862
0.297916224826759
0.335409069151548
0.254344200367441
0.420586869892912
0.270873130179027
0.494396860271447
0.32785118214559
0.458702469396909
0.547155055176268
0.390558313427758
0.429111962576731
0.300242115855774
0.459814855235467
0.539197432699284
0.49700158748183
0.395286986229281
0.452072736347544
0.438243682920629
0.388822939174287
0.3698150820506
0.48287933353985
0.35675858805189
0.435178591707145
0.360522475666596
0.438521210283109
0.469187412583788
0.316856481995089
0.456795528109926
0.510026122982931
0.283733990316158
0.489192410701158
0.375568054881259
0.454259983148759
0.453859079924216
0.435314942993482
0.429620193479879
0.401829823048412
0.347973794868215
0.424743743112654
0.557296288756931
0.281962012957066
0.597738427781662
0.422106833221213
0.393920415806979
0.426723267205951
0.470843894551714
0.452982350178649
0.54495058153182
0.43286379500157
0.424498041944696
0.593328562360531
0.437874060267766
0.532926549514679
0.500165639805395
0.330238799457837
0.507063997594525
0.397962649090356
0.476514168176084
0.394438856562306
0.463797309631254
0.506646030443178
0.477981896430225
0.501564356566328
0.48572013699075
0.5035841077876
0.446710790260194
0.44620756306626
0.446956684708353
0.608650727138221
0.531570026786999
0.60475108674969
0.411731949975113
0.575316036079243
0.70635048240649
0.660290322711233
0.485741903901964
0.434944444275785
0.405329177587027
0.537550044259142
0.499900668884401
0.514894938552839
0.416331680553028
0.574152772125331
0.5957039119589
0.577932014898694
0.547634645053545
0.442417048556315
0.484357474356192
0.615075050969329
0.267406975188014
0.565184146366053
0.648478588695963
0.538050554785598
0.607169018033723
0.657789396883325
0.769320881366192
0.620452124247947
0.726923936646441
0.561900205545142
0.46615151890317
0.704888572122069
0.746604168187749
0.670644101968794
0.679224833731201
0.597015862555029
0.565509572851179
0.702849029372052
0.585516146895183
0.6549545282787
0.682344620881359
0.576380899912378
0.609893231549524
0.573618725890634
0.47079351001115
0.71519011934161
0.568857656123128
0.60003826029066
0.576678321559144
0.55635000021929
0.64226907079254
0.673552649673569
0.616853339405274
0.629895797771794
0.641502562012115
0.39512385808066
0.597718419184067
0.680381462381224
0.645907771504802
0.717537468590692
0.588080676312631
0.689290413446056
0.768391226588795
0.506058269814856
0.59443049966837
0.71079465859496
0.691394947577094
0.566880229527616
0.615258428084685
0.666302438766215
0.47578262283393
0.666922169992102
0.724783148782226
0.664224713322898
0.532154070669038
0.609526671065778
0.668274171929332
0.664877520688042
0.713281423390797
0.636748290481179
0.542560550691872
0.708438528261671
0.668349383510066
0.717740725667598
0.721555141570958
0.715958424559735
0.703393866447356
0.859421824606735
0.610905084931178
0.790608894637347
0.629225763786148
0.699512806655709
0.64106454397819
0.651224794505854
0.657520687322809
0.750886664859173
0.714688704063024
0.691247980339034
0.675503128965427
0.640919188522285
0.865415571620626
0.675520661623221
0.679753066190844
0.816520265260149
0.806577718092223
0.778292114674259
0.718753186547142
0.88383474042433
0.765494745359268
0.907542061375525
0.653106863259057
0.533811564384507
0.71638165376168
0.653929357939027
0.661567106700707
0.838462894277126
0.698438562213213
0.80084998780546
0.765012815045359
0.678036022750029
0.893085386361671
0.835111241302295
0.726993965015449
0.877525519227348
0.72680761595353
0.847960342313139
0.902634429346236
0.6873073132337
0.798035887031369
0.772971972224783
0.766735867228239
0.832769401601359
0.782434677679686
0.766381709746589
0.779926829986719
0.840420082089463
0.82112539045582
0.684076154952625
0.802859732979666
0.837183685480319
0.675928983903133
0.762362484761161
0.670770768070294
0.782207102594866
0.806500008631674
0.701545376564881
0.789719382027706
0.97488552594716
0.86258455529253
0.892240584580399
0.695969694778566
0.775942369382405
0.967855937874538
0.834035295293512
0.912841844887846
0.885831867227563
0.8714822862664
0.829545508190939
0.826904268956955
1.00708887389545
0.831803445117723
0.934459485820665
0.822033896905641
0.881392053818404
0.958733270324154
0.893644992968694
0.766846241917167
0.852518913449108
0.829802916615274
0.859065209430191
0.912574181607615
0.974768862381772
0.721159457519923
1.00006365561956
0.700501356157469
0.871149260620482
0.932792969130583
0.989509067117655
0.838274485043777
1.06821973221093
1.03692288827173
0.866254010787286
0.813120914183048
0.812879796302352
0.870654465804556
0.829673315976853
0.875896530252819
0.884783967761431
0.902956352374592
0.793250116171635
0.996640921770537
0.885023383708706
0.931439441938385
0.919164978648774
0.81728825589188
0.966815172527715
0.823830483473942
0.928209730481245
0.798371707749932
0.998076349888442
0.849790482080127
0.894671867032163
0.920557744813335
0.916456941118761
0.914448267209361
0.990631426835859
0.828771238927745
0.853986083231419
1.02216904679902
0.903875626956967
0.982906332460924
0.94981305278244
0.917530046776532
1.01612823296783
0.995660190662655
0.891827760786568
0.696005828550638
0.885804237756491
1.03189085169154
0.90526231129454
0.975076486898105
0.941724641458283
0.989167666454015
0.881228817779009
1.01622495041385
1.02613711626109
0.930207821616517
1.04981663514781
0.859829894463042
0.963708989614691
0.991144946408219
1.04102689869337
0.908378795145877
1.14114004773205
1.0184316478739
1.04235029837994
0.853179785261659
1.17756032209291
0.929146514028454
1.01729155140422
0.789245512672278
0.972017350784424
