-0.103645887928779
-0.996490351811072
-1.04146944358432
-0.930758027001189
-0.923648858340959
-1.0035461058952
-0.963419707501666
-0.910541799848026
-1.00655860575769
-0.996724586147141
-0.939933994583354
-1.0552982025658
-0.997085362977632
-0.9539170485109
-0.952289326575952
-0.817692046025526
-0.924299806554609
-0.817918520230408
-0.976295555127911
-0.93629466235742
-0.971133054944093
-0.974751284837118
-1.05090120782928
-0.859300255061985
-0.997724747966349
-1.07106478136788
-0.948969737616408
-1.11653870433656
-0.851159544393931
-0.958476920171306
-0.790505466460011
-0.837957581224675
-0.970273553014055
-0.927876952772072
-0.901723940714143
-0.984325680334535
-0.8546450717412
-0.905769070252227
-0.930807263613583
-0.969958783158446
-1.02826236858311
-0.965785414886382
-0.940231191599619
-0.808283328533956
-1.00112806700451
-0.971100246527179
-1.06896431311736
-0.908685884276206
-0.964747040060189
-1.00430015335519
-0.777522448075973
-0.894455535230237
-0.91911021967455
-1.0020081778846
-0.975435833620648
-0.874956442113688
-0.876499276258312
-1.01910845730841
-0.936372044515838
-0.82696449639185
-0.865234771752985
-0.919669869210594
-0.9209824257898
-0.791349830192762
-1.01550477697145
-0.871583462733876
-0.911710276309474
-0.850208682386183
-0.824907347754679
-0.939204824671776
-0.900421048183709
-0.892609554706362
-0.878660960043607
-1.05736189625962
-0.875417589569453
-0.815618335690398
-0.714491996457945
-0.82327492137811
-0.864455490471234
-0.730195056416664
-0.895553025709358
-1.01028555486935
-0.782850933143626
-0.864742794913625
-0.643239028597236
-0.695998262415656
-0.858592100641904
-0.912547460429673
-0.922452606875522
-0.825988420499096
-0.776728141020331
-0.860600301425776
-0.820583845478291
-0.776664238918078
-0.703649907720015
-0.898368911384936
-0.85556520913814
-0.830044912070956
-1.02100841831473
-0.722932434469358
-0.556400688489469
-0.90862553382532
-0.704404917638691
-0.727599338460865
-0.774002497066481
-0.681916389789344
-0.675157952470982
-0.65093297803833
-0.910805215400729
-0.686470637973212
-0.710256960620804
-0.717930655236688
-0.821400724354197
-0.800560411022699
-0.763455715305848
-0.601448540462456
-0.905661561958952
-0.774379841478598
-0.768717474735429
-0.792283266519787
-0.756830197404456
-0.769421101346405
-0.872036678721748
-0.707901630768405
-0.72593740108887
-0.822892491974801
-0.510971149781092
-0.681794620111666
-0.697311275425731
-0.762982397249437
-0.859835204382487
-0.721691516417496
-0.59871404743519
-0.801505651990751
-0.777775882308032
-0.697237058022572
-0.89091318837049
-0.589171362669513
-0.597994465415229
-0.617178202619491
-0.680676910042324
-0.849546997501314
-0.733315712368322
-0.788084033313412
-0.731264052557158
-0.712788714111316
-0.691434447866389
-0.697606860254079
-0.609413277219068
-0.580014048678399
-0.695984231324109
-0.774371589856718
-0.715876101667512
-0.704115033859886
-0.733252594159413
-0.599871497589364
-0.691498207553263
-0.641114406615658
-0.617559350563927
-0.581499438922972
-0.667362900674618
-0.651628214305904
-0.594497606791836
-0.705080239256352
-0.653374837224028
-0.623283929571958
-0.578692146539454
-0.796861126359183
-0.868401674894783
-0.636864412231696
-0.593964085357487
-0.719290993376104
-0.679269126486603
-0.517940671678995
-0.763779950697705
-0.637782276417664
-0.663209297182614
-0.818334729714085
-0.618449243124048
-0.707719229869764
-0.551362664067125
-0.671958046695315
-0.760254896889301
-0.63508909071536
-0.614571803224599
-0.605113364264388
-0.669118572332294
-0.534880593955723
-0.733699771290193
-0.569143440641126
-0.539387922750164
-0.679697886579067
-0.635634736091904
-0.617436122227085
-0.610039290775023
-0.574704868242628
-0.661724940710745
-0.757089822606603
-0.632103630651862
-0.608286028353587
-0.705217324026555
-0.590998194067081
-0.584205682098826
-0.57847035260892
-0.667385477598893
-0.68895294160373
-0.652164905529003
-0.611258179022412
-0.620635690689212
-0.583841898219786
-0.596613400819857
-0.600096213467532
-0.50734813224929
-0.548275317469307
-0.491500501552049
-0.546861820690723
-0.521790600581563
-0.543007957399035
-0.559730594919108
-0.463216806792434
-0.614514217633877
-0.575927220004494
-0.583289701442081
-0.515633396991534
-0.491390140905966
-0.611766532883616
-0.549786024570751
-0.630485804048265
-0.577758235024162
-0.607157381762518
-0.48040729620885
-0.293585643016714
-0.550334923557129
-0.485429472740818
-0.547277121352326
-0.468750286707327
-0.518901480343078
-0.510488045222671
-0.455381050333445
-0.637352990361661
-0.572852741760869
-0.483558762274402
-0.545335174593096
-0.454003639850898
-0.42808399563413
-0.64075465163466
-0.253489794373326
-0.453098523179711
-0.581590377268798
-0.413270057385535
-0.384560208058684
-0.554371972226827
-0.325611392746213
-0.434469357432291
-0.524049294689
-0.495454554159853
-0.371533498662253
-0.462607744262758
-0.446393268330981
-0.524189791251569
-0.414412374683841
-0.505071411837487
-0.474968368265526
-0.444901402214363
-0.493581418332009
-0.38549065590875
-0.434861917510273
-0.540384675482572
-0.54228836580056
-0.298005729221126
-0.524707494873755
-0.515792075302896
-0.443961139143668
-0.479616626807146
-0.47803244198072
-0.436180291906698
-0.451751203724044
-0.508195254035769
-0.406983851936591
-0.46908637145971
-0.391792228869494
-0.425049911804962
-0.483406866674155
-0.441115359706712
-0.533962916562031
-0.554831938234728
-0.405912235813725
-0.379082042413086
-0.552788403785102
-0.476403133764511
-0.448883739771653
-0.556325976706331
-0.485403154809278
-0.321381850009964
-0.476564493697035
-0.330662115983761
-0.401837408223963
-0.461369382559391
-0.434877848775894
-0.527529359926043
-0.488267041976335
-0.3168656387317
-0.389340400445023
-0.401602017502567
-0.419546064297548
-0.386591116282216
-0.183105154494122
-0.482299356939563
-0.394764466772862
-0.47635420641558
-0.389539020990352
-0.374967421366128
-0.421860264432009
-0.430102047963067
-0.376510137868789
-0.249996977146008
-0.342792903731326
-0.371281290037126
-0.250354192979426
-0.363141579693496
-0.259906040163111
-0.398827334204743
-0.27960986064032
-0.429890894823478
-0.331427239938392
-0.275541574518118
-0.252222057764719
-0.416922774502361
-0.293515131117876
-0.280183876938546
-0.274204280971927
-0.493237631526314
-0.387831261709113
-0.311205012397681
-0.345286431579025
-0.337512061236548
-0.385419886677337
-0.325472974383405
-0.472484204589554
-0.4234699386203
-0.370092450893227
-0.404818095864043
-0.331915700576278
-0.229128124911494
-0.330448328944148
-0.258758637522847
-0.306110871838895
-0.141656357818958
-0.295226646383173
-0.30079588119547
-0.184272874947966
-0.354831036742795
-0.306115173347027
-0.152090677897489
-0.240090251537341
-0.353862857615351
-0.28534872528106
-0.314759726036708
-0.118920042171484
-0.173278469299164
-0.258798019700599
-0.162117665065705
-0.37746717976463
-0.295812508130484
-0.387250658976122
-0.29001439082931
-0.362336060323179
-0.0844771348316179
-0.409566223410987
-0.29437773312743
-0.320664041378046
-0.231702059040285
-0.288798057194603
-0.402999785324588
-0.221191815525981
-0.335813969654167
-0.267930870939438
-0.228803601633603
-0.303699063448727
-0.29341349278702
-0.0829038556332364
-0.245168212534459
-0.221737568533974
-0.327725958248953
-0.245525321192837
-0.406486242214678
-0.269838710412035
-0.284669876976156
-0.220021960291355
-0.220195470222361
-0.334576253365353
-0.263177046132918
-0.230978340815346
-0.30867801189218
-0.236359162074956
-0.105036745260164
-0.115687982486594
-0.0102290056625864
-0.082382522342179
-0.104099526427016
-0.0482826876080681
-0.174054366570994
-0.196849306555574
-0.267820290495469
-0.066609048922661
-0.267591023074305
-0.172458757130612
-0.120047652817735
-0.135222608818862
-0.216804199554213
-0.182021970557937
-0.173421047534181
-0.0830092093367531
-0.129951122347925
-0.342707091753215
-0.0917882332767739
-0.284074112994915
-0.0982078846264859
-0.124350877097375
-0.308558090800687
-0.276437187451362
-0.127068124157477
-0.0616743049227701
-0.200922669423347
-0.103427914763652
-0.220508755852259
-0.11609291652587
-0.0457849761068364
-0.191752909078442
-0.0731343264601908
-0.116172048393566
-0.0576382188991453
-0.20437108725552
-0.207169036189994
-0.12371462134789
-0.0686935129395765
-0.109494460526894
-0.0699982822031663
-0.148706560342457
-0.335309908861741
-0.158726480297093
-0.16401429621301
-0.106920441559351
-0.083239131470432
0.00729289389099149
0.0499171026995645
0.0453477009431853
0.00642785210124919
-0.0856043990040318
-0.134206993356631
-0.125655433254124
-0.182711104211225
-0.155489594288553
-0.0566191976233714
-0.215453415078257
-0.252999642091755
-0.164917557550261
-0.163007965865196
-0.17955564786759
0.0756507413146449
-0.105078245671502
-0.0644509613875222
-0.222459057987137
-0.00216183310206168
-0.0938672985315239
-0.18080463825385
-0.0775493556626095
-0.110310709846554
0.0632135275169281
0.0369789935589519
-0.0500639880585805
-0.0734089450459873
-0.0862220365796871
-0.234316464374066
-0.0866398581655083
-0.108832876151566
-0.164762583640229
-0.0307901498683028
-0.0591102684776254
-0.0698850800266584
-0.0618100664792348
-0.0316010186554194
-0.0319881063296838
0.074879615185627
-0.0889976093309496
-0.0268935819815107
-0.0264866089345919
-0.00509157412183146
-0.0965113719078034
0.171052391785685
-0.0540188334370873
0.0549641563913294
-0.0417767589491382
0.00311935781695922
0.0249310299494487
0.204527392566039
-0.0831226117005787
0.0717943479122799
-0.120633143203168
-0.0630449423098365
-0.0883177972602993
-0.00334963844614116
-0.123590855783857
-0.0273215286703576
-0.0304588465592176
0.0496715994282014
-0.0738505684597205
0.136653487829251
0.0888214701905934
0.00873863675464723
0.051590406104849
-0.126694417500865
0.0571111297519255
0.061007875731747
0.136291805287154
0.0803681551733697
0.0735850073882123
0.0211155556638981
0.088514780268739
0.061371338966851
0.0614967966465288
0.00165905838493786
0.134577947613309
-0.00738585710191372
-0.0528910545714594
-0.0584708272146681
-0.18920759940215
0.100308534195554
0.0515378687342459
0.0450677649503232
0.060767246602676
0.0649295452898636
0.115809849362864
0.223322742900644
0.00748517743454933
0.00264280529614142
0.148210865458968
0.0311671630539835
0.0385329319452936
0.110865725761581
-0.0331938216785096
0.0810685439060592
0.104112560345803
0.222620008646774
0.0377828815254904
0.125722535344759
0.0478213198909432
0.0242996016023634
0.136094760436918
0.0103465898471725
-0.0718078208593222
0.132719809812749
0.16699302101085
0.0773457766462351
0.20709885519826
0.102502791360534
-0.00380381875580567
0.100418954839666
0.123246110410223
0.256722983295995
0.165324346663649
0.185550622567972
0.0926876530728799
0.0821173342223757
0.219890334803138
0.186431453296043
0.156736844087083
0.235369554554057
0.15775567879863
-0.0195483178467289
0.211118407980218
0.00898292577621375
0.201615416650299
0.101662872289926
0.195853080586676
0.189632134189277
0.17310990123518
-0.00961558586797209
0.0804824006407837
0.29231090853811
0.118691775143853
0.0806696266919307
0.174148136657947
0.144072990854674
0.336888041914008
0.145137880682436
0.0317681308024199
0.24867568889736
0.236395246613102
-0.0178123031296623
0.190095068458921
0.215114786557534
0.243975791913631
0.231610517385374
0.267656466997782
0.199827372526661
0.161143334603466
0.232029789076921
0.221266088651662
0.116062556624098
0.1163891370522
0.235198915695156
0.18204062805001
0.166780982824205
0.250703661754369
0.260885873439719
0.456146215010355
0.219011006685316
0.124176862770068
0.278092195234903
0.292720975753056
0.151586670792786
0.196158361711182
0.301445821205786
0.268094869876776
0.198236972254561
0.107530963527185
0.224053029146806
0.307961444609087
0.276713765109706
0.248375957938293
0.259419878024968
0.278322386837872
0.305335158506579
0.117551611592648
0.318634524148056
0.329569333198261
0.342454857794294
0.28982089933208
0.340093669139572
0.120024241337673
0.0880289905707116
0.28501044129088
0.25161355678864
0.26848363104115
0.229952568045477
0.379058114555012
0.346960745561812
0.251161704402018
0.375277949861485
0.119076309364176
0.265144352870391
0.122025011246392
0.263151795213415
0.151592824160077
0.421208217131513
0.252090490660978
0.234977426749006
0.254820386504772
0.237290031614942
0.375889401147313
0.431516318564421
0.289031319043281
0.201945385112023
0.365051050813932
0.244083405631469
0.318919812505611
0.309999180098844
0.245227526463247
0.334523283604149
0.502691307436402
0.130266646508538
0.442376822997653
0.342590375347703
0.397007546321641
0.242189528375618
0.223744202767537
0.382873491796753
0.249437617659277
0.225807555833547
0.437258222854769
0.244697278940348
0.358841072191668
0.374064484128816
0.294090946493361
0.452215560676106
-0.0337159963302919
0.325540182038786
0.319584593943101
0.383395048294057
0.364471980510831
0.23724718957032
0.345599622490204
0.31804284964501
0.46843308144834
0.452151540113904
0.394923014175795
0.239820839175548
0.383460205601337
0.370714241464004
0.408327230170664
0.360938716671794
0.414905447407374
0.398776424431942
0.314132762497343
0.309735658293365
0.49857545898258
0.281862386332104
0.391662297016279
0.435811283442982
0.395432069455621
0.474582698108633
0.399573794376798
0.323064934258664
0.509362840230097
0.524427018490046
0.47556097849879
0.305176826105171
0.483570936165465
0.553259415606663
0.419318782853149
0.413492849630603
0.273569606236073
0.367750353180208
0.416257929193431
0.518441652283966
0.338106986206195
0.311435138243957
0.371703484983759
0.457910682129476
0.424298092649015
0.385450679170797
0.539807588305539
0.386576986993564
0.513919599075749
0.548659994364494
0.472083529416783
0.288072154366504
0.323856181696331
0.471402099090322
0.524197113118912
0.465033634393277
0.547363642947236
0.500395980628308
0.425483492057269
0.553553332369231
0.44466712728065
0.284375967063073
0.456075480624607
0.512037708430367
0.48066392221944
0.557286401798898
0.445881164739051
0.410800149657831
0.524691364596021
0.60225315279804
0.419259682325661
0.55568245589539
0.453852645787067
0.365295861773794
0.546748097641758
0.48427279643158
0.616849561501239
0.600551379691552
0.639043687290578
0.3776890217062
0.534784243060412
0.417042038028488
0.509940689910385
0.405214671761389
0.588726702512483
0.68761407526101
0.621327987177357
0.570310767148254
0.67215632369832
0.534880757112054
0.41831286892138
0.593072879468432
0.35913332372644
0.534820942116337
0.615715509137075
0.525069172342558
0.512567986054336
0.704386645928829
0.573906668215372
0.439751862026148
0.505573637428105
0.436217647372563
0.462690650554325
0.433507429424379
0.531059203697201
0.46452334913079
0.646155174460775
0.636937055239734
0.623387360432868
0.720509027868539
0.660682221845888
0.565251798493702
0.646060812926108
0.437331542033125
0.604737079119763
0.646012226428978
0.486428525227729
0.586456818324411
0.565206375293398
0.65718687555634
0.542163446620006
0.487245930366508
0.535793390615632
0.70332701560916
0.550613088321498
0.59463022904046
0.556769379002267
0.542752385595819
0.509387665479085
0.630668781734216
0.737102158170284
0.706701459293122
0.585583238710507
0.686877299213762
0.601370369112257
0.745184512259659
0.508624446508288
0.742016794974262
0.64362950553963
0.57344008278668
0.630994819875791
0.674577560630701
0.53087124206785
0.555823815104454
0.620047290937837
0.576035092887847
0.693411573314908
0.558515371521576
0.676549358771555
0.631880434656759
0.740607905113344
0.670515577517893
0.734775680170884
0.580279777719881
0.709942804318924
0.759421630163205
0.631109822222378
0.539442939444198
0.684724710508708
0.691558294613395
0.656707478368479
0.767164812776175
0.797263815867236
0.621978240520336
0.693132957709168
0.729336661409236
0.555067247302603
0.452343145331347
0.79559212617661
0.867435385300411
0.763652724664032
0.585559602125752
0.636229864542008
0.877541988786041
0.737124924005104
0.735687481163109
0.679312423975459
0.707997675563681
0.633175654993515
0.80388845772202
0.804161229318715
0.646442936711995
0.729008187896404
0.787778796014173
0.682057537224312
0.675402730645679
0.614170672978303
0.660734337926128
0.731387128230244
0.829243391912213
0.796448442679232
0.756973265207678
0.703877699884688
0.841854162596105
0.743906791697702
0.860151973847631
0.682605513993043
0.715801078665402
0.788606919649895
0.744484229507847
0.653369702286764
0.789714760907525
0.735144315726156
0.747263884980459
0.810322835391762
0.699844070869143
0.78236532147887
0.828298195749559
0.759084494796107
0.730628681765478
0.724509860861777
0.76950613161306
0.816555555506284
0.942349820858599
0.767995345669778
0.778335283992639
0.790256329035825
0.637622557435284
0.721205546068157
0.871836014154297
0.79635880907767
0.688178192386972
0.705109187869329
0.745301394595767
0.768098922366797
0.829830173080043
0.80113850293029
0.87588006814397
0.616279090075532
0.802280081431154
0.745570841953686
0.923353411844731
0.849363467746789
0.787617631444944
0.841757663726271
0.87975685437304
0.792047206451565
0.812212996180482
0.792356079190451
0.876028117075538
0.843044955733204
0.880588388949657
0.805260580890242
0.927748572851195
0.891966503416412
0.826365448974746
0.856533639349455
0.893763473312188
0.851508902564491
0.956322926185104
1.00862428230861
0.953188053203768
0.656528645700706
0.876288701053529
0.800629444322601
0.731992705735138
0.741829545361724
0.810811721529058
0.961768449265968
0.81612641638237
0.995240393335953
1.01912679658382
0.945382887131616
0.810435921596707
0.936118212104504
0.70419014550152
0.848773915536262
0.902180280290691
1.01692603455145
0.793118695095857
0.810348721647961
0.858642104666455
0.80753929526838
0.969543930932817
0.911101842679138
0.927738925881989
0.839603776756421
0.885235455141155
0.937880021462787
0.902561596603286
0.919911660596363
0.868758660426839
0.88054218668147
0.913256954380362
0.8197467477488
1.00941271685434
0.914761683611057
0.81595143649693
1.13740608678303
0.970084715291667
0.997112922171027
0.909190818847519
0.954517463656551
0.972446867802926
0.904951777473393
1.03945572805877
0.88598389692439
1.05713748022106
0.848310053612057
0.982532335095994
0.955176003761621
0.95057839235393
1.03720074076212
0.887044388118639
0.977890306602774
0.968764105989327
0.872823245031604
0.980939660359668
0.845752765586119
0.881029975925433
0.953275811385612
0.907158575572165
1.02203432232026
0.890754171135041
0.935484605686019
1.06908114422446
1.00162852403517
1.00775708675017
0.859217266169427
1.00806399812872
0.778869709181045
1.21161669177343
1.03708754467644
1.04268967694189
1.03976647623243
