0.0094273866572824
-1.05064910672105
-1.00788018657556
-1.09994147270686
-0.857829685630663
-1.04259870338827
-1.11612957823982
-1.01815195019608
-0.862554341093242
-1.00880639272558
-1.03836175649317
-0.915745918865542
-0.905304022450006
-0.843711387400079
-0.884917031783445
-0.899843888941957
-0.949370418040263
-1.03495389006508
-1.02253360971655
-0.895331944436447
-0.96748745256593
-0.831200597387631
-0.786047365336571
-0.944311280750486
-0.918618068062357
-0.899907774098315
-0.856772273176619
-0.855490797734271
-0.905578265648119
-1.07154014267373
-1.06699126558793
-1.03571027257303
-0.823789839294161
-1.00997433622182
-0.858783458158481
-0.982823235227138
-0.985977173217227
-0.975590108233687
-0.978142639197018
-0.728813448333751
-0.995341692436639
-0.959582009577933
-0.876162933284401
-0.907880459502414
-0.997992856823557
-0.933933451565139
-0.892720649812267
-0.720845562822726
-0.932688186451959
-0.834215707117565
-0.968635527149417
-0.833574548580672
-0.943881965751101
-0.953556116877098
-0.695424526476174
-0.815994608319152
-0.784723330052494
-1.03200320415702
-1.05890899301487
-0.860980096469743
-1.01176394327428
-0.949649132352782
-0.747266562379075
-0.891439306187655
-0.968997204534352
-0.794438548946439
-0.850620212278463
-0.865166337369696
-0.796543296486487
-0.929326795713083
-0.827179585054842
-0.834602394235105
-0.748179764452999
-0.953470454801935
-0.74677872498387
-0.808149036225556
-0.869973286985219
-0.769678771353312
-0.868895860054232
-0.777754398391119
-0.713814556020099
-0.882250309596722
-0.840228447874325
-0.794902398566047
-0.797210531815908
-0.838229472823901
-0.857861745789621
-0.830884375466615
-0.7959941290654
-0.765900742866087
-0.804538542807876
-0.857560279218705
-0.740071158514394
-0.841689749944341
-0.861309612389606
-0.843885925199654
-0.823005404314098
-0.810417999072823
-0.845112388160861
-0.911153702352898
-0.808900621588938
-0.787362070153184
-0.731592910704539
-0.899305890219981
-0.826390608407272
-0.483678461159108
-0.593053451407381
-0.695409473181384
-0.805650089357187
-0.667834196772232
-0.794081398305636
-0.75061394753641
-0.708826432513967
-0.738354589895508
-0.703513325906147
-0.725053780016605
-0.74064233240057
-0.643197081171133
-0.697844827736412
-0.739010966080639
-0.805899362028461
-0.702483233159199
-0.690158427279412
-0.693293035740026
-0.756124385014522
-0.877093299392408
-0.862663112348782
-0.617346619967169
-0.696007994717198
-0.763571285724945
-0.812178730076132
-0.805571775638316
-0.662770587260214
-0.930471677731174
-0.755738822622548
-0.468110315422755
-0.632361373392748
-0.780168224984524
-0.757460972807335
-0.659414505058285
-0.884168622928784
-0.613431044265032
-0.587967832020864
-0.771478924182136
-0.891434725243118
-0.718188563523421
-0.738179510834872
-0.78914912601194
-0.823140332945644
-0.655237617466911
-0.664151348004358
-0.779176580847861
-0.617058465556078
-0.806955571514855
-0.809371457134927
-0.634151072101365
-0.53221226613149
-0.609793370232301
-0.681917749576839
-0.607958319881608
-0.502492479256755
-0.490690470438863
-0.769198978029068
-0.652316588935119
-0.839128255378697
-0.784807864012382
-0.691729387767681
-0.566787091975735
-0.654385478062749
-0.660073117905949
-0.719203296937481
-0.542309740006858
-0.554300687513837
-0.50325377159598
-0.760561063144377
-0.662229726560071
-0.783212652229574
-0.52343683135479
-0.499467921785939
-0.764625889069446
-0.606125288519528
-0.59361434053596
-0.562733006617454
-0.553576392498064
-0.475226022783225
-0.48628542603759
-0.602475972524639
-0.46742221234741
-0.641347000124075
-0.714378210889425
-0.641550860259257
-0.649747985553564
-0.500186415627061
-0.616749874329325
-0.641756754578209
-0.661241532376519
-0.613392621166483
-0.524564630735335
-0.68729386590077
-0.636891847533334
-0.519821279536717
-0.563772660346817
-0.638002020032593
-0.573673559641927
-0.520207530063305
-0.643045187125727
-0.723927104954557
-0.556056643837431
-0.629698742611234
-0.480991225532079
-0.605925410938126
-0.605138061889224
-0.553212450462316
-0.610634256907877
-0.508547306198486
-0.577910724993851
-0.710616578230502
-0.5056636529361
-0.557716321280793
-0.637459867773277
-0.525766041304052
-0.603862073248813
-0.635383881996929
-0.463732439316978
-0.488028813044254
-0.619223397543864
-0.572074101779045
-0.490865730557365
-0.520311965247788
-0.641857224053869
-0.535851020624257
-0.584418501903993
-0.529528370772477
-0.504560042617226
-0.44262311863336
-0.544543319763266
-0.556244565320606
-0.526961671169962
-0.552098999939546
-0.600754256080445
-0.528507456958875
-0.41778663867089
-0.616000734584124
-0.549481513826377
-0.659640913602868
-0.551812609184453
-0.522371168423379
-0.59603658092136
-0.513530035029303
-0.626075631400838
-0.25618248646591
-0.540848623234089
-0.479578382205958
-0.469641429093927
-0.4216715763585
-0.578541311434714
-0.628504133704965
-0.506301907605837
-0.363552367110488
-0.504337244681233
-0.404461433729959
-0.499036877132382
-0.500870656233503
-0.453883736720001
-0.473924135454509
-0.59028213863338
-0.39200474789462
-0.485881509824094
-0.489021290552827
-0.293328629461574
-0.522827061967809
-0.488362005245941
-0.404075331039249
-0.528715641916097
-0.539092116208984
-0.360327844696137
-0.579860954870004
-0.490953063858327
-0.525457404525464
-0.419751246095961
-0.39709705115171
-0.621520006144555
-0.401989664347235
-0.469379234420542
-0.475099052204878
-0.505948157279934
-0.248003055261834
-0.376751631513862
-0.346615364667096
-0.441202971667345
-0.479050275413411
-0.385147480803961
-0.564197098306083
-0.407046204683116
-0.508448634821733
-0.388735296759194
-0.3478555077604
-0.564974260749188
-0.203596718376471
-0.472262564014636
-0.341903991945952
-0.293424113329397
-0.264198498040634
-0.398670169053002
-0.57621741427272
-0.437672679870447
-0.31124101863248
-0.262574591092179
-0.436099450833224
-0.453387073730925
-0.371068466684005
-0.304487412791626
-0.403024397707974
-0.568436894600297
-0.254292676959673
-0.408320281272383
-0.372073155142515
-0.341017692128027
-0.315387979544211
-0.293071816198816
-0.490371414188017
-0.335338702811688
-0.416047148868194
-0.374447626148881
-0.319902408308722
-0.322613906029192
-0.435103729317145
-0.282441496550554
-0.317696548870541
-0.161937424077432
-0.355125665381541
-0.379825145629617
-0.303298549448493
-0.230341731131927
-0.479618931607645
-0.509502888646924
-0.283185409436242
-0.444429685190827
-0.372928528776928
-0.419945697844656
-0.130632782370858
-0.182953128279442
-0.267109970654766
-0.280868941574075
-0.403614740377491
-0.374308410423693
-0.297638302124551
-0.297644881285003
-0.365831609421448
-0.373721302452592
-0.327685320535992
-0.292053370218944
-0.322772078357731
-0.209064058865884
-0.370387959596704
-0.127737737716382
-0.255597802240859
-0.248385966007197
-0.247951808194102
-0.34491084903886
-0.386705051023378
-0.177939664753576
-0.393451065629797
-0.18397064945663
-0.389494546939853
-0.370468741913402
-0.113102759607913
-0.344822505823801
-0.272860705345183
-0.203057160790467
-0.279975256425861
-0.160527716959354
-0.24839745839693
-0.187040813486266
-0.166986250622712
-0.12212476952698
-0.41319026516213
-0.14748151063582
-0.279587647458057
-0.0647447222756865
-0.21706326305967
-0.223325587965873
-0.185930719039232
-0.109444144661124
-0.204912461270548
-0.206671122942269
-0.229552047213759
-0.235239304472948
-0.185733215266361
-0.0921311755758982
-0.302156666640028
-0.0707016515557845
-0.130346068629035
-0.262416868379612
-0.194229884786762
-0.189926592322098
-0.262601052703909
-0.200287561546333
-0.211217227544786
-0.156043134250745
-0.215229815028355
-0.379056276963281
-0.102219270773946
-0.231177622249046
-0.119372369287485
-0.272830554353628
-0.140796427067816
-0.174359982194564
-0.248959352312066
-0.0687606970572105
-0.154778287434737
-0.182349835292059
-0.27644214998429
-0.219828067206882
-0.272165101384428
-0.0988509379641688
0.00259405985258108
-0.222315681094585
-0.18520598066633
-0.110723659451709
-0.0209480030721868
-0.161841283749192
-0.215227489238698
-0.211099919557572
-0.218207690992658
-0.0659740985393482
-0.0649623797225477
-0.243517014726359
-0.314624905930059
-0.258236071700672
-0.0640937464352102
-0.199483036393198
-0.101892627248769
-0.284808689930543
-0.174977153197458
-0.118051929134702
-0.178571334545533
-0.00678398257167418
-0.102570100656892
-0.153563249236544
-0.0462238223704373
-0.127898446045479
-0.182681411956119
-0.14023211348039
-0.0865632076230464
-0.0809373859915249
-0.243138468197961
-0.177880767775578
-0.107938594932788
-0.0179510596557133
-0.237082787979859
-0.166487637975228
-0.20130592472302
-0.151924096888608
0.0506057862610791
0.0603576804019143
-0.173126009389961
-0.168990019585127
-0.0978333789535691
-0.0435179846534633
-0.199089364470939
-0.0685190104672945
-0.071168970793408
-0.0522960000966442
-0.192261708606908
-0.137492406680295
-0.0327875065282091
-0.011962876302585
-0.0269946574074437
-0.0545241802019164
0.0987368853577037
-0.0581121751917979
-0.0402610683250929
-0.107804506462075
-0.0789311722240872
-0.151066728985561
0.0320757170205385
-0.154054009629431
-0.00487932606747566
-0.0352815902040122
-0.142704596553201
0.0330428601219539
0.159757358149847
0.124755010787467
0.0371045808034925
0.0992647337555061
-0.117801658274809
-0.0711263979825174
-0.119624465393731
0.0243877353715252
-0.155614957361635
-0.0129356225132061
4.80609996327395e-05
0.0281196573985054
0.0519579843161059
0.128668376980516
-0.152488508584267
0.0430836786900799
-0.00667100423076366
0.018184993131173
-0.0495063260217019
-0.0886952833912966
0.0321471625878602
0.021570433009279
-0.00351989401860095
0.0519416111515683
0.142187098245476
0.0165459475476846
-0.155547651983153
-0.111949920962367
0.0469293932793984
-0.101156076625498
-0.146142077068544
0.0935283995094759
0.0250316119606767
0.010140867963007
0.0868805827015771
-0.00601713317265368
0.0918896505974379
0.111009071396917
0.132981861224574
0.0288442492344187
0.0688304131130705
0.125715239479766
0.0561544524073885
0.0288952177498862
0.108906824395838
-0.00127706581540977
0.0368630496715111
-0.129981820575419
-0.0282755320315873
-0.00779964366149721
0.0327295923484543
0.122528832007437
0.0521076087020805
0.0242690103427484
0.0432949478847769
-0.117442188570537
0.191439676075527
0.0151582698731368
-0.00183314590511917
0.0985180344246228
0.237853411349115
0.0528198178864372
-0.0675968251180401
-0.0259220647819947
0.21063649911456
0.229799842500416
-0.00163463543015474
0.126380744687084
0.126995494233212
0.125735214571988
0.217977339515017
0.291985077522709
0.218825756805232
0.0785963551043938
0.0193809953943569
0.142791493212987
0.0620276006673134
0.144104562886946
0.0380105727514407
0.039233935964299
0.130417528560587
0.097921317760244
0.140499338391096
0.0490271237051748
0.153984468847482
0.137914792718376
0.122149599001907
0.0679239985662614
0.142377963190222
0.177977898637981
0.258874446783793
0.1808106132391
0.207341075151779
0.0348133494998176
0.141061503632047
0.248411385640204
0.0406874771544889
0.055795558737422
0.204964760402326
0.134881349382921
0.213602703370156
0.0879382732354962
0.156153386976745
0.113900940546845
0.114289989648578
0.0327606619317112
0.000787008385827821
-0.00951986090751202
0.238211838040797
0.173502659779102
0.210831325563177
0.0760255520521242
0.195546128372891
0.0533580806095749
0.0894983770517524
0.200140454299488
0.346461069576098
0.125975176353297
0.210261151379829
0.324642548374418
0.190101261138646
0.207902727501305
0.326731191055325
0.231087791165938
0.15354123508555
0.32094585929428
0.07873919129112
0.165586570768976
0.328220802438041
0.183047471954567
0.15520954302033
-0.10397932132561
0.315397607468297
0.309833011153633
0.347309536635771
0.232494393359082
0.225147585568678
0.443614718129728
0.136152789761587
0.316272817978854
0.251845092581445
0.239664034714165
0.247917066326044
0.327429220593672
0.241285951195342
0.253749151146289
0.25541660133301
0.276630581903686
0.230918753845681
0.345159704605626
0.277051617313717
0.197687256612272
0.395290456482011
0.261727367352393
0.428538407005494
0.13891461457663
0.279525979675932
0.341559299936859
0.29209237815734
0.225987485216321
0.193530093686847
0.0991770204859259
0.442534794896908
0.269646276140115
0.308481107493648
0.413161488376055
0.310071859699262
0.238860850121534
0.112639868504599
0.235342583488514
0.235383647643797
0.330166374251205
0.398595759647354
0.316007436516858
0.297988767737193
0.525401665653631
0.235055665628673
0.30361196103622
0.298252513334371
0.33995933700213
0.401092322762631
0.257067765406975
0.269403977800516
0.204404973256387
0.354558945115357
0.212291873664966
0.25639639032738
0.530896910620627
0.436525456941826
0.258266143874619
0.251111177234737
0.306376495223619
0.25321210551493
0.577963101215732
0.31872815447303
0.25916509950994
0.324869559401276
0.320355193203636
0.302987547124184
0.282652532452671
0.37870700628055
0.449162265943745
0.262809657224429
0.326553755131829
0.446541771839893
0.342993833802682
0.585797828403694
0.516684069063285
0.31944934926447
0.293734948773622
0.319581565788313
0.377076816851627
0.225827723560912
0.38222939995072
0.495563091866113
0.328457895251499
0.472382560132723
0.437688928635614
0.419538813812444
0.44869837414607
0.369507370269481
0.414254717187787
0.452220369422028
0.329520070313768
0.389854637480828
0.279257271352434
0.512988050394163
0.534706759276864
0.497286689829608
0.323598884648752
0.419720666698393
0.553060857634746
0.483546255002939
0.351297388758318
0.36859290451625
0.488873775049881
0.31314842004807
0.474162594682029
0.609040748963281
0.456150120208397
0.494831821308005
0.467825246825071
0.53532341653772
0.493340708086044
0.579925231154131
0.29215489831572
0.388914318941016
0.527920244375933
0.560542337626741
0.444309920447673
0.379904742575189
0.487425360933834
0.325797934408608
0.580015688614514
0.50390622671214
0.436977542664553
0.511135747111889
0.610095271749689
0.541896238219896
0.608044630345601
0.565564670113533
0.499780062960135
0.476363839165128
0.40673597458716
0.384909149362973
0.585674804981771
0.367317162979244
0.401274978438614
0.464820919967624
0.570859879423077
0.446707224277268
0.506808711165264
0.573936878408997
0.444099505670429
0.657526700151783
0.653590538907411
0.534633225377951
0.636015514406302
0.532600230239546
0.439293310318971
0.593450513577487
0.516633491693854
0.448386233082968
0.583998055593827
0.597220883062154
0.550393118462684
0.492553279801206
0.578039067170669
0.485887630938296
0.596263468610376
0.411760383946542
0.458888534936729
0.496058093973099
0.450583091189709
0.588425534153576
0.582122068114829
0.560218452977812
0.53764357604284
0.688149597040029
0.554883262913792
0.70000010095486
0.522624071011995
0.591254606642716
0.559634366735143
0.584714097743639
0.487128463465926
0.667439595764397
0.599241549127575
0.631333461595495
0.579115683662877
0.700189899196637
0.500897913423089
0.631696682255356
0.743038096893905
0.715370727587178
0.546890703320431
0.672005413536659
0.560136778367156
0.652314688758147
0.543053678131176
0.638101775661076
0.509024515629218
0.565958417254913
0.651864553472292
0.662053535762428
0.67114172513193
0.623580877550551
0.53519434170707
0.6511928944163
0.595307446504744
0.704817846128943
0.731243074846261
0.665894131505863
0.737937505989867
0.679282835490931
0.536051780515532
0.470147927859042
0.721940891754402
0.673381174891484
0.674113575295708
0.502214731543905
0.629044947306357
0.549676568490049
0.70964787164239
0.584790390617819
0.555854136228504
0.60541513178979
0.665267822205851
0.550310997967941
0.546438661255143
0.598759150918393
0.534992173562828
0.800509857996257
0.636096536355952
0.683415700867895
0.717030748916029
0.788922578615303
0.569564070019132
0.57317201254134
0.71896657041615
0.821368823643845
0.665445730870656
0.630808375173414
0.689951088138294
0.836300049049655
0.875928613507441
0.634710211471421
0.642399653676564
0.68735969686638
0.706071243401289
0.619063044583381
0.58380763266684
0.693551716960295
0.589962213411241
0.647769464949378
0.710798007842245
0.840145527526571
0.721222475818981
0.651500663456685
0.675163165722006
0.538762308208841
0.54522193565166
0.666125409920056
0.759880142171371
0.755025438175287
0.72791291363421
0.661776981824699
0.654136509903041
0.641904127724477
0.54260825806297
0.763055143848555
0.890043190162034
0.749178924713428
0.866069969749513
0.684378346983046
0.696434412539293
0.724157847679252
0.689205557598963
0.573788263675599
0.723424736817483
0.926570604665445
0.876395438022548
0.786938094200917
0.811702600730819
0.909163066392449
0.707335645459085
0.831455822750643
0.789847242858344
0.627142382113076
0.835578067486783
0.776350221946337
0.72195427515803
0.736851497488758
0.878784161576214
0.785801587637833
0.724986571198325
0.667865897521508
0.845717483623186
0.642744261492577
0.76399563034679
0.8605643706029
0.601026193432432
0.778523676376906
0.812225073608522
0.880072320332434
0.94428892414289
0.720385902359356
0.775115011538874
0.995417322250221
0.912045844127737
0.729489026370584
0.753691963640668
0.686816199148132
0.938715078209565
0.914619627950685
0.79570873796711
0.756168968988215
0.820608217581442
0.935674103527587
0.954002539537295
0.817728990088408
0.875289639182103
0.784144784216324
0.854310491623862
0.989266112694219
0.938826623577638
0.936874021159037
0.890609111566709
0.668244004030595
0.744953756755217
0.963340907183425
0.82486896717134
0.7920770761394
0.711652088865119
0.955475731406259
0.923655789075281
0.772493641065896
0.927035453946302
0.815914238934064
1.02818259830763
1.00030739510863
0.85856746110065
0.942264232109371
0.886848476525596
0.889515825043525
0.954568313266523
0.896456729290418
0.8675579388655
0.996791201560005
0.953121717576787
0.988715125358196
0.913898225738142
1.02193068473169
0.910577185538801
0.71447692588415
1.02521365964792
0.924003487511376
0.851834009299946
0.97720873395775
0.921534757761511
0.900871289174983
1.01862119575098
0.963901416704133
0.787089865627653
0.933911874137346
0.772688167212172
1.03417352641308
1.04030036922722
0.942065607118156
0.903015950808922
0.800451300818785
0.961263494735454
1.08532077428289
0.856834322792145
0.792333156719621
1.05103861654514
0.99079459305213
0.876087508809726
0.954784239175831
0.946017445075848
0.771995707826917
0.945017150857344
0.864352133669465
0.959019531987419
1.03993432793218
0.878984233706343
0.864169826169731
1.02490048401494
1.03389201047515
0.970934223041579
0.959433256225436
1.00929422269902
1.12766933982085
0.930158129605725
1.0014757736761
0.946562831401314
0.872656949975772
1.00009664319667
1.03488609236223
