-0.0227872556527732
-0.964630559322603
-0.872467739772782
-0.92280377000169
-1.00056577148391
-1.19023395658058
-0.81009632860765
-1.04137767158552
-1.06905053266338
-1.05612059544149
-1.10426751873134
-1.12577159304085
-0.980576893603655
-0.997586068079745
-0.881332216145034
-1.06398057173633
-1.10885829790712
-0.927852966866853
-0.986932049418094
-0.911349128032057
-1.05741324776092
-0.817474060137084
-1.00195632334123
-0.962893713693915
-0.823258160055523
-0.97436184586209
-1.00528950257384
-0.90181410209421
-0.895010093404084
-0.927851032940975
-0.865704630980091
-0.934513562381704
-0.905381933211513
-0.921608640702619
-0.975365559630672
-1.02006165915149
-0.890093478124295
-0.875498803001395
-0.91669796748144
-0.992973249373176
-0.818223532972472
-0.9126371884325
-0.907239209086481
-1.01143941129782
-1.02392295323897
-1.00757881676568
-1.01983398091796
-0.908145755842708
-0.884112019984432
-0.987154588222788
-0.922935538522923
-0.767392551790979
-0.875711732337625
-0.894090682528877
-0.792713837950929
-0.856447501404785
-0.860822563602847
-0.897677962390637
-0.82702666024952
-0.814021638884958
-0.837823193850565
-0.878337169358439
-0.935044901493711
-0.820626710780742
-0.822365295837187
-0.775286497389504
-0.777482081194141
-0.84755850643964
-0.774796279677336
-0.907254511481579
-0.997839031292058
-0.827685640647818
-0.65300575424642
-0.910196028927468
-0.88554028532923
-0.801899405763011
-0.839958255087287
-0.774271338003174
-0.779531449801502
-0.899187857595238
-0.777472965715712
-0.956366601343599
-0.837731300822983
-0.927755428218496
-0.815906663874855
-0.842548002144567
-0.786754303077755
-0.926189498298712
-0.905647890023148
-0.875324866294201
-0.827441577399405
-0.698019262868154
-0.769210671069029
-0.871717867483378
-0.816548566234578
-0.856371778090145
-0.75625791810839
-0.838640310878796
-0.739145316817256
-0.862318099236536
-0.7525078132696
-0.839103259263937
-0.714713926308682
-0.703991144373069
-0.77709385798251
-0.742043208357716
-0.853012411638994
-0.703764838750623
-0.794550482341341
-0.688114150968965
-0.783724859500385
-0.742394327296604
-0.740381963473997
-0.753879590053243
-0.680247688489368
-0.732292112970804
-0.761162608452663
-0.807760491521869
-0.817370179398016
-0.789961421821199
-0.758789558325969
-0.666917067789457
-0.86627910868316
-0.88078355619295
-0.887761779610291
-0.731052992027658
-0.769878112321351
-0.807476352652299
-0.770917438149016
-0.877987646373794
-0.621843836786567
-0.692900764434356
-0.694653388776013
-0.807595805283107
-0.616205706593097
-0.747696163558952
-0.743023410718889
-0.654829365286777
-0.701439296419653
-0.534804122061352
-0.750204547983802
-0.72961467871212
-0.692894897648105
-0.8108156078169
-0.833078536608306
-0.774669907350012
-0.661287347224531
-0.736791200393807
-0.750695977580868
-0.841493907284128
-0.689825378927982
-0.78063539132162
-0.855765613629717
-0.699579671791683
-0.788853489774041
-0.692899497840364
-0.75687355307671
-0.473252738914631
-0.616126824145796
-0.611744995993715
-0.72835121228687
-0.645754528861381
-0.52103054048599
-0.813940825538032
-0.731918619904404
-0.652053273691991
-0.580379425041624
-0.782915471371082
-0.725876469766795
-0.667910219789636
-0.642985189542132
-0.682763319830264
-0.626876662862328
-0.766303438226653
-0.711436908690945
-0.640820972221437
-0.651643486627422
-0.598232008099466
-0.640923609399296
-0.646780638431355
-0.790047957107688
-0.657605300847048
-0.65982594073235
-0.495672646320627
-0.549655794395653
-0.638423856688177
-0.612387362096444
-0.587130781224884
-0.576435119322555
-0.530558483314725
-0.683444501558522
-0.49964882848699
-0.608205022785349
-0.579856210502153
-0.669017697328825
-0.692098589442009
-0.519092602219818
-0.801895414457554
-0.681316183254928
-0.663328054597605
-0.662317089864511
-0.805764058150755
-0.523402055936782
-0.646942251085083
-0.563274420003
-0.500061808977659
-0.495493315287813
-0.51758617357625
-0.669532340565255
-0.52863842381915
-0.550330162027946
-0.705112391761524
-0.602628519184264
-0.601620479492072
-0.421125179762895
-0.641245913722189
-0.751419614743959
-0.79018117735502
-0.531301899054493
-0.596952743356542
-0.586989294740715
-0.486999960199199
-0.524695152172389
-0.594292769683577
-0.488882831718918
-0.612041676110574
-0.484199657195835
-0.5523632895737
-0.584224874021473
-0.631571040102986
-0.547881749043684
-0.520612413281778
-0.451391619290036
-0.512601264263629
-0.380675296368998
-0.567193826629242
-0.66982410399986
-0.466849485279515
-0.515312755813381
-0.525234723078171
-0.50442127826604
-0.406118774202211
-0.596351386297219
-0.538474248573316
-0.551169325972189
-0.519833399875844
-0.579029492236512
-0.524378614420375
-0.550964065547795
-0.347009795548175
-0.435559041890805
-0.354802503160739
-0.473325027376255
-0.375282409213335
-0.401965088380063
-0.437803667858598
-0.57721186204433
-0.437627749675333
-0.476907393052984
-0.403222038979617
-0.460634609369653
-0.534594247269264
-0.505932311246654
-0.39986680257545
-0.556077079471693
-0.529921837041032
-0.627749578627359
-0.533013050384576
-0.371615421526964
-0.618852214831053
-0.377164129400676
-0.491661427598001
-0.494108756300109
-0.454193533942545
-0.450430069177675
-0.391382909778159
-0.411959066578629
-0.502233065547
-0.466933441586078
-0.335856988979165
-0.489848664342761
-0.580824901545512
-0.49672817519702
-0.246623927518547
-0.41899362608829
-0.476362088290052
-0.496034627618132
-0.24034936750762
-0.31460279456187
-0.385334459979702
-0.367751364349475
-0.370683743847872
-0.445588061029854
-0.523820033096482
-0.529620097932017
-0.358380056882264
-0.413599205463225
-0.398425100864248
-0.209236436443354
-0.322341999880413
-0.428471874402712
-0.438725733539557
-0.336152088821598
-0.461454405543707
-0.356084181767062
-0.517132832081795
-0.476006550989859
-0.345565156175754
-0.380879355303224
-0.375924585783107
-0.417893822512773
-0.334148035145058
-0.676265363908379
-0.393978409081521
-0.307812247212416
-0.160190280595585
-0.253583790959314
-0.334399408175629
-0.342794327040795
-0.391597570710993
-0.403853340363333
-0.360503130449856
-0.293691570922812
-0.4275362136327
-0.319904434919566
-0.267097070703979
-0.371440477552274
-0.265949123744697
-0.501025562412393
-0.315156974659727
-0.467263751426126
-0.27258365896532
-0.325743411341154
-0.301015169083287
-0.243234962546682
-0.346508007751773
-0.270547736830253
-0.310366090007719
-0.258138380293435
-0.26993740208053
-0.436724553050951
-0.28111968692216
-0.287230936156239
-0.310312735625701
-0.36397320937638
-0.421169445000807
-0.372712779250351
-0.246719272917654
-0.290397976766148
-0.397011595193963
-0.255524720981835
-0.450872967515358
-0.159715504299271
-0.230981969038796
-0.290623908629003
-0.178434364075684
-0.190108436380251
-0.278912780203872
-0.181862249930967
-0.304568748745613
-0.269493526984616
-0.250049620604647
-0.239946248247427
-0.270129252967205
-0.174955148182547
-0.304454142413251
-0.335094398076456
-0.35576259215473
-0.26568325301013
-0.186929206918701
-0.169406104660558
-0.245982653051224
-0.26280228101677
-0.12544067150755
-0.143962262511384
-0.255939786044193
-0.197992439927157
-0.481242244292554
-0.210430486953705
-0.159119200205068
-0.400176910995934
-0.128444658034166
-0.261359611188372
-0.426333447256025
-0.27923085831277
-0.295235741983076
-0.223809826663056
-0.229517354326151
-0.211759543777067
-0.14575406043835
-0.357953474505911
-0.0248615017685377
-0.113582093073104
-0.257052717282119
-0.288833077780005
-0.300562043443373
-0.325592375726857
-0.24795252555225
-0.168664335650895
-0.126263683380998
-0.293913436980546
-0.265403108761667
-0.342230242225279
-0.0916938584804807
-0.187571077965641
-0.141196939163708
-0.328660523936007
-0.231637816622315
-0.102174847096613
-0.266018019252018
-0.102133789684611
-0.156835763489454
-0.232192285545106
-0.0626220852703448
-0.228300920382772
-0.293044508651381
-0.0801113339989212
-0.134837041092094
-0.233646155148475
-0.16504055809056
-0.340108880968697
-0.182766882525698
-0.062135487242049
-0.210637282962102
-0.223971530808814
-0.157988033302124
-0.236151468420814
-0.128421965153541
-0.0707309547907939
-0.0932441924651291
-0.170213074983523
-0.242034703658132
-0.0594497263965998
-0.0606106533015599
-0.0425215290733838
-0.0923075533497746
-0.159073966321566
-0.118310523305214
-0.0912973573193475
-0.232566094961477
-0.0916935594565055
-0.0957102341649215
-0.11790495837333
-0.268657457043532
-0.278825294359961
-0.146317824442527
-0.102134405614497
-0.170007075761114
-0.154263643180922
-0.164754524233381
-0.01828910668723
-0.0173114939343471
-0.222639611527899
-0.13675486439014
-0.0925793007022842
-0.184634142044124
-0.0912943444020508
-0.123823028429209
-0.148061611093874
-0.122781071624166
-0.0360449760364876
-0.0952169407488526
-0.0488187020162398
-0.0339091719161461
-0.128308905604383
-0.119572628638665
-0.15162258979815
0.0146685102612078
-0.167385220054162
0.0379116342007829
-0.121500093524407
-0.280518031704988
-0.0997224262826649
-0.080340535622388
-0.125799451925659
-0.0925428449650901
-0.050352388154022
-0.0450097692755956
-0.102948106225618
-0.0919485604389661
-0.0358556467107621
-0.164508795591
-0.0119555138689077
0.00543485572916887
0.0537905568399637
-0.0922829897237179
-0.276040837414433
-0.00737586869454819
-0.0829877655377613
0.0588884780446554
-0.118423032716801
-0.013673587061802
-0.148479425279226
-0.0382100560360993
-0.0113725573533275
-0.0429433728269126
0.0710994383786563
-0.0521197674471042
-0.0723906435676544
0.141723007569589
0.115605014812172
0.102673597425016
-0.132075836461577
0.0165354183550457
0.139484057813302
0.0855883061788807
-0.0846936347744396
0.0149316727885584
-0.031356575460303
-0.056492197848097
-0.0890582195071979
0.0494963431670082
-0.113706696007682
-0.0465695006916374
0.0381504482364297
0.163697356795194
-0.000931717873683177
0.102669236311998
-0.0458991892562131
0.0570807531387148
0.0199185066567659
-0.0579373400278794
0.0240297076729461
0.0125029262991097
0.082338627559505
0.0273573286771385
-0.00461110857600051
0.0251217780764377
0.155091900816294
0.0620948927202558
0.0705229822836824
0.0762787286549366
-0.0789577285669042
0.00967677678137825
0.0786293690028247
0.136526976787217
-0.00658024443152218
0.0206665937826677
0.10434183053409
0.0521027690939415
0.0996995016677516
0.0707512534579422
-0.0684940438077205
0.0564141003595687
0.137811333501439
0.0800096928619745
0.206725058937729
0.138686564381254
-7.35285542281893e-05
-0.0582938009119949
0.213974950717541
0.0771985293980812
0.129666230955479
0.0979345078363521
0.245330789392595
-0.0383682041374328
0.258817403376864
0.0637090091239704
0.234300331039717
0.186584624555418
0.247586987516159
0.0102024208185069
0.155494711118709
0.0786479236888483
0.043005693543786
0.0933831545785794
0.0904584355378638
0.183184021362946
0.0464185329229556
0.297408258378527
0.0742673654528711
0.246073340967416
-0.00521549692147304
0.162113231009138
0.261195295540101
0.0758685952637139
0.291996707186354
0.0969693541702774
0.188705599956225
0.0834163725370178
0.133853981613083
0.124305170144993
0.206254671659797
0.124559436382737
0.0828776209974788
0.153992254020358
0.118213873192524
0.114689259879851
0.178455756425148
0.0715510174044177
0.253824622143397
0.24183578116739
0.252725222874257
0.232318686670411
0.198198609260043
0.0587632431323507
0.204797596974049
0.191436259031732
0.0797593798306382
0.314488427578657
0.189700385880472
0.124825010221544
0.0988037700408122
0.187037930407305
0.14096554115836
0.25117638880973
0.358175906348484
0.413649710819022
0.172365506892204
0.264934400164444
0.282830879001461
0.189126627108249
0.1924023558661
0.181059015341376
0.184252965999478
0.196626798129751
0.277976103084247
0.231031186871562
0.263107100071358
0.339722528598905
0.309820566873972
0.39590328888152
0.218710852668789
0.130250752267048
0.218430781644475
0.149294424544144
0.364694383586626
0.225626451834052
0.320821243858996
0.210371390184809
0.292955862051778
0.123157996254786
0.203084635077667
0.34574693658697
0.226006862276114
0.248123273420073
0.281794046661445
0.186192019753622
0.125417611002374
0.292071675108802
0.132955214178671
0.321894388484793
0.056864005228794
0.213004564824019
0.229074389981288
0.11524221481576
0.44135376694842
0.376403672631168
0.267801158645429
0.176658706732064
0.16095224398222
0.236303408553001
0.337248723200238
0.267153158396445
0.377188392708417
0.187395780894511
0.31894188608661
0.259667726275932
0.365257224450721
0.406393888689823
0.375583612245863
0.462525575870565
0.225611892154685
0.3336254272424
0.402532381153153
0.37592500953546
0.403894443623175
0.447152412004069
0.258453848976052
0.282648496707599
0.37454138843452
0.193777165263847
0.164835539194979
0.263057992797856
0.252353305603449
0.223345997774039
0.254631199851379
0.475415606891694
0.411239295186816
0.232500736499787
0.285643596365324
0.264299613481182
0.432716103686351
0.359339821671785
0.269090901881267
0.556496132556572
0.303832405633529
0.366210757110973
0.403292586531555
0.318344211911943
0.285058409624696
0.534212311559937
0.241155565661041
0.394907080364118
0.387443609370902
0.459507070525445
0.398774813456979
0.487522400241479
0.429099336410408
0.572648472536812
0.383706235698667
0.445564806347711
0.385501200230417
0.345079986960793
0.442914118286572
0.522957266722668
0.499529141962476
0.422034270900916
0.554604600353145
0.401847259100639
0.502589281458231
0.685084269390177
0.437201081574815
0.477943018926274
0.588966215262454
0.292082403782547
0.311880776678314
0.421096690759067
0.45720678354464
0.573549578396959
0.514692941331348
0.617443847943907
0.578309355295761
0.414128122742757
0.462556883221688
0.413600620198495
0.466458081248477
0.477630849725577
0.478679966708571
0.361381426420252
0.449358369268585
0.444477835140941
0.397390296525687
0.510166933226293
0.452656539773168
0.251151801663131
0.514049342769868
0.551948815256937
0.576056983622688
0.684579916959233
0.472152057656822
0.419012345457877
0.553922153331665
0.397393714030191
0.362568874253415
0.394196507135081
0.43007993053215
0.411563091890825
0.587813403168806
0.617290415227086
0.566350758714852
0.621590414704737
0.489248110532461
0.5008947621144
0.586201033936239
0.532945309994849
0.614799632041653
0.539351949514932
0.559468678165317
0.61566084586153
0.591892744593269
0.535693078249258
0.654044373579811
0.435163817243174
0.521855358781839
0.340369392223984
0.559200520845643
0.406877490408136
0.551846454828734
0.530117877941702
0.618546380475414
0.48179919469774
0.618905080751877
0.48986109213673
0.685249359846084
0.625623251264058
0.631340261254187
0.485944845826351
0.52571154096901
0.472737764990764
0.51539428042196
0.500356251392083
0.563231882406213
0.701724745818206
0.574914560852247
0.596674620608565
0.579194677440106
0.69653185864157
0.611522288842415
0.577979755049158
0.63169184911703
0.752173214948812
0.5324356244902
0.514815771599921
0.413421831542536
0.375211843984359
0.593304553157712
0.668284166656769
0.752487928840455
0.625625875913995
0.644751366720824
0.616248093011519
0.463291387851519
0.676122251803365
0.639889386972351
0.658240666518254
0.549500695392929
0.554615655711775
0.643165564319866
0.618939352569907
0.564333375417529
0.61349527802267
0.620529126190534
0.611214056294649
0.618939534486613
0.610218066081735
0.608792880635944
0.711103667614613
0.736895726426809
0.550806964830551
0.719036604453952
0.594201914751851
0.712289330889699
0.501394729025785
0.68314330907576
0.483401328210781
0.681602206915164
0.770042743689814
0.815088003939111
0.558373712022153
0.646298214427123
0.771619038451823
0.737629222319962
0.516637881735261
0.608885452471155
0.673836932362457
0.47288580014991
0.610019921514116
0.684173658122829
0.578177121157394
0.563209259598374
0.658612952137037
0.732093700279814
0.806224802531238
0.562570596875237
0.806163019546652
0.52761200791809
0.675191567664763
0.694376567655451
0.540391128320045
0.564067321996291
0.741166320314406
0.670673161333726
0.676576983670963
0.652902845106489
0.672532517086991
0.630997965929995
0.833959199655716
0.705781565072258
0.616662976358682
0.652038042826566
0.817390564747021
0.687102058897234
0.728458074211737
0.801831971731638
0.638775352859391
0.701554895874422
0.799064730411746
0.721952953280588
0.601678455558291
0.751590884833087
0.837064856645431
0.868243820362505
0.840115842337723
0.770440709411701
0.684792863915079
0.862039792340689
0.726993636896336
0.743760031207118
0.668835683519079
0.665575567276902
0.728271904796985
0.65798493965911
0.7778743687913
0.752328028238862
0.705517819089611
0.737070502114929
0.749763934254195
0.802335471414521
0.810626761497932
0.736366577355583
0.766360357977066
0.820001830504055
0.735238717924162
0.686900275610122
0.676156710035781
0.694983243975349
0.810397371136193
0.626334374659099
0.894870624021227
0.750883328621798
0.741887619984231
0.860892745672434
0.911984705603251
0.808127432357838
0.771430080462643
0.866914442652251
0.915589086442298
0.770654148733999
0.780835117560371
0.863060942387083
0.825400029875565
0.831321522361595
0.891474506106079
0.888855734908119
0.822688676317509
0.674337878894782
0.933503504483881
0.780706885851776
0.872386105619482
0.886075220120178
0.772278267069923
1.07742653731646
0.941359357126311
0.832409682839065
0.838918623613485
0.961775335024598
0.806143616085225
0.832173860676201
0.818763316604763
0.923662015073042
0.875844729927082
0.928729245234277
0.800042758178219
0.86392783759673
0.984404908944074
0.879934231596653
0.949812512949228
0.993679044982279
0.937256867682552
1.04057578751198
0.933928894754437
0.957001377506553
0.503979539752012
0.816283063069337
0.837864228291153
0.899366912105913
0.828460228571156
0.85020171233435
0.831265647749973
0.884561028187978
0.827333020020202
0.994365015847981
0.696122235921932
0.918095090499706
0.847307801781646
0.881721260275361
0.843028511995825
0.936548843368186
1.03508884573995
0.810343362639133
0.966202004140617
1.05386829440146
0.825721477079007
0.91395334160679
1.03384695772236
1.07506517730925
0.770981614949227
0.913005639761956
0.989589794972402
0.837530325961
1.05827166020919
0.932680130270469
1.02453531561849
0.838037810273021
1.00169710692378
0.819364038065434
0.998541443194085
1.05394063219529
0.942700823307627
0.923074236110395
1.00138948260975
0.943054665748598
0.986022658365948
0.955643438295099
1.00905860096686
0.919862183783193
1.04423040565689
1.11677811746882
1.02121854024224
1.07370125001725
1.04983445870851
1.04165455878366
0.892909861584951
1.04749170655437
1.04295306490332
1.05571600481351
1.20190209701989
1.01607988116908
1.11427437159579
0.928399427131259
