-0.0411855233923434
-0.952040638528877
-1.0041995938169
-1.06098037663814
-0.993752022820094
-1.00114627444703
-1.00048379481526
-0.990534909691814
-0.879678422863891
-1.14061761541215
-1.00228834121435
-0.996004190602062
-1.04116064927613
-1.01840730091274
-1.05868944864432
-0.895651202106498
-0.927930748905574
-1.08512664571097
-0.976110248189226
-0.891660962771355
-1.02985658906234
-1.06089300314079
-0.981145107875934
-0.866496872222018
-0.891204075464764
-0.937096786515984
-0.845741103257011
-1.0164099787905
-1.16148748846276
-0.900936846223658
-0.733772978446346
-0.973531335414634
-0.903053768298517
-0.900347653987654
-0.924491552551916
-0.934582792158018
-1.05180718814205
-0.826310901372641
-0.977778800396135
-0.811631998434705
-0.834240225213918
-1.06981713181188
-0.807683239420234
-1.03072509493677
-0.95151074394592
-0.905597379206128
-1.02413351889091
-0.837020448836981
-0.960025683005554
-0.980412606512266
-0.964221395384109
-0.903737314134629
-0.77430667602492
-0.713302461712739
-0.788157076534078
-0.901558523758505
-1.00881848148171
-0.808950041416098
-0.865009198582277
-0.789565535781883
-0.821956410872704
-0.996080008864833
-0.853573077996245
-0.889267017478698
-0.882685151441578
-0.811437208099658
-1.00327720766909
-0.807703011994863
-1.07260514640718
-0.724106623315679
-0.890676947939395
-0.848526786289976
-0.943798445375139
-0.879644137019291
-0.923801755648097
-0.845804557753355
-0.997301465369031
-0.984546569197821
-0.887296912719743
-0.795575804277661
-0.615145686673339
-0.686429863767605
-0.783939592799333
-1.01979415479864
-0.756605703132563
-0.815549780190308
-0.718313150472005
-0.737855047898959
-0.863968325572073
-0.871360554181748
-0.832202560935957
-0.767574652740688
-0.829477701693496
-0.796656600566332
-0.804933515412188
-0.762655382655786
-0.832868281111186
-0.806118691086229
-0.922771528060684
-0.83299790872715
-0.786809659519132
-0.838426966722291
-0.74059112761428
-0.930997197229988
-0.77663350041154
-0.78628579524495
-0.64986836947015
-0.874580635426962
-0.654877520492972
-0.967806237548876
-0.717269735746636
-0.825803197992073
-0.80586451342273
-0.841542315946573
-0.829988832408267
-0.810232513599775
-0.662768842368402
-0.724645801357785
-0.843807450536966
-0.571365732417428
-0.862672962228528
-0.898055343674481
-0.569541109845427
-0.802049561610368
-0.86863831102062
-0.634018439885345
-0.952771796957831
-0.648133374923722
-0.861188710570062
-0.916132920385918
-0.748902058485184
-0.911840026415143
-0.736878175280185
-0.746955577382391
-0.714325242424418
-0.678679839335611
-0.74715982823277
-0.719650183399739
-0.861795141116012
-0.82798475666216
-0.701030432524363
-0.831005498790863
-0.813061264152525
-0.913613272326698
-0.783476492608627
-0.884003001351522
-0.685477088851174
-0.702096327353714
-0.604046720663587
-0.637293964075515
-0.632136263414553
-0.696522143010997
-0.669206678502428
-0.835640152282608
-0.744460733499693
-0.792509691885026
-0.679941245501246
-0.68840279345228
-0.764149303367029
-0.713917044484271
-0.718898556339779
-0.854877655122807
-0.681930504507608
-0.566679654137437
-0.773384694330303
-0.652182881069175
-0.761639233039046
-0.704313331684899
-0.706237254687302
-0.640000966026212
-0.666609406393974
-0.645601980879696
-0.730521813445122
-0.590464876550986
-0.538014597468763
-0.603447930815887
-0.750855979054419
-0.627857884558488
-0.647400635344331
-0.850260280544332
-0.624488368567646
-0.655229506048325
-0.602402098685478
-0.73639143987074
-0.681650864987099
-0.614695290175024
-0.559091272774894
-0.629329600736338
-0.705018664836938
-0.738990501631625
-0.582876027925671
-0.581567790197011
-0.791293949767249
-0.693453348613292
-0.559592366572026
-0.581232202125265
-0.52281329936357
-0.539444392642205
-0.672505587878819
-0.496180811425033
-0.611051240939491
-0.659816868119269
-0.71896374572123
-0.59297079733361
-0.592779825682834
-0.678826505809627
-0.562217213512381
-0.664039098687756
-0.581222923262424
-0.575094326533755
-0.541911328774122
-0.597749254574388
-0.68470076323929
-0.636463601583978
-0.499313916027771
-0.678835018867166
-0.547513137598768
-0.629298737304785
-0.533026475587654
-0.374157688619692
-0.394188228241811
-0.454068149206407
-0.514826437183992
-0.538612593605044
-0.613748831832782
-0.613457816580524
-0.475649611561449
-0.513258199531621
-0.603491804658983
-0.628305341725177
-0.605297518804498
-0.581786504503197
-0.510321783845967
-0.386747213533395
-0.738651177116724
-0.579362860083061
-0.618614968831548
-0.497413724829194
-0.699879525292278
-0.591606158469316
-0.513206375297409
-0.542226772655477
-0.592515089071183
-0.479102497789704
-0.631928154366073
-0.683861370793872
-0.57328360769327
-0.510551791937147
-0.412889710353711
-0.524082872645784
-0.43206971697514
-0.602208538434913
-0.52219855856254
-0.461495348172805
-0.39942668835653
-0.451900795329414
-0.455347374272254
-0.508148202066676
-0.522912744050734
-0.44470984999949
-0.337825742311556
-0.373272188986735
-0.566649921034557
-0.460407781615886
-0.412630995968346
-0.393365686723644
-0.507858886932925
-0.397486391587171
-0.275008073928927
-0.424080879156336
-0.409651414695618
-0.602444976921663
-0.415535117126303
-0.550710266038793
-0.498412266070398
-0.409449367205273
-0.533717352261516
-0.496531191341836
-0.491795361321558
-0.440211749460171
-0.46252399257982
-0.384992604490891
-0.418843714926423
-0.544214038215954
-0.45477394921584
-0.48117554863533
-0.446841070371798
-0.427326805120101
-0.292857623591746
-0.345392977032803
-0.716754280328067
-0.434425707521211
-0.531344867856765
-0.365697729433963
-0.525246256707962
-0.38009915287908
-0.452779266750395
-0.426806971945818
-0.522798125295987
-0.477799111359204
-0.426016253103035
-0.307346003969214
-0.470411739082723
-0.381771620233129
-0.243637539258731
-0.352913403518885
-0.400895860959815
-0.400211517600151
-0.342545996360427
-0.449822541657547
-0.405825476296236
-0.363169018110518
-0.2556397538012
-0.538586484230002
-0.571341685880001
-0.311843767305376
-0.270737981563596
-0.272541636849982
-0.354513558562158
-0.298638148062989
-0.214696135514791
-0.4900925878788
-0.475633449142633
-0.385835159855763
-0.421897698677933
-0.314413361535144
-0.48487661711278
-0.351489123544016
-0.270722488078755
-0.300341665936547
-0.0922236589333546
-0.27540328387436
-0.261978286611275
-0.257575769597707
-0.397100948381239
-0.186631553279198
-0.443962355455103
-0.297247811591323
-0.310779739342594
-0.438007460502829
-0.320755578905023
-0.15173055587442
-0.292292627321872
-0.431109311412957
-0.379143217358908
-0.381270278012882
-0.275285736579636
-0.291487686313097
-0.326544171214431
-0.34760297138963
-0.252502148725676
-0.296505270705482
-0.342732247331997
-0.169939672281076
-0.39301195506033
-0.481649065950048
-0.315254703508647
-0.293179860833454
-0.362097888491624
-0.232030496757755
-0.207840367197426
-0.231958874954403
-0.232283867969693
-0.285288660566468
-0.259990856605899
-0.231644826589717
-0.323357997247543
-0.139025329344849
-0.292996313148791
-0.123710638898573
-0.161458551340196
-0.232488388444566
-0.224451202701058
-0.317845771350816
-0.172020157108858
-0.316692861665471
-0.479278035910928
-0.207007150935969
-0.00834497304751875
-0.150709068565142
-0.224092764470409
-0.296299949110778
-0.393143127153111
-0.190972829143337
-0.132496834279846
-0.261023917975455
-0.2510461681258
-0.363345476871332
-0.288738032970932
-0.261128415664202
-0.323531638597213
-0.1343689593812
-0.234914169230239
-0.160548814213318
-0.217203706495741
-0.146735736732876
-0.203432369527807
-0.163423433171516
-0.100331897080566
-0.175948648270062
-0.241530267817623
-0.0632993505343918
-0.243714121605983
-0.119580234355955
-0.236008667289605
-0.346556801694011
-0.140029101327979
-0.191086491657657
-0.241559393704075
-0.263306112731763
-0.0976504104305807
-0.237099700091783
-0.173611084144325
-0.323193086559048
-0.151260142619969
-0.183621764918403
-0.111047805882072
-0.134930564336369
-0.0119090448813126
-0.0516688077216609
-0.162983405541697
-0.0400094132619692
-0.236163921723571
-0.181785305092043
-0.312124015846
-0.0983858066909511
-0.13508651102003
-0.0884381254985387
0.00586962239879136
0.0286628196143014
-0.0738719446089667
-0.0442585187116339
-0.232118372205461
-0.254623039944215
-0.135208990626249
-0.140096453691294
-0.124530011603508
-0.12142476231289
-0.185736746608274
-0.148408716265152
-0.121984239119787
-0.0821350418790829
-0.0552248282661023
-0.108317258048228
-0.0515714066628048
-0.154816419540008
-0.121105506925536
-0.0916758755024985
-0.0435778068247483
-0.0993423839185755
-0.055582249757424
-0.0978994316116788
0.0670795756039204
-0.0993379469159531
-0.0338063732925877
-0.102673173665691
-0.079399109268187
-0.0986493274783672
-0.116454092242517
-0.194261295170426
-0.166009787675123
0.034577746117031
-0.042382265977124
-0.178978743165424
-0.149248780159784
-0.00888562921917318
-0.0623600909415059
-0.0806631375529022
-0.092454502791729
-0.162262345486877
-0.0335375902627255
-0.121566630213224
0.0868291270292469
-0.113783863368893
-0.0890891658286598
0.0919564158080864
-0.0203624697377465
-0.142423210949095
-0.167448728537167
-0.0332443655293649
-0.142448359349904
-0.0558681517267949
-0.0916616289176026
-0.0642283724054328
0.0788065362053266
-0.0337726804464874
-0.112495538775472
0.108725405764728
-0.0163784914062635
-0.130294016083012
-0.0540605068421307
-0.103353900232047
-0.0213305053731112
0.0755822105178775
-0.0125226446625569
-0.0538471168946968
-0.0602987234895607
-0.034628505152879
0.0665298424705057
0.0197072887016007
0.0467358824901168
-0.109601685973905
0.0162398480617689
-0.126965519940153
-0.0165224947341393
0.00467923908491402
0.0853756093514935
0.0401017525780422
-0.0884763321985928
-0.0173438523103767
0.158470046379835
-0.0678999821905794
0.146678167050873
0.0353781548329204
0.102025613481838
-0.0595910501798224
-0.147711346208633
-0.047423670230371
0.0484218878297624
0.0699972931035289
0.0520399435251631
0.0829259036885245
0.036202603561586
0.075154768024619
-0.0425899113941449
0.121376164708203
0.0682774705805736
-0.0372846545833555
0.0754829451832297
0.0229998014185167
0.209975595621036
0.1193561131457
-0.00140176426078629
-0.0108803715431279
0.121115868199683
-0.0294351539221815
0.0657881858615022
0.16970420279429
0.0634371289995695
0.0115419489598781
0.105175752963536
-0.0614095780849313
0.114970712136677
0.0289044520260952
0.0264941412637979
0.0185603661107497
0.0507878793094143
-0.0911146333347056
0.13174041437165
0.0790673662895139
-0.00103429364715818
0.0600846333393393
0.164717148523139
0.19005909183053
0.0709783139661998
0.148398527796587
0.0764866399713684
-0.0267453713923635
0.212828067234631
0.0900206089630999
0.0635591411472194
0.0714023726689964
0.0823640795554011
0.184998389260263
0.195148840757292
-0.0986622060302481
0.121513195359071
0.126127706410189
0.210645483073303
0.180331133952505
0.161961478125506
0.107862958186237
0.235207797393102
0.151257897323898
0.00567280611541752
0.107983810240226
0.243383824713125
0.174716229363686
0.105965518187588
0.096040176577158
0.148430016712922
-0.021458493730077
0.0376046415529692
0.18881562907071
0.13385992678622
0.102531015498702
0.114598092064759
0.085700645382513
0.212077238822215
0.127377771124865
0.219522847731438
0.228299459785384
0.267044063072557
0.117621945350685
0.0806740454451143
0.286097074915489
0.263891118198364
0.014728981009775
0.16451158725807
0.109576613020111
0.114313214810006
0.30495931583106
0.310602602076672
0.131733912909414
0.117948092430264
0.196019096053059
-0.0338652008718465
0.233313450651512
0.424244211840947
0.105804828996336
0.265377655254723
0.291658391523321
0.102699477791929
0.263234411199895
0.230215377284543
0.247426328846096
0.308416854054386
0.233715458373509
0.164445518390068
0.288604235131121
0.12108115789469
0.311408764086443
0.15692180556469
0.221398388887794
0.100117796164453
0.259908831917153
0.310946914032907
0.251211129205011
0.251752168144512
0.178629984885106
0.283166512498974
0.198729165565469
0.389836104421481
0.229235592891553
0.142735691069775
0.259459898633551
0.244623901152248
0.190310258899619
0.271789014885957
0.310554850811309
0.190524204244543
0.355457714982483
0.190716731177081
0.190991816799886
0.291575494653682
0.245376872733827
0.270187912940745
0.356515090432
0.382641080747677
0.313888618808509
0.354197896194174
0.247363630025472
0.319320971313337
0.411017126283236
0.237404420353205
0.407749313016383
0.254697848548371
0.421420239573144
0.373508824875694
0.34146191459006
0.357998251564027
0.367624085065241
0.269633287399346
0.457006704064469
0.490499279854858
0.364212464799483
0.413142217932962
0.36014052501202
0.179714754668565
0.314633900934031
0.0606343514511168
0.328328100818716
0.322128903625822
0.365868609369224
0.339802855789599
0.5338234379725
0.342083759800208
0.155476687399237
0.442288941004348
0.37365644060688
0.471921289351261
0.442560285549975
0.398527513200241
0.432365262144544
0.4415970184309
0.351856960893402
0.472511217312938
0.240997741022426
0.308715478902331
0.418984199774579
0.284857505716971
0.472027073195056
0.283725129718975
0.494573963359015
0.547327591911271
0.500133181139054
0.344028799939657
0.36206386002091
0.22287042508066
0.415950512292836
0.333754722305944
0.285806439331635
0.392818301395408
0.339965130867742
0.509209180856839
0.228903122650888
0.533132378988297
0.58328163416302
0.386590884235504
0.378888817412953
0.535310313262413
0.412000964484303
0.437259027891074
0.300200215899303
0.42787482718872
0.512325276963237
0.321344694605479
0.367942844595308
0.446501363155534
0.506591316156455
0.513616003329105
0.475827648562378
0.406545600916026
0.518296531499545
0.40816492302393
0.389309874301623
0.453388093290915
0.512473623489475
0.34786935570882
0.4482572370095
0.639918974247406
0.588313688548384
0.452041158398183
0.305967741751606
0.551818996106455
0.601746855198701
0.489178094448201
0.464029523457195
0.484311766665945
0.409215662071894
0.369060422561945
0.646397473525607
0.636053334851938
0.446386319786307
0.484813394003978
0.503989063466985
0.491401446699689
0.47247511298658
0.494033253007707
0.587666613530581
0.608690636511573
0.424508991029142
0.400899264717995
0.496302439596668
0.681287806084364
0.578644920362613
0.50713744790041
0.560531501653734
0.594283816867649
0.561020460857254
0.417421215219488
0.610157340290007
0.562646420718879
0.516059620465461
0.688311605619915
0.478776911983931
0.474527776630188
0.435376670272401
0.41554695013504
0.622195944404189
0.503259488188774
0.573272317105285
0.675035469310184
0.582993454551395
0.571153534503761
0.536812246274767
0.544534593796239
0.638970031961834
0.545770752512169
0.54286553692861
0.361091234182739
0.576616659656208
0.588852485707164
0.485406309996396
0.54253664670327
0.504132409152955
0.781005826913916
0.80440447830137
0.549942001069296
0.735783911470066
0.678869275602867
0.629192452533421
0.609945739687751
0.662038909347846
0.558996333532463
0.569684021605749
0.590051389237008
0.620505207485918
0.610232342177626
0.752573211104541
0.586096210429921
0.456052357259998
0.659281645468183
0.487025167015859
0.561379886339524
0.40568783657711
0.60720035435349
0.646533430088641
0.712179884978495
0.533526991150661
0.498160879436465
0.65051981997134
0.677851955871635
0.5079228395593
0.633757896129234
0.697355645458981
0.760928730785747
0.508554277521205
0.739649759060462
0.462020521653218
0.622763766109784
0.532126541896365
0.64771034668157
0.596409684303101
0.704150654477347
0.753493832057394
0.7284951307379
0.671074310090172
0.685768783684915
0.710508232968986
0.679401616983608
0.606854692902033
0.568566435375386
0.668207884899254
0.73887559079452
0.794011958218875
0.564156545749076
0.699376861192421
0.649918286810838
0.702586138408156
0.58758042611678
0.790558106854778
0.720404463350089
0.815656004693442
0.686841986850563
0.732262533514168
0.593641639640988
0.675546883366445
0.874270263552335
0.766720702838802
0.774725599662122
0.759090344669011
0.817425865876098
0.936918807645669
0.641120213427239
0.74338324330352
0.567951275622197
0.729039726039892
0.685505583387319
0.670492832429306
0.709270774950772
0.819833062028651
0.686066650017978
0.680991108987877
0.579407048065866
0.64422534127008
0.837418188856574
0.8688138676573
0.697029404882834
0.75738488627641
0.794022129818203
0.761699258059166
0.637190916003986
0.790445510800626
0.765916511553019
0.783902636428806
0.663124809184154
0.729208472827448
0.634041080867068
0.799019616751649
0.801911529138915
0.646783915860136
0.786427826987616
0.664698104429449
0.772899915473754
0.700675733439928
0.799738080302042
0.717529245349513
0.804135439105475
0.66848873427557
0.905764010716911
0.709528824399332
0.886040055688995
0.845478641549295
0.681948806222757
0.764083279962421
0.87288193168964
0.642397444126898
0.692234356744229
0.919917110625316
0.651271012147613
0.858648167352483
0.831880007516743
0.915087284197432
0.756345203629028
0.920023435104188
0.826395464315026
0.801456755223597
0.720633181433379
0.874980404180589
0.736228589956412
0.727943647743041
0.7271721233811
0.702047675149237
0.899014077128476
0.759044267898767
0.857077898393463
0.926989958213407
0.890863895608971
0.949627153482452
0.841610040954943
0.912070966131027
0.898495004105131
0.832587506189275
0.782417012254563
0.935868500925496
0.874295962587495
0.950565745449511
0.772975836775669
0.664810716452235
0.852905064115845
0.895987250924544
0.87407481678444
0.95712047528489
0.798794832964429
0.963915077186514
0.847212149462653
0.828102471347298
1.02027592033902
0.855432138966489
0.812748131625505
0.825108127781774
1.01797431035435
0.763577040510954
0.867661347586656
0.906544721134613
0.88294174710674
0.91867521921774
0.73306215780033
0.832799411442402
0.963839631045312
0.698993816280093
1.02190070072938
0.914153439596191
0.927931842722028
1.00037111070238
0.919958121839076
0.895994532564737
0.88798215663378
0.876972676831708
0.882534388913065
0.907263513193226
0.834217758801715
0.846934260732681
0.94774374585013
0.854236679231208
0.958917161961563
1.02615950108493
0.950220343942349
0.913234047668798
0.906738087581482
0.981509725768837
0.916937087185957
0.866771888197644
0.773019778661587
0.913396468676953
0.890138139430914
0.89816913341762
0.912556462927946
0.900797644524179
0.811924596753182
0.892676166835708
0.935944545392791
0.949172844822165
1.07478620950849
0.956333432953287
1.02593678419525
1.00545167289413
1.0094818662518
1.0258360697733
1.17667062942735
1.17683849452388
0.928634012295631
1.05627448214796
0.942669088660965
0.983336544585605
0.997742056034315
0.934806117570524
0.976058168519352
1.04471442444837
1.00631178413701
