0.0373036106431117
-0.908584013306846
-0.918783193963282
-1.09579498927776
-1.01445386655225
-1.05179149723732
-0.953002647434895
-1.13871967884064
-1.11729792640389
-0.963918517156199
-0.904043892240971
-0.923869100020229
-0.948732138705389
-0.958875667265046
-1.0459150902286
-1.02699835711807
-0.839542802213435
-0.806788969938244
-1.06734666108446
-0.965855765622042
-0.978599314848135
-0.943617588766625
-0.971402529624696
-0.998446412955348
-0.869287772958064
-0.906307542944298
-1.00721079070929
-0.870044470750967
-0.85796016015166
-1.01608839063069
-0.763970046395462
-0.927017018476056
-1.06349593477545
-1.1749388859457
-1.00961451397406
-0.884291449945204
-1.01547797267703
-0.901350781930696
-0.936950302766973
-0.892909621765632
-0.745677516860307
-1.0085538933536
-0.74247564853914
-0.777236415301921
-1.03667641541955
-0.959495041268706
-1.02494742639739
-0.748951102773584
-0.895013746950639
-0.940380326798705
-0.98187107953609
-0.953775220163078
-1.02781214846884
-0.922431880072032
-0.837026855472536
-0.864143954848673
-0.967560486646086
-0.950662111348089
-0.831496569652683
-0.949894269180969
-0.885455605493254
-0.902045357340301
-0.933662777315634
-0.899660839607207
-0.739752200071123
-0.783077767191495
-0.823035379499888
-0.765755824088783
-0.749387296533056
-0.912098841783543
-0.707751957159907
-0.960870333852992
-0.808676028884423
-0.854527861523224
-0.810799737897497
-0.859519250996564
-0.77082616747716
-0.794046927891084
-0.784965738871629
-1.01092204941587
-0.714653412275494
-0.815829970610453
-0.700669526311714
-0.782481150703075
-0.931302286476436
-0.747642732774249
-0.852960985699385
-0.837120647851875
-0.960021019090019
-0.7656026630343
-0.818282164828724
-0.827302587478459
-0.871364148307506
-0.813954571378563
-0.798914915321961
-0.764445402793782
-0.725097625796693
-0.892963927030069
-0.813871178506315
-0.833152838662859
-0.767437822079439
-0.598609242561942
-0.709379213333318
-0.877922868690501
-0.874458021699775
-0.693069547889217
-0.870911400014798
-0.749542834356959
-0.727373406216879
-0.797242945567727
-0.793974863962449
-0.879558974737186
-0.669954893441645
-0.737011207640407
-0.842194408670469
-0.826775795207525
-0.67442217468812
-0.803079190497603
-0.728813211731402
-0.607813661818159
-0.764905260192673
-0.675924588821763
-0.711989372767406
-0.927863177268437
-0.828529256786865
-0.606654478458751
-0.749728081030492
-0.644841432697114
-0.707157498100292
-0.776250321414507
-0.790290026125313
-0.763934277944415
-0.725295885059666
-0.677053953318968
-0.736340367443091
-0.976468991974907
-0.829195326162105
-0.760562899453349
-0.759424913308683
-0.652713704327027
-0.535591851585854
-0.608460623481809
-0.792272255618595
-0.813474548751558
-0.716812133191479
-0.812886788115275
-0.691073498230168
-0.750032490548505
-0.836639185678336
-0.592804289744086
-0.660643511541665
-0.728245222101322
-0.676795543521989
-0.822521458342153
-0.771745935601482
-0.670248713012854
-0.651022712889954
-0.670473958788348
-0.616438395161605
-0.608122350240143
-0.648473798081821
-0.690232594146004
-0.788867343402651
-0.718460053509222
-0.767434848378673
-0.66754900506315
-0.667528104900443
-0.669978472494989
-0.623303728947883
-0.727862905996696
-0.567346174116238
-0.573679163094741
-0.707344335711232
-0.655632735266798
-0.725949580807863
-0.665144094279519
-0.718644346408516
-0.586508361681781
-0.573865744962762
-0.589381082042931
-0.604072032829536
-0.716582776492191
-0.543590030288011
-0.692235097969899
-0.715817672940963
-0.52110170336234
-0.689788304833383
-0.570230996854461
-0.551325579580144
-0.663987301430779
-0.713301484146256
-0.614641880928001
-0.598354607270761
-0.738987852877
-0.49900210270209
-0.523564927476933
-0.659445372352946
-0.513982059464762
-0.723036678088022
-0.496448036442186
-0.719528873755916
-0.589731280415215
-0.52748105197694
-0.604831745288952
-0.59655505332284
-0.633015371865543
-0.527421264144321
-0.695435129409636
-0.672537438407169
-0.526974588518619
-0.697220737305347
-0.610230759204595
-0.498602186969461
-0.689508651698433
-0.63244382461131
-0.576072089108228
-0.467586435503868
-0.611246437904921
-0.637271967805025
-0.492219750080393
-0.57327417462035
-0.636809673529371
-0.505776302917069
-0.735807193718157
-0.776265224423958
-0.602305247257054
-0.569137106799585
-0.512188324283701
-0.538787004662174
-0.442731588294897
-0.585912273494313
-0.528848656899123
-0.587176866774763
-0.542257248793795
-0.493498437995276
-0.55327543459136
-0.390981747701405
-0.538876392603481
-0.417783598386911
-0.457342766721325
-0.492250240186635
-0.554864748996053
-0.629364824921594
-0.595115830561542
-0.437141966246076
-0.273017662211913
-0.470780682097148
-0.561346567414967
-0.455303787480764
-0.375981788810547
-0.564695932349701
-0.397505319232706
-0.677129697201431
-0.483178533473118
-0.660917546194738
-0.530416236864069
-0.520770009673441
-0.350927595272134
-0.523393031197187
-0.554521676640838
-0.435453021264328
-0.395451371470235
-0.364578137397873
-0.450168355480486
-0.568292836945855
-0.426904837379504
-0.324358224373053
-0.483353355730645
-0.370949944717801
-0.508289195158458
-0.348459672536363
-0.41138703315018
-0.516697208445643
-0.456724544024781
-0.572592212662468
-0.486366090168129
-0.275070796394214
-0.567585792500542
-0.567103396615709
-0.412675095905804
-0.442984479940204
-0.511679019449031
-0.593217028553939
-0.603024495429017
-0.576410495070106
-0.48462219905239
-0.335747259282631
-0.545239305267338
-0.488713639745846
-0.403401956503987
-0.609383062508221
-0.301212546006543
-0.433535908974494
-0.296478992264645
-0.336673833187056
-0.454310440150082
-0.466852673897956
-0.525686276905478
-0.366579542201799
-0.452292266850905
-0.409161992350986
-0.513964931386232
-0.336159642198504
-0.400693738058261
-0.361580705703812
-0.281421129425225
-0.306099530961903
-0.374760837555234
-0.386855741997821
-0.293305249927539
-0.365909617662457
-0.484929681737853
-0.563974804680531
-0.481509603565742
-0.429442277739403
-0.388252803520347
-0.466200280089296
-0.270702504612007
-0.359507346096747
-0.340730073593993
-0.361858582944735
-0.360123602807544
-0.263806610264536
-0.41898448819001
-0.238971834254614
-0.43750693286505
-0.443999202498337
-0.254041545500423
-0.387224578102565
-0.423347725180075
-0.426531477645681
-0.340065241388924
-0.323498721145989
-0.465123289060281
-0.269194255482713
-0.190141251715204
-0.398602596908203
-0.2744747141568
-0.266359420090333
-0.417476142497573
-0.294641600795085
-0.310530069103697
-0.367543111377468
-0.257372613485915
-0.463249736401907
-0.234561657156493
-0.202633144445019
-0.337770372898339
-0.316396510966476
-0.316550603252923
-0.368280132520527
-0.191947834377896
-0.267648626875536
-0.145642553016679
-0.0978050447752054
-0.345107925271192
-0.387868455045937
-0.249775228388861
-0.291111970091885
-0.224989451349977
-0.270781402910569
-0.273045112684223
-0.333930845255494
-0.457247026657495
-0.493387807938951
-0.229512369742311
-0.154742930421342
-0.269210624001744
-0.257898737274203
-0.440616612605041
-0.299699079977753
-0.129362089873745
-0.352426277607927
-0.181627351661454
-0.161611241573155
-0.175506707892298
-0.355426465700849
-0.315485822294624
-0.129603232562142
-0.197281289621177
-0.191365357177215
-0.260608248309963
-0.326863515677212
-0.229644380309491
-0.287675668456675
-0.141194844412539
-0.169918958375563
-0.129235166585097
-0.205920325575915
-0.480952885013522
-0.202770352506514
-0.194095181317827
-0.23709418908371
-0.192215733469679
-0.059172901384406
-0.268188836462218
-0.255679230903647
-0.133525231306108
-0.165919561663499
-0.312909376402056
-0.270428784147675
-0.360381144526502
-0.237161887246555
-0.171508223561429
-0.324832238941927
-0.212008860292161
-0.262894384306534
-0.170437107050567
-0.192958818212499
-0.140866785125199
-0.208386062437876
-0.257312790124928
-0.0802834671773489
-0.1247147101528
-0.167596446128727
-0.121297868113015
-0.047325398717268
-0.152635090066619
-0.343346098060466
-0.205381934424976
-0.266968016779189
-0.173149103921384
-0.176402163198983
-0.172679350360343
-0.318596251822003
-0.102746517024967
-0.217320286503264
-0.205903047686548
-0.1866234159216
-0.125085069475441
-0.25913175284875
-0.064824764575292
-0.245134983883526
-0.0501544045880296
-0.0711479889287548
0.0651911770138572
-0.0740271445272726
-0.18322434155007
0.00540169388346388
-0.0291004759404866
-0.0946968719452411
-0.168536836015673
-0.253087964292615
-0.0802981161809562
-0.106457444874649
-0.10320471477117
-0.147705041932687
-0.00361426984056452
-0.0615210594454722
-0.00597279450892703
-0.176642523520743
-0.170927731563883
-0.128549175142996
-0.16317337032718
-0.0847554568592829
-0.125284327745804
-0.142565400897854
-0.094574189983998
0.06421923884046
-0.172739835880147
0.0102109992358128
-0.107546688973063
0.0835478895081972
0.0923616058417625
-0.0739710132235816
-0.0899998770149039
-0.124467810032431
-0.195307706456484
0.00270186780237385
-0.101195542558426
-0.20482355940694
0.104771366767289
-0.072442557010885
-0.129323272529881
-0.0198044698294492
-0.0375554441803796
0.100098582279425
-0.128238421981589
-0.0291352263682213
0.121236980175644
0.105333844611642
-0.134446469827475
0.000329253425860336
-0.184441691650679
-0.00623642222809783
-0.0388324437732301
-0.13256018436749
-0.0857877441485544
0.00578273246034799
-0.013515685451298
0.0725622064765824
-0.116259815074505
-0.0512262315911314
0.039229203610477
0.0816681910276236
-0.107777491177207
-0.128302473864846
-0.185430996341521
0.0584486546084649
0.0201489781445914
-0.0123222332542535
0.00280410121971785
-0.131464597001238
0.110496333659614
0.03375151234184
-0.0098119479963877
0.00684972467610131
0.00523570074858837
0.103085952358233
0.0890430490596276
0.179940110579357
0.00218904473017682
0.100301182634291
0.0640680896332437
0.0766176215591911
-0.0680527458897376
0.0303977327487014
-0.143452299206409
0.0735722251785011
-0.0262285834228931
0.0594866298021449
-0.0172313583965272
-0.108226277520623
0.00812580911622479
0.0272692264272111
-0.0644991118683896
0.00571101710154931
0.196001877372575
0.0743638611959654
0.0208357264462008
-0.0523658117607963
0.141692251569045
-0.0357837784234889
0.140089128013032
0.148173332895143
0.0202157363804321
0.0715259942733685
0.0486259845289079
-0.0148660746111375
-0.0897910764429016
0.0876895553755524
0.196310539763235
0.155147633338111
0.144582488269539
0.00126999354127491
0.105484848987232
0.0175395484717104
0.0661217693105121
0.101530746977086
0.0334372575282764
0.0469816369443204
0.160741493165069
0.0477638591600237
0.0923139317188608
0.0276599171621412
0.035956873433601
0.172241108957372
0.0657243183698839
0.183091858868787
0.215780636904845
0.202052880090778
0.249840077010656
0.107402367205831
-0.0502203491914949
0.099492148777514
0.159044610895118
0.206433444344431
0.147546946567198
0.386236199659538
-0.03536521670864
0.0499233075024303
0.207113625174758
0.0930412709102027
0.155073441929843
0.230974810637899
0.0339882534964978
0.000168269189284839
0.0887499994990423
0.0473820079392093
0.183244545713138
0.233340051662099
0.254302255926272
0.283154130793158
0.288134577374995
0.090252848575919
0.0656297967753121
0.165418517048287
0.215918538887535
0.116562243531898
0.262894087296849
0.295787079874914
0.166662569873798
0.288337479219983
0.0908703361758984
0.286158215609328
0.277205701210071
0.264597083151204
0.06776782847023
0.202819467984292
0.268485082810666
0.14665830249566
0.165369402772082
0.324752956150836
0.231910790125642
0.168068009629302
0.196369867613063
0.216085130169487
0.172521170216354
0.315510779812368
0.0436011558366568
0.245734850110973
0.143461672842543
0.129498045265549
0.244223261426114
0.279437186562594
0.256405224337776
0.233438845034754
0.0621081627130514
0.241219454204121
0.148482995281966
0.218789477531536
0.228055525316425
0.250446048315955
0.282572453997903
0.302969014544743
0.254167208918359
0.287721034331437
0.288002894725938
0.257839367723917
0.211784441888334
0.17643757815574
0.204104721635679
0.374069745042488
0.436920298014015
0.423195819243392
0.178378305985633
0.221422180194161
0.109964563552545
0.262849351156405
0.184486357527561
0.333513530605313
0.412601001922987
0.145634234770514
0.293934023883903
0.352589401081654
0.183804835800756
0.334918709194839
0.454732254244718
0.307895678407618
0.278658227067774
0.216506010213165
0.315370999410799
0.248804603335544
0.45864011177054
0.379458783073909
0.322432019196244
0.22302417629791
0.26480010293136
0.405815859343489
0.325918181870911
0.212017913261476
0.444885717820163
0.304611306275416
0.388238716870517
0.431913648291129
0.24002869064
0.398516762706849
0.166660290975523
0.335586308239281
0.249916022190559
0.430446887759416
0.363194602569879
0.267600067052695
0.485110474651104
0.395228466129716
0.260408673432485
0.295870298745182
0.426952289786991
0.310824783280497
0.361499471074705
0.254357048126296
0.437520235790276
0.48084421052773
0.326067674007699
0.248237491691991
0.35159603727301
0.450107163583035
0.430181585034099
0.362849648235422
0.327529291613779
0.367385210383501
0.336634560825949
0.486859478739293
0.417596210140082
0.28890827218454
0.421153123734383
0.278615953924408
0.322829994708905
0.382098863120747
0.480666834863062
0.361424931904288
0.48309158571889
0.459001943942523
0.33808914166826
0.327951344762828
0.429705882761588
0.30497310965165
0.331774726309702
0.331322889656985
0.259349878733482
0.314548282685287
0.462684300762194
0.414567688169347
0.436979701128897
0.31319639622321
0.476574634161406
0.395501704375024
0.341499716730448
0.426153195643259
0.448934282983413
0.441203865117823
0.417513985665873
0.673293926813457
0.461966753988043
0.566825846744079
0.487808458677525
0.41671859627811
0.408061399043282
0.397197885659885
0.434299591988241
0.540954255383307
0.570325513767883
0.363010659649694
0.416682411117095
0.522367957495641
0.552087348394297
0.566114346474289
0.504385195100216
0.668543907688534
0.321118378377137
0.379560751045838
0.426257766283078
0.519994654214328
0.528199648321087
0.56891134938458
0.494014122030919
0.489310785057853
0.641375892746126
0.459618912127292
0.284617700163394
0.436036412027685
0.521552509309261
0.587583099549149
0.364493285060753
0.622334787825811
0.492988217851822
0.604996815187771
0.608483201280296
0.302015088973389
0.555724512471668
0.519765117922204
0.646826737508059
0.53507366983249
0.495104158597127
0.421045663909142
0.456900948368443
0.405870494057797
0.580141124006975
0.424132749781486
0.465556058419549
0.43794313666576
0.509359334203852
0.518074854550262
0.635126242488844
0.353602983878076
0.476526752399851
0.507793437470062
0.527882557759743
0.613756178739937
0.601624279239125
0.545265150686226
0.616818036709675
0.7424714137814
0.592398828708425
0.600175293078121
0.678242006329706
0.545275547356625
0.642065238496107
0.678534476662226
0.468797766821074
0.73999145685814
0.739965320223597
0.7333797374994
0.407519732663832
0.746648168723482
0.488277220019731
0.682149781197595
0.527408440247621
0.528304389600496
0.631373851148623
0.633146294340843
0.657883067630973
0.566523330371109
0.706686331807192
0.540379470023546
0.768837819845943
0.550325854635315
0.555805282490375
0.62621155667168
0.519545546208879
0.63473812016651
0.503202814614744
0.60195736208549
0.496529007634999
0.704431803683512
0.67902170256452
0.603135658826164
0.748381510847377
0.525393244103931
0.516064789524177
0.683578057563381
0.490057387013955
0.627037661532256
0.579191678402077
0.669621553556887
0.613498424838922
0.550883104824943
0.741850048283849
0.517053382611161
0.75895975759921
0.616065191510232
0.710012657877253
0.668805399910758
0.652817283120445
0.717513195789741
0.639578847315323
0.593747266195625
0.753725112887409
0.831028741218348
0.739498607767686
0.731905515614867
0.552526672264968
0.746806609860485
0.70723572921571
0.697582890403026
0.659193226931668
0.687257333047324
0.69027499203231
0.744466293597232
0.532615526593586
0.905483998009724
0.696277802623799
0.74714175661082
0.724355257176516
0.587252674415223
0.843366661423495
0.710000083162507
0.773543447990126
0.704801488226216
0.816118762511478
0.715232858775067
0.670347457746936
0.710340823436014
0.829729985882628
0.816741306876641
0.728015670538392
0.76499006577379
0.675883775238881
0.687258045112161
0.748224437856974
0.747232556824933
0.851794368799704
0.486144785923942
0.791980185080433
0.766298414398951
0.86639475158144
0.741118087664394
0.876949247648415
0.721928775843785
0.811530958325848
0.684808726132
0.921271277400242
0.812840546266158
0.654184984817354
0.93157732500672
0.80920143811746
0.696958532102173
0.774889328074869
0.649769826219549
0.755316283604457
0.785531252723689
0.663081035158186
0.806682997631581
0.876616132433294
0.842583911009867
0.83136845508764
0.826138388979582
0.801785225627859
0.799270873323746
0.779245225115101
0.668479194869665
0.854984064455572
0.847751977112567
0.820099921315788
0.689166446233864
0.705767046746826
0.844069541908943
0.871824723232609
0.865233413270091
0.924061185313172
0.726003382006706
0.834845445184544
0.931023112380765
0.810274428207189
0.759964520037119
0.896987743154705
0.832521912037916
0.691546481484138
0.928701785378166
0.690683728383535
0.7045229327993
0.843905970860494
0.818746309670303
0.930530393786571
0.895347373667645
0.93460911566634
0.829144553711553
0.819101460794929
0.892374142706138
0.773330442357345
0.807572168673364
0.776612911667961
0.78124994325497
0.799187273962752
0.834581570784535
0.893411884300998
0.996865833715294
0.842230743708664
0.833722877819361
0.83071576263429
0.974746787124622
0.859025124543556
1.08749178429604
0.93083784710827
0.868795700902878
0.899337666647775
0.875813259226156
0.858538828191894
1.01118627025635
0.987523687355738
1.02874527146393
0.705591930177764
1.12590801273862
0.787897385965077
1.01953994819926
0.933948023208151
0.864155027600151
0.880822577364698
0.864668672428233
0.932169395801039
0.939893994082697
0.966130972606847
0.913209314953535
0.991870607875123
0.923783188316914
0.961079098541334
0.936666600527427
0.956702515873023
0.911764934440993
0.90324223365563
0.882410589017143
0.866796489650157
0.953745107777566
0.891664457516389
1.06462428298186
0.875469269638428
0.906629130377573
1.02956016312014
0.989306243890656
0.901989632951248
0.89757135183747
0.88590773391492
0.942334480413242
0.93676159396026
0.905638315323539
0.922826021997384
1.07476534983911
1.15704790942661
1.04212798949815
0.995900308439057
1.05442024817691
1.1531363515946
0.93360256322731
1.03577895463071
1.02417262146497
1.01199388111635
1.02408613279405
1.04665340382774
1.17739985046437
0.965894841919749
1.05664659117874
