0.0102215519173193
-1.08460506651269
-0.986818539805237
-1.15710629218071
-0.956188310838605
-0.984095742561172
-0.897090844188813
-0.998544106558525
-0.834179317673427
-1.13806804323211
-0.885552718057778
-0.95816070600441
-1.01952095603967
-0.991030406894719
-1.01168430844549
-1.0457823344969
-0.944610298833585
-0.967800953400107
-0.876304934843198
-0.997928069383954
-0.998987276767113
-0.968653902008461
-1.07060281472069
-0.897993500233078
-0.813193275128391
-1.00496481470539
-0.916810424823258
-1.02420248558059
-0.966371953034961
-0.902238053270643
-0.889800607826584
-0.946745324794951
-0.960846069789477
-1.05752922839517
-0.97337166096748
-0.867509050236835
-1.07148542994533
-0.931905519632288
-0.876950680023582
-0.823272796007266
-1.00272078275497
-1.0013750056175
-0.850696580077993
-0.867390240639025
-0.780076286354362
-0.967094767897084
-0.949799948734561
-0.875983542992625
-0.97683279964617
-1.04909097988937
-0.919730952179382
-0.879777286103767
-0.943197805204813
-1.07411167196997
-0.809464784237357
-0.756463199082091
-0.771301831510486
-0.87440540335577
-0.821343604993272
-0.944518019451258
-0.826030148804868
-0.801506167072066
-0.947587008829005
-0.932783522290312
-0.877997166995083
-0.938950979822987
-0.777284829306471
-0.745258433484412
-1.02487825981307
-0.772925232071182
-0.752931073229418
-0.803340574987337
-0.894303522264926
-0.903281377350552
-0.854472096567207
-0.972359883659279
-0.909734728356912
-0.860918564098988
-0.704579167108095
-0.872763975747696
-0.874002588277551
-0.844083169482658
-0.784269196886634
-0.944923720738649
-0.90981024852467
-0.925488424140536
-0.665610648953616
-0.84348648802363
-0.684231670582302
-0.951617680753676
-0.867460522682496
-0.777755985947587
-0.773376871667333
-0.83138746247464
-0.675227638967129
-0.971022720179556
-0.754572842015544
-0.812830932371808
-0.711114622623265
-0.760524816486025
-0.859811070557724
-0.9430863991938
-0.640722466660325
-0.699351182418638
-0.87931111104532
-0.81881080903508
-0.825059702284532
-0.859040846103214
-0.784615268980449
-0.817421009817193
-0.800739179124231
-0.812258937461445
-0.811290942238802
-0.62700729868713
-0.783440562553369
-0.862835905558191
-0.782622067922493
-0.763619071043019
-0.864851314933184
-0.762002397784904
-0.798200781028589
-0.74230992523749
-0.694511868476176
-0.643721790964858
-0.842877680417668
-0.861729891345483
-0.846254893274866
-0.58827663196081
-0.781811528856031
-0.835297873169479
-0.846682043202619
-0.901096188311829
-0.76125963628232
-0.926753939082909
-0.823926954837564
-0.723099425669304
-0.775885362319502
-0.679207357484656
-0.625650865011607
-0.644893152257048
-0.808496911367038
-0.781965857094035
-0.683389493873725
-0.767598098340685
-0.639549914621653
-0.699046226999344
-0.681368515180106
-0.544535037295317
-0.721706899206867
-0.705057988740586
-0.692646967764172
-0.768169638781797
-0.708436637911349
-0.664825160501211
-0.677965494738262
-0.627453888170565
-0.576350274751439
-0.707249110244722
-0.511233354971362
-0.671028718621689
-0.664142837075001
-0.657025681673203
-0.672147925230605
-0.652913451465012
-0.739626885104423
-0.800220512122429
-0.60933077454954
-0.599607489133112
-0.561178418416687
-0.654201461024725
-0.500052528694285
-0.740914944985702
-0.674452483157044
-0.670820215450589
-0.656590129282914
-0.605545873638532
-0.703435121239308
-0.719138572136367
-0.472533682748762
-0.70317309715877
-0.549537349940359
-0.766962321454835
-0.675006239032231
-0.665745471731228
-0.53343298916604
-0.675272027800435
-0.618543010449928
-0.532387466905797
-0.512648218931918
-0.72475718993497
-0.753949571253255
-0.518600225127327
-0.494099103375719
-0.445739841785054
-0.713667352763629
-0.540331153847193
-0.562492100649194
-0.548591453487492
-0.715219345990103
-0.613901429799268
-0.593877621253514
-0.670748837636101
-0.547768740456817
-0.61361216550661
-0.679246888108036
-0.708782109587639
-0.639536359140086
-0.66199773313343
-0.437601844164163
-0.537237881425599
-0.673980051873305
-0.627729605428727
-0.521845337762882
-0.612853635713824
-0.602503844425669
-0.567677584697478
-0.462994979488373
-0.449991645737303
-0.621541301643318
-0.618058518289878
-0.568464781412359
-0.573872249168433
-0.595704780996407
-0.61056468345441
-0.530009585238248
-0.590838878101291
-0.613306173836927
-0.538842671344374
-0.570297538118981
-0.502252246433351
-0.575788280156067
-0.617037054795639
-0.501348673823618
-0.499191381328976
-0.460956311093345
-0.588760772630595
-0.484536432392014
-0.593001727005686
-0.573529612547958
-0.428587686840776
-0.489099528129337
-0.491539517313335
-0.453288264075496
-0.52524397727113
-0.518074870391508
-0.517150177330706
-0.405217733253462
-0.411947395172209
-0.403828946289509
-0.368326615883663
-0.530029345389875
-0.382656411126112
-0.528050647651048
-0.335491460310986
-0.491773366591103
-0.638937807381415
-0.39832967812294
-0.59219824180281
-0.472045145311257
-0.504989601987329
-0.396853618313679
-0.475865046290416
-0.458644334199075
-0.432444771431158
-0.510050345740563
-0.416961468494364
-0.563250801295745
-0.516343452937745
-0.481423227394771
-0.563385109026311
-0.425734239828486
-0.403207263075222
-0.472436225146437
-0.52523382735825
-0.4968372040067
-0.445838188397647
-0.372348730674802
-0.485633765265865
-0.367718229565434
-0.403919372615991
-0.470195392625421
-0.404574548786302
-0.539514890434799
-0.341365348110524
-0.534668175273253
-0.541380382306987
-0.574031500534548
-0.467272930881364
-0.408987045475571
-0.58289243128527
-0.258856095584556
-0.492766722664412
-0.428827013709172
-0.470744580497875
-0.310434613267721
-0.448829437620771
-0.332226930911693
-0.439640659210483
-0.493355378063099
-0.425747006297132
-0.389264331475003
-0.39371047616055
-0.252452776893264
-0.385650289215019
-0.500836337185277
-0.440038879514213
-0.395572614825754
-0.341033588768034
-0.369508017056888
-0.286133962744477
-0.330696053090957
-0.389628084977456
-0.243796616168502
-0.346098842064871
-0.302500874801889
-0.507565278751622
-0.511823087074014
-0.332475098557972
-0.284635296831213
-0.28891832741437
-0.4362749839986
-0.370368191529485
-0.436506001878865
-0.402534004216223
-0.334123931248761
-0.336333400072332
-0.406638412439529
-0.348766974364655
-0.288813319184346
-0.357386635602114
-0.402441867319104
-0.432726471161251
-0.465187717568466
-0.304436765416489
-0.40278011805094
-0.331739348028383
-0.458501270521989
-0.317067722122266
-0.265212318860028
-0.221441108777036
-0.490264926896234
-0.443285129915992
-0.291980657551873
-0.32856511546182
-0.380370624448996
-0.235656554947652
-0.311550021294692
-0.102691360545648
-0.319929709973809
-0.312045612673173
-0.452250757031928
-0.358714219783452
-0.231523646178203
-0.37480628131024
-0.321968764813284
-0.359856558585716
-0.273636056345587
-0.351429224992835
-0.209370780226232
-0.34337133456213
-0.266864862450924
-0.279349921152288
-0.267229625365858
-0.22441838086063
-0.11214614099239
-0.105876585204628
-0.251207648546256
-0.399989301788117
-0.171707163790807
-0.262095852368725
-0.18415324743847
-0.239024854565548
-0.37647106697125
-0.213301734011347
-0.2320995385493
-0.231332710940934
-0.189444908324123
-0.33530693996983
-0.38032365731556
-0.202242972458367
-0.210344843241461
-0.22565182469683
-0.202788561765374
-0.197776394333118
-0.342979427326066
-0.121776681512104
-0.226828947417438
-0.206947576353429
-0.265910503289026
-0.0457729582356307
-0.318838849319278
-0.151789892463327
-0.344333482682548
-0.308655980039481
-0.124426993262355
-0.215556843599569
-0.098020237955499
-0.295892768972211
-0.304174348429831
-0.208238758316356
-0.240378460480288
-0.126707532341057
-0.0943545486171427
-0.176621878455244
-0.248613178968172
-0.068972896715544
-0.10998647022631
-0.191976360075433
-0.208070652940591
-0.220788767477949
-0.302636251404061
-0.184407673411318
-0.134480105867352
-0.25096052641237
-0.179343601632597
-0.213487708212596
-0.293586077698895
-0.0984382707097426
-0.10250823875017
-0.191129517317472
-0.0582387213470465
-0.109112692230242
-0.0811903580617006
-0.204523781397504
-0.135132514435785
-0.0810761693419329
-0.254573065222307
-0.0776005828796414
-0.112721750683177
-0.123703467606401
-0.00199918550795939
-0.105957184983442
-0.205749368467126
-0.112978219903901
-0.0570034110032093
-0.212688722669901
-0.210228251848437
-0.120558880735339
-0.126536770732344
-0.136402528718099
-0.202697919448303
-0.163605276387709
-0.245784129076149
-0.137567552077756
-0.0542100273334026
-0.0320280656435659
-0.0492460413264158
-0.13912205028317
0.098188042232335
-0.227259457250507
-0.0143792354888136
-0.07808185592247
-0.0726334677125101
-0.153483533301622
-0.0908766721060644
-0.0837122998901876
-0.0280014002760108
-0.181048698110313
-0.0588679968171654
-0.0799348242033929
-0.118287627077086
-0.129670794599877
0.0182109363871176
-0.0181053959812682
-0.0975720761908544
-0.0824613130832917
-0.110742604426016
-0.0817891690284794
-0.113419237020632
-0.0412251384540382
-0.0518547904497251
-0.128497072496883
0.0728373459423864
-0.0533557562395373
0.08896261978483
-0.123642103756493
-0.126234598562477
0.097881525097155
0.0436916421216312
0.0676034530533798
-0.0417123986028812
-0.0318714393184847
-0.0712900771781688
-0.00965735282453557
0.116668370168626
0.00978026923073815
-0.145404189076672
0.133306081472528
-0.00139535740616006
0.105416563630321
0.102631654538822
0.100942724408922
0.0182726042995323
0.0547300992259387
-0.214333115514264
0.0629154815620186
-0.0422253290724131
-0.156437161269434
0.0259902528754039
0.0411879503743437
-0.0384963898979762
-0.216844003746223
-0.115185026680863
0.00223847170241062
-0.163494920345163
0.00580629923693078
-0.0701833129037333
0.00462019628136523
-0.112533777039038
0.0336143677373417
0.062350111044772
0.035716846617554
0.0795256888766756
0.00652210699975719
0.140300827648276
-0.085909776868556
0.0609813072560523
-0.217665011846926
0.00113042148154489
-0.0120212370992104
0.0451260608115015
-0.0527137854939697
0.137320149611688
0.227459506447426
-0.0163361483535068
0.000553635978051367
0.0217271536335347
0.103052403136102
0.0348823721577216
-0.0553925911615519
0.178551532601303
0.0038592958550542
-0.00160826063021379
-0.142546597347042
-0.0412198059230874
0.207706328341895
0.176650813202558
0.0283326539417686
-0.0430516230340016
0.0570947288669742
0.0472118218018975
0.194537594534054
0.201401147003634
0.128952059849771
0.0632223514820039
-0.0341145091439508
0.143491736390893
-0.018177558195846
0.0459182527874611
0.12150995955101
0.238820216805592
0.0653013996142312
0.11959868434569
0.27312324010865
0.124395555107122
0.278860218777366
0.0204746529012288
0.199857119625064
0.131796574552651
0.020712777157779
0.0540153128958695
0.16903196682575
-0.0157389156982586
0.146208809522138
0.120438252444504
0.225527989467687
-0.080366587132656
0.207307177564331
0.23500510350973
0.0543558922311444
0.0913127073303881
0.0862871074906245
0.252593693972769
0.172972118008857
0.294866191226843
0.1711186838007
0.297604097681589
0.309736854449881
0.230549931143788
0.18088375778763
0.108003443933653
0.246902416846769
-0.0338995580975187
0.113603776676093
-0.0217414752923786
0.0349826659695994
0.111345507908756
0.0267193557220774
0.185859759488558
0.0413270651581225
0.182223721744338
0.122833346492378
0.230943170320473
0.167853415223404
0.114207840679277
0.233634512449998
0.0501964063210619
-0.00768949736011729
0.263488239257119
0.19460180994918
0.15583928328092
0.0616493005471662
0.0519357744352321
0.245363929541904
0.258394888728984
0.218202769578983
0.0448680427166556
0.140270967344621
0.343939352635282
0.353881167767426
0.293761030155561
0.0661380676744308
0.163700382039289
0.243852061834629
0.194733088052327
0.290316815915342
0.199310468420475
0.211474267845977
0.116594703291799
0.243251438679448
0.279235236669216
0.392917575262338
0.168150198668023
0.282402088830309
0.317128363605249
0.245026384558808
0.317666075288442
0.197592224594529
0.244291822233595
0.113290770588038
0.333913319975461
0.406329400565777
0.410980862109094
0.30237454073453
0.358639596213368
0.374332179993022
0.243362506024787
0.279151416620012
0.271074449309814
0.175594023133867
0.245284424552392
0.3603269783749
0.320762334037379
0.146127766608599
0.274819819565653
0.209318203542831
0.372224874310107
0.307271621302065
0.316249456800608
0.254827317481747
0.314253081508026
0.369062575701052
0.407538382918879
0.414059624407809
0.437048799147356
0.243576522500202
0.213216941957029
0.245050500780712
0.254617088087569
0.339900024337723
0.259966237114555
0.347144618681413
0.367667628018006
0.238400141936336
0.314570324797606
0.168311275158208
0.222577389199375
0.336465792155053
0.372270594680808
0.40263052460862
0.416151210966888
0.294700558340802
0.314420276638676
0.397705098725842
0.391513136372616
0.324958926064541
0.293580605237799
0.23622676626082
0.419452584994234
0.356125381249698
0.434091085095502
0.273570436053274
0.23846676822517
0.295878454743663
0.248378442143496
0.376592897753865
0.390042672662171
0.27727128738609
0.356331996783772
0.289906571468165
0.298642186000934
0.357976437119494
0.390948757712253
0.420068270645239
0.222171917066269
0.476878857815113
0.347516394012487
0.480361608117817
0.308922853053401
0.378915653482811
0.424165844517797
0.201301068511012
0.421207624990556
0.339950299705583
0.544900108514008
0.3640085816141
0.52790648237785
0.140123422217118
0.403121669244239
0.510069806396343
0.31936600833194
0.374230578903371
0.401624330646906
0.516104173450956
0.431969079798203
0.380882643300119
0.455036781037542
0.341785577858844
0.555696572737566
0.26513466260644
0.454074275300823
0.582558771788596
0.382860282520009
0.264469745954391
0.370851194910093
0.559012428469419
0.504772874114644
0.546921738237948
0.512804114111226
0.466537251992255
0.415152652708883
0.45095982793639
0.348937223229279
0.514993095339912
0.382964564251586
0.484619864056673
0.48412734643652
0.37684473651238
0.500314564698943
0.605583027109993
0.571690158470636
0.587736790351653
0.506259667174042
0.596556889522854
0.609891929352603
0.660211739085695
0.33270592171512
0.457074056826658
0.577573015513237
0.565289748409462
0.427913721921908
0.422075487513874
0.539571889721158
0.58855459942819
0.440198205710771
0.553655033917194
0.482372752882494
0.517149969774216
0.490408966021084
0.626611807037847
0.448725735234634
0.690704110292684
0.486582713811486
0.600211265178664
0.594180368243943
0.367005089022806
0.616589215649582
0.322675048047657
0.567658167765427
0.587289242566827
0.559949079718921
0.501526482944816
0.49074949379788
0.593169211221148
0.579835862040787
0.586396012688611
0.625969263949291
0.557768147331869
0.495709639665403
0.59457028424986
0.51225459686304
0.631853815572838
0.578806204909689
0.537222561860535
0.443043926450565
0.538804464491876
0.660061316966539
0.560633402759105
0.619685379783595
0.500190045238556
0.622929903873612
0.55884589706469
0.528507476858901
0.421435374346028
0.511965981622894
0.730513317807279
0.693856904953625
0.549891055335623
0.722842705893968
0.504659485908679
0.541845229923649
0.628194982094607
0.692070855670373
0.58205075381798
0.556443249035404
0.572603615614103
0.57754609219521
0.638143496140294
0.651062343099875
0.707216027049992
0.6344130309845
0.637596429824889
0.613990330152561
0.623276384584591
0.667122762761845
0.590180950961356
0.614705341574942
0.635219134078599
0.657876178236101
0.660792600856981
0.627224222717986
0.594842660274467
0.51042958074675
0.664265816265366
0.62705014563254
0.806075206424455
0.478786962460912
0.732105647829803
0.712449805604008
0.580063843519638
0.653447023354934
0.536395757014046
0.620142123475672
0.602764275127826
0.635327118395539
0.656309841872012
0.719649134103644
0.53148482356087
0.727108901833246
0.653887545663704
0.592338233747792
0.664210880210479
0.78640765257198
0.66759192648421
0.615439268794054
0.727407038671911
0.637674819219103
0.733418441718182
0.714618610855098
0.680222583340171
0.759853423778024
0.653188328125136
0.668666064821456
0.714367543337785
0.702077178996532
0.717057163726796
0.739243211610913
0.584673997006692
0.593486280086021
0.771472990102073
0.742423929686491
0.725138037384499
0.730594958333548
0.660638283856082
0.649587818487829
0.677479661426961
0.843530981687382
0.637303059003405
0.747368520631852
0.815691662435875
0.706377980383576
0.862610505615777
0.66281901532461
0.81461854833704
0.758275698934075
0.809313938637288
0.701848930970626
0.837369559839148
0.842769129811743
0.774496756194066
0.68930129518804
0.71911207959613
0.874787828463351
0.714055742599608
0.732549634308894
0.71212960534742
0.746500526901858
0.850188143179591
0.763591721081282
0.808384397671397
0.899553699720236
0.744439283719053
0.729714468690656
0.698736123860432
0.833053754226089
0.660431297854142
0.774440374382427
0.78284917044784
0.890012983763203
0.85671074638791
0.887140509334843
0.871996085305829
0.722579966699936
0.885778487858772
0.72271717402124
0.806632632095244
0.824284026520745
0.900708849142724
0.97523177727719
0.842465557138423
0.872284354062015
0.724087854557299
0.789005705371867
0.760342727354914
0.98165088500044
0.78121655117104
0.800075362835338
0.804585933989542
0.593726854406053
0.817103858927748
0.915396488073398
0.935747392525886
0.807566551069259
1.02240598609706
0.770578496720073
0.862311343649896
0.831504432937388
0.791448180824078
0.837581680391434
0.759228626967632
0.822635491654259
0.837218330760573
1.0392809304286
0.885872909197611
0.828261795389991
0.888825615533416
0.918713153065952
0.925386170530464
0.852474398361882
0.859103393729058
0.889127728874674
0.881500840564289
0.908500159838664
0.91005430091461
0.94191987967771
0.76742407730581
0.96196406514283
0.754509109493396
0.967221143020831
0.917002881064758
0.814245549250705
0.867307823758751
0.990094755884391
0.971304574857286
0.923936769213021
0.869538355799051
0.733611001445405
0.942847076994292
0.964914715250597
0.943807929381343
0.884346407519347
0.928943650520377
0.935925607511254
1.01930385544888
0.980748258128692
1.07793886879099
0.945605862745668
0.903877211051319
1.00508144365379
0.866045106091317
0.960262309722037
1.0330411191858
0.972135361634821
0.907835992067898
0.864517717946643
1.04227610535307
0.98205791316792
1.01809549752352
1.02308754584883
0.92913405915898
0.978151459381305
0.937537492717446
0.859045089238154
0.811373656137215
0.937582216474319
0.84623360627027
1.03761829531276
1.06998839035118
1.03984143487745
0.92376637928619
0.955498501222622
0.949793152027419
0.902331576204116
0.905173088940155
0.987269717989579
0.9040561804716
1.17389360715333
0.940574936616725
1.08633731190584
0.909507407076017
0.986239868995402
