0.0540767105994787
-1.05033758772207
-0.942175818223737
-0.921057052240165
-0.832617566006076
-1.10253675148007
-0.892466615361294
-0.964751752669121
-1.06475647315146
-1.05485290920239
-0.812061276672537
-1.17438431615147
-0.933018870367742
-1.0732504254874
-1.04390010384143
-1.03071993141361
-1.0226287601097
-0.80244131411181
-0.873474771776632
-0.83885915170441
-1.10554176196377
-1.13788828043093
-0.942112710356181
-0.936326257518779
-0.920974628057665
-0.782411017483641
-0.84277583673714
-0.901638967883008
-0.955999826826974
-0.961605710772899
-0.927526150621049
-0.87623118763432
-0.85354756312473
-0.926356262015939
-0.920014333488312
-0.968223260682161
-0.815833690821893
-0.8302572618406
-0.870641054800709
-0.949424015491728
-0.784345468996749
-0.913640812732173
-1.07336068483474
-0.852345165073358
-0.976890907499974
-0.900226045530143
-1.10278169689332
-0.941820110891803
-0.937532755801932
-0.724757742043365
-0.978878566893463
-0.825829957069645
-0.879731838252888
-0.905485638205851
-0.889935386786382
-0.79103566394876
-0.973600636360548
-0.978269517473794
-0.965232231594422
-0.838341252022231
-0.82034811525254
-0.937403858700182
-1.04342223864608
-0.937818575187121
-0.708012378693951
-0.803696195685346
-0.988418346526161
-0.92378571357449
-0.936092626098235
-0.916300948539974
-0.773670300738484
-0.758599641472206
-0.794464060375484
-0.761994779702684
-0.962861021037969
-0.928710549049528
-0.759964149339208
-0.804694293744984
-0.853504988503176
-0.940689973441496
-0.777916133473336
-0.854332627804027
-0.933051828584056
-0.851503079332286
-0.887747758167611
-0.818437426177551
-0.751636767011301
-0.962600990545398
-0.771805130987885
-0.903680867305495
-0.871834630533638
-0.890379439149051
-0.746633626408773
-0.870378656568908
-0.821853787531783
-0.779813502235609
-0.748203495902251
-0.812802469445768
-0.942175496382291
-0.830933349503333
-0.729970934607182
-0.916201295300564
-0.882343829301852
-0.679565946988965
-0.861340198180331
-0.861006086412811
-0.8582887563685
-0.629289827856046
-0.817888672973431
-0.786681229257844
-0.827771890303671
-0.889527878642894
-0.8219873080091
-0.718281587677456
-0.914713147276786
-0.730234866939652
-0.672656748002909
-0.811362484865686
-0.742352490561931
-0.681619078278517
-0.678871518913879
-0.810404727340762
-0.807973445485593
-0.790055559715332
-0.65700696393003
-0.665013292418888
-0.703811110450029
-0.757120679804715
-0.790211195685344
-0.735177990217484
-0.766685072572814
-0.781884539008617
-0.843703555230141
-0.574885132034679
-0.748294777637123
-0.742106610781491
-0.730100776856199
-0.854220329670348
-0.788387580252569
-0.816268138209312
-0.845004457243639
-0.703169646153282
-0.565571600392776
-0.734099967232309
-0.734956017505342
-0.577681019123643
-0.718288662293563
-0.625570663240606
-0.724728788479259
-0.65349255352453
-0.655558359913733
-0.645453373102897
-0.742813366446917
-0.548990918386789
-0.65731815091047
-0.682585669291496
-0.648579251293827
-0.66223822753924
-0.584851912110173
-0.659909153210731
-0.640737092194871
-0.803413372696602
-0.609561564705488
-0.748331965751306
-0.554548876779
-0.661573080770787
-0.823451886831086
-0.655083637657202
-0.587547754261593
-0.651980140014067
-0.704233033318437
-0.615626683558125
-0.734494641055825
-0.682907794062654
-0.691788395455274
-0.656593731642444
-0.57906963171095
-0.600971832172422
-0.700587258157684
-0.510832367997912
-0.628255037141745
-0.611332404694132
-0.647212389230836
-0.855498460017566
-0.594932113627789
-0.563923105422963
-0.73607995115315
-0.620614890889107
-0.664418525988796
-0.717473405597283
-0.724827646719074
-0.59819083107186
-0.55218443341435
-0.543659141368574
-0.633447589527233
-0.621871402125074
-0.511455796213147
-0.705211297515202
-0.768817671579699
-0.689832635532903
-0.703955851357968
-0.592724106459842
-0.520216329637844
-0.580108056911203
-0.527312931496412
-0.499199730976738
-0.600197507690468
-0.6325608268004
-0.498706360148724
-0.475281454789081
-0.680125250962379
-0.6743484514697
-0.748319611953483
-0.534613973427849
-0.662737466890284
-0.603516148355685
-0.656970402104538
-0.492499008113286
-0.851899135618312
-0.593097580318139
-0.469935935024549
-0.645213060409604
-0.552670672458553
-0.589930378237972
-0.611582233787986
-0.505774514068068
-0.509394025251251
-0.48880555005525
-0.543965379558514
-0.507258608732274
-0.684122437394153
-0.527199990546486
-0.322200661491788
-0.638015347148159
-0.648084970276092
-0.58618717177726
-0.653861741299748
-0.47010325789288
-0.545634388037686
-0.545860608304703
-0.478865552540354
-0.395078273332461
-0.609735379611875
-0.621625583063472
-0.475668485404125
-0.496420354957391
-0.446422954522537
-0.396416160695307
-0.475241584749092
-0.546472290781476
-0.635121506217949
-0.450319400705092
-0.442525511497859
-0.522228769863802
-0.521670535364632
-0.51639720393778
-0.519950525056087
-0.585737346535354
-0.45465431590943
-0.532002181740921
-0.41962253595957
-0.569790091135265
-0.434143384612595
-0.494078517964651
-0.565984671414549
-0.569039560246843
-0.520476325478164
-0.490789450351588
-0.388315061383033
-0.507788713065834
-0.564804813311787
-0.442913316892399
-0.37333991428547
-0.496321169954322
-0.36074237020584
-0.466398621683836
-0.527277588024036
-0.501233694446053
-0.335548023531119
-0.467631988361282
-0.466139995506803
-0.390175221615798
-0.435376390431562
-0.374273506426186
-0.394645920310032
-0.333249803081345
-0.521062373982253
-0.537161228896317
-0.434504658187924
-0.533180030449557
-0.458166876564037
-0.501425160768974
-0.399336364251982
-0.47171209837542
-0.477411243103277
-0.381461321280849
-0.401193094151076
-0.405489358197446
-0.334362111315613
-0.475460992050647
-0.464219415899187
-0.385616940313628
-0.339841438413961
-0.364378059200742
-0.485686873108257
-0.482218947345861
-0.433472376838062
-0.377907454116471
-0.261591893634158
-0.425526910725474
-0.221127735246061
-0.262616427877312
-0.33753021763276
-0.416155561292263
-0.377867599768139
-0.413534432216386
-0.360809365694198
-0.338863712554054
-0.332753193234242
-0.348099991546377
-0.329479339840629
-0.228079441125598
-0.449688818661517
-0.359839145032031
-0.356487047804294
-0.318977700465234
-0.450162843099396
-0.25595684011313
-0.407037128933356
-0.420061492582862
-0.42980175392578
-0.177954572193762
-0.322916559967373
-0.371036916278533
-0.274741983373094
-0.378065471659156
-0.230295414765211
-0.228470636687213
-0.314373163166167
-0.292936098192975
-0.387786208537868
-0.400128631833979
-0.17402081675258
-0.413971387833916
-0.331801289308593
-0.468690724343865
-0.419418264674946
-0.402937717976513
-0.153984649822582
-0.368253129249628
-0.423936852150167
-0.321096154406375
-0.410335514269144
-0.25735900804466
-0.237169281730366
-0.248390412301371
-0.320126393654365
-0.216191791952792
-0.412249727642383
-0.161360249963273
-0.288643437684486
-0.379181789531861
-0.249197884779304
-0.368614676259364
-0.338956139110078
-0.326969630120886
-0.268287662928401
-0.404412711887987
-0.299809959137552
-0.366577024507503
-0.178571328062574
-0.302383314440865
-0.15558040402485
-0.252379654822329
-0.268339046368441
-0.273501551410755
-0.191072988956202
-0.146892243318324
-0.354450922668813
-0.195961857423831
-0.218893753767978
-0.250895802672268
-0.290333168498642
-0.236771072203476
-0.0308334282266959
-0.202969878965144
-0.117037363930776
-0.160603731957003
-0.167696023857032
-0.405899381186855
-0.247840925990261
-0.21542800406678
-0.248833146809315
-0.257763651634739
-0.373166654943712
-0.32847935510628
-0.175701206237128
-0.123992723763342
-0.182761760183075
-0.200082398722081
-0.240723236321554
-0.246740581989756
-0.326138122742756
-0.294617243293161
-0.189077235127681
-0.0918499694355878
-0.325309958316347
-0.125217621896525
-0.089968041434103
-0.154270541190316
-0.174371172763261
-0.257110252048822
-0.0395613077325062
-0.124577794992853
-0.174646605921559
-0.0928223148083925
-0.291885249269799
-0.187870746985842
-0.244461107593589
-0.147248287709248
-0.176520452207348
-0.117869105557399
-0.167317310641107
-0.184080515117053
-0.126145795744271
-0.189551077118172
-0.240759150299373
-0.0895340116751629
-0.140067691637597
-0.0261231534723303
-0.273875653962379
-0.240613582619325
0.00783756748810717
-0.106579321420813
-0.240188428376795
-0.30985776341386
-0.0726957154466561
-0.193692544187326
-0.212691792003422
-0.188286653197488
-0.144723015478127
0.0969688483911068
-0.256388495365667
-0.0755061137788956
-0.00238245275535739
0.0167173720157909
-0.0472300596368545
-0.188668469444288
-0.116709551139071
-0.0239717355062891
-0.122673843061911
-0.0276220158558258
-0.0308094597937104
-0.179903663298063
-0.010986010217588
-0.23101909652831
-0.130152869237322
-0.0864110548833831
-0.148363292940482
-0.0156359857319859
0.0237316608925143
-0.185827818685331
-0.129646777628479
-0.107382265577788
0.00989962170181234
-0.110384502362141
-0.0778644101729578
-0.192912180828464
-0.128148919003544
-0.030798992059189
-0.139119048269587
-0.0295812200050129
-0.21059690040342
-0.0226089270996791
-0.00749870570994873
-0.331548962085887
-0.0858936081731863
-0.0385975147424653
-0.0283544186730316
-0.0343712719626778
-0.103952517637706
0.00371790593762921
-0.0845743279330251
-0.204944702724887
-0.107243566283936
-0.0125990765811364
-0.104102647861286
0.0717896264641044
0.00855441588860068
-0.106604201710353
0.0550051870454531
-0.00516262883171183
-0.0159218839413875
-0.0439704656865026
-0.0407097935920928
0.0176561599074616
0.0707701402707042
-0.179537608689504
0.0436834652062891
0.00423850244400806
0.0480258985273346
0.00352960637870753
0.0606599214801488
-0.00757242130830114
-0.0023192932430481
-0.0309226469905308
0.091446207951726
0.0949760700521841
-0.0270677750302027
0.0453383637590653
-0.0659496943988787
-0.0338646604878005
-0.033950280034774
-0.00207576179238472
0.182113286001666
0.0537256019108469
-0.12695456174816
0.0194808645500671
0.0695150656217402
0.0861415446488243
0.0525317532427947
-0.0697299876173119
-0.0266291831028376
-0.155593001292431
0.194473155013432
-0.0068252492789799
0.31072084243854
0.167441916324297
0.0773915906414319
-0.100731022625335
0.078646068873306
0.0471854798561236
0.0102601866688836
0.101753457040262
0.125649743075809
0.0512482815091466
0.0139379151385182
-0.0432343291676893
0.0747011849159914
0.0160821131861892
0.0498666549403064
0.230624103044113
0.0968066459610666
0.099389870904516
0.0535544844895082
0.0645644031815111
0.167533598604848
0.1880092438057
0.176025489704391
0.0208500424134045
-0.0129831805956207
0.19399335252745
0.178400877868739
0.0780348324516723
0.0210904970912946
0.110204661777104
0.220393726514449
0.25607646104334
0.104588158860902
0.0401792529146539
0.0684622181041672
0.0487350853920578
0.182940423051779
0.109143719490715
-0.00613546805298527
0.148007968552531
0.177721373313208
0.0310935578362304
0.1333587175558
0.134308648164539
0.160014993806194
0.194793497566553
0.130192532731117
0.0968366481894539
0.0859777947014842
0.142520483610153
0.154248661585931
0.0639526818238455
0.190527424929077
0.172486710738022
0.282689956404279
0.0660709611972773
0.266403203842354
0.107422439018708
0.143864472368213
0.0846042861605363
0.298852524788535
0.226452439355832
0.18600496949869
0.183435699622737
0.0701897119872165
0.227299561421643
0.263988741352022
0.041298934349205
0.124451976616285
0.272073740484978
0.130674042944377
0.320923997292821
0.183187609091487
0.216696527063131
0.0717002556843864
0.21541199688614
0.134476973934686
0.0718864797834908
0.206159365337492
0.204144153338834
0.224547940317103
0.213520838624262
0.249099626995173
0.220947305855013
0.178338964023645
0.168033851803789
0.0988242287451905
0.295026790151053
0.119221315264767
0.323998108228179
0.0271035937270902
0.213347590843724
0.327739368048945
0.339272616517545
0.102546213388529
0.24934510067407
0.36513324808852
0.216806599580585
0.293161459218163
0.133533120901992
0.429178946881502
0.299620008080218
0.326163518450649
0.015282660967376
0.167438825027108
0.259098531730122
0.342477848405826
0.223886133220505
0.256235317203667
0.281531025461243
0.304804855586637
0.170010323224801
0.166564994541747
0.235352978637269
0.430283510416083
0.384397880209808
0.265933581419232
0.291504338965681
0.237498692698789
0.404840872686285
0.0597180329699102
0.342641667813243
0.303938587322656
0.287421106231921
0.318902294563163
0.251795940911156
0.273987987599994
0.249085611632017
0.266301280475588
0.302332808980042
0.191357621551371
0.321632390511341
0.230986753689525
0.341385489566043
0.493201882041251
0.272200872071072
0.255912287460665
0.34838551764204
0.304760027370129
0.255453448150976
0.316108536258271
0.403471327527635
0.371150168114452
0.491961419896719
0.464104539987623
0.532605727382358
0.448128961338212
0.164796159056361
0.395497782642807
0.449170086643737
0.438122345540778
0.279896571720774
0.420756670008363
0.421625028145258
0.324722848057849
0.269438917195925
0.322643333198086
0.360095139100029
0.315246847950953
0.268480155894926
0.367897545764575
0.427238680096315
0.392330856847488
0.365832335515611
0.3628464809667
0.30803292435524
0.421229661029711
0.295946168483984
0.273921785179862
0.283700382066427
0.195665914918086
0.454800035313473
0.388229239647817
0.504572766202853
0.28888518263314
0.455723286404899
0.336640065810324
0.462910439184549
0.189490925017387
0.361257522980849
0.663159729801609
0.340707465407362
0.455813330313997
0.192812783559687
0.43513708833095
0.358486766927545
0.308219914538583
0.430051352429505
0.270284794238014
0.525693320977929
0.483949619894822
0.415608452999716
0.405532522248732
0.355302177503296
0.488148447189162
0.463439133414613
0.403824795402251
0.435243244409624
0.418053783907797
0.455319785009847
0.36810682990173
0.384961840057175
0.585161353596419
0.510967314243665
0.53530104401499
0.435224581920701
0.39646257269034
0.50195797555568
0.44218678551861
0.56538979122072
0.493428645716173
0.459900839264437
0.476655188222182
0.430839584486022
0.560510364735585
0.453316331414468
0.480841237262976
0.497344876395245
0.500058658332386
0.445061587115094
0.634425374390376
0.393773414527127
0.447072929894516
0.56262710621458
0.559365699773752
0.58157455073201
0.475149266160558
0.394792846586374
0.574260708737255
0.43424944018836
0.480544871690048
0.474380653679184
0.608294469525453
0.649076306008045
0.4331559667504
0.498103331192622
0.631085050135601
0.527213443199393
0.677112014227937
0.608877345906846
0.548273296089444
0.540950186383972
0.503151451544119
0.530820971356605
0.492670881409942
0.600188254889013
0.567762744436245
0.507313617669319
0.547392522422041
0.656311024596994
0.499162817973976
0.642067322018148
0.549477427307583
0.560379798106281
0.605803611534085
0.723681450938787
0.602804784163226
0.504482613357544
0.538188255274887
0.60084603664477
0.690101112384767
0.566665149280003
0.494761540874453
0.600949678552368
0.52253708577886
0.679642351988576
0.741244726486261
0.518928383419596
0.755793743925605
0.501460808869444
0.450618548064848
0.546094998087204
0.634366981049466
0.548413524639259
0.762740344910308
0.562426175658515
0.630122249972235
0.545032359438325
0.542615510742021
0.511647410761808
0.547514262999547
0.653329026705801
0.636516972156216
0.600273231451964
0.628167073434721
0.526313653040079
0.621491206597124
0.632142928598721
0.530910602849933
0.749063060750069
0.631308202251832
0.693212568701422
0.659922461450438
0.677190221535114
0.781518434962959
0.585473173028453
0.793968358349499
0.777622231136112
0.724834774464735
0.700576392706432
0.58372693405506
0.636035091736557
0.674625064241339
0.627997702229275
0.542259407630797
0.656373368270475
0.648157481601833
0.629901561581243
0.698430052432181
0.75086483906887
0.739251487602305
0.699798897554247
0.707513240087725
0.644727970269228
0.537404856261561
0.578507608111459
0.57364528103372
0.778665611698496
0.655068002764099
0.951536872244817
0.793459876635227
0.72068442994625
0.721531291830142
0.8136853269896
0.715732529507232
0.749617886389539
0.845152660006654
0.609035440021384
0.573386090018254
0.619413669778504
0.818228602993325
0.616799824116412
0.711579028795239
0.722617703031953
0.7932327257799
0.636615647214338
0.866469756442676
0.675663181034338
0.637881233627858
0.697506657138636
0.753789162942797
0.713533557837962
0.700415998786538
0.755115718360145
0.631660035051625
0.663511871208211
0.746160690282855
0.853726816994073
0.755907041919518
0.687242010633361
0.771745430977748
0.655166046192536
0.809557015453016
0.808658716693652
0.752348884011267
0.809660052290921
0.773587924657389
0.808323351907208
0.962381528679205
0.631083915119177
0.821081810744357
0.807476207303734
0.765377904796746
0.769854499511255
0.791803908984471
0.921854881714719
0.797151002909407
0.77723485352225
0.91213682910005
0.635297552340998
0.832026202602312
0.919243348464255
0.693019040262557
0.802189370826097
0.890850956534252
0.647662408748082
0.83986622657189
0.91940886985332
0.744887344234819
0.692330912651665
0.698103417313784
0.822468736369594
0.979197042248063
0.908738496630688
0.909754014683007
0.793431820499349
0.719650471854814
0.676490180824414
0.817432864254165
0.717106037730105
0.827105298569396
0.969488574409165
0.873888970602958
0.765332278509039
0.673408120977554
0.809514586782078
0.951009239298022
0.880038126539812
0.939658975678697
0.843449779692065
0.793984810041945
0.857614455130274
0.91453988205322
0.764274653427557
0.685825733960591
0.829283883524461
0.939788157742194
0.781006133919457
0.945398392155581
0.790637159976831
0.692521125909146
0.83549739454465
0.932630256560278
0.821949035480501
0.825109137403007
0.861229388912803
0.902615694856901
0.861009172874694
0.702874672421587
1.00669412479088
0.883233137358451
0.839405703573591
1.02657713669358
0.900731441191672
0.768247072033308
0.924405458620572
0.974855124819312
0.858517351010103
0.89967010315756
0.971409080524371
0.886628491241933
0.868934218717384
0.799728249124796
0.932743511895143
0.982795794128009
0.862675752454282
0.900778257895737
0.881221126960313
0.936426104539864
0.972732789980676
0.890678242493142
0.861297983674883
0.894522275249
0.894483046723713
0.891617328479501
0.783676803028562
0.897437966457102
0.9709070258785
0.924668764662331
0.983117806009639
0.840458378106691
0.920925222437875
0.962950661557275
0.880931658775463
0.819409807824167
0.885638994304946
0.987347022891099
0.873287502470753
0.987461586402256
0.92924077604223
0.897409882362961
0.94973814343165
0.980159509776346
1.01178381857583
0.93294809813527
1.00263646434988
0.832386706005699
0.774501520364123
1.12624776916531
1.1088091089943
1.05781963436761
0.945467830321698
1.07201730955944
0.975327943104595
0.951148518553882
