0.00201399351002357
-1.06285947651327
-0.92453511227328
-1.03270867930032
-1.06163779321912
-1.03935699924174
-0.876100072819518
-0.997455007110077
-0.941223685273465
-1.10300018421886
-1.05126712797019
-0.917116502224807
-0.952978802524087
-0.969946300437811
-0.903044625756924
-0.95568974199853
-0.999101877762147
-0.869147486988829
-0.803186905223438
-0.864149387050374
-1.05147986901507
-0.868736068013557
-0.929071563757962
-0.953555220091669
-1.00732962829095
-1.06787555261571
-1.024791247958
-0.952842114045554
-0.812762940205494
-0.906834048444828
-0.999607617060884
-1.00113478388053
-0.97320465323837
-0.991781705337241
-0.901141769971464
-0.80807485936073
-0.957039588858998
-0.924424825641301
-0.912088940351009
-0.947680898203789
-0.850022333545596
-0.860254864965077
-0.869968472675641
-0.961626340713138
-0.809392716496433
-0.906019324509435
-0.778644468017124
-0.804563858683514
-0.983616322639586
-0.998286590135345
-0.932553993806692
-0.952375367456304
-0.745858331209613
-0.92023256168942
-0.879876343628702
-0.818044022452748
-0.884607986469709
-0.826873614441432
-0.92891705887371
-0.903193856357817
-0.923857883379747
-0.869637279219766
-0.897462798403049
-0.904728011719848
-0.932105816827733
-0.858227857029501
-0.968611072277563
-1.00972171361135
-0.978565083981496
-0.675528675976893
-0.925526048652465
-0.979482146333428
-0.745138705362862
-0.891754692879485
-0.781942673760849
-1.02074416426383
-0.798588953382834
-0.67271833109955
-0.96894532786216
-0.907928598541637
-0.911220039228811
-0.963085317327347
-0.745780947259928
-0.997316793417416
-0.930661398675386
-0.779670355309384
-0.929099489342641
-0.80973918269049
-0.861599278741052
-0.734125910771999
-0.858398081822098
-0.683848541249659
-0.910960819468275
-0.747383384266082
-0.919750251904867
-0.744042640338326
-0.622851637444275
-0.879555073666825
-0.725957913529835
-0.771483457709897
-0.860842748357426
-0.747082207112592
-0.788574651111949
-0.88207356991405
-0.835407097645787
-0.768159593744923
-0.76822793705282
-0.713293543748411
-0.774701036747089
-0.883535265767456
-0.845848797413572
-0.786838861857515
-0.862823447993783
-0.629788041720475
-0.83689529880023
-0.573163996100041
-0.793697248207243
-0.754442372210497
-0.84468445172987
-0.708845594534814
-0.756387571835912
-0.754439361725872
-0.715460309923458
-0.719582635392295
-0.6543629932959
-0.792761114657542
-0.839673389815782
-0.735503173082818
-0.756204775968386
-0.774275502654088
-0.891816131469205
-0.827450603813389
-0.64830067694634
-0.789251241983521
-0.587244245681309
-0.72696589157328
-0.869928212416842
-0.756286825490408
-0.782260543224664
-0.623684767328213
-0.829766501100187
-0.602774551066684
-0.866989388445475
-0.794639459739128
-0.739752061666667
-0.727542157636802
-0.772538872635501
-0.660003789431302
-0.736414827416056
-0.62510822253388
-0.749918219521292
-0.778376351650866
-0.663014480451368
-0.785128779213018
-0.811290019773507
-0.758356605069734
-0.767961614371596
-0.620701734333746
-0.60028339842544
-0.580154115549581
-0.756492596766369
-0.809135606386667
-0.685589407355968
-0.639273021624931
-0.536285960148459
-0.608740376784121
-0.690094089633698
-0.621528891040984
-0.638509550720707
-0.700176922397847
-0.629840227775271
-0.589882136000041
-0.797723456145339
-0.47627711114457
-0.723346307172367
-0.518862767096989
-0.664287955426875
-0.652251046753698
-0.797076704166295
-0.594535977847631
-0.76466420510156
-0.68162835331549
-0.699349936338198
-0.623578115480822
-0.649973743390649
-0.569678743913573
-0.706140815322314
-0.740438295429512
-0.784551225653144
-0.657335178118833
-0.691624261442884
-0.755704436941272
-0.564377189989121
-0.506107835472761
-0.700660524113185
-0.641698239010374
-0.619193795256308
-0.583736916221897
-0.594773234965955
-0.553174285482488
-0.452173395183191
-0.669512509109443
-0.540478331527374
-0.523893817293059
-0.66829076989931
-0.678155393808435
-0.708109113441916
-0.65190478034343
-0.542906615137505
-0.512001546586407
-0.567382786976873
-0.461763219903572
-0.613301912111722
-0.633040060171118
-0.526503617159436
-0.538056647926613
-0.536538116389131
-0.708127854034797
-0.49611415781303
-0.660249164977618
-0.550323332523282
-0.616739081392076
-0.570435869533353
-0.440326450730199
-0.589876427090669
-0.543104403713249
-0.507490435515995
-0.628369573331097
-0.508270068467904
-0.54144889563396
-0.375971903945692
-0.594651351505391
-0.525567721135619
-0.580750866731154
-0.774256828671514
-0.628840443730086
-0.610424446518073
-0.540534720621096
-0.593269463261956
-0.492489021562345
-0.463108293100049
-0.506843592734934
-0.433291374981363
-0.365587623308263
-0.393034591951909
-0.477326873347498
-0.525307372330487
-0.676580008075999
-0.503028150224006
-0.572605045224006
-0.392761585017678
-0.366528096184605
-0.536761375976451
-0.478815318372963
-0.481363650112409
-0.591523300504659
-0.43164032670766
-0.57830862979507
-0.438699652829302
-0.4704853322862
-0.372082562187702
-0.407934492316564
-0.55920277177928
-0.386145852624421
-0.370764493041808
-0.562502290081847
-0.573931129754729
-0.424415755878131
-0.503209594345722
-0.401369759189837
-0.51168512551079
-0.520693365796011
-0.348656203596259
-0.422422646832184
-0.599086360026636
-0.409910703603529
-0.433411916780713
-0.413400476496848
-0.66284564347212
-0.466386434051337
-0.552068944684461
-0.581716824331705
-0.48053603745803
-0.4544480822231
-0.441063658124512
-0.537433077066127
-0.498071635574112
-0.383110657416106
-0.417981537125958
-0.587909715026344
-0.458390837779607
-0.491188766204209
-0.490596546931138
-0.351043000768926
-0.441346982181025
-0.446510667303813
-0.450775619177415
-0.270039400998761
-0.542175394284096
-0.338613460592018
-0.483012516435668
-0.293679489353058
-0.434162799708458
-0.401120763989054
-0.414170689063355
-0.441329481232936
-0.376220272649514
-0.385227942081388
-0.485320237169877
-0.37919672949941
-0.337967190249681
-0.498809128011369
-0.370641700851395
-0.301726506781588
-0.485202503855516
-0.385771430941246
-0.559756054938252
-0.413507064434665
-0.257302631474831
-0.382335869872268
-0.515313046958184
-0.366736185332015
-0.28725205687243
-0.364259112182294
-0.343880978792072
-0.496058325072476
-0.352725024196711
-0.398413843967644
-0.320241371947936
-0.375069041745197
-0.3748008235736
-0.423142593843068
-0.2760605035848
-0.298926254629885
-0.289895258762929
-0.390249877654537
-0.479202495923516
-0.368852088800281
-0.485644436223275
-0.278702005881519
-0.448671522018677
-0.344354388085489
-0.232547408954891
-0.37622691595131
-0.292307146869363
-0.306139145025895
-0.36174780515532
-0.164919786119539
-0.296541740025617
-0.222225556985509
-0.265835483422916
-0.167940538400175
-0.3526833459427
-0.354385311804619
-0.416816185047543
-0.274926862236524
-0.379481369003602
-0.314127480685257
-0.314578649163756
-0.251545178200411
-0.368632098807238
-0.290739271430195
-0.275639925878777
-0.326104143896005
-0.396079998627199
-0.247757683165188
-0.257202599968702
-0.374086995118516
-0.302196626892329
-0.242925651293279
-0.240751724917383
-0.372741685131467
-0.217987845171571
-0.417084280339912
-0.23608110767691
-0.23845439177716
-0.100260190379443
-0.267873582885772
-0.194900724227089
-0.191142903999375
-0.135900667457271
-0.283347521378081
-0.282006250534978
-0.279177555209712
-0.31573264234775
-0.324354561846069
-0.316062702927063
-0.25919112219951
-0.27258153214197
-0.123172970082853
-0.313196121991996
-0.304816117596845
-0.401630375250297
-0.422911606352211
-0.125035101108389
-0.280291303390742
-0.170558679046987
-0.222884277997387
-0.363744947077777
-0.159834241492074
-0.196802112148926
-0.192443815078565
-0.327750392571921
-0.281356764190061
-0.146068506558492
-0.333558481296435
-0.051240051869126
-0.246481720361301
-0.327387911260353
-0.115441560019625
-0.237384340259017
-0.135628146853502
-0.289720140347902
-0.12873634212725
-0.191520090723917
-0.165829133916801
-0.0404311036715855
-0.169885846090361
-0.232612844745223
-0.143872722802739
-0.0777866222809534
-0.0453200581478483
-0.200304404338413
-0.275334244000912
-0.186490635166573
-0.142640984865511
-0.0851778466775182
-0.259139415024313
-0.178520584424526
-0.216328182678359
-0.155089027120542
-0.0999213896676889
-0.0965734189488474
0.00482045477656478
0.0562555765047592
-0.1916736461942
0.00276357934024836
-0.0641731425224458
-0.10983569291789
-0.194640581159877
-0.163954087153014
-0.158634578629488
-0.229989396699015
-0.198998743416776
-0.0559503088566151
0.0175888908758724
0.09365113774915
-0.0954571277924704
-0.222389268940651
-0.0689568535861912
-0.248114244066839
0.028423243495139
-0.0673734594935596
-0.288233313191178
-0.0886121177451123
-0.137870307271799
-0.0408913816061288
0.0676555165748322
-0.113737685934122
-0.102273694171375
-0.122390498772843
-0.153052090216498
-0.158550535694494
-0.00258565606350372
-0.00311181056548982
-0.0388388506917917
-0.0363333759538705
-0.0289400529217521
0.00917662128247751
0.00235792133172625
-0.0988671710788211
-0.211751081912378
0.000703345460558809
-0.116822801027974
-0.0526117727367321
-0.0882920701008493
0.00523819764390225
-0.00889555993458339
-0.0370133400760814
0.0402198200518068
-0.0116935298137533
-0.100896659590544
0.0425726383191659
-0.0616282972815701
0.0517853878100214
-0.160933949778135
0.074822143194079
-0.0182648794533739
-0.04911060567424
-0.0728580744914193
-0.0747550452414568
-0.0768043805561179
0.0507967376905711
-0.0531743906319707
-0.0980361284731103
-0.0172372561722361
-0.0472974439436583
-0.0539450992827431
-0.0920636764715986
-0.0656863243599353
-0.00866941281549665
-0.0199394856765615
-0.0515339121077756
-0.0136580878729013
0.125752436449737
-0.180706557919762
-0.000337205713809104
0.0880999088495726
0.0390911912843921
0.0721971509846893
0.039621799262553
-0.11858863590419
0.0957459666432328
-0.0392012898602195
0.0331407673224456
0.0136505969986092
0.128647323166498
0.0377661043055341
-0.0876421852362992
0.146384889615449
0.049559926720787
0.0267360471476337
0.0757610235784221
0.0563714400451947
0.00832912834352508
-0.029253730551331
0.142036214837049
0.150974154191195
0.0322655807830656
0.105777640993385
0.092710574456662
0.0190781651894016
0.0223476655911635
-0.0435414338163447
0.0965341651603874
0.181112838387383
0.00509300222559182
0.0857383727527916
-0.132757801266267
0.0550139257949582
0.136202994835196
0.0912732016883412
0.306521910382478
0.127979803074312
-0.130662645658558
-0.174853968261335
0.241814323361874
0.16235266553427
0.100475756571061
0.066665404981348
0.192172688922485
0.197141845320454
0.0171777872285035
0.0550563315761534
0.0502322262002023
0.200881783116343
0.135782052053406
-0.0364134569911934
0.158270292578685
0.205055651778688
0.26651413833757
0.253824473733113
0.0988504186915218
0.219198142084759
0.229081454759035
-0.0100467620095249
0.0622891385981052
0.129086992257845
0.115469617158624
0.15770638063977
0.131538259869453
0.207269730252003
0.164805569260074
0.132152999124509
0.100865915464385
0.150957730708773
0.136746429239232
0.139061175161099
0.198780195953459
0.156449912484799
0.229215580001349
0.0252025447594804
0.241387867093405
0.0124530420580299
0.287579140150857
0.253087277871688
0.110682811152141
0.362547053525555
0.280301012214335
0.22530301639724
-0.0233484445231141
0.136286558056294
0.121941589752851
0.226222183518736
0.199236516489326
0.22250674583854
0.351046543473662
0.247893136677573
0.308800945832474
0.246437439042097
0.229693572614418
0.0368879709760666
0.18992409787024
0.0554411508141587
0.224603891376195
0.287667178682665
0.107246827435552
0.289217784608686
0.219076164472383
0.097132779792831
0.314507027547265
0.129417039699238
0.0645870270971702
0.126438074667036
0.415795562924634
0.212666702626954
0.186720029959754
0.299567031258681
0.23818067487246
0.286929078750902
0.204249685741342
0.376210569268349
0.211859376718014
0.270491348062008
0.27413095077187
0.321804618189596
0.380463037672591
0.30609827439627
0.395884538012827
0.27341140262881
0.335681915568995
0.186770974758854
0.233537951461021
0.276208129612109
0.414248107023712
0.35827944234824
0.122451088411353
0.319422302608212
0.159249435522136
0.222760412762554
0.253618057985636
0.233978184215842
0.288127013978664
0.356007332428394
0.418703632039111
0.337853285472752
0.323431630565164
0.423002374514082
0.418120344821104
0.48341316423452
0.349707092024652
0.343808287218266
0.24110119774943
0.266807805177578
0.393689027132601
0.323523355874111
0.287420542558491
0.452046648000928
0.255383421473715
0.281526596744151
0.305208449388441
0.323809007120769
0.515770717764755
0.211007840842503
0.317258791271637
0.207416519423289
0.265123257065877
0.267542388472636
0.328620578977075
0.296617642743762
0.269065311913888
0.466911368388552
0.32809980352654
0.378521994891781
0.447079404016695
0.337194224134922
0.223222734725894
0.398278299663884
0.250416974752984
0.242241917204694
0.443730811999205
0.218083379062903
0.386935977498226
0.346318410712379
0.320934450121465
0.399583608227074
0.436671182867819
0.369098381357051
0.207728825933405
0.441253897673182
0.46703153330432
0.41768011577227
0.388953720155548
0.325827255003872
0.337161475666432
0.438675743887151
0.538354644748495
0.32363524600275
0.50005327800243
0.476511279025638
0.411699028579074
0.338866979318311
0.516969187412827
0.485162393037617
0.270994320677611
0.487564628069902
0.371971158247035
0.368014716209074
0.537598895122734
0.590873809633587
0.526457076778608
0.411480513358143
0.453902168609824
0.43360667455836
0.324240204861491
0.37293940524222
0.318876503924297
0.505915403650782
0.430445991448774
0.304569396183025
0.395381999142037
0.608242086535685
0.368653803638466
0.39891495026093
0.461747648802315
0.390260320607149
0.500763474818364
0.380967482939566
0.411986380167413
0.333505358396162
0.439214333568225
0.60033408403412
0.441022320585281
0.40726216442191
0.557376127054289
0.351956166252644
0.50760124493054
0.480651322525743
0.61028463122225
0.511331107606841
0.532671203653623
0.49539729524603
0.417667269924291
0.457273001496324
0.541859297654563
0.584741624237361
0.404080271179111
0.415059666308829
0.450344575881715
0.424689858516855
0.34902401829019
0.459983898120372
0.514221462327923
0.481058319804206
0.568023342551419
0.518925361025785
0.481684857975241
0.500662614791562
0.586338804008703
0.507600703040103
0.566720081021006
0.598007387139938
0.603198970899332
0.490134404201717
0.544723937525356
0.589691307972907
0.57744988189105
0.593217502148103
0.451204392657987
0.518158971015203
0.542015908906884
0.532937587906144
0.509582376571557
0.548579816133664
0.682489449879754
0.608631922268794
0.327366383532493
0.627581062128853
0.511816713491149
0.617911259172499
0.632994313083544
0.513418745403662
0.47680444085748
0.617817687235628
0.61827392102644
0.568774442009028
0.635515068654904
0.526285008747357
0.597451062672678
0.63119662965708
0.675634339707466
0.517182020002221
0.432794596571702
0.549245382027961
0.525951028719743
0.574705002503557
0.665478303003239
0.664437929467854
0.641437677779933
0.680839317136054
0.61464526697529
0.627646242715307
0.572082244981026
0.635729268079835
0.587107706319128
0.635117930829415
0.546323991244026
0.608462735857522
0.675029751751446
0.618405154106875
0.810009829122172
0.775057690566863
0.70929855160303
0.587120055991009
0.655817400562864
0.603415029430815
0.544540640214715
0.644065123284073
0.523729450233031
0.852323749323228
0.715855992958729
0.637968529702591
0.731791693886414
0.728079461500194
0.605537997062859
0.620593485477923
0.544833024001132
0.546438244157692
0.692897457660996
0.64168535622364
0.676457190651107
0.791158863636159
0.633100885613086
0.639066647047319
0.847800188389265
0.682992152145775
0.607581020045307
0.687764848011076
0.765148029632853
0.676698493635078
0.786903748375206
0.603431188546447
0.705440206169946
0.705227215041143
0.539105409294988
0.62895494016151
0.702628371018029
0.514561927251258
0.724143615125629
0.732301990146111
0.666652951170904
0.8009578504272
0.739644947297279
0.598670478841118
0.836579794896935
0.672187904615208
0.637740079378637
0.811299664385072
0.633065106939624
0.832561177263066
0.672912992644516
0.810282406042452
0.782006499392476
0.739991439422722
0.917540736777641
0.671425830536656
0.7776690493542
0.888901991758133
0.70830736212289
0.783017056150175
0.690030550696773
0.801437112445912
0.845367124274901
0.761218516971641
0.806109885739465
0.842135739259764
0.781346380686446
0.678280740937782
0.869923687515718
0.81612362266869
0.926911252300843
0.844222062134919
0.868293868893352
0.902095666523076
0.65060986605222
0.665779525453094
1.04274312621592
0.809507441457365
0.973954190896555
0.796440449693584
0.701982287430383
0.809910314353568
0.791327594518743
0.720419074626179
0.855596152361445
0.750357320797203
0.7980039284483
0.753123028537247
0.851000463637154
0.808162755936338
0.839498744034057
0.896087566791774
0.674021641466439
0.964905329487878
0.806040289634212
0.800560424006916
0.778247176502802
0.676984553171221
0.866815527341795
0.617838718857501
0.721686207736191
0.790344807176687
0.749002704051128
0.869414877196972
0.867003607692224
0.932444256984519
0.824934624583514
0.893146618413368
0.984888114878112
0.796897096736857
0.847618406448016
0.976386877289468
0.767190448115696
0.785489894426551
0.823509702948688
0.877355126887767
0.897749979128852
0.904554854876423
0.72677931934994
0.856238813123673
0.909167623817095
0.891306713321249
0.911529645878738
0.836021748484761
0.763118686429653
0.841503095056026
0.856708707580161
0.780452772568495
0.952502209180007
0.921283770781583
0.884992464730889
0.964347340949837
0.889327134865946
0.87052032990888
0.855092812524785
0.812673656886512
0.950590874199329
0.843123024293731
0.999925187556807
0.854440412656971
0.820761795044736
0.770895019279583
0.930753902186935
0.745436640073279
1.00812312544491
0.790896529203397
0.871335702969338
0.92445940688486
0.823972341858472
1.05601119586248
0.952937614580992
0.821105200370857
0.911310164979569
1.06861617303126
0.782285638764256
1.01462862376381
0.850063582111166
0.916976085637361
0.92983466777644
0.962159017794878
0.859680636520205
1.01372896781613
0.875022911025623
0.751117805635556
0.940321009326604
0.985255426627665
1.03653197922002
0.946956498436127
0.943985299344401
0.98582750719281
0.838180826303223
0.830487328236876
0.940711467114362
0.931678751103771
1.0285193352153
1.0435303045349
0.919283374878097
0.997491369865996
0.946454910485667
1.04127604337299
0.973568508144969
0.806879445885254
1.01269296534402
1.01815073268822
0.89984605635481
1.01781987727976
0.959654637186987
0.971340492399153
1.14483724541944
1.07517492956502
1.03711181187243
