0.15259178327931
-1.11981424375747
-1.01688042050799
-1.05881791970597
-0.988382906825655
-1.05479576434282
-0.845435960532958
-1.04121824600296
-0.938611088926831
-1.04536516049533
-0.84828422090563
-1.09030538726178
-1.04849356761028
-0.861684434470959
-0.924951746292743
-0.975764877549751
-0.961772802992868
-0.89123763882877
-0.922100832592136
-1.03093046415625
-0.989019129207857
-0.901159574693301
-0.896656434280181
-1.0664697876088
-1.00983196420163
-0.933938148409845
-0.995247819197849
-0.96444976920785
-1.05333456936618
-0.977072335645969
-0.984216292506639
-0.989971458107906
-0.952772270807276
-0.8908985972801
-0.951343366997276
-1.00636450487645
-1.08138803702159
-0.85740859242481
-0.956954313418488
-1.07555156198762
-0.889104931054083
-0.86414968933108
-0.961790607286551
-0.755743516793996
-0.923027360597723
-0.936680749036119
-0.980520466628328
-0.903953782554753
-0.919317768749154
-0.903688912654417
-1.03052354494147
-0.882598107555003
-1.04022314805294
-0.964601496120826
-0.717609353111303
-0.993632846403993
-0.904791389759464
-0.840319386346227
-0.87063524135822
-0.935995069300509
-0.912832604801926
-0.808417004229608
-0.864037269079464
-0.865773874544323
-0.964210440110535
-0.638345119887852
-0.80734838612333
-0.70163635727024
-0.825876685096686
-0.749284552597664
-1.13018052089449
-0.965522485155264
-1.03790077928418
-0.865200113429421
-0.908882162557442
-0.774095390077165
-0.937588358144218
-0.813017505970413
-0.714443546389178
-0.678395168864441
-0.948123082997184
-0.856640546375759
-0.801070746199848
-0.769544530880362
-0.701534797566365
-0.647291505638297
-0.961032211398007
-0.88767736165125
-0.78095183122417
-0.803377669410181
-0.709536521388148
-0.815939663555146
-0.766310558610608
-0.922033946088003
-0.683227336396936
-0.876747486559843
-0.828419273917663
-0.994233567005763
-0.814452457136802
-0.820848138525345
-0.745753248218935
-1.01572258080471
-0.674420609563376
-0.829115338342598
-0.827417305318365
-0.87837291007965
-0.60340585196509
-0.897424213982623
-0.673471808957044
-0.711923599572849
-0.984023635804709
-0.890778979802092
-0.836425996342038
-0.791142741717514
-0.74806838675313
-0.670416095867622
-0.741287135851863
-0.821863721430995
-0.823346124863447
-0.839253661489138
-0.663161661168074
-0.657854935067129
-0.764035443619142
-0.779140187207678
-0.866344959719645
-0.741154336622671
-0.76927955293819
-0.698145522659654
-0.790872815680825
-0.622330666323971
-0.935671747578722
-0.660519502960096
-0.748875522967112
-0.770032150339662
-0.842267071197628
-0.815812161927982
-0.729739035293388
-0.824766581303321
-0.829017020703069
-0.720592203926916
-0.671617255891402
-0.739552316063567
-0.653840939016017
-0.740130656428648
-0.747035464739592
-0.642621151437418
-0.644374553635469
-0.661849344875913
-0.736713280894615
-0.621481427996541
-0.751542267181962
-0.588911650426185
-0.74047240669071
-0.705019546411412
-0.600724022279673
-0.663238352618427
-0.809637198652884
-0.63075982137776
-0.666172261358559
-0.625154481996381
-0.743203142943469
-0.949980479251908
-0.80209578900095
-0.689303749422498
-0.73227913451629
-0.489601147855428
-0.601046605767112
-0.790788518509427
-0.689873517868045
-0.691599393921155
-0.679216931784239
-0.859590633175582
-0.738352363041204
-0.707833027047709
-0.581322327480663
-0.615660086945208
-0.642820469380523
-0.713695196039258
-0.567642873342623
-0.754158743530994
-0.606888886238457
-0.474436990556645
-0.643481745797976
-0.555379136990329
-0.581512416291464
-0.717424318087722
-0.539425147240145
-0.610222261828783
-0.664764398401499
-0.709853919665797
-0.671863800087734
-0.51360585890265
-0.562010207702826
-0.590173353386285
-0.640447751683149
-0.67705805172387
-0.748731728563337
-0.564406847430039
-0.554808493589729
-0.576620271973227
-0.690207141750821
-0.599985000455599
-0.649622607577741
-0.595501783811969
-0.621898653582068
-0.60194661329852
-0.489818399536708
-0.529341248680055
-0.592282722328204
-0.573172401277518
-0.543857377881288
-0.563543475837741
-0.573932251612406
-0.696698324481738
-0.510518085715255
-0.472755335652564
-0.564068984334966
-0.51266392228789
-0.628080982605827
-0.435771216790852
-0.607221398816439
-0.56169520389511
-0.445938232364594
-0.638671623488536
-0.500109853897061
-0.378126218507349
-0.64087080440765
-0.62936607065146
-0.492007185704287
-0.519638992763753
-0.497573592266797
-0.594056766206686
-0.66776548372106
-0.489672423534168
-0.664143603998077
-0.471825410857436
-0.347045643653462
-0.603229364472211
-0.463853477578498
-0.560734870549445
-0.501918871283094
-0.755353783095191
-0.560454258236638
-0.457633992884401
-0.477802282816089
-0.550572111116779
-0.46555201148994
-0.58146482321224
-0.542391804760071
-0.425491477193159
-0.583265838554889
-0.482402604041599
-0.433909881714864
-0.415044821274547
-0.350682564749331
-0.32776686119214
-0.456601153566204
-0.47091564746667
-0.642316246143547
-0.606727271687094
-0.564358027789896
-0.541497839051202
-0.5093636015582
-0.499792907366886
-0.392208328383865
-0.496447867558073
-0.488868109583763
-0.488345291427296
-0.42409300573953
-0.602487321103908
-0.427639277873879
-0.366289140773054
-0.382685233457781
-0.361402457382227
-0.35807712991719
-0.446739295246372
-0.34862439792112
-0.537605071338734
-0.38729571859185
-0.377361753854428
-0.344560979959547
-0.326946957241302
-0.401999406984054
-0.53984395644393
-0.484993489042257
-0.462582037104663
-0.552926113710574
-0.379613589126142
-0.497993141288354
-0.475705297403443
-0.363981850136956
-0.443873639108964
-0.550825982404916
-0.369528469071006
-0.361328050267966
-0.291073092940621
-0.309940991846176
-0.40083859895244
-0.251595362602035
-0.395338804673965
-0.33073292398204
-0.413563332260062
-0.325265224331149
-0.376520840377969
-0.329035749976065
-0.296919702618266
-0.274465596900952
-0.385816453365014
-0.515610101575236
-0.313100376077818
-0.299813748337001
-0.423153186287307
-0.42257893952654
-0.38695406557716
-0.333862243945733
-0.292673246926793
-0.244620745962056
-0.343006384212459
-0.340908469044315
-0.484378975159022
-0.424107092183561
-0.425302377078244
-0.325162050049974
-0.264204928238071
-0.384905532188959
-0.378443193222919
-0.257527052705283
-0.28472628007859
-0.315462182608103
-0.460174325436738
-0.419264110761268
-0.350692937306628
-0.514166696760528
-0.318589133156294
-0.293264102808077
-0.334098996003039
-0.324047236363618
-0.505885796697259
-0.228165091165426
-0.400143898589747
-0.312260849793941
-0.26332108347214
-0.408591899178269
-0.337595034545879
-0.428469415295631
-0.348612353523188
-0.399378281202534
-0.396681082620996
-0.23984013962145
-0.357405690492572
-0.443360535679017
-0.293775381609805
-0.355834694270728
-0.388127232388926
-0.200762454265407
-0.381749457041231
-0.10113774936093
-0.188312096276714
-0.320398612229189
-0.375976393743423
-0.211540432075979
-0.284555283879699
-0.247456659600662
-0.256494051310579
-0.29025857177519
-0.281087517876813
-0.156359715685461
-0.219302521384842
-0.229702118365844
-0.114799584967983
-0.337511548656447
-0.309388624147878
-0.208953597609014
-0.325204954669718
-0.173801793274335
-0.154679292616178
-0.269689449962798
-0.269462462184775
-0.140533559481372
-0.331864392331738
-0.152001214959904
-0.221312247138098
-0.257981544896479
-0.385130907433861
-0.259562584739502
-0.332745787058733
-0.317509245830011
-0.188886264716487
-0.335999470194877
-0.385178941598816
-0.159173551182721
-0.264492377762034
-0.256367237691847
-0.175465188155696
-0.307398277246923
-0.236732296940908
-0.138574762216687
-0.273324299789534
-0.267135703758985
-0.105668378499821
-0.234502389878845
-0.181693611266901
-0.164649334724346
-0.261037596763192
-0.207954751325842
-0.263722053498566
-0.204260124093221
-0.174842544321764
-0.09981154748942
-0.244428448779852
-0.199082899231551
-0.378375072486541
-0.0846173908071434
-0.190777618953941
-0.301644479834486
-0.0975091546562694
-0.10309453606759
-0.180619992365559
-0.0781092316316869
-0.174069632479404
-0.146560937486169
-0.26370470624816
-0.115976463888175
-0.108070442199057
-0.0424081429776869
-0.163375615007169
-0.125836100926036
-0.173313727463576
-0.334959944172543
-0.0805069032771843
-0.0553387862719866
-0.13050978466314
-0.167302437866604
-0.0922709308025668
-0.103465674752356
-0.0332343436445499
-0.0651259418822825
-0.172913860549657
-0.00592181507640042
-0.210796817894992
-0.143795824181572
-0.145790164534119
-0.126441769465301
-0.188136555239144
-0.092098440394423
-0.221193638766825
-0.10482460689858
-0.0859215193167644
-0.158031196117916
-0.025228363815452
-0.135748775688155
-0.0784559909085501
-0.12393254010088
-0.0906954218745144
-0.103738259238117
-0.103188146857102
-0.166637974253457
-0.0306345054449728
-0.0519465602150117
-0.170779962188383
-0.155443042755748
-0.0588393414069322
-0.0591868826357891
-0.0726588760982305
-0.258624916456008
-0.103866421490325
-0.357121978328185
0.0457480386714783
0.0853520081517284
-0.0805363997256992
-0.0667024451307056
-0.0383938065291108
0.00495165101655844
0.0828554784831772
-0.0241594176400876
0.00228384748397972
-0.100251547144855
-0.088942546816622
-0.0331173091589099
-0.141825184582948
0.0290808591252397
0.0618952141222312
-0.0340438192231117
-0.0704245953164957
-0.0982796146000563
0.0675405554305191
-0.00890258449478033
-0.0106176444000018
0.0258108458830213
-0.0488255378801274
0.127963835229744
0.159033535013762
-0.0097539208269826
0.0960914025808971
0.0156217204727304
0.0585508721610548
-0.0753611383391547
-0.135610984316204
-0.0807558612448443
-0.0556485564449107
0.0688992989012132
0.00480595131054583
-0.0146225655973623
-0.0708545265351067
0.0845266560662154
0.0669598665122866
0.161884393550256
0.0796693954252052
0.0191816425694377
0.0824621041747547
0.0607508536716945
-0.0990276726973741
0.00104778443042695
0.0243568283845082
-0.000230622108795653
-0.052551818070885
-0.0769834098966375
0.183131055886267
0.0544785367045796
-0.00397074063386438
0.0510002903367018
0.0687036755948909
0.130125771888264
-0.0669488291252446
0.00575346249118469
0.0985863323451009
0.0101263632315761
0.0802682231663798
-0.0146076642933892
0.0528508175394359
0.107838823221816
0.152720649549086
0.167970994510198
-0.160443664174888
-0.0969368787533095
-0.0654081731694143
-0.00576329889637844
-0.0710781416969584
-0.00186419955800448
0.231291632390681
0.00407840468405911
0.0367038658222657
0.120523618470992
0.257757551870097
0.161636840569598
0.100550195094686
0.112705242589918
0.244182028675295
0.097897413280529
-0.0156493642064835
-0.0231495268693743
0.0268107592950876
0.138592686675338
0.0395236015362983
0.107968688384333
0.0143618620486787
0.231074912927257
0.0900786648083048
0.269923900907892
0.0629668997507764
0.0757193356161395
0.111267287768535
0.0709728916962529
0.0390898792487327
0.0339281818113669
0.131177711071421
0.20255098633493
0.148500337332909
0.0399641482459825
-0.043500918365928
0.122461137535277
0.152499620740678
0.149388165577531
0.147643821034447
0.204865317468693
0.201922675473898
0.189067371115061
0.123442901584495
0.0799377474569748
0.114590823108981
0.335119659133748
0.0494652485814191
0.231849605435652
-0.0500855056839283
0.169326719529206
0.216973820550302
0.108401792298111
0.152662128462952
0.250364929226794
0.0353955038226399
0.139288987400044
0.340903843131917
0.0876701914023717
0.0980219681517058
0.14781986366916
0.198790553873908
0.160099650962642
0.0617112193780454
0.204865707729416
0.0968957936539352
0.299112290680168
0.219051440973089
0.299341748199806
0.190608931638394
0.241579726130152
0.258295839875737
0.29028321982707
0.250739102341262
0.182933490629515
0.220151110575133
0.127720688159832
0.239531703602253
0.20010133076629
0.26625115730258
0.139880338849399
0.27680306472747
0.167126030888615
0.146362344127245
0.259022886588978
0.329641793816046
0.281814117807183
0.288900053010761
0.191995796873352
0.303041552037682
0.245710981077944
0.268286140987798
0.319522223456054
0.219855999629973
0.133133089510032
0.336464360430413
0.193518785988742
0.278698350091652
0.270343536651811
0.403831861619459
0.360819946755935
0.336523755368572
0.246809148388037
0.221687184917787
0.349891776474091
0.432210668953943
0.260754548198728
0.336917562368386
0.283225967099729
0.232462257197065
0.274846181627591
0.292163089478639
0.217529661971752
0.23785715598673
0.297275680724714
0.417503883583713
0.37629583200954
0.310918549003828
0.268981524478542
0.341308182814732
0.43836249188612
0.282468847463908
0.313195023183696
0.269507139157871
0.493553548939732
0.302730696330718
0.324208486077065
0.341194078835224
0.315247307328736
0.225419939959223
0.250527727691031
0.292519294552839
0.282115249988718
0.206237727657393
0.370558469455675
0.346854401563159
0.42862850885267
0.408424384310231
0.268256759061948
0.476341067021306
0.43119499661299
0.184797470522494
0.304244820267987
0.358623954479867
0.327138879262888
0.378387167354112
0.284008633213267
0.322751706714528
0.53701364938411
0.532535921005192
0.447252978128759
0.339812809161715
0.335256745324479
0.440390673508638
0.404955658490006
0.383465084502812
0.320495876544287
0.482056419686385
0.49445901305286
0.431990354224166
0.251910602658368
0.431397425605994
0.230297880650587
0.435904733227215
0.530481177983794
0.50126724255336
0.393726559324794
0.328869340721922
0.514643684351432
0.430731114531409
0.435125307776892
0.280203245411305
0.418380631399079
0.530568626405462
0.518657442903526
0.51742148997247
0.555418998967618
0.416156446513844
0.524013540212841
0.550933489184455
0.4669450845414
0.618510309310574
0.262238059969606
0.285121618136369
0.464159045644114
0.350277295227851
0.453573553745571
0.385039185062499
0.519180376102433
0.473348424250453
0.565424077179759
0.544792916928461
0.505086245698912
0.550666701917801
0.591613490114961
0.571059896032359
0.436993640202978
0.390145593906842
0.458542199128996
0.358309908496546
0.424793344938248
0.373163588946264
0.575138724621822
0.583193780452757
0.330212623899177
0.463524624608946
0.497517304991992
0.287150815904567
0.456578281194457
0.41543327254702
0.560754160974888
0.588614503214969
0.456435465785142
0.51222712547929
0.456616312777773
0.47064414931249
0.471358464740474
0.472349931968236
0.618913627608883
0.509586121706144
0.475685437534166
0.571795478429604
0.563650322510705
0.351180394090845
0.571270817112655
0.569642339461554
0.43819820126416
0.437737052535885
0.541604664653811
0.519662875368555
0.4667585553958
0.503879258292931
0.528316202802343
0.600589881690353
0.526763840038586
0.532881268947136
0.535623555743861
0.469410036706826
0.529828006021306
0.465868942348016
0.456345310826291
0.543753745250904
0.483321340541592
0.536960218810927
0.421629982530687
0.491688021034501
0.528069339940103
0.567676069950187
0.610162421184638
0.652404764282767
0.698236221911023
0.606455219848176
0.654211372584836
0.448792908565602
0.539705905592972
0.647030891303624
0.620237672763694
0.464507374922028
0.788818133358114
0.602730440443194
0.481791486569986
0.561952720189821
0.687290295647685
0.534593456654421
0.599488342327098
0.547097703346681
0.565938068887887
0.541856151888434
0.609347841972304
0.866743064433924
0.638983528383379
0.432626421125121
0.691948309320299
0.559232798412012
0.695942198060967
0.594595321853079
0.499818345293246
0.582422037319662
0.615612822263426
0.440753508851392
0.5853376975177
0.511983896780635
0.61123061862673
0.703447770017334
0.626054501672813
0.594481931497933
0.650964694185449
0.483715809912223
0.685814495902178
0.682992986068031
0.605958132535181
0.576384928491485
0.767648607693968
0.617806446036083
0.687562464711347
0.58783324151326
0.527803228075713
0.636955872586289
0.69210981601589
0.578699629371856
0.614923862781865
0.660043145326637
0.655468173514715
0.509968698697233
0.632356520410398
0.728580783300564
0.704750940967203
0.667859582624701
0.648252683999464
0.59961831276572
0.590844147927851
0.641063017460946
0.497072591792255
0.575314291231899
0.64404538145868
0.758992849992101
0.885138914288601
0.691626068339889
0.7182257118055
0.721114308800768
0.807692031595916
0.792810717330782
0.614439168038375
0.670672417003518
0.722021389037542
0.611294989648386
0.781973882612327
0.516241771683291
0.808897110828821
0.764652483968083
0.763306053732004
0.754095351266561
0.781648737716672
0.768674346691023
0.673188533566982
0.603088604995704
0.689478510919687
0.730663783751547
0.738120627959403
0.879646106140707
0.953272391446486
0.573742853782837
0.615274932144107
0.713195913505821
0.680339422295515
0.762798119541347
0.725739687032933
0.886268587918094
0.809852398074622
0.749610701758259
0.963322803727443
0.78109307688802
0.756671482994596
0.64675958576838
0.732468534101439
0.844015473215119
0.788420590121921
0.809625997814657
0.93033167526019
0.644416276234398
0.744394777609865
0.86433620492846
0.975319675350967
0.631469408958746
0.66765151745096
0.874664054728078
0.776822986284883
0.878742558521118
0.939527755714013
0.889207008978465
0.773920859649707
0.772785852493724
0.798558517855741
0.933411216579376
0.870957474303624
0.870392422904339
0.854191384200783
0.805713931980725
0.87996358840259
0.693127622188333
0.793507126009923
0.841061065507007
0.851953214126832
0.820215666465549
0.901253303569812
0.762147526176035
0.816487879990679
0.768989877380506
0.815280683242618
0.853541143167161
0.889233762378738
0.941913740367351
0.829920683831672
0.805946682268084
0.876202630140101
0.884303323844526
1.00414284025567
0.749423456444379
0.972728688547738
0.945481411984767
0.84920658685441
0.885199089695892
0.880068881133273
0.897445864579643
0.971317723884199
0.92432417749727
0.842013933927378
0.98819742546249
0.934709775774681
0.804794100671841
0.906184847775112
1.0085437460711
0.910378851192919
0.925499713517873
1.01859114531006
0.780089796164035
0.824113940362996
0.901899659621776
0.957624737145465
0.978813819310322
0.867298257861437
0.819850492628903
0.925640879860373
1.10689126394059
0.906075696368999
0.900970423873522
0.928785684052075
1.0554301301646
0.971837481707039
0.87639119512924
0.973376699656533
1.0625666977206
0.894238940741391
0.909075526365528
0.941790136762414
0.888123386161745
0.866376559518533
0.808736062802893
0.954288861351365
0.85869947983802
0.85915781587321
0.91529709599886
0.891919249738657
1.20003273905233
0.868277270949418
0.927860737673023
0.947889492078892
1.04569882255514
0.996042997964616
0.928978520733058
0.861932767479044
1.09155690937051
0.931198918953478
0.911240318517693
0.895667839842182
0.787660320697792
0.968986479277077
0.956588004349739
1.15475182751047
1.06658445682044
0.96109057965003
0.87618676376163
1.21282368368628
0.961646083925927
1.06310019328048
1.05297923097363
0.963951515782781
