0.0249362616605879
-1.05776954293082
-0.990745352955815
-1.03886808005931
-0.922449862039434
-0.992362320276484
-0.958143735708259
-1.10840483281092
-1.13923258005123
-1.03522264433482
-0.971216992517829
-0.888398635584806
-1.03173337374307
-1.00557754341283
-0.955450284180157
-1.07970209887507
-1.09741127160591
-1.00143003964124
-1.13471517303375
-1.03087372379659
-0.855115661080072
-0.847750041793942
-0.842680623477898
-0.899391310506309
-0.999521369199793
-1.0410948563487
-0.883283775214078
-0.968523486220699
-0.888201014948435
-0.918501848700171
-0.989644497361909
-0.986907202888328
-0.936839289099784
-0.891335755101566
-1.02007424428363
-0.939770675480158
-0.972005428333127
-0.986093900163553
-0.966596942627474
-0.853207822322842
-0.909500730645357
-1.0157922618645
-0.869709301006092
-0.838941074531334
-0.966218199879552
-0.862406115160843
-0.850237072725686
-0.938450270393882
-1.0350447693397
-0.703605226555975
-0.932749397522491
-0.929755393347331
-0.754942956424169
-0.850810556495481
-0.800428569495074
-0.845352063390791
-0.92196388009268
-0.92402339511821
-0.892643511760468
-0.829052621538801
-0.991631982390423
-0.950722323197575
-0.785357253136671
-0.891511863168775
-0.802522691894843
-0.844865845233518
-0.920112330803276
-0.830935113967651
-0.879965888033854
-0.972472082716756
-0.880315979724453
-0.778000103826949
-0.675983631603794
-0.868519969350638
-0.787472025960556
-0.830681588571855
-0.945752491090107
-0.824075660486595
-0.964223622059003
-0.90031360851144
-0.807579641436708
-1.01468546291855
-0.919841708596006
-0.786882806762497
-0.834064943695635
-0.727671295199805
-0.945388028518924
-0.87197426275728
-0.939525657651495
-0.827948639555106
-0.770241117429532
-0.844179706538561
-0.869428344634556
-0.825105264368678
-0.812490255104431
-0.849131870526575
-0.881564732013803
-0.945740669450975
-0.986797095927769
-0.81309970875781
-0.64711791299976
-0.935330551480356
-0.711855549330097
-0.836276406467514
-0.928610685397299
-0.570634883013571
-0.782654784258177
-0.795288122362002
-0.823671820491862
-0.652526228530962
-0.817707623922249
-0.577600507057745
-0.607898687020713
-0.834478093992992
-0.656579350364478
-0.753705289057459
-0.717111240888402
-0.77422065191274
-0.871181812187396
-0.810717546039572
-0.768132107694157
-0.794282372412128
-0.854341421508436
-0.754186455541016
-0.685530685232146
-0.651889778478407
-0.749636744850726
-0.680647503631208
-0.772273237014186
-0.751672333254787
-0.693614505969554
-0.669646889442078
-0.819855068718769
-0.7945545696971
-0.809839264545647
-0.684562814877059
-0.847823395249878
-0.755292536399904
-0.69320224985573
-0.701032204047389
-0.579777531212648
-0.652670639291106
-0.642819091688768
-0.744806588933959
-0.603961813281727
-0.618533425129234
-0.904912403465012
-0.678265278391288
-0.57563850984589
-0.764252577442422
-0.718780723871568
-0.581774115903748
-0.651248253380118
-0.730970913084223
-0.743716794441309
-0.643416277642823
-0.65048813084696
-0.71929999348662
-0.465462816040716
-0.474255062368134
-0.866387076285475
-0.717136898393152
-0.665093589906848
-0.731672196002162
-0.756594994359901
-0.698374013994568
-0.637494440712561
-0.705991197535727
-0.813987827948284
-0.694820733427139
-0.764647091324539
-0.627541408064856
-0.634440534068968
-0.668940925327246
-0.626267177139107
-0.630566248918567
-0.525161713126701
-0.864292850896154
-0.4937344711117
-0.710546864970182
-0.728415052060261
-0.728846958781765
-0.718318410824577
-0.608368616466476
-0.721524919545303
-0.668497034493853
-0.617366069351217
-0.547271817080705
-0.540147860222781
-0.619565182701128
-0.505616767479849
-0.607813913497797
-0.570756657900853
-0.667400717122447
-0.659037609412336
-0.624686925147905
-0.604388980499351
-0.761363002962206
-0.561582954971517
-0.491481741613022
-0.54121573843418
-0.643597315527059
-0.608207944992059
-0.523397814563957
-0.742896632094804
-0.511798789977171
-0.779123169519132
-0.61987719102814
-0.593799789105905
-0.562109436059378
-0.578639697852656
-0.704104205583696
-0.518900041287363
-0.625085680290532
-0.541154347612319
-0.548154667976168
-0.597280887030162
-0.554609941448958
-0.51809849065305
-0.550338732527454
-0.639767181595169
-0.618271503768743
-0.558303508941489
-0.732771716000174
-0.696502594986
-0.47614708496485
-0.680538225927707
-0.557121873474173
-0.6190840546031
-0.589351010219689
-0.621495943204964
-0.583089903309358
-0.593641835140553
-0.577925509467424
-0.511052325669055
-0.52430494409103
-0.647917942963679
-0.504238868462684
-0.533189725461084
-0.502224304235197
-0.523780143168972
-0.610125495933166
-0.48895790010446
-0.61592407773592
-0.498147089731436
-0.473929144868651
-0.54614466793996
-0.430285635667737
-0.501791481889805
-0.541276034468266
-0.350300667320197
-0.568453195296673
-0.562411548911809
-0.473972451143283
-0.520730812674831
-0.39905116857477
-0.479534943370447
-0.586695062029363
-0.333529286912877
-0.609922615861354
-0.368691373733748
-0.399927184250395
-0.463287114205197
-0.3772539175984
-0.655393342732745
-0.704016636238731
-0.300355314160512
-0.406673815756574
-0.437001382133829
-0.4741268161069
-0.539221631916878
-0.515826871063344
-0.445991923857874
-0.522786560250981
-0.469176580902874
-0.511963333715399
-0.418140395423846
-0.571726430626645
-0.42100343069983
-0.4345662553063
-0.401806117370171
-0.474712269974134
-0.50164099708005
-0.443664467512173
-0.438870414248707
-0.457180555957871
-0.54644007227658
-0.296480235393572
-0.326344197116686
-0.446726467905952
-0.333402642377444
-0.390259813415915
-0.265758448492597
-0.50411716126343
-0.530675267294829
-0.45583977112653
-0.424587627921926
-0.530271513561912
-0.467378363506858
-0.417929983644266
-0.354144203217978
-0.469650411915352
-0.413916498552544
-0.323645156922669
-0.550655702894338
-0.440687108026748
-0.280299504246423
-0.409007988917931
-0.367828266769576
-0.390587015469101
-0.337750312734739
-0.293987001938622
-0.237488652687918
-0.382024330050846
-0.397444732812078
-0.379958200840755
-0.275715881233193
-0.357504007119506
-0.332718944864715
-0.316300096200746
-0.29938696632431
-0.375274465681499
-0.343287458457958
-0.359378432431199
-0.249492079346478
-0.301873244893936
-0.402620551887032
-0.422271816487942
-0.154341127755191
-0.289678266191365
-0.453516189295705
-0.366223947302887
-0.393604098692882
-0.400872214380083
-0.146762662122594
-0.427912365342534
-0.34644095993914
-0.479154285461854
-0.253421483425858
-0.376161314739588
-0.228545318269781
-0.301262373934805
-0.371317425022085
-0.377352859105401
-0.322316484029396
-0.349904893919329
-0.189483311055436
-0.307601945534801
-0.205465258039385
-0.305268705985306
-0.308483360493777
-0.246620351307438
-0.360346889198359
-0.289975562783535
-0.382948581750393
-0.415306926469891
-0.420424845418624
-0.225867871025878
-0.223929897220492
-0.35014360436821
-0.301448772291615
-0.247026922597052
-0.317143929454192
-0.234604501075321
-0.30983583584704
-0.156943779977395
-0.185195358014034
-0.363694640660962
-0.221073630677499
-0.229020446572593
-0.399065452621667
-0.190765008990242
-0.166557003963257
-0.431988314233012
-0.23281447496673
-0.313798097035173
-0.264676086431999
-0.317182677171554
-0.303871051593856
-0.296592678218615
-0.158705892909084
-0.420498549900038
-0.21347134180638
-0.239191510862375
-0.214795084007179
-0.0952839601498912
-0.114613310913544
-0.254290907576722
-0.173915426952635
-0.1718667116392
-0.147879461988297
-0.340025860657497
-0.274199617029062
-0.159042567739721
-0.166525501584341
-0.326054684715172
-0.307826748627958
-0.168322503216337
-0.198476932250106
-0.352369683505245
-0.0217139120535936
-0.149014630206203
-0.300877093815839
-0.094656862364311
-0.16722162783874
-0.213328059356602
-0.210644928086192
-0.223009050686823
-0.206659575294238
-0.0519583647514623
-0.125017860471056
-0.0871587516200301
-0.104360417599219
-0.222990245730179
-0.113232574698227
-0.155701271837306
-0.252504555979263
-0.0191011000772634
-0.200638609972427
-0.0813813265005644
-0.191764197885632
-0.362472996557474
-0.289976317410853
-0.20803908967819
-0.0708391046172133
-0.279407152587966
-0.173227180489204
-0.0905125894542424
-0.253059429630629
-0.20146451195589
-0.167196547225477
-0.0247519063044517
-0.168150698163817
-0.0933913497917252
0.0786843697994405
-0.128196070137186
-0.12480685312203
-0.0253577150773182
-0.309846394590189
-0.278674987646271
-0.230643356349522
-0.169610037832608
-0.257143563783012
-0.226918345706441
0.000998170578714474
-0.311519599118221
-0.0412960545900983
-0.138773881904968
-0.029647046597904
-0.0687816357379934
-0.124008943942588
0.00548400347305237
-0.0596755338845914
-0.0498725221471323
-0.202007639243484
-0.196479462432783
-0.154233838980032
-0.0261296764054131
-0.137194042873049
-0.0632946713061579
-0.0385809979274286
-0.14795169019707
-0.083085804790341
-0.0634431776045176
-0.0293221341459013
0.114386764031765
-0.222320375586034
-0.00208793847724229
0.0521096450981803
-0.0315517001421178
-0.0689636102285147
-0.127579305646316
-0.097300831359981
-0.0125162576630451
-0.0208379237387306
-0.0221903685276417
-0.212643500211452
-0.11636168050203
-0.0254146440178603
-0.063771103693442
-0.120720984436987
-0.0588697502975267
0.0512679580135292
-0.0525531370089734
-0.0228003157211618
-0.145759694649732
-0.0317978029960297
0.0435615298881292
-0.10553536390994
-0.0603912662924118
-0.0325434332964532
-0.0419746379303979
-0.00848102706470607
-0.0875386232302379
-0.0745656140237362
0.189085888390353
0.0187229311651185
-0.0771882190731556
-0.116415703027643
0.0735936818289189
0.0856568802178016
-0.172603148143877
0.113088645519963
-0.119419758250555
0.0606807511183413
-0.104450517497367
0.103934935149354
0.0131179568488302
-0.0680700987742749
-0.0115983703945798
0.0579424324076743
-0.0636496450852746
0.0349902640984451
0.110090133230961
0.0685277518676275
0.0861080300651876
0.0238825943361361
0.0950397890201162
0.0366113552785085
-0.0159089895070112
0.133676435394602
0.0235622281868391
0.173877018378816
0.0524831545527404
0.0367796834303491
0.0180306859770151
-0.0595944213973014
0.0704212156234599
0.0438344334709526
-0.00989692304039774
-0.0145533959632818
0.0660507473134743
-0.0209435568796475
0.0111917536605803
-0.00717507345038699
-0.0112573684678617
-0.0295471247204613
0.185591771115134
0.0630670093873632
0.206759885294345
0.105698717466758
0.110875764640467
0.0126562469276112
0.096308260993966
0.204221542509519
0.121517363213686
0.107704079046038
0.0768410227508389
-0.0264241536616438
0.145898476057686
0.15693010355692
-0.0913765085559955
0.106407315766717
0.21303960733669
0.116189366885412
0.098154195516423
0.00638036199248416
0.23031623783647
0.220336192131933
0.232132169258136
0.102755640493082
0.128286779227516
0.156659168029938
0.169191659956928
0.185624997734514
0.255860771920488
0.269244030290757
0.0761460192573875
0.208122506554001
0.164019397499214
0.0574931952669185
0.115870572946692
0.0957914639924257
0.0704856208529975
0.195228032034558
0.057441739669404
0.139511976119695
0.186386725890206
0.0685862898493166
0.239110892140611
0.283394470858811
0.0736974991372203
0.185576874376932
0.224099360286926
0.164865144244015
0.221866442527532
-0.0041564510324675
0.191277603953649
0.0770768825689836
0.175518272156938
0.0696731707882332
0.165403927682128
0.206652719524965
0.104193020530019
0.0189269677032429
0.113486784957331
0.250640786134684
0.345444267434766
0.144399920300083
0.189135815033128
0.197322503393096
0.294266454371305
0.275432327946843
0.0989710658038779
0.33170214051324
0.24078398622624
0.115348781386764
0.291668390660529
0.263288021990542
0.388127940734698
0.12882346574301
0.217409034417294
0.15415177009703
0.0733955929513192
0.156019693439657
0.104968719355
0.097779599435097
0.11031943237525
0.214024158917238
0.191409223733541
0.131948586123253
0.142022456123058
0.274516269305446
0.184096452685981
0.290066696511061
0.145593140413063
0.356753396476829
0.279504471689687
0.194253328848834
0.335030968213658
0.413204126923688
0.224857033553772
0.188291359673485
0.362109949715532
0.321449119798485
0.255159589442853
0.277944726477929
0.375428258116664
0.271431159242272
0.20928297673183
0.289869041578382
0.461461785135961
0.227144869157347
0.398977197590984
0.377186539244007
0.334082500640604
0.231574832457255
0.446706869382411
0.142056120420507
0.307330163024137
0.446488659942088
0.381939136191634
0.306208770032918
0.31302821019967
0.314799112854265
0.282233462890605
0.148221593300513
0.396849666305444
0.381822424485453
0.280875184849093
0.298190788658892
0.243319060301426
0.265076205819919
0.286705064507745
0.267691999679145
0.217248754710117
0.305214710416832
0.342476552891177
0.353412662432078
0.381425899295555
0.300162664187342
0.400956923322727
0.313748164748442
0.330279333396799
0.318899556127642
0.396753404221936
0.220922879219414
0.403082813248508
0.334521319862079
0.389201336927151
0.38333513476762
0.270549411937075
0.34215189798022
0.390849035898131
0.26036164022692
0.379541481261037
0.484195472579493
0.220200785383374
0.275302842675546
0.419563148887628
0.51200225305353
0.366092342654785
0.330167120961302
0.401407686571145
0.27115120193997
0.390601882093734
0.467673755254461
0.237234709190576
0.38959970771804
0.441509600675519
0.422997793764152
0.470305049736494
0.44629343852423
0.430841134474295
0.399158563811791
0.461397928122868
0.325487179122184
0.411231414060705
0.416261552383517
0.606778212748755
0.385219544548606
0.595372997507682
0.491187111369979
0.322835489358932
0.398005129226351
0.481430935833976
0.515045167602424
0.383437118365957
0.454000561935756
0.434030242194691
0.363524878626327
0.341801261033739
0.622149441762001
0.440302777402632
0.512072771655677
0.420988451262711
0.41771288661623
0.427100424118481
0.311292538909149
0.389395657512714
0.576646191964292
0.444765695192826
0.504667281821874
0.523525274466862
0.411536557368287
0.378964464298712
0.373298625040314
0.40949929836239
0.410280312273869
0.481624940463623
0.550783527157148
0.52360523303242
0.657808308444659
0.486149504980701
0.639044888133274
0.604716845275406
0.491206862915799
0.478079111319188
0.42817527461677
0.536030420910186
0.495084419160018
0.422882160827067
0.568192502568287
0.51744018779448
0.605058554425873
0.634500772797517
0.62429056129806
0.453369532691045
0.443537419260341
0.557070291530318
0.636063040397536
0.453816235235404
0.505498590101548
0.533983271071873
0.49345853714023
0.515031531621764
0.599029574219592
0.612044427990423
0.660013317883893
0.47057140758092
0.445112508748724
0.581104584557901
0.610038304823534
0.439852000252568
0.700313128257974
0.450263055054814
0.652398926252324
0.657623538506902
0.527032761245432
0.47729058556821
0.670239883249855
0.482878878715032
0.476558837114159
0.424932888791936
0.693046667073476
0.506555575325263
0.674766570774682
0.657893158537863
0.488600204565045
0.574838045995642
0.647135466729696
0.726221189619802
0.713166842783508
0.56079890475406
0.58734885744024
0.725405424717148
0.644299475782152
0.560298332773148
0.641979879524692
0.72173369390496
0.599590528442955
0.570570269405653
0.545875233585442
0.644050380874167
0.528122755543511
0.627268573787807
0.552452578677095
0.733758765901321
0.560495001854884
0.664029028253034
0.748635650240395
0.754320569154679
0.746833660697257
0.559877745459025
0.453288028962028
0.482377911444121
0.46068907581386
0.562482421284106
0.502795070000315
0.605195756024899
0.570868150585414
0.531204695608464
0.692870686776855
0.668999456184127
0.51095410065422
0.620004898599994
0.504613902112006
0.58903177490508
0.517937684308752
0.585905227415174
0.705714305064801
0.546614198023915
0.596246621485211
0.797878098508687
0.832051094648862
0.717743695997871
0.8009905777515
0.716951156620699
0.821147754430848
0.765466393726429
0.581686121023413
0.648388503802877
0.56695762147231
0.759978963304857
0.727823715541029
0.695957892726905
0.73823962644879
0.748004615299252
0.800194477238818
0.681893297138994
0.718015364052475
0.601328560275712
0.708464428141505
0.692597500122379
0.659135193779565
0.812625283597908
0.825520822552127
0.766635964188927
0.698042742485592
0.609367371066165
0.716227048534026
0.690786341420809
0.731338023714521
0.685975369509703
0.726231492646932
0.613519029984556
0.667017802670506
0.639336165160569
0.725518331543342
0.713703894365842
0.696704454943777
0.798538700918954
0.865125494932167
0.713540926640725
0.693521761903266
0.576487003633627
0.741251033060859
0.682403091407122
0.772607576039229
0.666901813019305
0.746080381113391
0.868309162129908
0.6764610633982
0.823991321236948
0.772165450437565
0.796392999320623
0.852340958507416
0.77364444984974
0.653742127696321
0.808672224834246
0.8662240703695
0.750608357721684
0.811240035169078
0.738374298692791
0.838064350077524
0.626602793172202
0.934111624105183
0.807745879602253
0.795467955355107
0.879871328285683
0.829358031517674
0.840308338530377
0.766346989789198
0.709480541960385
0.753565557353248
0.628030160784206
0.794475401920481
0.861884643732262
0.850308042855819
0.791540064286523
0.785104545165631
0.841652745353713
0.795629330211163
0.701743253329411
0.82039154098394
0.711252790833389
0.846873823788308
0.812238176053095
0.70469887822174
0.907547829117156
0.782711952621214
0.826905707426481
0.851762754569845
0.640541566865842
0.872870141025122
0.680349201125815
0.88979642431238
0.801278588484866
0.972574625381693
0.796144328614544
0.953746376783915
0.899086083696412
0.839227570142859
0.826535196623841
0.932417690117431
0.904660461935605
0.86603101705907
0.797622661179861
0.851054370308801
1.04727915664629
0.864005052162401
0.856712324865294
0.969185936337891
0.838793688257851
0.885061495759428
0.862994367903087
0.975912834039067
0.899035659731925
0.86151240759274
0.915275310706957
0.829175049886278
0.988995639213206
0.974193205127181
1.02349363004812
0.95013519286051
0.96895520763421
0.838131606762155
0.951212608941179
0.99826613366883
0.856094819802602
0.903330649619119
0.890150513698592
1.04044118052279
0.851832586668565
0.963978432138363
0.893461944994681
1.07234578508368
0.973649746846893
0.968356933346483
0.983892646674286
0.968940374560332
0.889083990056528
0.969989996301008
0.942852848051243
0.888776680503878
0.972796536552928
1.0056295180857
0.943109483707312
0.816223681865043
0.966807146825219
0.974399613049369
0.903190883002232
1.11929704220461
0.895739901673675
1.13293556669575
0.755333673299269
0.914651061792736
0.910540597698415
0.932375245256129
0.943955751415695
1.12457890802108
0.979809351351139
1.12895386954751
0.923894711340408
0.949864001792224
1.00450494462809
1.06154823496239
0.907277567116758
0.876828052980561
1.11250658032336
0.942721788903368
