-0.0220051019272894
-1.05878981097183
-0.983242894994118
-1.03075193116972
-0.944225327145724
-0.944765692647427
-0.949363870715166
-0.78919141470116
-0.937202471217955
-1.07557726049646
-0.901177491080559
-0.804191502135952
-0.939918448026216
-0.952118317811462
-1.01945581839275
-0.978950943635703
-0.84802001601868
-0.910639829944355
-1.07146677972768
-0.916139440045697
-0.949494250926981
-0.939009262425229
-0.942598865116164
-0.923395456655408
-1.00359911249375
-0.843540108593687
-1.01993078015855
-0.989565184604789
-0.867940768736917
-0.969107828155473
-1.04094527156254
-0.995739069157737
-0.861307476224188
-1.14028486135892
-0.974596759063032
-0.842712049645057
-0.898999976705778
-0.806195247287142
-0.942388329313741
-0.952065856191982
-0.754996716416838
-0.961380325559637
-0.799629153232889
-0.913683266243605
-0.984667321033085
-0.838958292969257
-0.95241038160233
-1.02856117964974
-0.762368346785939
-0.949914763256514
-0.973315406595383
-0.958079247127623
-0.902461748651264
-0.839543299709602
-0.846819158898879
-0.835594997458332
-0.979890259989049
-1.01106995703138
-0.748768346323237
-0.893150976923233
-0.849515570810082
-0.902805241742505
-0.884632063281921
-1.01558304963664
-0.852827734705374
-0.874583015346684
-0.81274597415581
-0.859796245358252
-0.978865539020805
-1.02933926536873
-0.823428294371563
-0.942984509565376
-0.810801779085315
-0.745139178972875
-0.778023770801978
-0.88695345590344
-0.806513179109646
-0.84203045217816
-0.814433377566056
-0.761548372449864
-0.797984970461765
-0.762333511791683
-0.83451247315259
-0.826729181579046
-0.903926262971813
-0.913690284201894
-0.975454826971235
-0.739904067444354
-0.800591380823793
-1.10238822402874
-0.943584324740616
-0.909634178001984
-0.966549511182393
-0.903452502014271
-0.83332648782577
-0.788493392757708
-0.858007341318274
-0.897885587089284
-0.786361049159165
-0.783278541129331
-0.969192586694043
-0.749241923157284
-0.658653065766936
-0.930268575874472
-0.767039312355911
-0.77676038453217
-0.882922450345155
-0.866017895176272
-0.795829810610067
-0.798344201306251
-0.805379929532106
-0.83554373120659
-0.755575510185248
-0.72373519436158
-0.893237205772675
-0.818695995589499
-0.742484624371859
-0.776650010824257
-0.823925926673984
-0.710367392520497
-0.867598063076405
-0.875382211386775
-0.822358172305589
-0.639094206637036
-0.716365166282169
-0.727830437055447
-0.963144280759893
-0.800139695339837
-0.678271800752273
-0.709405197024564
-0.838549802075515
-0.738740670631603
-0.695361872374932
-0.759404277619857
-0.759972474794032
-0.667671631682525
-0.703032963338017
-0.801258441904843
-0.640091274525071
-0.767085756678518
-0.630553217307328
-0.615046204037319
-0.750172615051942
-0.719101156357567
-0.717051857771641
-0.715106454872983
-0.798412457348722
-0.78911170795983
-0.73948108159078
-0.638343624179953
-0.738039635285091
-0.614650621542972
-0.788580892044515
-0.682057805843007
-0.770800761216944
-0.765525326286007
-0.607408296006612
-0.67223999614257
-0.62081459160296
-0.707330451765653
-0.748161147848037
-0.736906347656842
-0.531711730302906
-0.671931949571226
-0.631455747358139
-0.761181729933666
-0.676388604949862
-0.750982831468043
-0.475785435551161
-0.71212643296112
-0.602576539360249
-0.699508487709211
-0.645105080722443
-0.723563524098446
-0.57448178161987
-0.766479416956456
-0.511875895638414
-0.620272396141777
-0.558893798961258
-0.681524247345451
-0.74528031949156
-0.707584525040939
-0.537815457746704
-0.662906583190587
-0.63034649761984
-0.670986168441133
-0.706351055646663
-0.684063081129591
-0.685127796106171
-0.624396461781396
-0.671379831704967
-0.420697861690802
-0.502637067347597
-0.690458710093826
-0.626591176361994
-0.574779279602766
-0.697480817127279
-0.632897367999361
-0.561271907328391
-0.690407641114691
-0.671607700312854
-0.696667181398516
-0.605000033219232
-0.716009856773348
-0.673229887923923
-0.631808786064435
-0.555001358563449
-0.524041326664873
-0.398396350353919
-0.660577467669443
-0.628352827737645
-0.566141774895811
-0.74975511491388
-0.594385445612957
-0.522518083099028
-0.599234619259012
-0.510461845469226
-0.797885275789532
-0.731188630427844
-0.624222680377438
-0.608739788903015
-0.574908311380322
-0.598257472584293
-0.589494528381589
-0.493633666316018
-0.551827852182524
-0.579327681780567
-0.668609504952179
-0.655709569180243
-0.468543907557485
-0.518271155241843
-0.459377777638142
-0.560579308776044
-0.450896785581799
-0.563818816260982
-0.507787506515501
-0.600395696739809
-0.490335909078888
-0.45309155926691
-0.500679971570993
-0.412663260533516
-0.525195531957855
-0.545066422096564
-0.361091843432749
-0.31781075990137
-0.468368284531271
-0.460846059765877
-0.547223409337151
-0.520531511537632
-0.465670896684739
-0.547508966865011
-0.558508078329489
-0.583442775590961
-0.381197470151331
-0.484234798046695
-0.414509863174562
-0.458513416533477
-0.457560267890844
-0.402753344454792
-0.567277183458659
-0.502563487701614
-0.529274556572367
-0.606396489981419
-0.43080635867362
-0.30352667036878
-0.469876692457655
-0.491544795911736
-0.386543181761211
-0.314500765420886
-0.574412754323894
-0.431519687750803
-0.45393034651285
-0.449637173282007
-0.402504789178379
-0.494801336494832
-0.609578375980967
-0.439148853245185
-0.440983749314236
-0.449339399785467
-0.513356685934222
-0.321533764622608
-0.449154671409295
-0.53622452762642
-0.443048835197207
-0.492449560837878
-0.311041545618003
-0.414710951598857
-0.47500009351381
-0.422089582106113
-0.485070974573798
-0.350688344729701
-0.453484376515371
-0.582546921905852
-0.379658020630202
-0.389177343939106
-0.503779241887815
-0.443593987551048
-0.35075515947852
-0.402703106988711
-0.3244299628986
-0.460819992300809
-0.286160296479389
-0.431200156085138
-0.553330534144123
-0.418539800250836
-0.32298431528418
-0.301843798002078
-0.331785304197203
-0.39420551979959
-0.491436867300814
-0.372232511722832
-0.380674039582253
-0.363200736607651
-0.41382199797827
-0.455939848332113
-0.389544847115256
-0.422381892966091
-0.368692505199077
-0.476194799469841
-0.294145029891884
-0.300031006465785
-0.411574640064774
-0.335408334971997
-0.359044244571331
-0.398839529706561
-0.441464944265774
-0.228282289439715
-0.175585899648621
-0.345074684295055
-0.256696230330399
-0.263592222832239
-0.403367223490576
-0.387722028757605
-0.342217231026192
-0.196662439809958
-0.439575655813732
-0.294738763201248
-0.282607947298441
-0.308486724063854
-0.431578468020158
-0.354710976920023
-0.278176410714892
-0.410445783859527
-0.377945260788657
-0.501989224577088
-0.361089647765344
-0.407142986150103
-0.194912241730582
-0.215112066522727
-0.15641850420432
-0.446196103105317
-0.178525798386889
-0.337146107023478
-0.228648180622432
-0.272500821707959
-0.388114655774056
-0.194808767162045
-0.303740780112027
-0.133295778593996
-0.101234778663007
-0.345232631869899
-0.389535087913028
-0.239913507706451
-0.376045242166546
-0.381369971462637
-0.215441892407607
-0.277965524656302
-0.260264438133846
-0.291201997940438
-0.0983069848472967
-0.32818843713942
-0.285269839816059
-0.211993959347372
-0.284406216708117
-0.350473536261763
-0.290735872552682
-0.290888517110097
-0.345827577335708
-0.202901006119597
-0.181401500954054
-0.187176957333531
-0.182426801746327
-0.202752944771302
-0.142166276860698
-0.103219502219453
-0.231221140833792
-0.320140257548723
-0.312767007337147
-0.313643000024794
-0.240183551276399
-0.121264947439851
-0.198988721436934
-0.210645253043268
-0.171639601482165
-0.226752425245917
-0.0898306894925759
-0.24130802129455
-0.0803644270214264
-0.115802518371013
-0.31726473895459
-0.156534623179195
-0.31076099134093
-0.317092766921722
-0.19921449081318
-0.217835431408566
-0.170525796610615
-0.17731474235274
-0.14839073121082
-0.0587860387813103
-0.0919778351615065
-0.174688067958604
-0.274723525352706
-0.0905928451228971
-0.0730331884532772
-0.179882557104799
-0.163513378470436
-0.0694176155617903
-0.231238098312463
-0.12699000975457
-0.20421648660547
0.0040671575043681
-0.206822649093309
-0.134415068265669
-0.103186551811216
-0.00540908130439756
-0.0982170753871443
-0.220759193759841
0.0707208182904473
-0.184577675815075
-0.0199365907993135
-0.229044457773187
0.0196090809326962
-0.132519995574418
-0.0735522557042993
-0.0797384220537446
-0.160309872460627
-0.107822213595166
0.0130505914815012
-0.0331596498008338
-0.251493873168047
-0.169031112709635
-0.227324560707203
-0.117204274158668
-0.076034542974592
-0.145097236231296
-0.22396897557802
-0.0780183162861367
-0.0942455864067798
-0.13117236812263
-0.175638520785664
-0.144207329911278
-0.230040337372693
-0.0911714972970918
-0.0787013816778335
-0.12823474608896
-0.0498779121925939
-0.0226064626669526
-0.207474948356086
-0.282712436171078
-0.10219139921474
-0.182641895923792
-0.0533773228324169
-0.0412731528945888
-0.0333201033881301
-0.114088224936113
-0.0325121492985515
-0.0995599261505054
-0.132278015646956
-0.133130281401541
-0.158190966650348
-0.116520436033273
0.0859777038030407
-0.0684825254783697
-0.152437445060635
0.0617458797728248
-0.268931141609867
-0.131518639495373
-0.00888526395464045
-0.0806009051464498
-0.0178473038896554
-0.106994007003731
-0.0175009477933582
0.210669833442338
-0.0559792372028729
0.00135569473890865
0.0303642573926376
-0.074159904218022
-0.0114047225293648
-0.0343804328849721
0.00749031063288845
-0.0506902527432585
-0.111170095798196
-0.092115915732455
-0.101112066142505
0.0600410897962457
-0.0571599348021267
0.000869876738178807
0.0375003017947809
0.0435547185618773
-0.078070358701071
0.0557048381995199
-0.180759495182045
0.0490256532943804
-0.0153429684050745
-0.0608982558170808
0.10391074725083
-0.0933800594309177
0.0953289961116286
0.0553406311398079
-0.0942174278107687
0.0189276399406601
-0.0487354004267266
-0.0317004903224251
0.0296305111441452
-0.13359958841211
-0.0498125431358699
0.0467077270461098
0.0526249160452084
0.0308974026842642
0.0204348128527749
0.0262923999316439
-0.0603738659256552
0.247585645215895
0.0530977325642753
0.0467226726739034
0.0393651802282511
0.00665675596944338
0.0863547329602332
-0.0420956025296166
0.0901119423660342
0.17325453567353
0.0420083330603273
-0.0251047693135342
0.105286867187864
0.170028545468796
-0.0211721539641278
0.126153851581555
0.0961334959115633
-0.0336128753073868
0.0242297533065439
0.0526667723641914
0.141212593538285
0.00513831550184251
0.103843002853078
-0.169800579260121
0.100900699310225
0.110986866595791
0.0395128186951468
-0.0499251259985905
0.121884724579593
0.125270222522227
0.132542107469987
0.119894981524575
0.256782828938921
0.032025862345814
0.000544061763440028
0.0863146213377406
0.14416175529864
0.0570271406469294
0.0339267269481361
0.128569931146758
0.183438265135788
0.00598262155416052
-0.0472302282193484
0.129727604867073
0.0880383701860329
0.296424620726448
0.0802127305704149
0.208245318162095
0.185152447541493
0.0442258320639079
0.265698165074473
0.151373404914198
0.218297440868978
0.150117202190886
0.172289817532517
0.0649356344212172
0.224985095469982
0.205377138753105
0.0908919352003388
0.150011207002652
0.196194559762363
0.289583726521352
0.069670624677909
0.0967001676371021
-0.00797863901084107
0.165304119090889
0.254321705505402
0.252535129388831
0.0309060987507296
0.0683251770603077
0.134691416161563
0.272104583719403
0.150017516964961
0.0509151207377512
0.218919406976188
0.117500284399818
0.00607818052955333
0.217547626787199
0.180201214437528
0.260341640447107
0.200334848078009
0.27483914940725
0.314512515297717
0.187669805861155
0.167848757025729
0.328831994817928
0.276164952485002
0.386744314211824
0.243593433137528
0.28967721317156
0.16689981794978
0.339917924678485
0.103677136416551
0.307939934443436
0.156090458072514
0.339051872581968
0.267970623646107
0.226657615901065
0.14067468974401
0.322123381909392
0.231457034540732
0.126220435057755
0.270265604527335
0.394280117526317
0.213752887285507
0.304051011531951
0.206321954281173
0.170336955957503
0.298272378990887
0.126692978481891
0.289877322365074
0.302984045040311
0.299679390187568
0.277217117849852
0.225899633403622
0.255943799199044
0.270199230487439
0.357143556216115
0.128933507064161
0.304613654171443
0.273409847613162
0.539877450556692
0.374094588036065
0.347387643231705
0.216040660482992
0.475632802766153
0.275078698552791
0.324429732145451
0.431785699153765
0.144522888220032
0.312672954089978
0.259906164554546
0.288546507988029
0.316140103983973
0.259594340414734
0.23781652115001
0.53455930165273
0.157349771502038
0.482828167577675
0.299182673170668
0.332213520366204
0.391784245791667
0.266850522659404
0.397369638880072
0.26815748419341
0.448991018397909
0.417080985679841
0.281841783166838
0.330277390248137
0.330923933903554
0.350285882223045
0.235016166397994
0.568533997978326
0.295553292752099
0.315660648284316
0.319271138476916
0.247982269086525
0.465658950365993
0.362523054868995
0.197526550465443
0.297013448151706
0.316880374186245
0.305571016041375
0.321920693217509
0.374789094866813
0.38343819904117
0.319441773877041
0.398101998245425
0.2765865971714
0.272947790027437
0.265835538462434
0.436293240754079
0.349282326985654
0.213615531883541
0.185044777671025
0.459672153920562
0.448237577151642
0.53154538605387
0.318072736732631
0.111996191237949
0.320432702391472
0.306759339254961
0.406493331799609
0.38811736098818
0.349941060804729
0.460546251038803
0.341642493734321
0.540751711839854
0.342741326066037
0.444447614875118
0.448428837233781
0.444834920644176
0.320766273100894
0.369924484724357
0.313026166032723
0.369163464233874
0.371871661379429
0.431988660295174
0.301266851852853
0.526675454725788
0.42440149998921
0.440565146990052
0.469049164197896
0.339602854972023
0.417053823104684
0.397306907939006
0.328503787326751
0.538461966274566
0.629127708987384
0.5374451746102
0.429544433348672
0.482437596498549
0.38694680767509
0.411254706444656
0.42906316086104
0.568845814183854
0.425175272054461
0.514187948508767
0.559038811276941
0.425534990497131
0.488094791396853
0.436468451615625
0.408234408775683
0.548379125218769
0.452176320174543
0.558725084576793
0.573156049520922
0.548274012990156
0.484734545085882
0.386178000454101
0.51520162146227
0.563807023144625
0.515021102957422
0.441700589361172
0.652678729308829
0.597991090073515
0.493091864458022
0.491027431719951
0.516187004179119
0.494603045811647
0.507515829999089
0.682326801334302
0.473341858034829
0.579358329019212
0.496839487834197
0.532965710919197
0.57687123352516
0.548835396932292
0.435473601540414
0.517044363243286
0.524657861730281
0.493636128936121
0.451595361921854
0.644552202578906
0.576808552932934
0.520122332985978
0.549204028424165
0.604915890083527
0.593837806059486
0.583562125464155
0.544573795695986
0.493180762675665
0.656021439229692
0.533274410501783
0.572234999590847
0.716020502315639
0.576584648405216
0.664487256404307
0.732953120660024
0.627225691351753
0.662817460038627
0.648195566165831
0.686872255467508
0.624610021836894
0.595137940026756
0.630486379369733
0.591445008970423
0.688052223756084
0.748164045038644
0.672572885284591
0.608327434254773
0.488467944455555
0.612159001709023
0.353697409586207
0.496051643763604
0.693575924431855
0.593043505113987
0.603386780279069
0.604913044808831
0.463076509310343
0.534503694401628
0.559897332370738
0.651324831580274
0.704486028067694
0.603327764343012
0.708705892857294
0.78977587236092
0.652569620076528
0.60865434850596
0.572581756756842
0.583522556956809
0.755199137166663
0.639291407567981
0.737369104037868
0.669163450678494
0.651150735655265
0.664046919901629
0.667056008242371
0.703267456067987
0.70053212938911
0.688922666555808
0.66114741207245
0.647277629053607
0.72013027358745
0.700936840795643
0.601305838326021
0.631639503789937
0.543191592414314
0.668947100465122
0.784551824503221
0.52734150170417
0.690942520279749
0.647196913073564
0.677456117257173
0.767554816566516
0.773122529243487
0.73815840767733
0.76445032551649
0.800610524367756
0.699549486011944
0.458726464796379
0.646335125485582
0.866077165554749
0.749725727530741
0.687757751560498
0.692559761974619
0.781092720617398
0.781320274909006
0.645831231497665
0.574187480117293
0.692177718397662
0.70366050721916
0.792316322057487
0.845742630341141
0.584994893883569
0.661372266206572
0.719640911724253
0.79878892415685
0.878360683997892
0.543185786616483
0.721844447555014
0.646619337430727
0.838328142889339
0.742411043760945
0.633216555004055
0.712875074297808
0.761322385369465
0.813415024693159
0.885992919028317
0.742379827526034
0.885223418587512
0.582343589800872
0.773168837479077
0.752779584685617
0.587258876100336
0.801364263973292
0.710712843036664
0.802223256937776
0.658439053570121
0.872619446398446
0.686209219069113
1.01874270270682
0.773589131364656
0.69254016122458
0.877828889040721
0.676499886783576
0.728512111139848
0.700142820645991
0.744271621585241
0.788790381972031
0.736292105334841
0.816846580009555
0.899277958478707
0.702116610285688
0.792380602629868
0.746846265259191
0.803594334984824
0.708030162616704
0.82517257969472
0.833194658229524
0.833786917081491
0.826483189187697
0.691479761578561
0.826030634812074
0.790309116581191
0.795236803958783
0.809407875035897
0.868498043272397
0.897199902030495
0.802394567363448
0.825032466328523
0.829263460311957
0.846667008169617
0.930404749744985
0.901412610095286
0.751174204640262
0.839727014849998
0.746429976106411
0.733706898419428
0.776376118525509
0.936856333369011
0.7626332109367
0.811594048099099
0.90180775459776
0.965539594605306
0.861710279509176
0.804936075145775
0.877409199772053
0.776978256324328
0.851800452722606
0.857255620582475
0.874632772911276
0.919593625726398
0.829919415217039
0.77770822325796
0.80431483527907
0.918014431324192
0.91187566379077
0.754137847378775
1.01192605335876
1.00653820123683
0.820478311579945
0.937569599421484
0.894483116961877
0.956769211383745
0.852793053601165
0.847596722630779
0.835705500019273
0.855263575933498
0.833606789045871
0.95403079386704
0.910943678839232
0.885174743983731
1.01909496126848
0.969140520096235
0.926915441082567
0.889425832514322
0.933852506180489
0.917690671641416
1.02630861500924
0.800335655615174
0.924688732680727
0.838088477357747
0.968053131247951
0.998056742343187
0.826943770332926
0.978415952935565
1.00865750525209
0.990763741434003
0.935853106602445
0.930053405801153
0.898016796729037
0.911095024695629
0.893728524824787
0.958314435520107
1.04765967549967
0.80697917083171
1.00030108846908
1.0274050930444
1.02747313890557
1.08184923270171
1.07748379482384
0.91878606257962
0.94287888632318
1.02116780559328
1.06468617694239
0.992787817107915
1.10493553764522
0.922935845031726
0.975777063806971
