0.0307867077420551
-0.990829589111303
-0.966096054731937
-1.05341916578408
-0.952512105102222
-0.98694428339995
-0.955436442712157
-0.954136826573235
-1.0305507649023
-0.92610196037435
-1.00846967717795
-1.02892437120121
-1.03725948777166
-0.976283738884076
-1.2330242481053
-0.876035986587462
-0.946645167820752
-0.974723578315986
-0.988991650139083
-1.01194793570762
-1.00111082564982
-0.919939963159033
-0.937902837810432
-1.03117005497382
-0.968755871824535
-0.983400063917164
-0.93049236672589
-0.753261859599611
-0.956253890719092
-0.883880025309837
-1.00629168204101
-0.783636242557905
-0.920854750632393
-0.841550531220172
-0.99642478753577
-1.00243330568199
-0.935002232682122
-0.759868891957059
-0.957203865567513
-0.931558081911538
-0.944560313231981
-0.813260169040414
-0.883021276560308
-0.802503960216972
-0.950777225420723
-1.09554477699355
-0.998543750647227
-1.00647772635929
-0.808872707093092
-0.910657027946457
-0.798403160613648
-0.758417170452241
-0.829604378313804
-0.921674073448824
-0.886752881093098
-0.982432300118562
-0.853212757191388
-0.932495321279786
-0.844876785218422
-0.88460126990009
-0.826433911719956
-0.926229524915098
-0.893403444695494
-0.937176433561687
-0.830559562916572
-0.845581533963429
-0.701841451651029
-0.905907215228647
-0.930304280586405
-0.93003838675008
-0.848796217316627
-0.858123613295772
-0.9347990584309
-0.765565333087867
-0.922778287170735
-0.923518782597119
-0.926584742326187
-0.991579448415971
-0.719535302890403
-0.907183828790931
-0.70349650348739
-0.926895708980208
-0.744081801700494
-0.643493834770632
-0.897637582864562
-0.812689006510395
-0.806855238644615
-0.779888981828741
-0.844978162174826
-0.731115021621703
-0.785925116434413
-0.948437658118651
-0.949434836832298
-0.76158096293356
-0.662768176422933
-0.738410252359411
-0.760477915525504
-0.870376565930435
-0.864489034734767
-0.827107354345628
-0.843193487860733
-0.755268886162879
-0.802917529423984
-0.790047447338076
-0.770017697725088
-0.792077443072279
-0.850268851507805
-0.731455776884078
-0.748408118691696
-0.76388761000256
-0.844275621662821
-0.795234322727913
-0.850116550916904
-0.765561956609098
-0.91254120751703
-0.728787537360268
-0.74991669323451
-0.742310900001918
-0.728431556729844
-0.73032884715672
-0.79253573300606
-0.832689389436315
-0.736519828803429
-0.734205114510387
-0.615149369124426
-0.648341032884652
-0.788446232157112
-0.583283842813888
-0.714247338566549
-0.716931859572235
-0.646140480029835
-0.897717976004835
-0.724094450751
-0.846407141888986
-0.75610447679596
-0.73323937402988
-0.697514545939318
-0.968570360865871
-0.703315273669463
-0.744653387428559
-0.496318079132009
-0.702482243623483
-0.643008311147653
-0.774057442137629
-0.728042240655181
-0.739316488763429
-0.819462944800375
-0.556383200122307
-0.623336524529449
-0.691940919963829
-0.619262844429791
-0.757951681504431
-0.693319446950497
-0.567977530854702
-0.699636602010397
-0.708168678332459
-0.788211737481308
-0.445477317127248
-0.712120801676601
-0.83251451119502
-0.54875396234702
-0.621989492542324
-0.683823044510828
-0.540812706913294
-0.693416774898447
-0.577091437180459
-0.524062564700322
-0.783204190032122
-0.758015624377975
-0.667204378886289
-0.711408037791706
-0.609760707934509
-0.520042984093938
-0.619651019427207
-0.745764570193816
-0.633223008776057
-0.646144160628993
-0.632608794956773
-0.742949737067604
-0.577162867211484
-0.778863788449951
-0.755042272796113
-0.673544863310268
-0.543873252781274
-0.571882900064142
-0.637844197378507
-0.552453313630803
-0.589554857581671
-0.631189676753302
-0.597303711315299
-0.793144216382623
-0.66922582515316
-0.64464036491076
-0.695200738783571
-0.521987433089594
-0.708238042699446
-0.779915589807283
-0.621401893077218
-0.550633625092596
-0.642944783647974
-0.634352144548272
-0.731001679795352
-0.639989018975923
-0.449588973841826
-0.51112782693721
-0.47340625459238
-0.652734506344792
-0.524089773278958
-0.61377327326265
-0.54955649408464
-0.682421097838421
-0.621167372381041
-0.626753890525706
-0.595828200959641
-0.642721338440436
-0.640980384339654
-0.542287159805346
-0.752873350462398
-0.576395538040085
-0.525080425065611
-0.563039286948328
-0.47898544680724
-0.651819899262259
-0.654414138033829
-0.625327459378043
-0.457900761181458
-0.60159980398331
-0.554158673792186
-0.644815605419137
-0.479290378993794
-0.612903143486029
-0.613354638796523
-0.336635619088662
-0.580748834571104
-0.520067063469374
-0.592272977700255
-0.472407286291771
-0.421688992888172
-0.419851018981162
-0.587458498346077
-0.555539068487045
-0.555080276936295
-0.498637647531983
-0.577100116425104
-0.538595771058286
-0.72171640177272
-0.575145001987914
-0.46127800156681
-0.515363578609692
-0.471187900978493
-0.413264394687398
-0.607669272437315
-0.438053811575448
-0.50036111631112
-0.647668532838237
-0.367411225727705
-0.465967931063957
-0.391950248186438
-0.498463398523888
-0.37495668657757
-0.373594008544754
-0.575543876077577
-0.396749807115409
-0.489399436540208
-0.451344927084541
-0.562568619337375
-0.448417098051959
-0.433964934960505
-0.470139443189983
-0.373657298858268
-0.500855726379787
-0.45634575315817
-0.49177399601477
-0.502024434672408
-0.463087811436834
-0.457973990803514
-0.477049334384291
-0.502614730167503
-0.395450515270313
-0.448056215090152
-0.440490785974453
-0.442260291965325
-0.594773252819523
-0.391269923719864
-0.453210569607534
-0.370728138967117
-0.503029302275155
-0.26692383477905
-0.580197992319974
-0.472380276933828
-0.503287607717547
-0.47348336786578
-0.282209961868164
-0.496608281352077
-0.60746267401366
-0.583205874549651
-0.3484388154194
-0.340604769687489
-0.37140657955826
-0.374524137445659
-0.425512771380194
-0.432280148908185
-0.290037678660802
-0.429730690714974
-0.264245490464648
-0.405380232682911
-0.422634906629111
-0.379442488983724
-0.427681826847995
-0.375093007683745
-0.284033925813504
-0.413945600927191
-0.238424420116141
-0.311431213662067
-0.240806454990318
-0.391284420667562
-0.278862066777859
-0.351947371843968
-0.225774753151655
-0.393836434206165
-0.40790207696007
-0.145069108134162
-0.488472031809018
-0.336195855095973
-0.282649727059458
-0.350996401307119
-0.456445524299568
-0.268879740697816
-0.292010399519363
-0.365706417220475
-0.28439563479195
-0.375537333575435
-0.353922502019271
-0.355143045052203
-0.323401684841808
-0.356076504378132
-0.355834164170261
-0.348633752932031
-0.325195155828472
-0.481366754507189
-0.360481128935958
-0.322939551065255
-0.158658636928648
-0.367659395001455
-0.184269625209409
-0.305916124365587
-0.283237296131723
-0.201223985945254
-0.308527277398428
-0.253085245016459
-0.207106664251213
-0.369917781099393
-0.319786621152067
-0.386314877437581
-0.43710281286961
-0.277758953759021
-0.310453746343833
-0.466719885691557
-0.202193657147386
-0.244633584341223
-0.185044829384975
-0.213569503214586
-0.203649550940092
-0.377420117152134
-0.32524469460073
-0.484292139924489
-0.198544785046835
-0.414505575320429
-0.247713491026759
-0.185019448733406
-0.249476719803151
-0.200233037246679
-0.243304260429509
-0.303285436783503
-0.212229532459613
-0.219207076901345
-0.271140293328476
-0.256170300482628
-0.266718015121149
-0.107433183090914
-0.273460190705968
-0.193615852061185
-0.0362589857611325
-0.363332948322617
-0.420701975617115
-0.371882848199841
-0.235962971741932
-0.118738889666503
-0.103942465896647
-0.37553976926556
-0.290401642311569
-0.267647818758446
-0.202258358656153
-0.240515437955501
-0.239168353344336
-0.297157206579993
-0.128560811509675
-0.267451686605761
-0.189217369269144
-0.321751564449329
-0.145695016773915
-0.280819707523333
-0.158007253561377
-0.137876163601798
-0.172388406412978
-0.147872387793042
-0.223441996605725
-0.132977591765674
-0.0455886384685178
-0.177238638291285
-0.283111148306493
-0.0625643533367649
-0.261662317059099
-0.182928363180406
-0.182308008782756
-0.149530941659887
-0.0203607547549513
-0.145756739625457
-0.136465051779741
-0.229052243922267
-0.212241079293512
0.060608079202295
-0.229459148284124
-0.109992629044458
-0.195017752508066
-0.237758508135943
-0.160617984902516
-0.203649677269164
-0.155669097454803
-0.113766466402437
-0.152441417423372
-0.214210142396528
-0.0709100024318715
0.0265791457993004
-0.148999563985603
-0.0492496910743578
-0.0445509117755812
-0.186665717211346
-0.202002885079439
-0.176252284100348
-0.103867225039782
-0.167715619550809
-0.159123227647589
-0.171339254191672
-0.102039692111761
-0.129060250511603
-0.143044338157685
-0.0652760216419893
-0.055195614505418
-0.170681537984728
-0.181473693364382
-0.283095233752447
-0.092998266217276
-0.0288014596953147
-0.192146329771094
-0.0805358848609681
-0.182470719433454
-0.134108886087448
-0.107016894078058
-0.275233465746937
-0.053398510189644
-0.0824939062667223
-0.0902774179510009
-0.0570771993979253
-0.129070047797211
0.0422057463612615
-0.0388839043967178
0.0132083090007768
0.00130778102365693
0.0111357075729206
0.0145741204326286
0.0223298674090775
0.0120141714641149
-0.0384364929637789
-0.137219270845351
-0.0688518095365749
-0.0568339076932241
-0.0975586116487736
-0.134290941440651
-0.0146216050358064
0.0606063809157597
0.0199251165702686
0.128928480192696
0.0957137548165316
0.0837883016456534
-0.0820816474742782
-0.224777201993133
0.108504099714247
-0.0208623377662161
0.0429838615673557
-0.0211532318667586
0.037571526249812
0.00103625048413942
-0.00446171070712147
-0.0438196118073702
-0.0538608129772378
-0.0830109830987574
-0.106304631168812
-0.136849919796707
-0.0118050248043185
-0.0380987556145939
-0.00262061256647433
-0.07027344702182
-0.0392861495261525
0.0232548453620464
-0.0150145488277659
-0.00852392029913562
0.0316591443483266
0.00816387394999709
0.0604129604296713
-0.0203312968624969
0.0186920552200955
-0.00858003178063211
0.0367952256958183
0.0209402297807252
0.032331532684349
-0.106940690970478
-0.0546791675294396
-0.0437755021527522
0.0125728476273358
-0.0309121461513014
0.103262836403629
0.0277274726958383
-0.155472151826767
0.110376977035633
0.0472418742798569
0.164217908529115
0.0543903885978289
0.120728171704251
0.171413889390222
0.160500167349766
0.187366677565668
0.156461300194472
-0.00826192634888484
0.0284356753005488
0.0638514070658228
0.106352185345846
0.25839227952378
0.0896740373296319
0.142191723703136
0.017747260399953
0.0225423911826249
0.0898314131471053
0.0607169254581845
0.162826153974172
0.0637368925828229
0.032752213195303
0.302488885245604
0.0282605382784607
0.0742557118946568
0.205923858720423
0.157109706183504
0.123038595432552
0.152482913689825
-0.00190214029618841
0.0812117145455311
0.147754347036671
0.0735364438134174
0.113949965109224
-0.0026410974922572
0.12370151540355
0.141863061001331
0.18124481296137
0.177977927277685
-0.0205476345779067
0.215385839032075
0.255836959614404
-0.020769106533347
0.165366086901464
0.00158931371738148
0.153264832024011
0.254798664730845
0.0665096107186928
0.27640464770926
0.100523195326367
-0.0126261177554792
0.0862274846585795
0.161296132837691
0.0669272038192434
0.0801067858238871
0.275444251671508
0.147829129344437
0.171590954925692
0.135388846971657
0.226821922624281
0.0627358186382223
0.0705468120203323
0.192396608355696
0.194177498989924
0.214584357574461
0.198401260599876
0.104495422303737
0.283818273341273
0.293792239267514
0.248569197943282
0.311679377831316
0.065230086705995
0.313680426547483
0.191035929367612
0.189192662325739
0.167038422138323
0.354452059600562
0.120826338942664
0.181771504144801
0.0786396953366078
0.166227063393385
0.248296379105198
0.159654597624508
0.144537931388444
0.202091064194546
0.175282310634079
0.274666266403078
0.191254002646728
0.182870730772862
0.299751226002325
0.200012188852658
0.219745370976692
0.397041672188141
0.234687630548105
0.288063547070324
0.205539351810851
0.37749027749347
0.336112292402041
0.440967348939383
0.287718910562227
0.190292589448633
0.327966561657877
0.15305233243481
0.339959885290538
0.275478649403726
0.291188043062711
0.323312645532906
0.28350001123119
0.261382004003798
0.249786154625744
0.227203516287721
0.361044426879293
0.360199867764185
0.265045686284045
0.175231734085481
0.224524558253983
0.308238575211722
0.241592261571177
0.188136025356059
0.318730587976906
0.225609706326375
0.358121890530054
0.223661884439097
0.196361552875103
0.283085884726061
0.306637201159374
0.282556687054035
0.307519752688174
0.35358314644667
0.345326084082374
0.363173259729561
0.292187665570519
0.403123024899489
0.351256950470367
0.238820210381752
0.216196960937622
0.338377434411717
0.258044841389861
0.501912794098235
0.391791962088445
0.189557118176425
0.296924198915269
0.569551810807532
0.36003111190076
0.297229609004088
0.302144075554816
0.409627521148776
0.44855186432251
0.339308062015752
0.331257282701671
0.400127077717609
0.436581900009393
0.401857580098588
0.226864247626235
0.341354898365489
0.365414074629683
0.341395319235849
0.432160673961852
0.361074063443191
0.308074427816122
0.367698317093941
0.460091373912766
0.253892596005641
0.428571439919152
0.422336744404825
0.394236315206235
0.317207905551292
0.369504626590892
0.319988929311707
0.375466497864514
0.385907768907058
0.379761569645153
0.287870113750755
0.40771911571123
0.507147157227272
0.42302947630576
0.45690113346815
0.429649175547408
0.477493819865205
0.509282363548309
0.438464012453649
0.470054376038615
0.415158971234822
0.541707039333454
0.417323207739537
0.390014708442406
0.542507435542056
0.515989708234519
0.402276283305104
0.363733751104038
0.458484019464256
0.267367481228732
0.406712520290805
0.364306945305504
0.431303342239949
0.567958930353012
0.571670710657583
0.399294267860984
0.456774766449969
0.380202771964783
0.355749279685235
0.564038761872557
0.313645781460726
0.43468155479498
0.535471994099064
0.426221906904989
0.310168207402942
0.435350666187909
0.435850330542529
0.616839050478558
0.415332773653707
0.428476799654534
0.539307333440066
0.433287429286497
0.500672972465477
0.543950479274044
0.525844543641056
0.450138010632983
0.272699114612254
0.319599228546104
0.470486183010218
0.522169583952984
0.475117347773558
0.389746964980195
0.600099285521453
0.575732414951459
0.552920500396111
0.554404821612743
0.604586665885064
0.410893978214081
0.528039023002775
0.529667502500837
0.683336666368594
0.511316954620387
0.522467483630699
0.584890270446084
0.414256751183087
0.461009904644394
0.663345221899587
0.43319898074932
0.561163622175809
0.43776711434518
0.632379663689677
0.440166154408383
0.638923431376144
0.407615278629006
0.639161438668981
0.472673817563309
0.622033729629527
0.485998092405849
0.536895620667759
0.506713319342694
0.459628526711776
0.581615476740522
0.596189419918044
0.51810532705574
0.51170577236864
0.425693109235112
0.638935214487075
0.589764231808914
0.459213306403875
0.52612426670513
0.569461352527653
0.514225047240198
0.526704257007054
0.610973402276057
0.746814440823161
0.649868670925923
0.617000131705742
0.742423200974338
0.587770987204541
0.641482283109927
0.457860087988035
0.651936716383501
0.58220800369629
0.510954476043836
0.611939294871966
0.614817625349861
0.542940639160654
0.672514270498461
0.724381071341664
0.612329081986511
0.524653512782952
0.641905316090825
0.626729498848617
0.664537720227597
0.569366558589577
0.636595147663275
0.712544698343374
0.602867078518657
0.558881780609562
0.630102435993627
0.681924600005241
0.642166162268437
0.639812204547982
0.73801970816689
0.616357118908365
0.573519283853333
0.65812356935304
0.658591004382474
0.76750192417828
0.621933452733758
0.817819062410777
0.658047450743117
0.760211085149476
0.668193554479802
0.705031757322185
0.692148576218408
0.619079418885371
0.642056613737333
0.525325052117263
0.56018410824282
0.666883675562515
0.64775522742783
0.726995483935252
0.546953216823163
0.747452782527071
0.719161164721529
0.75586441986216
0.67579611778016
0.821508959379263
0.634161185659315
0.631836460112224
0.715011975775972
0.733548678598049
0.761306280068148
0.78957153671575
0.809002178561868
0.693186919976198
0.770309191626926
0.649612466734797
0.711880454654441
0.665702475037414
0.658089347619221
0.70388527921127
0.589677762751987
0.854878502966723
0.743814465138123
0.63971188829565
0.77253907730083
0.804344005209236
0.766188395370111
0.806720952248224
0.668235461190019
0.635550938662765
0.784725022874589
0.763822529201806
0.742550690127996
0.702610984131543
0.779603174417714
0.870991891382629
0.770259347259881
0.558629729124593
0.791391817256122
0.652943467046654
0.595986551207406
0.770649537350437
0.73497357834931
0.855322760012989
0.706802577041396
0.723714016167594
0.709045703943146
0.754275315518232
0.789340094479412
1.01345537405765
0.796502097362432
0.651865358028333
0.873896156519618
0.785953088708409
0.810400190821629
0.874251948062786
0.709630791121055
0.701825611514762
0.722788271817886
1.00476905398421
0.8794602336116
0.848736752038446
0.788226598350431
0.753429657103469
0.746460533295884
0.91550048304563
0.801279897236674
0.678239432020228
0.783909902457393
0.835248504750138
0.748468323741063
0.752179557481583
0.883334727488017
0.836679900149851
0.746238823967408
0.851764042384815
0.873996368341101
0.900900573164431
0.831801144212628
0.922607018351799
0.743959925302093
0.829612190225784
0.794831990673946
0.858845970483439
0.805053848098894
0.818474276479591
0.943190569345749
0.7663707983756
0.903693393155769
0.81289588724855
0.91245432211259
0.759408453001676
0.877930694153158
0.820238324285949
0.841757984550077
0.870493541716263
0.722882700209496
0.804799703560895
0.755266207209903
0.801106374588199
0.907276524246377
0.928859054482819
0.716729621391902
0.804046975441774
0.911410089054512
0.831859870890906
0.867542516561697
0.876738293599893
0.795920908389948
1.06543379109225
0.784103884935397
0.900872340048056
0.86373317254863
0.897592880715534
0.796553025118215
1.15310759717832
0.958808558165956
1.0450809770686
0.842975253510211
1.00996294226616
1.02683570330074
0.793096420270295
0.824041486430507
0.797602658767653
0.817455972532045
0.957020532638313
1.10681039000284
0.876287786795899
0.987440623587168
1.00354385255923
1.04706856926331
0.9233009748005
0.963669383102406
0.998069301760722
0.867298693620457
0.906686999675974
0.950584861566977
1.03236708168137
0.967562777255053
1.03198688179784
0.952055494475535
0.957860872270612
1.03817789924073
0.861787388529908
0.99192529362434
0.831454244284812
1.03146293738592
1.04454261154922
0.970706957566242
0.943640608845552
0.906065809176528
0.939395002519363
0.974460779085347
0.835654854624719
0.884356478546001
0.914868779584357
1.03187955235288
0.918562872400442
1.08123304790524
0.891850084040915
0.887608651714836
