-0.00712266359380895
-0.88325016697113
-0.880537893203178
-0.954876837376219
-1.1029965155906
-0.883560155920452
-1.05870454257723
-1.00605891036569
-0.937150361408129
-0.992952912493139
-0.947985390030401
-0.921597232872006
-1.00431669554925
-0.984071831294012
-0.931411569880373
-1.0083248480422
-1.07864944700002
-1.03225998835614
-0.878733726217395
-0.954524844401385
-1.0392039871912
-0.948851178979677
-0.89591415473349
-0.847687166533222
-0.995378884163974
-0.805157427902283
-0.882788148139592
-0.950774493993082
-1.04512864453056
-1.00963247220212
-0.861835330635588
-0.843221049827406
-1.01500965077387
-0.971411650635037
-0.799212562675484
-0.952553052020642
-0.982941273706023
-0.873304112035889
-0.956449412220934
-0.753711315934019
-0.854037180812677
-0.958446090297088
-1.00678180528316
-1.09975755643385
-0.965112475399819
-0.9405541916117
-1.05591822728853
-0.947724136782845
-1.10102474855894
-0.829182851733268
-1.01868502477992
-0.910529526372535
-0.97366095203496
-0.929104801369616
-0.812998274946491
-0.937768444407602
-0.92272934645364
-1.06460931358503
-0.808448161604293
-0.905783549532046
-0.914842650062545
-0.863635556395885
-0.987601358100951
-0.795529426856524
-0.802243672040863
-0.850942170105853
-0.787822809623511
-0.901293438302365
-0.880395559223279
-0.836352197560258
-0.851328925167509
-0.805090900390426
-0.866228064980187
-0.882097654089532
-0.690160898207002
-0.800256362108563
-1.05107040793362
-0.805064763198966
-0.914759678268455
-0.661458546684372
-0.876178358285628
-0.804196935612079
-0.954020608208244
-0.826773444529197
-0.777258637545175
-0.779833733414214
-0.871097435463503
-0.792501205795232
-0.913796130405613
-0.806227596056292
-0.895177719011968
-0.93922096343808
-0.710577128324814
-0.796959068823337
-0.813443755758917
-0.755278344793406
-0.803398949010269
-0.715861288766137
-0.757337180495315
-0.759875522489873
-0.882238987900052
-0.931357144572793
-0.783948054264988
-0.812470827385206
-0.67985124012445
-0.68425711192164
-0.941797646150351
-0.77418062242253
-0.785616230467716
-0.870016041043218
-0.732362651017787
-0.786710594263336
-0.673321058561014
-0.658542951688891
-0.788195710954466
-0.95786169868822
-0.807318039462042
-0.767460456881215
-0.649721504809955
-0.74581288547885
-0.795677370602255
-0.727459075636968
-0.841276097173898
-0.742320905052144
-0.80986077377995
-0.675973043741611
-0.771793773058788
-0.907158907204717
-0.705914350255021
-0.888320435184188
-0.748438801838602
-0.731496425173612
-0.701708528779281
-0.801498307984478
-0.717132038158711
-0.711398545940276
-0.813637400609807
-0.873462685721671
-0.660866213830214
-0.72632653577017
-0.688873792822067
-0.731186638560833
-0.733157465563243
-0.599353269804612
-0.757840147993771
-0.74962318610222
-0.684362820041551
-0.673464106210337
-0.69868374693859
-0.695321277129537
-0.823908735049887
-0.727293174222239
-0.727553636196186
-0.739285966788683
-0.604696800977345
-0.796101577340266
-0.627459531628774
-0.591506737458324
-0.683089858770392
-0.696857784969525
-0.652278894688636
-0.733069595372283
-0.629748014422138
-0.779965764950203
-0.576745832077201
-0.660552496010418
-0.762715235423305
-0.766621047830938
-0.611662515982346
-0.777763633693407
-0.785861661031528
-0.709321156383025
-0.749566204340853
-0.705710875063244
-0.578134370249177
-0.47010765278639
-0.541969440711621
-0.830908959202524
-0.543489484701577
-0.649803684010731
-0.634370370944897
-0.512972634655304
-0.578398183460573
-0.595536904612141
-0.492527000426971
-0.692449749463888
-0.721843741329869
-0.525503646433864
-0.598349999866893
-0.640398331222642
-0.743859306035848
-0.610840180870343
-0.585454912223446
-0.628114355784858
-0.696247944112708
-0.580294448002103
-0.373680917792006
-0.502425035219785
-0.750025197719168
-0.547121301276434
-0.655601122801577
-0.50883968161702
-0.526368154606821
-0.538702525522978
-0.564936817907347
-0.550775668347052
-0.576440294270778
-0.512760412947972
-0.614355062717001
-0.715250938142456
-0.771453839341834
-0.58830203946562
-0.522242010633409
-0.5649732096238
-0.631799163857691
-0.469107080389574
-0.368679225306558
-0.603913522999673
-0.473351239545628
-0.579453598124875
-0.668408804707722
-0.539675569075859
-0.643552768304618
-0.607160696281989
-0.558624679837302
-0.66170972210003
-0.570833131352026
-0.561406727439931
-0.585411124093631
-0.636144703229828
-0.47303309505947
-0.539616032435934
-0.51334837099659
-0.546322521546951
-0.615584548672717
-0.469109023474282
-0.471513661574972
-0.424657668254962
-0.548411844998301
-0.513605407192099
-0.450331435507464
-0.543600995081305
-0.61245991464665
-0.52755410854685
-0.348577737748883
-0.579494096748537
-0.58761992091334
-0.415211594538728
-0.63936914899766
-0.530102011014779
-0.480600604771602
-0.401307615834553
-0.545310756027236
-0.499051185758547
-0.586066573484392
-0.283668886749678
-0.499413674191523
-0.688255627750866
-0.398202081730412
-0.386303477350623
-0.604040802076102
-0.404137308069269
-0.360642313721474
-0.497626964407093
-0.594393350802399
-0.495180883985358
-0.49360339732156
-0.337483411513406
-0.604002214100997
-0.474648658842806
-0.610521448472228
-0.558064741781496
-0.407703862631432
-0.406169198599276
-0.448133351532134
-0.450083032706795
-0.466004971882941
-0.299659714109419
-0.358328042922715
-0.3668307146511
-0.507435822049744
-0.468083362315076
-0.475512461185024
-0.547446635276166
-0.520973237076102
-0.336341539006512
-0.50830615713613
-0.47936360529713
-0.364204288254363
-0.42332392938274
-0.550210766988227
-0.475525852360374
-0.358878693415948
-0.507091039761905
-0.430593103692391
-0.350254643199595
-0.462249077189371
-0.334332665393902
-0.34834041395385
-0.390741679770847
-0.337368125788682
-0.518820673093583
-0.401113672929165
-0.581662231858871
-0.310545859421536
-0.268308507428728
-0.44424092479442
-0.295279928043656
-0.569080864471755
-0.408805962240407
-0.29226877693824
-0.390735965048985
-0.362448774414604
-0.304409008882667
-0.389058279789181
-0.431234801199164
-0.212548187479118
-0.312488655014954
-0.348782576936605
-0.458439956361131
-0.328404805452422
-0.298961140943916
-0.295268782644748
-0.643200662984192
-0.36036097656326
-0.376597842219611
-0.431692270912505
-0.38062045737064
-0.395133749091129
-0.399421784675806
-0.392923243677868
-0.355818458363217
-0.372950864415254
-0.314906747485589
-0.251538424489906
-0.355013829101086
-0.385956125167499
-0.320809065762773
-0.387980901994773
-0.246063583339869
-0.452037053446967
-0.281155186085419
-0.2477552145454
-0.244020966558027
-0.401516173699629
-0.398683682970595
-0.27675649175613
-0.32627018239791
-0.381003454308273
-0.260409972892725
-0.451422617871461
-0.405550310078007
-0.469417744520129
-0.385082122839578
-0.238413302220072
-0.330650753440602
-0.20277928878507
-0.133439242067581
-0.31346495940781
-0.207349836316358
-0.259971743403196
-0.322923073147987
-0.301681570340933
-0.323079179776598
-0.341960222176764
-0.162733126001074
-0.386106164379082
-0.227872698645236
-0.0799898410580948
-0.156066022828813
-0.308456950770526
-0.0601352771779639
-0.24905524771286
-0.262293077297136
-0.0419937971649287
-0.239936087843207
-0.332929095170439
-0.225958023616859
-0.234666906257919
-0.320213885473906
-0.233947340490348
-0.216292113341167
-0.10986951263554
-0.0861078192229739
-0.193129302551278
-0.252876657829404
-0.299961486917541
-0.31059448471059
-0.294035563893602
-0.218195752929956
-0.136652512292865
-0.211630313053134
-0.155792934675121
-0.21893753363228
-0.373279582585253
-0.374103968896724
-0.218746371730953
-0.13234433346491
-0.3694758097814
-0.161959942999794
-0.0261191698042676
-0.296536629439542
-0.235996818261193
-0.313703558999205
-0.0923140892051801
-0.317032802406141
-0.121850516175468
-0.121444814103045
-0.219609304952462
-0.180405060090855
-0.244318550737768
-0.204237398859056
-0.23046878781989
-0.0820396215428942
-0.293594286515849
-0.0939222441948632
-0.200158581102115
-0.121450782322668
-0.196180726459314
-0.158551523840681
-0.278731945131683
-0.130634320131206
6.45176006646748e-05
-0.0490639391808328
-0.154884143854986
-0.217247508769464
-0.0125770932926401
-0.179407887917921
-0.215636138119589
-0.12436285132377
-0.146772554380196
-0.0865403062273217
-0.0361914790858992
-0.148853906821626
-0.0313405407990941
-0.167543788881028
-0.218863098928578
-0.156088854650789
-0.158098647914712
-0.119172727376185
0.0483628447696048
-0.123422243762284
-0.0466304247817381
-0.124954082432818
-0.115071133408106
0.0333271502623321
-0.137656212585666
-0.171286928237621
-0.174366812451586
-0.0643063278866963
-0.0544997762208847
-0.0666700976027117
0.0242924465515146
-0.103922367202211
-0.188379369051894
-0.0476278438936971
0.00131363644233443
-0.0488700311841877
-0.156127249978626
0.0689463173847769
-0.0257921418134672
0.00781327171464566
0.0223839408172316
-0.0419547668396322
-0.0446414489494962
-0.0626024647917743
-0.18577048080357
-0.172796390934131
-0.166822598162003
0.0537156463181362
0.0201963788610379
-0.17150325319302
-0.154154639980351
-0.129190359768077
-0.0840521793404473
-0.0708292813734745
-0.108695017456008
-0.255140956845178
0.0866493058481158
0.0876937465427123
-0.0149503913967434
-0.0132230077232643
-0.0309516085545419
-0.0239815806047263
0.0730576458846171
-0.00740860302561628
0.0564231268141431
-0.0695065547860972
-0.0419691962998992
-0.0748300471630881
0.0490638917685057
-0.0666002660054741
0.0151660256256904
0.000536176998296461
-0.00304025552488256
-0.0226543968289104
0.0173962416220497
0.0445940272485624
0.071408528454389
0.0273420391630699
-0.0365102078983082
0.0171078682778994
0.185833973070796
-0.139455619497514
-0.124074518612332
-0.0843317241313891
0.159199119044596
0.061456751204844
0.0100993908322993
0.121767832220648
-0.103928066875911
-0.0198888948840649
0.0320349358899564
-0.0699514217989654
0.0572691569915379
-0.0424096322535387
0.00408665343431211
0.00231449453812142
0.0176069641687856
0.190887650541807
-0.115859970885454
0.0897932869690556
0.194304408499342
-0.025036474253369
0.118453828834898
0.114708234531996
-0.146983245824796
-0.031445702147581
0.0206141158880895
0.0318133233521474
-0.0957590227731816
0.139744147314055
0.0618678695065666
0.104941255021814
0.286288088591044
0.0565188844157
0.0444347057397798
0.0883947725884553
0.142193875404971
0.178460456913794
0.0172861838771494
0.0592764851757115
0.0684635920258747
0.0440053415029949
-0.00969712422609293
-0.0398150239141453
-0.0123418581953862
0.105259626117326
-0.106871266462389
0.172835653923738
0.153921100272012
-0.0129296990707311
0.0409305946187458
-0.0297512319564586
0.107775229047029
0.121224177944796
0.0757979248880267
0.131392939033777
0.137260625027959
0.146745610160173
0.167988596379209
0.131554719815259
0.132753152227741
0.127475093737681
-0.0282631531557163
0.0221865021571964
0.130227547939097
0.169342050778168
0.170247382622839
0.260069166764758
0.250248584752124
0.0338178754975101
0.0632382539875138
0.189997591414024
0.0554980290118691
0.274397619845632
0.0752557255751884
0.176332124371783
0.32883124755434
0.174984702981131
0.19833394208357
0.167327209948184
0.134685903686701
0.140328514905774
0.0524237698213908
0.193760225528067
0.102688162929384
0.0481184983450366
0.225538338257916
0.0510676034306952
0.218377101576598
0.175268726164626
0.258113857383166
0.107560867959774
0.156856890200962
0.194109218379537
0.22307791077229
0.110630606043587
0.115819492572725
0.200531996279961
0.170217979514403
0.320789319016509
0.200303949396499
0.262725087687732
0.18890083715488
0.139621406728477
0.0740215769196304
0.193097070991341
0.246669355442591
0.241532712692089
0.150345478962258
0.255614935315652
0.21148934748089
0.295280747245336
0.260736687755537
0.0984117662549971
0.165222873117041
0.295932649793367
0.214362068206547
0.282684171003265
0.175922611566788
0.256471057861757
0.367009684085591
0.244012273308429
0.333425370219003
0.324368060016922
0.363489595655234
0.252430433643739
0.161601835200216
0.273863394921739
0.319544191022874
0.370099707179423
0.40493785561085
0.303886377900993
0.144824487031945
0.240694439590631
0.243351498446494
0.13528037168688
0.391328644648622
0.335355112152394
0.257381496754243
0.348070609420685
0.332045086835539
0.161769016035885
0.104080898822814
0.318254366262815
0.255701878641413
0.282650065074679
0.443766655049327
0.249677951090165
0.399390740349698
0.164209410543475
0.347261892154287
0.382654489890162
0.276189587215711
0.250193388350938
0.364504540234197
0.272073411033689
0.30331369559959
0.335429126995423
0.150666816698558
0.360602916934319
0.417796606173438
0.359091142988797
0.402714668956419
0.272615534338342
0.240766706031009
0.31251905828198
0.374544820322722
0.224789521986525
0.308061668698975
0.375346318673314
0.476441972337323
0.296257886158132
0.49851358400769
0.450449547673421
0.428078891847124
0.26757239100792
0.375797859978396
0.305532441848066
0.394757797456666
0.359898176936008
0.313354913808336
0.267469915281207
0.465451510627816
0.370906127399645
0.351399210984374
0.371500183910704
0.438298527690416
0.397588114787539
0.420245068674212
0.226825836476604
0.402994305412977
0.334695808320778
0.387425153094834
0.443100549034901
0.469009694825926
0.362961276281086
0.432887037921462
0.240408326063429
0.348739099516759
0.43176856853109
0.233058059893563
0.443806065593553
0.387704741058687
0.312287599771613
0.277275941564865
0.409987137393412
0.346621975088678
0.397379394996657
0.436186063627852
0.461545281750587
0.433676441905502
0.598325964248089
0.463448912472299
0.42855311998849
0.396508676592634
0.368031386241011
0.406286514029847
0.347478211728482
0.48652134642417
0.409103763891197
0.568986079937376
0.351032410578209
0.456964063789077
0.425549720287833
0.474223008374909
0.439971644094301
0.42768171683525
0.471446510291789
0.477594327804717
0.330360206006178
0.321520099395097
0.454074574918508
0.458661976171463
0.426310596314124
0.648141539371503
0.564165764191164
0.487496923501231
0.539639474298339
0.386936284956
0.5723462706304
0.423162140012825
0.446893486987332
0.419020068228946
0.412200060894209
0.596153903000835
0.604347241681902
0.462182003239242
0.530065086880343
0.471982903194672
0.39338363653041
0.566330404067302
0.50671740911181
0.539492048275271
0.490543107169897
0.62048289855851
0.51483736722092
0.516941973375646
0.455761501126328
0.44281774205662
0.365465590449383
0.461126562363569
0.50926867813263
0.551745126132451
0.54750149287943
0.560816170261849
0.492410747883307
0.549275154454672
0.323319000860191
0.66982075605977
0.679517136531101
0.523824263189598
0.493374081370318
0.567900558598826
0.596156478411848
0.54345688413942
0.622750733021225
0.534395945714902
0.534726763737418
0.624406787385075
0.631763924299141
0.521070673667925
0.58989013138632
0.529737628524577
0.615815171566562
0.488908885485144
0.543794837515762
0.570545265269499
0.579147983329166
0.53384828795919
0.49529224236998
0.499103718746917
0.519323064766598
0.671408515318173
0.635350801628232
0.706926621263828
0.68882556524077
0.558645636646262
0.694885131383903
0.472314413337029
0.662914856321459
0.521922878196555
0.632665874091783
0.688253919786217
0.484884709227505
0.623238855822941
0.550292895325507
0.508370546219021
0.417375654782602
0.693381839640746
0.594942978927605
0.670955991856429
0.561845415172395
0.613869917416102
0.725219462125361
0.714510744957986
0.583606978284345
0.526443286419377
0.697107293643587
0.623574707682101
0.569639113128377
0.491419811613802
0.635045418477236
0.607321789281773
0.785012782352986
0.694536640802466
0.668206830054178
0.626922141239389
0.63868748167977
0.682109483740292
0.748946858275639
0.573926756176242
0.539313629960406
0.732045117544294
0.590531455875121
0.822070912208132
0.625595506367355
0.572613488814743
0.711527050434284
0.709982321062448
0.576785167616464
0.646080475516181
0.621382024914312
0.608756791354149
0.702971458986474
0.693790659058821
0.532282848559882
0.802402613674921
0.663348946945736
0.706704587761547
0.669017081676613
0.762281681248632
0.628751864189801
0.571270437953851
0.871773739883577
0.875930013478873
0.538764396161734
0.771358973428926
0.673320725050165
0.634204102487831
0.741985104598086
0.639555024460718
0.782480841142675
0.856797414681491
0.788641686577503
0.727666126740196
0.70474208641785
0.62134299190591
0.795923042018232
0.802963657385882
0.73206933363094
0.888087053744819
0.719162432794533
0.700159303166018
0.743062978655167
0.795201230169986
0.813875998430002
0.874191620004862
0.681246181851898
0.918561529761617
0.763720898285742
0.836626617753408
0.86192081820907
0.691009892292564
0.751175682317262
0.673963813182355
0.808163568163788
0.903606190193117
0.820840365576861
0.711477351896636
0.8682400950319
0.615627205553564
0.935628109782492
0.795568610273752
0.845236542776698
0.801672889061809
0.820209585745655
0.760020414278217
0.807566961195728
0.956843657652938
0.710653243734114
0.86863068305782
0.874925284741524
0.779006548331123
0.905353581160899
0.725877915943146
0.759870550865532
0.846679703444908
0.833350088503058
0.767488238174513
0.840637880546993
0.817974243627108
0.840039788313334
0.6719744022423
0.922390869387825
0.775405546406262
0.839961218094623
0.90983750569624
0.778970358889873
0.818913364497097
0.828140941063109
0.773076470918832
0.989463814236019
0.833730275480768
0.819527239277969
0.94061984873622
0.80463298452015
0.838399434166159
0.924197053734227
0.78753740839458
0.872595333350177
0.920986844368179
0.880223371288594
1.00226237538947
0.775479480857432
0.977761213993039
0.966686995194942
0.949393644552682
0.946598711588623
1.03389145717676
0.784015477782578
0.872754580905472
0.999809231978631
0.827100341001459
0.882055005950652
0.93025923482691
0.819200959701243
0.928083583111655
0.937103339502007
0.933149273708462
0.949866286213034
1.08334718619148
0.813497916814407
0.937300568188457
0.81158678615926
0.815260498737774
0.826760107402577
1.01586727460143
0.834835078709203
0.904258521501947
0.854458456324171
0.941228523638774
1.06948947892797
1.00020596151681
1.00453587108169
0.883993766748279
0.718004512053344
0.880828273068309
0.995938295729273
0.803067951303106
0.895063489243037
0.994996884658332
0.896741606962826
0.969056645852485
0.879361636724718
0.995727926288844
1.07274617117898
0.774268945332174
0.881813211167512
0.964026025806102
0.943060113603797
0.953980863371596
0.94301706431155
0.949529895357812
1.01895495728469
1.04701038862406
0.88983985300799
0.979148430876637
1.06736615018031
0.89352656686752
0.96049247065064
1.00466582471045
0.961834767075524
0.985938893379608
0.940743335587537
1.0828901416921
0.913304232923639
0.94304692619232
1.00297426564443
0.891433771433645
