-0.085849273022422
-1.16846307106108
-0.975444262854699
-0.974689478697659
-0.955590926419039
-1.13672873439367
-0.966319491867714
-0.961617137007144
-1.01443631491578
-0.95006636536496
-1.10164510074193
-1.05370535543269
-0.978719992695318
-0.95256961261921
-0.931706910774426
-1.00869292050231
-0.83331978105597
-0.847842516787279
-0.975686335838144
-0.932100804052829
-0.839693427507151
-0.83741337747861
-0.991224600768715
-0.906682378553102
-1.08472417073185
-0.916696336346239
-0.944845905640082
-0.986392149867623
-1.09135954112261
-0.872852867815012
-1.02118950634637
-0.966934998124472
-0.986657299881016
-1.0313850478267
-0.86176112460909
-0.857164359504256
-0.950883367354792
-0.817268872459921
-0.820391371377395
-0.809840851072252
-0.864371777441022
-0.867497223093683
-0.828871378767455
-0.898534428198786
-0.933201013562016
-0.997797703567028
-0.939848870456708
-0.83152235164096
-0.990034523338455
-0.798892383273628
-0.792461892459937
-0.791456012983901
-0.905772322332542
-0.772587123213113
-0.956942930108438
-0.720057635133122
-0.903733474203756
-0.863381548186495
-0.915489219850835
-1.00495756746401
-0.760880256258671
-0.832489675067954
-0.938538255814349
-0.817810064715258
-0.986290358891264
-0.936474803596725
-0.886170855098852
-0.872900755014025
-0.785448599979381
-0.776649403472872
-0.936578155934064
-0.776817740739822
-0.897904780042619
-0.837063325364031
-0.864876845489488
-0.876689390393652
-0.83457169460098
-0.796315241958586
-0.999497887676157
-0.837359751372594
-0.827662906920735
-0.875009398237829
-0.789605549889531
-0.870098974650012
-0.851839503901104
-0.812028073687602
-0.81655145702742
-0.735179539301435
-0.773858928998659
-0.907213902448732
-0.715808087670906
-0.800782261594344
-0.953758438985413
-0.851263091959758
-0.718548314386199
-0.776371368775934
-0.914600792201413
-0.791869690085772
-0.976511728350007
-0.892805084564911
-0.784067397537574
-0.786909339982228
-0.844939380733298
-0.713188241739295
-0.942847178063947
-0.684244286735729
-0.806931185467385
-0.790817701817766
-0.832242191277611
-0.812042675922312
-0.861889654423953
-0.831596885426242
-0.756669402689388
-0.842559552608902
-0.851785983466206
-0.631285758379034
-0.817464489071465
-0.659228781544748
-0.766043366044738
-0.763860558527419
-0.733702865874418
-0.856679100827299
-0.800927715293325
-0.671669158618398
-0.825592364587223
-0.696785753051081
-0.848658999433689
-0.678445845455677
-0.560630787796817
-0.757731491124754
-0.6930830415295
-0.892192304171789
-0.79003309641218
-0.693712233877162
-0.739174829098074
-0.668471196771085
-0.764410261724089
-0.739110992545929
-0.718822547810497
-0.712254158406209
-0.743039981855939
-0.726596704206638
-0.697467766300719
-0.794366460643894
-0.65330743896915
-0.720312325076625
-0.75359526144455
-0.621398644279382
-0.673385255707494
-0.687143474715673
-0.567051384318949
-0.766737212819439
-0.681436753404115
-0.887581958413975
-0.761966658580242
-0.695974488992015
-0.723125306393931
-0.734035490460983
-0.632319651374703
-0.561512930116761
-0.685783488838245
-0.889959740668266
-0.579492585928513
-0.713795373511261
-0.708371894779399
-0.696790082081129
-0.526500911284408
-0.61164436073919
-0.75975602092853
-0.536509781450695
-0.676938731250824
-0.633247165638921
-0.585656965566471
-0.702307900032245
-0.668242252853811
-0.804109442688399
-0.567897315830071
-0.602696850037234
-0.57582781197767
-0.797518631436987
-0.736104568429406
-0.801108146641644
-0.589330987009217
-0.537744220396206
-0.653718510093276
-0.649573667088764
-0.58303965177873
-0.737779003464186
-0.534019385928899
-0.597241733602833
-0.699170682054261
-0.609306686123925
-0.717888204584428
-0.61660803467928
-0.711105100580625
-0.636665516246182
-0.658788117327543
-0.563869212725499
-0.673103602587364
-0.575366533995143
-0.544038610425073
-0.677014433898647
-0.615645651379847
-0.556896530222661
-0.824534280897454
-0.531262875452805
-0.563674289240091
-0.590684658328595
-0.568977065954322
-0.643762893349829
-0.493532122777273
-0.551388856798504
-0.408221535197339
-0.501668984287653
-0.547249156710235
-0.502464100559919
-0.479341296568894
-0.568452947791228
-0.514613073608177
-0.599166210450044
-0.58199264816974
-0.538057359222943
-0.598501510803726
-0.526941737575106
-0.620147245285286
-0.543348654302439
-0.578365233669384
-0.42012098776282
-0.543166777888224
-0.482934562345095
-0.572130244029659
-0.593898766579193
-0.583318661278847
-0.470043829985785
-0.655344629099585
-0.450228556331128
-0.484828850385719
-0.413395177900734
-0.471340122531625
-0.372648977140531
-0.465911238157597
-0.41606107423421
-0.636539186316533
-0.549082596083399
-0.547212081163683
-0.428145976317831
-0.534334515978971
-0.405310165774994
-0.590336335878136
-0.522636230459909
-0.442954357083341
-0.40993275788926
-0.536480265420282
-0.431573222209811
-0.472974803414324
-0.543293740583524
-0.372166105173752
-0.558844434687571
-0.389152507898577
-0.341999702249654
-0.648778315812229
-0.432116587511747
-0.506912398295106
-0.356344194445342
-0.479874094221058
-0.434207132745444
-0.430953027165946
-0.58411065930208
-0.431287513742724
-0.395951591029648
-0.569691719514357
-0.362309175227962
-0.319743829831367
-0.578349171722147
-0.402764744443417
-0.260944728111547
-0.491502141327574
-0.477729786984894
-0.57925117046446
-0.453021069231995
-0.525420020284338
-0.528142703316323
-0.563680271120731
-0.353674327012159
-0.376173399496512
-0.436510679517816
-0.458076802051447
-0.503216969427184
-0.420725796900192
-0.372424674064038
-0.391879276210763
-0.447114097179094
-0.426178031105217
-0.345823826093859
-0.451586384561663
-0.346049741774565
-0.444143800608169
-0.411123361728093
-0.380888232266334
-0.387959625878279
-0.354497549656477
-0.356210889865553
-0.339309753929862
-0.43419659078648
-0.389492190787615
-0.390140294870027
-0.351566970114482
-0.605146470695003
-0.397560402670789
-0.454414878000381
-0.276713097882026
-0.453061960394627
-0.281926546865776
-0.467735782369453
-0.402742793526699
-0.386991265793225
-0.371928172921879
-0.44439830784706
-0.309361048087572
-0.482977547100713
-0.300325099456105
-0.472705480083981
-0.314128011059572
-0.414308578745492
-0.242157428482284
-0.468147490856825
-0.31695172883827
-0.36738216997197
-0.304421261424123
-0.372121479860685
-0.428649918883278
-0.304728121211473
-0.487385182932332
-0.303782669117623
-0.28340207598116
-0.266406916745876
-0.351071195687024
-0.0953769135348645
-0.27253928089414
-0.302371360832489
-0.307430650288906
-0.179252651190606
-0.351904229645989
-0.307727762867688
-0.493441102806638
-0.426049348977194
-0.19492375504747
-0.400187025781907
-0.287560573222861
-0.387184863040891
-0.257645335434554
-0.145473874183517
-0.33415467551947
-0.286987713045624
-0.19944632523481
-0.181019419951072
-0.316977933574764
-0.215545148116045
-0.340315429574551
-0.332814529318375
-0.255857971188572
-0.195219101297214
-0.16114125698153
-0.402967394653431
-0.377605714196548
-0.399070889782437
-0.262246230073096
-0.217169836179375
-0.277977651162728
-0.210338915344151
-0.248518082482111
-0.257942953719355
-0.208528672080244
-0.249193656473549
-0.250599615909079
-0.258750782856987
-0.306905262010627
-0.305790320634443
-0.274205266188577
-0.256412754651596
-0.140049179091492
-0.237855588373775
-0.242210255765261
-0.210394974254108
-0.175855222808448
-0.175919885661743
-0.26389177438385
-0.201470578704548
-0.250091050157301
-0.263274379695659
-0.294035433121477
-0.106154522369956
-0.138408526670882
-0.20682005112213
-0.246660190713201
-0.297464868989883
-0.12073400745788
-0.322372764345426
-0.172716538868819
-0.183347429276649
-0.299338290745544
-0.219274652878289
-0.178564720038329
-0.193546455569571
-0.0728085741803793
-0.159388521872881
-0.165431258566346
-0.0302711879523311
-0.0645038060678663
-0.286011877072821
-0.268049131331186
-0.0635860336482178
-0.207123244850634
-0.189703371483864
-0.153085252877278
-0.169534843408345
-0.190582183130008
-0.270105651890594
0.00686597176714166
-0.194488127869361
-0.193312229136168
-0.0379000177818064
0.0206518002172598
-0.224215865627174
0.04485490466795
-0.183130319039808
-0.0995159987283912
-0.168220701507027
-0.223168032116277
-0.137367075140562
-0.14050926185736
-0.102900410540634
-0.088585348560339
-0.26386585157899
-0.17170083225435
-0.0911415719461093
-0.0341468371567592
-0.0963048894907743
-0.0814102680732295
-0.0556105465741527
-0.00931735647813793
-0.20305408573836
-0.225738961928614
-0.0967618024912509
-0.0401009197739645
-0.183086718546807
-0.211441036511783
0.0158908938909675
-0.0607053250405615
0.0458775231717177
-0.0855462687101243
-0.0895631301504732
-0.0273955700713077
-0.00270029870538692
-0.000247257633997119
-0.0822828949797475
-0.0216876859031131
0.0827741980331104
-0.158689575283928
-0.143109679802787
0.0265376218357731
-0.140892323153459
-0.109751955723932
-0.00227243627327736
0.104466174206578
-0.0969695951101687
-0.0866766917372994
-0.0119873651191329
-0.0967965937373908
-0.274830083867787
-0.290844758351625
-0.0641307892885471
-0.0571692389168771
-0.0498642641531316
-0.0227766173670461
0.00109222650596806
-0.171303989082667
-0.0438673291307037
-0.0904300071225999
-0.151883739536266
-0.0206578195292744
-0.0609128984562268
-0.0687504333886398
-0.1728280770769
0.0736119364877295
-0.121956748615732
-0.0672445630381697
-0.0450241677895369
0.14694691819726
0.014547662839561
-0.134296716283735
0.00294567621625665
-0.00533645424922092
-0.170062646023381
0.0136829023017208
0.125293321949801
-0.0968648811226555
-0.0114108057112552
-0.0597271446861192
0.0131341787987586
-0.163498342114467
-0.0258432511237277
-0.0133399166028302
0.0848591879584536
0.0474190694916381
-0.000611857570776004
-0.0161985401898637
-0.0440563706338539
0.101240563597656
-0.0251255890822624
0.000730538330651207
-0.00409439988381883
0.125382502059303
0.0606099084048635
0.0153952521571385
-0.0304074810586376
-0.229928851447536
-0.0670876136928358
0.0485068859224237
-0.0139697292217948
-0.12515718295304
-0.0126377840282817
0.0148559574113113
-0.0101136381952499
-0.0802505069266612
0.0888795380088033
0.195871504071429
-0.0278679752833522
0.0249188432769912
0.115341157177323
0.219568354099353
0.0108125230965028
0.0632965838199281
0.105205919664567
0.098468432478037
0.0984822913853884
0.084949680194249
0.143650223148613
0.0332314536867267
0.125880322860781
0.0683516407573256
0.281211754357616
-0.0720268734632026
0.199973023229873
0.0337485478409873
0.00657011513280972
0.0265223834338843
0.129518316007921
0.0754833430678385
0.302901217590926
0.0628369761297432
0.121912029201631
0.0745409669530271
-0.0324676433643159
0.135122616263774
0.0738715103792836
0.0907118918663921
0.192284571546649
0.175587382001756
0.209025386358399
0.0438536411880467
0.28065570655568
0.237632491572189
0.149678236632314
0.0599102854311854
0.285850567957046
0.170480364355414
0.0126148406103405
0.25439692673809
0.111881443229889
0.223094332456661
0.093194068532284
0.120038075731983
0.11780814264311
0.111064317084709
0.107995733197615
0.161923306399828
0.0712998518667237
0.205324173147821
0.155538965163057
-0.0567230064129757
0.296058152869367
0.199437196430529
0.244917719423919
0.099456355556437
0.1272585161292
0.0981625848992654
0.16801508885427
0.191730918974203
0.224651292504285
0.468452266909728
0.0721464580413009
0.116817252619752
0.116694996725813
0.277595551252899
0.177563461892095
0.236283843510055
0.273981546891191
0.359083468849179
0.252570138306033
0.165124842183727
0.304075101097581
0.23819813184947
0.137445156569973
0.178290801999764
0.198437850442591
0.155383034757339
0.266253474560615
0.136309761909114
0.255311033190926
0.234295510175226
0.0811372661943736
0.160058088651457
0.382754482484599
0.239380632085162
0.0944982793960783
0.19794626492466
0.178839512535706
0.271711778686909
0.369528794561218
0.330753954153186
0.0938639311215175
0.30428669874493
0.244162616555948
0.255990227738077
0.306141165030724
0.310774081054069
0.224564082262028
0.212522273308887
0.246530694915143
0.192950890908477
0.254155643159898
0.390360369844508
0.412266011765962
0.214305816955834
0.450450662010482
0.243421824562291
0.337867286061993
0.25974763336405
0.342408708673176
0.39577243194279
0.171775558126016
0.258087167290712
0.339126407264756
0.32157896712794
0.278253456801821
0.195884005728488
0.286305057688517
0.243640858638602
0.281461180279227
0.317220095576955
0.285337914156423
0.26076082349939
0.332289503449893
0.261992879455891
0.221485987429507
0.253978933438961
0.44332760242133
0.358024238663932
0.274653506654517
0.257924876258061
0.28574525886072
0.252336210877946
0.387843014659654
0.405788991253229
0.298474900123144
0.19596313064375
0.266433147985329
0.289934486074818
0.203683769741972
0.27625230740972
0.175563051283322
0.329266286139931
0.31027704697111
0.323341296683304
0.235009492549971
0.383727067896505
0.413453346754431
0.296567727486698
0.335159276210336
0.278877851466414
0.424146826865893
0.294507658527994
0.39202145336604
0.289222781570213
0.37449784916985
0.357104390336149
0.369832861455204
0.342440640547586
0.359262307602993
0.276009570444134
0.309940493477219
0.46829491147389
0.378336613244209
0.273529219881444
0.508369205240117
0.34829201820801
0.362081459986725
0.389179358009831
0.407165880353455
0.456463127753889
0.528962186804652
0.299160569979282
0.440818170169861
0.405875836018167
0.279556449857678
0.421305111459205
0.468328748957735
0.310352816711854
0.278688967281879
0.486430996645937
0.297571011217127
0.37053367419414
0.444401787586957
0.493045895007332
0.219402908971637
0.443973136214409
0.635468435737144
0.469179501744795
0.367408798992252
0.620180155525157
0.324315962889795
0.466058107542421
0.422252541382856
0.376016021349278
0.341871439956425
0.431345394237024
0.369351335489483
0.34712873010311
0.356217225095335
0.52810796374779
0.564258345759119
0.58935493490509
0.393797638303099
0.459257690546415
0.54887318212976
0.430438129218772
0.429499818519659
0.414578891771042
0.503337445558557
0.431830576375227
0.578744307137882
0.387381853011327
0.427565811610435
0.456698697851051
0.466590427149699
0.596744418885531
0.420472985860928
0.513329580099316
0.517124289079471
0.492207216511033
0.522469781347265
0.534995820298247
0.404309249467713
0.574473121794143
0.449246129886982
0.607777945006875
0.548388785274737
0.641001959547025
0.687356067670908
0.634449496411614
0.498733456873966
0.51813066027826
0.459443620003198
0.50918490189734
0.449455651137985
0.564941331089796
0.484193924053919
0.440528263489128
0.598228085646404
0.564690372487046
0.506074376504088
0.544219082642552
0.555427074980721
0.499805152973391
0.472096866793516
0.494159216780186
0.643390327398749
0.585986524478863
0.518618768091725
0.519247966416628
0.453296267039258
0.553457593875775
0.582349140041078
0.616568568001034
0.418135391312702
0.528340955887641
0.542541387107751
0.463300874540491
0.719231177129179
0.565662457989697
0.688115999722122
0.630127688046475
0.530546580392481
0.552200755346013
0.498740569771403
0.606623204755544
0.592027776231826
0.638491140306103
0.588864738579627
0.660604891262758
0.576148499626836
0.552224133778239
0.815795503526254
0.672069907198946
0.564349960225883
0.72154009753232
0.449977624892224
0.62016117338014
0.614413872916772
0.757640350654071
0.577104270224132
0.528950751889672
0.631749106449598
0.569113413594948
0.602788774558024
0.698350959015937
0.573108900725867
0.619417325725905
0.676848664184695
0.508129971637382
0.703278509367462
0.705884069567603
0.764106980058882
0.634141810654725
0.609174742934657
0.60367393922363
0.595843061321325
0.584007371060871
0.7053566632881
0.550217202489998
0.780049703770491
0.614762301637329
0.701213114481161
0.672313220858486
0.693714644547244
0.631123378087174
0.552525112860075
0.568388604510663
0.608604576132957
0.563477013745075
0.624103951200149
0.757628440337681
0.647483569563534
0.516961919127461
0.644411853888611
0.740912745748928
0.628793445282953
0.59844810787521
0.728536777792605
0.709349078616409
0.693300542913208
0.627250180543902
0.614298780986305
0.773348381037088
0.446382520053767
0.674312347728091
0.599812370067103
0.657187293068027
0.640575259658166
0.634014727518136
0.64843849173325
0.732922682221972
0.660320102130455
0.701775149564714
0.724138249933257
0.608405087229241
0.863484520152106
0.657540014739494
0.823304305224114
0.754474025489036
0.762162630137206
0.663946378722083
0.744196969641318
0.804149479397225
0.775745131530251
0.885859783834828
0.745386122398614
0.727794872751762
0.666158740039146
0.775367424769742
0.89466485941836
0.725879058634627
0.739404976653853
0.998279413852177
0.781803685898491
0.774879131973268
0.844017951260028
0.738617279874142
0.839626481292431
0.639044260047478
0.79968076002218
0.810548024152097
0.866783032949368
0.807148641098757
0.74318283696028
0.703875766025251
0.796665527990613
0.779644035807779
0.811879133963423
0.921127924099222
0.922091297379905
0.756343812152288
0.933820609541173
0.842074171949067
0.798009207706979
0.779436906066838
0.707372104425959
0.930430915908813
0.881094977186276
0.878086052970665
0.85514285047981
0.840227325202807
0.848127730126439
0.848900902943097
0.688819477098943
0.663026082442571
0.903559836537119
0.839731902599769
0.84469235435381
0.687437878528254
0.916749404503326
0.869670638500685
0.982518692384441
0.992828641707606
0.838743262790229
0.933720759204683
0.889638440118067
0.847589837245802
1.04547240154481
0.880698165326473
0.802707591107682
0.830055242522016
0.901631069525176
0.805608057724489
0.809017100626473
0.871220198195912
0.776198486814553
0.823643185510625
0.714920074674205
0.745374321162963
0.804056149523845
0.894693027748631
0.89535641878418
0.996282564762511
1.11996423619027
0.967595492824204
0.855443487194903
1.00478604900383
0.791857147655195
0.87421862446229
0.961839690941289
0.952043487380348
0.886381968388114
0.817021420028909
0.966707706028029
0.804561853363131
0.993426155708675
1.01714500978295
0.951586738575539
1.01067852211247
0.897408016811236
0.817477047651022
0.91530632542653
0.846002562728663
0.861202148650411
0.875660489882844
0.913496540164968
1.11927453214365
0.960158509491317
0.933115873072076
0.936139034719011
0.905554107484082
0.935990250993721
0.951450392282078
0.912015369252769
1.06636214452989
1.00740548303026
0.875695027523222
1.0156296560606
0.965524149723625
0.976691013985867
0.980755203999735
0.909276661002189
0.97713633546419
0.97696558079472
1.00899248363191
0.880446161067839
0.944594055515613
1.02309353360777
0.900428366588074
0.989499161592913
0.996472621675487
0.933905523024414
0.908549716183305
0.93322133522446
1.05236037875048
0.913905112411443
0.740858491699929
0.902249727177612
1.0842674085666
