-0.0292929657557167
-0.680646094049865
-0.906396775674501
-0.896224430363317
-1.13758513133914
-1.08543803218579
-1.21729609859173
-0.947464083022271
-1.02998831962978
-0.855459228755152
-0.930088932086825
-0.92553528766682
-1.00354694160641
-1.056124009816
-0.993361965425514
-0.981414242391004
-1.07537989361274
-0.942565781766014
-0.963771364092982
-1.10012441926422
-0.907758659332625
-0.934040622311466
-0.925584398518375
-0.896508925790842
-0.889042770510781
-0.999359740639358
-0.957170626701665
-1.03270452973515
-0.856358237804447
-0.969496702846044
-0.795360891636878
-0.922360165676394
-0.932744310226068
-0.874794489966537
-0.928987529635947
-0.814025574049154
-0.845727907793187
-0.958596237311798
-0.933835534723607
-1.01558270195081
-1.0013829710546
-1.01794774818725
-0.701558008499969
-1.04689928992084
-0.874671337692511
-0.953097800558462
-0.868132767341311
-0.934443160415854
-1.01215109255462
-0.968987163691209
-1.01054781435158
-0.867288457652822
-0.994881950099103
-1.04550272907603
-0.795340768555028
-0.785939703132412
-0.878246917629895
-0.855800088766073
-0.757671699673465
-0.838802141581337
-0.980461111374141
-1.0231612261838
-0.719780124340315
-0.901641125435151
-0.979593555604732
-1.01935400222347
-0.835900686807289
-0.714728332395114
-0.871004896044479
-0.877706791950439
-0.935057230802807
-0.836739971170098
-0.846032303067456
-0.995376424190249
-0.89074878152579
-1.04640644633305
-0.788864580140273
-0.732466493575873
-0.925454002497874
-0.775613046088115
-0.787381123328841
-0.73502195564027
-0.862732166055309
-0.836270759269666
-0.854084084020268
-0.89820040571091
-0.984647496051913
-0.861106746203639
-0.864376428479924
-0.813673757587921
-0.813377750827341
-0.712417783164038
-0.988510187522065
-0.898824914083322
-0.851628622269553
-0.802190281551774
-0.832355758370141
-0.896010021320524
-0.68980333869661
-0.70744393881109
-0.71427011780688
-0.829897395152681
-0.82291454033036
-0.7249183733911
-0.819426659434998
-0.749802074788431
-0.849338751345512
-0.71516512817983
-0.727543116100696
-0.715637483936145
-0.796843249444297
-0.836086102111231
-0.67969316164675
-0.789199755046787
-0.808362272348369
-0.712702149555504
-0.750514242488554
-0.798018234216173
-0.673994868091603
-0.656746084438562
-0.6631845738297
-0.812523762841855
-0.822774557783194
-0.670920463019782
-0.667272179664888
-0.758721142508601
-0.903553417278422
-0.770396993990852
-0.704165645042689
-0.727952200591867
-0.794629879413771
-0.722144335360827
-0.740500206248483
-0.756934863883397
-0.709460641862996
-0.634525107828032
-0.788489937188638
-0.706313349748476
-0.718892361562864
-0.674655321250722
-0.83702450815684
-0.807700826271926
-0.807043088084487
-0.692804261066767
-0.79145914480852
-0.72301450981316
-0.833600671035606
-0.601875402246273
-0.592538843054407
-0.618791708642632
-0.788836889243973
-0.687571419873973
-0.600623573602356
-0.740821599734597
-0.680028057252585
-0.55437441372441
-0.554168078407036
-0.786664384402246
-0.69065998659744
-0.663906144039747
-0.732519550149028
-0.543225142831782
-0.698834042999988
-0.680325833380613
-0.900618211651138
-0.674037951411368
-0.691555418785704
-0.674378187766374
-0.569494527982444
-0.584834327490874
-0.757760283024809
-0.619193971316863
-0.684956911437703
-0.760174783353345
-0.706257071080606
-0.616241838025486
-0.609398902882572
-0.547079487867263
-0.749643125005482
-0.673534323761953
-0.565357360144706
-0.692623063947144
-0.644701112193984
-0.671907591530695
-0.646460245306968
-0.570349567757175
-0.805905486725841
-0.672584331217829
-0.531566082430179
-0.585574395151123
-0.708643102258191
-0.898678061418273
-0.405974925396989
-0.497048211236906
-0.614749091295699
-0.538034935455116
-0.649197829309227
-0.58157448532381
-0.762694982694061
-0.497630650271802
-0.665733513070428
-0.668881496437131
-0.645995785194503
-0.640727533337323
-0.68330395644264
-0.533518123715089
-0.584600709889258
-0.597165378229232
-0.444992246199533
-0.550423078936373
-0.549932059805795
-0.537790847013233
-0.554212520990576
-0.587338953583437
-0.632025369748326
-0.602182361110987
-0.598253671461297
-0.634163971897094
-0.52972145931899
-0.462711928949492
-0.524863565272924
-0.689071730117399
-0.577151336029937
-0.369665917658138
-0.541152255168358
-0.547169568841973
-0.387658934638543
-0.570887151293659
-0.687785268593803
-0.453324197431248
-0.524550415732705
-0.66288226837762
-0.46886721509875
-0.400832901276598
-0.685813861878641
-0.442945512838263
-0.475960468919514
-0.439822432643343
-0.401564649385655
-0.479637160873832
-0.518191350280679
-0.535980549056047
-0.575008792608251
-0.631885082451282
-0.428420207618416
-0.473299879402151
-0.562863251176064
-0.545321043182627
-0.498253826249334
-0.520716921728179
-0.569073487578314
-0.420003822606843
-0.395303746682011
-0.431113013112951
-0.691596654128762
-0.441244029017665
-0.428227586956034
-0.538725670112841
-0.444252745965143
-0.5558716559717
-0.27088887121294
-0.488058415450588
-0.552445896483426
-0.578299839092978
-0.505648219805658
-0.67091395258822
-0.526773856587787
-0.402732015446613
-0.289524619792441
-0.519351624233519
-0.363280165753935
-0.386487666686854
-0.508763927436176
-0.496058959669201
-0.456341474827092
-0.567463158241905
-0.418685397584843
-0.449740888504196
-0.36346761864388
-0.432585095533314
-0.449421360273062
-0.374677487035968
-0.39320684534148
-0.375460050887404
-0.582650980769701
-0.622307076763565
-0.411377433243593
-0.34638647902269
-0.541443194239268
-0.426368680864913
-0.214920252606519
-0.52270841683262
-0.380672657392429
-0.310758100174065
-0.415581865390829
-0.526541294288266
-0.380133008783127
-0.380330140186743
-0.35056473792015
-0.218730666942506
-0.381256440220676
-0.253092167140858
-0.344400657452722
-0.304923572543323
-0.456468821769718
-0.163093590262935
-0.349775605730006
-0.351313225324089
-0.332286931299247
-0.54040136135031
-0.397581277264801
-0.359966148022109
-0.35154271859159
-0.378162205441561
-0.479584828373107
-0.275751335556554
-0.34197305941327
-0.335562289587955
-0.360463827717011
-0.307852432619229
-0.245997913813242
-0.308656571850048
-0.324587369423518
-0.377742459983243
-0.430778263256593
-0.38815731689872
-0.423305834022162
-0.291562770382721
-0.161683779957847
-0.341254081501615
-0.304654151526605
-0.390214615163649
-0.460854191035576
-0.290183100918827
-0.401002727198598
-0.274754640218507
-0.471871490389486
-0.31917472216376
-0.402185783769419
-0.270536154130888
-0.370836402911993
-0.421558170395062
-0.350381135373848
-0.164480268886479
-0.240783305457092
-0.341177865575692
-0.258335265267399
-0.259860519177028
-0.336308532238559
-0.236829798007763
-0.362028625223448
-0.3693359961692
-0.353317868399382
-0.218583279759123
-0.172233375476702
-0.28289701159205
-0.355152977716613
-0.413395682111325
-0.170403597627284
-0.271443566975387
-0.345114662822321
-0.286579673888019
-0.226345504346791
-0.352421645110352
-0.264409733465714
-0.313170148522214
-0.239179227701078
-0.257204857750054
-0.243059750916532
-0.234850797559327
-0.347237040306442
-0.282657942477908
-0.283488760941855
-0.211562082937697
-0.248067503605163
-0.325895596848955
-0.405142425214699
-0.226058690628238
-0.2251581080591
-0.168595238516783
-0.190496252670058
-0.197873441649416
-0.0856579040445979
-0.12312224103968
-0.23318696180038
-0.10558831258363
-0.172499573956489
-0.24174167751386
-0.259257287774197
-0.0848888439015606
-0.0966552635842285
-0.197146875338545
-0.220779741983866
-0.15959388914977
-0.121417481564863
-0.252094304305348
-0.139944510214839
-0.321649003733597
-0.00647028740807363
-0.166951767853978
-0.299463003601736
-0.173841133820512
-0.25738374431282
-0.21126865683476
-0.1842101148123
-0.175838264038826
-0.226262231795155
-0.242354457064675
-0.270652248245306
-0.126167342176928
-0.212874788094496
-0.215041137458731
-0.206657875494677
-0.161893972968175
-0.175583440620446
-0.153485623291182
-0.00259871475731617
-0.158758767364856
-0.0904237406005402
-0.217443364313306
-0.203535660276879
-0.0743193407670387
-0.101937601676351
-0.209548204138458
-0.0731200745542046
-0.113387300595704
-0.153169031812187
-0.0550450214417174
-0.0649656178559108
-0.186321446364699
-0.270197248394901
-0.135563395309311
-0.0852457019143986
-0.0901896181567218
-0.0662577694859418
-0.0595866193674191
-0.191276120968131
-0.0819695614289546
-0.12782399905443
-0.210841747243001
-0.103299185332176
-0.0467012623507124
-0.19217410086193
-0.0284637014992918
-0.202330938103602
0.00991816653060424
-0.128385554390964
-0.0403650784431477
-0.0807924643748069
-0.10425091752292
0.0617207139208652
-0.100049044108089
-0.104091417470397
-0.063076111934408
-0.226673224547998
-0.224068347555532
0.0023007638943893
-0.0838378611468675
-0.181556902493657
-0.0794842808736296
-0.225115032154453
0.115047891747499
-0.0786522227413262
-0.0331418485608098
0.0540195273860507
-0.137609096677183
-0.220152159820775
0.0580658069377356
-0.118040080503304
0.00760957499450816
-0.110234556983264
-0.00721474775771202
0.0736603517050892
-0.0939991785107696
-0.14948071838962
0.105654065649152
-0.049403400838886
0.159943627430062
-0.129798556084919
-0.067893921426338
0.0879299132255701
0.0764522092201349
0.00251817176672013
-0.0752789414394848
0.0168896443239227
-0.0135364005440642
-0.197108677129453
-0.00360787522468288
-0.0289748253169388
-0.0791029556616012
-0.21356867072108
-0.0807423350007039
-0.00818019186128602
0.0960898578069037
0.0115060833587233
0.0611434160555378
-0.0486830806723671
-0.130562143102196
-0.0014088737937648
-0.0198182852661759
-0.0355541219192031
0.0131784297386459
-0.00530287729976397
-0.121140824800908
0.0471383598254871
0.040719852011701
0.0165206120862634
-0.00744503394453497
-0.0412098703327786
-0.0214509415560343
0.181310739013575
-0.0242314303795123
0.00154953119865993
0.00973252565364889
0.153243842272923
-0.109240178809672
0.00678118248279133
0.100306830947701
0.114213002570312
0.202476196510153
0.0729816593081867
-0.0199918156382019
0.0158440248561883
0.0756939066973937
0.0471628820088067
-0.0161376759425454
0.269668031081875
0.0371361709216161
0.128430003011692
0.0897392739011083
0.077620490625239
-0.0310117371253995
0.0197097062604462
0.0940437889677004
0.118982956957054
0.228418863070221
0.0724314831500923
0.115432936052328
0.05460542001119
0.220348060199691
0.0953164609330735
0.157622368764133
0.0991442726327828
0.00822837780367936
0.1643172415575
-0.0800250892802248
0.10814003051103
0.0793553291691503
0.0994032781095396
0.0509092161264124
-0.0443241534467217
-0.0304152536873453
0.140023899314499
0.161089554892552
0.261771844524423
0.00073181609826994
0.0561139959389918
0.173537269637622
0.22137047751454
0.0872517360730026
0.276583365790032
0.0149232142206615
0.0635874511999997
0.142769925675142
0.153402736091579
0.140512724343349
0.0995031052849128
0.0230855422273736
0.184438537448771
0.171909825354054
0.238401325332386
0.184436796086565
0.153961979389684
0.234959515665771
0.163149356782713
0.129516453991011
0.0479112917329447
0.0703372528187518
0.237778869899045
0.074828049857179
0.0686437553023628
0.169425361758953
0.312139093105798
0.202216176241696
0.0283663758282141
0.208625731827164
0.10432440595441
0.0788658369846089
0.185460417032079
0.270261840372519
0.0643388275994957
0.155295589089621
0.166154187946251
0.2372201134686
0.153977745785091
0.184614765460695
0.297017154455051
0.304959568072838
0.263769841565969
0.203633301946424
0.247624823567276
0.125202394332825
0.352438859551401
0.242317098184124
0.366413318079513
0.280827608391293
0.0654615821680364
0.228147569052433
0.333759169109259
0.251677064550391
0.228150359171034
0.0278826986853666
0.405515299045731
0.269720760626871
0.358188996748375
0.333585272046697
0.379511388802148
0.174448182618685
0.205062777466195
0.25457249046602
0.338434677295407
0.219259404388994
0.371525116020032
0.368416298682691
0.159274651402978
0.359847133724561
0.256581200150116
0.241677061844263
0.197466017545316
0.324829058917861
0.262126873856906
0.112381303711139
0.263367276972065
0.441615785463757
0.287569386161114
0.320867305730843
0.133212572660944
0.496048157031246
0.191911849745768
0.394832436613313
0.133996255869475
0.303583460048043
0.261877619388702
0.22901434463656
0.260175550394073
0.21416869633689
0.234320456041428
0.217749147656433
0.292901934150427
0.329864830037106
0.425896390801886
0.230449769854968
0.194727182356823
0.273835400710194
0.326355612597567
0.244302925307304
0.310810406777607
0.240085874913491
0.318657247158091
0.346284342347885
0.158538969304192
0.314102349450822
0.318452307701826
0.483614447324148
0.360643583600271
0.245646741133153
0.0711918776894974
0.420379772021368
0.371406149098483
0.323471482835633
0.303817806911234
0.488037890241641
0.263016944868655
0.224284864243765
0.320973255683425
0.229176827209887
0.496646741399467
0.308966875823904
0.505669903865225
0.219293288559293
0.32574554519262
0.357107850966282
0.37615493831902
0.466607336781798
0.204616508347653
0.474408342943885
0.275284580429956
0.413805929093643
0.222062700120825
0.384453273117621
0.498796200177709
0.293828012638697
0.531323546600766
0.336815842791227
0.316010811140874
0.389507602229504
0.304854651058617
0.412834880726107
0.459016489306829
0.440907256882114
0.282960034677977
0.512562967624526
0.403425044603279
0.496761596307189
0.405087989030807
0.480486574179358
0.47267828326926
0.420069381344128
0.429882872443702
0.384521165420945
0.52246415357098
0.472246462853864
0.389865745045851
0.350865248925684
0.440847170681549
0.368825405547812
0.457692760339967
0.293139015874721
0.389521033171533
0.512704684069742
0.489618524879929
0.506163177970725
0.43948971367821
0.325425773890701
0.319525985633771
0.579906402185212
0.442034910214937
0.362687444383537
0.470917771136775
0.439637761154234
0.433550141576271
0.427777801752929
0.383000545492884
0.613061177027049
0.473410432255742
0.415133923922785
0.526996495601055
0.432355042668153
0.467956902275961
0.473052973223562
0.499948163861048
0.475599781567517
0.543851710742866
0.426404948756528
0.542256892511255
0.517897568324621
0.514574660841367
0.527189373575513
0.620638989621281
0.495859398942548
0.506766918783924
0.403412079604117
0.578005734724539
0.478037067022321
0.516321858593161
0.323353913045864
0.467873930436144
0.457784093690398
0.403160816613348
0.541228854135658
0.612878490750025
0.433646731223963
0.506375574709558
0.445500610565635
0.542519061302037
0.702547962772473
0.621071722103784
0.430023666978288
0.525335586749665
0.408154686663234
0.47253200684452
0.466962459212234
0.43859632568102
0.614743339586782
0.602687720901057
0.423071648528328
0.653291936397314
0.517731059279783
0.554047983304483
0.479075107267861
0.664419033614975
0.596932621496079
0.52135196912407
0.618529576533472
0.520760946921631
0.547610801487916
0.591363736955568
0.666512414243701
0.515632477016551
0.528458602797748
0.596938037044422
0.565336085668359
0.615868136700941
0.629067059070899
0.475678452628308
0.553562541547809
0.429880644826325
0.409863383588909
0.558283759029218
0.479291233686327
0.462358021946331
0.640233443972823
0.686545541303587
0.647935420872516
0.595256302029458
0.562750470750036
0.732073448514809
0.656789732308646
0.64862857659067
0.692430750163413
0.533575656111875
0.60287302951893
0.5961364642681
0.683947028620805
0.543677920168082
0.745314295444297
0.558376510760107
0.515067839918331
0.752045812643195
0.655263926367957
0.632462604863508
0.607154637224206
0.498165529650384
0.569687686365477
0.667107357382363
0.699329750498474
0.667824522737048
0.553698296848299
0.604198659999667
0.697546664913691
0.615787650791126
0.594680576131917
0.734426395114494
0.749953389716415
0.742343772204103
0.506814038431029
0.600725737728412
0.59943547698508
0.626662184182978
0.658505934947486
0.767490910533797
0.670436782716455
0.704234665390664
0.851468566777318
0.796924090749853
0.728371908431639
0.627636821968777
0.760922002930323
0.751330568803609
0.696050817290368
0.627837370256839
0.682922021817215
0.683922324448637
0.736975217363702
0.655352335793474
0.766015353163382
0.719890358177773
0.740891511684027
0.80293941730533
0.722786043861051
0.651548570725925
0.736310058095671
0.598594371592084
0.740690244003019
0.773813974735306
0.720872213598425
0.701386347766513
0.730750431445446
0.571765944581536
0.774335039497801
0.675874975386428
0.70683211027692
0.745655481838978
0.647535228630066
0.850844225830543
0.811901455522454
0.679817550809338
0.667500422268933
0.909449964931219
0.799068745396483
0.891930783156718
0.761238033921227
0.822250987394612
0.901451448605435
0.797740576200325
0.843838622001138
0.84385278290398
0.715124651147095
0.897689423960762
0.771963227079146
0.919584629658135
0.96581236865555
0.820965485535372
0.763871076954057
0.795684943392314
0.838050864249497
0.798438399460778
0.738330719916428
0.739804801767658
0.751902605211142
0.929786154509503
0.904046302681538
0.751349002978824
0.829773625394954
0.93068796557449
0.773791313909989
0.844962301780853
0.757194076850359
0.775723501483188
0.86271622398512
0.792795760487295
0.766396704333509
0.86832839091399
0.785341032480319
0.776711265850658
0.822067700200754
0.698429789932908
0.732544282115915
0.757002129313875
1.02133619204203
0.952475353745034
0.825047935007237
0.776514709051937
0.946470278462778
0.790458588027689
0.912924708374407
0.869988609437549
0.777429001821954
0.909792286332888
0.893165612681608
0.790284442392543
0.790564441604052
0.842754827604564
0.81401964702376
0.851031061965961
0.866685336697932
0.794271031368445
0.770568830209128
0.938532176046141
0.916855419213466
1.06299509425927
1.05412006802289
0.93834047550357
0.955276293017318
0.922394873772925
0.953835010922375
0.999364252589877
0.825721630655855
0.778699808589902
0.841277892883205
0.860141330965377
0.824354016360555
0.870249086993721
0.926601661920881
0.943515676044011
0.929685747941679
0.714024823907847
0.818449495826561
1.02514139587238
0.903778453336252
1.02992231713887
0.955471278776678
1.0685133649399
0.903912390794095
0.972822110983946
0.893426331687038
0.860374649211677
0.985685191137706
0.996120580435514
0.838490201579371
0.950670962387844
0.905624912714026
0.900121842672361
1.02197258303935
0.971323278432635
0.859928231211647
0.922603188990493
1.02567911713664
0.96722268191352
1.09771529425917
0.913968671372494
0.81210215418874
0.909415382280503
0.887645948712502
0.987336924814787
0.912517072873558
0.883853091465321
0.919597155432612
0.982859592092788
0.943332030676077
0.880035712978838
1.05298528766743
1.09456794693825
1.02427657882408
1.15825109014396
0.934135869023554
0.964158987646826
1.00748619467351
0.976596027655072
1.05621826718506
1.01098897486537
