-0.0136387150010378
-0.845803058879261
-0.93041452737321
-0.974977840970206
-1.03669281826643
-0.930046621528484
-0.998528480462146
-0.981381574574223
-0.86089075636467
-0.934242347456799
-0.949781729679298
-0.952492670797411
-0.947301929600159
-1.04241582938664
-0.907459031876697
-1.03181275828553
-0.822611312436047
-1.04121285094688
-0.955706947211622
-1.04427562014429
-1.06498791340871
-0.876929555792623
-0.966065687811175
-0.969547001855126
-0.774565147008803
-1.031118319552
-0.965779854265195
-0.98012060943659
-0.877818500005508
-1.01182808983606
-0.76999726532107
-0.832110488112372
-1.0330513705337
-0.939599552163342
-0.885188308841824
-0.961046992684156
-1.03108063667836
-0.837974043253891
-1.05426976220801
-0.888198520099567
-0.716868951128216
-0.867773306265249
-0.814615105843728
-0.923753422848239
-0.843783546136636
-0.999783820873531
-0.963815491534089
-0.8080960436558
-0.793621034317434
-0.858133862128675
-1.04609551434928
-0.85950659244907
-0.959806911414529
-0.849402190082557
-0.885040486938932
-1.03798911217404
-0.996702422292377
-0.885603788220917
-0.774233171693413
-0.919629848121162
-0.794805140626905
-0.879337326826329
-0.855721569398831
-0.952303883431637
-0.857292844009514
-0.879687176470565
-1.04694101247095
-0.715236509068709
-1.00760746431199
-1.0662209983311
-0.948246964135387
-0.775346400985077
-0.782906787920081
-0.739686027468404
-0.839199361833801
-1.03457196131731
-0.744531219622764
-0.870659694267888
-0.785558686869805
-0.799566727647648
-0.835277860502852
-0.787062299908738
-0.905356241454738
-0.84696239951216
-0.886256171641119
-0.820745328024453
-0.87402872955374
-0.831459650877292
-0.817369542198167
-0.860485000331784
-0.792983147119189
-0.721980015393016
-0.782207473971059
-0.863051291486216
-0.910246793347643
-0.8227457846186
-0.644851972568173
-0.800942940154448
-0.818769632716763
-0.90526336468238
-0.700417060686559
-0.847670515104916
-0.796716667787044
-0.835485825119889
-0.77677986289597
-0.68217664962736
-0.796717408965472
-0.755459006072737
-0.92294443591142
-0.771186021634566
-0.782051448233673
-0.795632295930952
-0.781219332724004
-0.585500339962085
-0.900015528511173
-0.751068074891088
-0.881613661859917
-0.800814573912399
-0.848408207795626
-0.741555157483579
-0.780697364834931
-0.681419229448088
-0.91865507742698
-0.713110708315222
-0.695807409845539
-0.618743385424124
-0.67966456431509
-0.818253795142841
-0.749596413206028
-0.84600666639126
-0.571425597051095
-0.844473959230482
-0.673388411691392
-0.876368918507411
-0.592878547922835
-0.714767397595507
-0.792798107592365
-0.675468892338917
-0.702493329046711
-0.776980270435985
-0.589495530115799
-0.495816474206806
-0.653636983123523
-0.871708115673263
-0.784160277962806
-0.747674984097765
-0.717565892549901
-0.692035830159616
-0.606709383812258
-0.905529061131725
-0.601066410479261
-0.688050639091361
-0.675419512691202
-0.618252778870402
-0.592531197750809
-0.672934488672082
-0.663273825351422
-0.615471082304491
-0.561189157822862
-0.603090857115545
-0.673907224561853
-0.822187794606846
-0.501198924900433
-0.652148531283456
-0.754029812339873
-0.595757520444626
-0.600247228315058
-0.621115804444661
-0.63197944712372
-0.572521209256717
-0.634857907124658
-0.799244097058449
-0.605519948256316
-0.656960183117905
-0.756405009580389
-0.595752600519976
-0.742626197728194
-0.6280987492858
-0.565727363276186
-0.824615263173153
-0.650490124686319
-0.614759108442518
-0.709062304129608
-0.466452926521961
-0.615125104209688
-0.60297159157489
-0.650161574385788
-0.736406574860505
-0.583875134830737
-0.552801114606947
-0.60532185593857
-0.557032679681169
-0.720692301033018
-0.697019108903083
-0.692970130697796
-0.666251434094414
-0.535702108144757
-0.704717954140564
-0.714438618760805
-0.677017541431477
-0.495064495775
-0.60393206538835
-0.625739377087279
-0.658756093448767
-0.636242761436444
-0.580404407988053
-0.641757170619008
-0.56800430870345
-0.652563615956966
-0.599112135418503
-0.6045778525644
-0.60108437388901
-0.638970079530444
-0.554962446890666
-0.589656679006939
-0.536460108676429
-0.586870217031387
-0.617944219244797
-0.653155306514846
-0.596109825180475
-0.569616420630283
-0.611009239635043
-0.465300536868222
-0.512009845509954
-0.681325710778568
-0.587795479183059
-0.576506393731138
-0.559851884217827
-0.472022035168882
-0.326600917615219
-0.533648627260334
-0.567846256067804
-0.514200228857818
-0.458332505367526
-0.510046837964563
-0.472513657339659
-0.508169275993243
-0.489465852397316
-0.580991356771534
-0.319233007806898
-0.526425240443915
-0.399972375010221
-0.590287135857887
-0.520866834186112
-0.462547867075403
-0.561731002120771
-0.540315301902055
-0.469607768195957
-0.55124084595244
-0.447045829876979
-0.500462917297481
-0.582018931531292
-0.572468892026487
-0.492661052394653
-0.600117505386429
-0.509284792669687
-0.57039797294165
-0.338528073528456
-0.375984918602984
-0.590267593888682
-0.592881735653832
-0.447776703411551
-0.409251202780357
-0.476937949635675
-0.472746036404974
-0.630891622030017
-0.443052610820202
-0.38938500122463
-0.410517401669403
-0.497632398847409
-0.5394392854114
-0.407404918435143
-0.49268855847793
-0.353828959749752
-0.501510054500427
-0.463310041287407
-0.432354362512965
-0.420054511096104
-0.515928907800199
-0.580813781814138
-0.535325432879058
-0.440016150907972
-0.386006907162949
-0.352778207832448
-0.38103343761435
-0.402718852421281
-0.298000455800476
-0.300729024866867
-0.373170218016377
-0.526381218875095
-0.38087739987634
-0.490610935767999
-0.368997838715544
-0.523505325592215
-0.370613006417535
-0.430571933502734
-0.448337000756085
-0.512075610196799
-0.382194822639298
-0.331595270054841
-0.323182593065758
-0.228722066895943
-0.33813655451771
-0.315954594719302
-0.503579426543312
-0.388764827293481
-0.380280844840945
-0.393744136280631
-0.399390018501554
-0.391821780295772
-0.376660430308411
-0.495141369440007
-0.280432173922682
-0.472890856221727
-0.474934211666901
-0.301314780710226
-0.32443327091949
-0.28171712468114
-0.390081627635132
-0.41787242580381
-0.405879432951742
-0.264123305366483
-0.294698597795887
-0.287005683371644
-0.261820532832121
-0.424871363539555
-0.383137683033331
-0.409571539300343
-0.221382866469062
-0.340889091788296
-0.404415481908338
-0.347623426917611
-0.250846729125447
-0.209362175661451
-0.361485396344745
-0.308551740239862
-0.393504979933213
-0.369061314039162
-0.369421021723347
-0.165357788309817
-0.428978744600097
-0.193649756245314
-0.158796832232616
-0.302831512660393
-0.363351369444916
-0.351722124550704
-0.34713185050588
-0.232353902517837
-0.256532227415779
-0.281165209150826
-0.458919364803537
-0.218238235081928
-0.43146261160442
-0.241691068466943
-0.221892841872969
-0.389787631825673
-0.294149154375128
-0.281723022297425
-0.342928175973884
-0.225423642132801
-0.419942711365188
-0.19103040388626
-0.329822974838856
-0.277625321786716
-0.0945719848390623
-0.182448052647344
-0.174322071506267
-0.292199681232758
-0.253303032744682
-0.221859375206539
-0.303815904558968
-0.262085018956144
-0.326441568189601
-0.316448668314774
-0.225120510105647
-0.261326466716436
-0.188807469512155
-0.207794993052429
-0.297689511266521
-0.0988863198300055
-0.338340842646339
-0.410793858887387
-0.355091140681416
-0.289136932209232
-0.30302517082324
-0.270556212561459
-0.240798859104252
-0.274971346305262
-0.248102156726977
-0.270598985216905
-0.413843948395588
-0.200062015696957
-0.334476482125013
-0.145991902509527
-0.224228476221335
-0.268755467473222
-0.240058786341868
-0.210744369634551
-0.190126672618721
-0.303278628859079
-0.225478484419332
-0.142229057784501
-0.287951969151826
-0.179786324340692
-0.119378103393852
-0.116460686284335
-0.169549777931083
-0.272733862727834
-0.0305339703169502
-0.0972402620914248
-0.0904850611460522
-0.109113908169641
-0.116670958222851
-0.145369369953306
-0.09895752428244
-0.19793266091565
-0.0923354547308155
-0.162637821403462
-0.201052556069898
-0.191294955532716
-0.067048661122189
-0.176464144172622
-0.216909402766136
-0.104157426482477
-0.202678787366736
-0.18258901545961
-0.200290902349112
-0.0812844496224001
-0.290902782784224
-0.152345880975117
0.00903130847131048
-0.279022332557609
-0.205402556730408
-0.0909566297735102
-0.12932146756216
-0.277031094099158
-0.0855456701326696
-0.130830166788209
-0.0950045679187798
-0.0582225450619066
-0.161792214691269
-0.244487274023224
-0.197251957595985
-0.100017030601152
-0.143246070624601
-0.0436033619143041
-0.193711564197612
-0.258568401722887
-0.204980282729153
-0.0483864624417437
-0.105789072302237
-0.115344773779364
-0.0641124943547612
-0.0566994481252739
0.0189952964120563
-0.127329560068824
-0.224783518441734
0.0514769308481299
-0.0472492307685029
-0.0873559959080327
-0.0242242039627358
0.00372682556168179
-0.0470982222144287
0.00942811847804919
-0.0652067355868476
-0.0797831199054837
0.0422627290868758
-0.193283100144696
-0.138898968006727
-0.0413579314900811
0.0609805141176345
-0.241298446764874
0.020090337526323
-0.150435473925159
-0.153170859588578
-0.200809805087032
-0.159645015223936
-0.130380571240016
-0.0395839339287944
0.0716014187716261
-0.0808587023223912
-0.0319218311468717
-0.0185091632991547
-0.178446463505879
0.0780933333509698
-0.0514202594696588
-0.105424184342144
0.0857546268190672
-0.00425142533486431
0.0059133626026771
0.0613321135715368
0.0483749064157559
0.0284412076043985
-0.00758513275692782
-0.146641526813686
0.0224050273009723
-0.138358466757669
0.00467948895172691
0.0199825895001442
-0.0465917471094007
-0.0543397977411161
0.129081776757406
0.0304289370282851
0.0113149735999936
0.0569489994877039
-0.00995942610450502
0.0715568800571815
-0.0904404884086111
0.00796914344513775
-0.0168225799798367
-0.0331893975980966
0.10163013963839
0.0809978183982683
-0.0471743706930062
0.0269770189657124
0.116994178554725
-0.036840975512065
0.102491051856966
-0.151630068333765
0.109683300883161
0.134022482434224
0.0487788203690243
0.0826062933367114
0.100019906586515
-0.0280314909952924
0.086059590299038
0.0350353399138267
0.0164690968047952
0.0849842064528004
0.0335938008036384
0.0258425596376638
0.0801257544208158
-0.00856822784851077
0.0203993971656153
0.146801078626029
0.0264702919392835
0.0332967768628847
0.0499352302288326
0.0133397653566901
0.126603229445326
0.11990566178209
0.00698198086205643
0.113514848567634
0.21434271148821
0.117534394280461
-0.120657739714744
0.06102838449775
0.182180345369128
0.0343884390666039
0.195791539524933
0.110966833820274
0.036997984281452
0.0694946603224288
-0.0551117438434405
0.151917384048352
0.0970513876712758
0.0851443138613719
0.130942767684558
0.140111793996237
0.152445099367306
0.141506439252998
0.191571299775693
0.167970976618025
-0.161144250086236
0.0640741459718817
0.216967123235019
0.0807768968908185
0.152715793148325
0.142105817145712
0.137973354372249
0.0527755289909219
-0.038557396225577
0.300854406949119
0.158322773846697
0.0383311996634228
0.0277060099897748
0.328626769640167
0.240539867014807
0.122624404294471
0.12349521023967
0.247123080398162
0.203602830012546
0.139539507303183
0.164441763827824
0.193619338855293
0.30340794092922
0.198098119252688
0.245063537482137
0.195236713819139
0.174975919153253
0.0323044895631167
0.134153158032308
0.330178341020658
0.14460347378317
0.150370432954336
0.194747274476051
0.159704146383358
0.105451559495994
0.163789643323484
0.22760369588192
0.228708526658908
0.0849444551428063
0.365393132310895
0.12121970848974
0.130763899091726
0.230139272234065
0.285487155737639
0.271786081464887
0.14894988836427
0.200389975755748
0.104173191922541
0.105202977342325
0.283036384466283
0.397796692162124
0.285709068161261
0.158419633827235
0.338520030678122
0.247783954035858
0.254994957533746
0.203470566719276
0.240343646224175
0.207929160381085
0.22658654386287
0.120228765878979
0.147181277778842
0.1449566959087
0.435842769111216
0.172300358745257
0.255411226958659
0.226006356492882
0.367266693537856
0.255014778139787
0.393269547744905
0.413974943989072
0.28443875466763
0.237282950078623
0.289700117148119
0.194619498557689
0.310350055364538
0.359573450704188
0.34877100667033
0.35908018453208
0.321437535092351
0.41904417661524
0.373292007523778
0.264392078779795
0.33748334375499
0.295353614826015
0.229146784462606
0.329038495810724
0.138231853950904
0.232616885680832
0.268094721401318
0.246969386030091
0.313614763832013
0.299247025932632
0.403966650724047
0.130364415676436
0.30119399232359
0.321312579122373
0.290948357326346
0.391188309566649
0.357286794160729
0.276596752184587
0.284551350838297
0.338816741464882
0.37458544197142
0.425346988816171
0.283602109293646
0.259132713774862
0.264092843985064
0.255488355601665
0.367472603085227
0.30549179917716
0.206646665899628
0.308084786740721
0.443993822557103
0.416175948883472
0.430228647119443
0.406757389047192
0.475520955941998
0.400836919741475
0.346417523003779
0.355838443524032
0.395363895776796
0.458105000192483
0.412879908797671
0.323353974861771
0.425901414492674
0.340479224949287
0.249886700051895
0.418036461284264
0.570066249793994
0.265630001519883
0.308713710045791
0.417176925096694
0.322318781798728
0.384773171984446
0.450685079856121
0.430908152088814
0.354043837615672
0.331629116865475
0.296024531112536
0.369792498669329
0.304201017789275
0.439333762382593
0.4564735564348
0.39285237153823
0.400190813978717
0.496773315324617
0.423985652230318
0.396853021825707
0.624635166551708
0.477856679695813
0.394505477858278
0.433913174480885
0.496944113279168
0.349167797702565
0.363568270310264
0.494284517541481
0.322867040615584
0.388385803627295
0.404354598462849
0.27591080637528
0.499535613516598
0.468855984684719
0.428249017849455
0.654853210160514
0.638289852225246
0.610499883886249
0.56199814592041
0.413030085672078
0.448951748568028
0.326333079340416
0.506800099673637
0.515781719788553
0.384842960614614
0.637392409862028
0.586696113999445
0.423195773725853
0.558791002946138
0.425108113064576
0.553749843945215
0.421359019398656
0.54562566401043
0.367016490937044
0.677557030008024
0.630655470079162
0.38087188606898
0.541168578770144
0.624279047234193
0.594246144847062
0.668521392959152
0.616329507812939
0.563435078121524
0.566127801729068
0.47013448168589
0.54018926804692
0.653752901796211
0.545396276296269
0.523982554855759
0.447756402912787
0.566111244719327
0.463694432977392
0.42543423400048
0.581732167699593
0.459565437663576
0.638305316460327
0.30443868264883
0.626530907450855
0.521130746226459
0.564092871728426
0.531509261363984
0.49936677988514
0.663220144846038
0.475926080305791
0.676913027703819
0.460164989288231
0.492858907369971
0.497946710250838
0.618717321739097
0.613344063901374
0.644563843548338
0.400351738821363
0.690686258930276
0.570339689419663
0.542305258763993
0.62572028063172
0.667991179089302
0.614187196796496
0.549034934559579
0.572431681596608
0.486755684822673
0.568577439003253
0.631898195725426
0.494849454177047
0.637773440527448
0.635699543685826
0.581139033055168
0.611326855395868
0.452794613700677
0.537721300529201
0.485020355252912
0.659904966536488
0.639748098522405
0.662311149128277
0.724649750595409
0.562728439835644
0.714648819557698
0.604191421084585
0.561397664675076
0.550833731477253
0.728067239475408
0.686954463977626
0.629977963888739
0.600799941911799
0.782334504751869
0.741281025322352
0.585390501171399
0.620626587927373
0.619015586844952
0.758874789867884
0.775237793359995
0.666189063249906
0.646622448385678
0.690752038892957
0.610492532559811
0.649278454744285
0.614376898501951
0.729418254364395
0.481321768422789
0.623697352622266
0.775742878042669
0.659722432187811
0.643611026290707
0.644859560210997
0.698243620550617
0.646077359222825
0.616078552656367
0.677830492292698
0.582096090817925
0.699156062417834
0.755992914239763
0.632054233223865
0.51185786493245
0.530022755339788
0.80521010628275
0.637028205699636
0.659088954268158
0.681726828208302
0.695810666950728
0.5579663099689
0.673615855421472
0.83010780415215
0.819556387711717
0.5869537450254
0.808686817274105
0.730767110309934
0.712022817646288
0.699999882418112
0.810187589254686
0.725224539848813
0.873298412187988
0.812908724587258
0.694599727513148
0.908589330866436
0.766297713985413
0.8884481403116
0.850500814978295
0.644188621486733
0.740544867910266
0.771024583328642
0.651325018784358
0.803274312498161
0.65091203365207
0.870697515222181
0.812380941093842
0.737003147513185
0.83029781949739
0.534757866423391
0.772090503244467
0.939612906594276
0.648700022812972
0.837158563288446
0.837119452546538
0.705578670084005
0.850300339543618
0.667815622398621
0.721699189124511
0.74520981225002
0.863083068786982
0.814492465237394
0.7633513527849
0.841180362443488
0.935069148772407
0.807705062398023
0.880188041486946
0.702068211677028
0.839272927058316
0.646402350193106
0.829992411015211
0.887542621877418
0.878561639319316
0.841501923450068
0.833778218542316
0.661295971170768
0.778643746242329
0.729075360072984
0.928219771804936
0.802009082603447
0.919254465033801
0.850450734496281
0.906700811191083
0.730437303688609
0.775370211746621
0.752706826499649
0.809044410190443
0.905481941421964
0.863755466532776
0.865564791043083
0.835211330737341
0.697892881880532
0.941208309851676
0.907583581669441
0.866615239808964
0.826906566348141
0.91640202943965
0.801659740077489
0.778415834125658
0.830481963632545
0.869962590430346
0.884981017958538
0.660554956062545
0.823648257802741
0.872690184205136
0.78222569988196
0.942011439283621
0.955826086649099
0.926721548145013
0.83991478412106
1.07779904832955
0.894041207157419
0.975713333817024
0.937649965491189
0.820115617530182
0.98182422585172
1.01244619686601
0.956578597644029
0.945792219093265
0.885841141685276
0.897416203884065
0.765234032849554
0.850070531674853
0.922805976610089
0.848747157200042
0.971655191441086
0.845099249338377
0.845264651142049
1.02232973663199
0.995977102323263
1.04379964972376
0.919100471956226
0.811954688841323
0.896701631629925
0.891960633122587
0.73226767482424
0.976720692409504
0.721599158663016
0.800027715977449
0.964925823054974
0.852688739789228
0.943970924386132
0.890114364459062
0.838664226646408
0.982510898480103
0.962913399575293
1.06465095478915
0.794948445726304
0.870278906206565
0.980339466468338
0.987526248179251
0.956612428880198
1.06581979300259
0.972030309126914
1.00657664366045
1.05612662402464
0.941524251386552
1.04290669610332
0.996391052076492
0.997956190804798
0.975805527424709
1.04512666979038
1.05028643418031
0.866915660118822
0.896971861991423
1.00967270361538
0.983893756557658
0.933837001618939
0.936727751523861
0.977830622734833
1.04406991891233
