-0.040177299146253
-0.888400838828962
-0.785274736744228
-1.07633274896493
-1.07626695447386
-0.92515480634251
-0.930880775103923
-0.987923819252034
-1.0168523959995
-0.996121461188222
-0.928499299289524
-1.11480943500259
-0.951744271498096
-0.885897658523029
-1.06018087371141
-1.04589439585268
-1.08740648911938
-0.973356039033572
-0.908239403142687
-1.04437125242185
-0.935299375431396
-1.06482281775701
-0.846208417087021
-0.911054152045691
-1.12746753956214
-1.05881146871269
-0.933956291887233
-0.915546817107957
-0.927672396416695
-0.886565004292757
-0.883064883823475
-0.970885209935064
-0.937140739673995
-0.995300939153987
-0.892517786091514
-0.987732005631741
-0.877454832347324
-1.03335559721763
-0.900935084487025
-0.949472315608782
-0.857890273889373
-0.950889066928774
-0.853599993833462
-1.02706737629008
-0.897344767181822
-0.820490594835875
-0.973987016001703
-0.786413615710036
-0.833025365409692
-0.959255681260904
-0.935584399129024
-0.944353740899497
-0.84152575813707
-0.857903257558115
-0.875684858082569
-0.886365573768688
-0.972151371099904
-1.04434144981545
-0.962943856551276
-0.862188191093899
-0.912125618524286
-0.883873735902246
-0.939613632392727
-0.785401129200117
-0.892274052375141
-0.839204797654838
-0.873462536198338
-0.844466705379805
-0.89423820510457
-0.965108375484652
-0.913950635169195
-0.663720302635626
-0.974717700393094
-0.909297766552936
-0.921908351854603
-1.12771803942706
-1.02726386444426
-0.951710316014629
-0.815237615901081
-0.911945381245351
-0.817415926605387
-0.792215184744691
-0.659749412893464
-0.878832453382507
-0.832418256497645
-0.870548342773205
-0.883118444544889
-0.870211434298214
-0.967512090312398
-0.962185199624664
-0.798761074070577
-0.879348921693019
-0.705113015291079
-0.60876691310413
-0.634201105762567
-0.906814948901412
-0.670748022988572
-0.804980722562568
-0.788662059562004
-0.8613358767194
-0.818059462664167
-0.671883186962038
-0.751248597977906
-0.76074094312105
-0.806278776665178
-0.835219137482234
-1.00635291225819
-0.681071036549774
-0.657701161924791
-0.72249590746873
-0.815995335121255
-0.893219315629615
-0.710893965719523
-0.780568866938526
-0.825700287857793
-0.693914735061888
-0.735807413354029
-0.72479122348721
-0.776049395845233
-0.67436793747497
-0.784475378150907
-0.719673982529001
-0.863334489482598
-0.782380198255828
-0.757538916517448
-0.71141175753325
-0.749718180261849
-0.758498812606933
-0.753974727470839
-0.690753458650452
-0.639705079580408
-0.797442700077286
-0.838646434773914
-0.842978675033085
-0.73610764545274
-0.699177722116011
-0.637945914104098
-0.890138455250425
-0.646319882505855
-0.700723043425759
-0.722008149182236
-0.641397430604357
-0.686204714592296
-0.776938595522072
-0.871567505167303
-0.682833226605324
-0.69618028604468
-0.648075198930758
-0.789101343337584
-0.579748875860511
-0.709797619052944
-0.516178382802946
-0.718630362495062
-0.702905655226166
-0.725250461153585
-0.577507985881483
-0.605768619064488
-0.740132441165775
-0.701202155613842
-0.820041683486064
-0.576958082326216
-0.71739816737557
-0.683418248431431
-0.76961251718977
-0.70206745536449
-0.758891906723436
-0.715263542263991
-0.587312260435183
-0.574596329384395
-0.567971593615072
-0.723196697483643
-0.573195069376018
-0.773355962904653
-0.68143149053436
-0.579516242041131
-0.580521007679576
-0.569282657154268
-0.66912622210827
-0.500888304471622
-0.788426402841954
-0.555286715030599
-0.633189797542237
-0.710952663815527
-0.590790883989784
-0.682684997874434
-0.625029832766414
-0.551585450717959
-0.619859887643941
-0.61246266183156
-0.607926494336231
-0.687975985369653
-0.731684371134087
-0.602972404151291
-0.821811271378672
-0.579555913006303
-0.605408944766014
-0.695549901839781
-0.730216757997259
-0.6182193042303
-0.74574806905801
-0.666396212541693
-0.594623669282169
-0.614878094407607
-0.524403860724756
-0.549353866920845
-0.661612686890176
-0.684426225665149
-0.718086981258477
-0.44099300027801
-0.550451423165652
-0.520156801531775
-0.597667203747703
-0.528757517503056
-0.576674896038371
-0.596690874662338
-0.558797906750127
-0.565132859034878
-0.47880027471278
-0.667681170772482
-0.547111652949545
-0.479230766197544
-0.468101954176109
-0.540298612970413
-0.610709583661535
-0.497649197750234
-0.698883119929495
-0.590557047616562
-0.667493305074318
-0.412012329798479
-0.634425739503905
-0.668148029702315
-0.548987332581825
-0.476515226445843
-0.475529974960943
-0.465707267607858
-0.573228286650905
-0.557974122890197
-0.534113993444881
-0.554357862611171
-0.63188951853621
-0.444575451218961
-0.431585340098688
-0.600650785613149
-0.512262672640699
-0.619050692517689
-0.464079882090295
-0.496304618239072
-0.590729966899223
-0.527064153240107
-0.495839695079468
-0.564800731566435
-0.38133027948847
-0.557849948155906
-0.43307602870836
-0.386772091700888
-0.568203490218641
-0.352300489137316
-0.407937415371402
-0.598151579442637
-0.46296830493912
-0.421619314988918
-0.673086942699031
-0.511614813239934
-0.502334412510415
-0.205525793305749
-0.538098427698273
-0.400138384748214
-0.448421787953961
-0.491409503482042
-0.473969502732025
-0.455869754805424
-0.411899091790464
-0.495616011715836
-0.534927551014315
-0.503140381779229
-0.47154742091455
-0.419347964423128
-0.411606649206963
-0.329920963616263
-0.516830082933053
-0.517114819462684
-0.453701266644851
-0.402746376946566
-0.49778515650515
-0.404353552714458
-0.487626646368433
-0.332152919569813
-0.427042184588744
-0.368483396472488
-0.445846360052762
-0.383514652981339
-0.538568404714477
-0.476083725233689
-0.4665267845522
-0.446410478150242
-0.453566741831848
-0.378614166768807
-0.38632030415277
-0.424815406281968
-0.368614393783091
-0.506318626726189
-0.495076574075217
-0.366996021072137
-0.255837518475547
-0.407604774016608
-0.410666961866605
-0.441110271507164
-0.288393959689469
-0.412034595787803
-0.349038447219175
-0.619401364691906
-0.296795907278735
-0.303515378998466
-0.45753740113829
-0.461005341904142
-0.318975184021456
-0.396033710074432
-0.456440379561826
-0.484921627233597
-0.271146777144363
-0.473082729011541
-0.264339174705376
-0.296392227637762
-0.374820023030728
-0.348870116440616
-0.369564111812127
-0.264986891903562
-0.364326717651674
-0.414990330156102
-0.259395080514667
-0.282564215797641
-0.42800332026576
-0.393020190880108
-0.451915932272359
-0.325327620196749
-0.270699418344148
-0.453322015477356
-0.282673233188924
-0.330265782630031
-0.341188620750174
-0.277952046146386
-0.358049404293172
-0.376445021828546
-0.256545032078574
-0.470161516390196
-0.315572171242533
-0.221206188730002
-0.279337737448897
-0.28007112404546
-0.193692233514038
-0.485052664572053
-0.217227310426437
-0.174266008287966
-0.3986067411334
-0.233244507983854
-0.240270592451747
-0.195131920675282
-0.252140510302653
-0.313748995261795
-0.233817576925537
-0.409902671244732
-0.342523256311428
-0.236581663132681
-0.310482670369049
-0.305348754652972
-0.196313893855946
-0.339521326628807
-0.258446031197717
-0.346980958863456
-0.29614156033768
-0.242492334625915
0.0369722279965842
-0.359799678526062
-0.160538473456135
-0.280867806654357
-0.267477509814114
-0.261886942857374
-0.354787228156287
-0.237158452836713
-0.229755983516806
-0.205711279145265
-0.130017441800669
-0.138184158437927
-0.149082847368294
-0.125037130390682
-0.218122293490172
-0.336757826784009
-0.227683014661568
-0.16105141804892
-0.199105419844699
-0.204052299842226
-0.250156796884045
-0.199816467449403
-0.286291132823996
-0.315997776712777
-0.200871397177007
-0.25875608057379
-0.166284261741279
-0.0988889260520209
-0.382376073784164
-0.140430616921041
-0.287160657402323
-0.149696343483946
-0.255795872661359
-0.262267223833683
-0.220737288997868
-0.132423463068548
-0.180614268279154
-0.142079242309468
-0.147131827838526
-0.191162726726694
-0.177131727349626
-0.0333096819662837
-0.228301839389033
-0.198839558156574
-0.467069645433075
-0.0824587434415199
-0.233550302049387
-0.127876334527181
-0.213907974923606
-0.120920937802993
-0.196963891957756
-0.17063882152582
-0.0691944142565489
-0.315495808885239
-0.235365430586249
-0.141845998099394
-0.230173661927471
-0.137461956510858
-0.294726986231356
-0.150486367021791
-0.231897264857307
-0.122409684896349
-0.285158276489747
-0.241131147684017
-0.155006086506596
-0.124703369941292
-0.0532792915121884
-0.124055137337293
-0.186002502994549
-0.179988508702122
-0.0939499709016295
-0.0151413959427113
-0.23492096336355
-0.132267873866179
-0.0904076487994232
-0.0821560303490435
-0.00691422150233514
-0.181032557223874
-0.175511179283762
-0.194181812029778
0.0126083959120594
-0.0994066858272993
-0.143210646909633
-0.0636565556403493
-0.101775878788177
-0.0929524659628115
-0.0291974879252812
-0.0537656184071261
-0.128750210565063
-0.072148689333424
-0.0451431093595153
-0.108420606628479
-0.0135642529711752
-0.156754306964073
-0.24539512310284
-0.191176321615191
-0.122584898916154
0.0118678211393144
-0.0291980076246781
-0.0521356480484228
-0.0440677242836491
-0.0700433152486814
-0.0775843761460273
0.0124391107117317
-0.0196765226796605
-0.0952541355987146
-0.0502478833262726
0.0275609114217816
-0.0504281863996788
-0.057366909516901
-0.214688473511522
0.0269990581546089
-3.22746079103204e-05
-0.0366796856309722
-0.0552081284085587
-0.0900402586587652
-0.17857613110308
-0.0691544858586734
-0.131163369573588
0.0377207296361435
-0.0317949715869242
0.0838815369673645
-0.0466954365845296
-0.113687997864055
-0.0515151729040664
-0.0522297267312552
0.0191928945858675
-0.0598068832244034
-0.0362391068351141
0.0444442887315955
0.0734362876002168
-0.0243942449025498
0.0852663836016211
-0.0956924061946653
-0.0447090193256934
-0.0693539594916505
-0.0298234159659688
0.0316684222589389
-0.0447240703583289
0.0282073284245883
0.0478093224061641
-0.0585407733771926
0.165622985987785
0.0464121564356228
-0.0160009144049926
0.118103537255646
0.0268462452991962
0.148466477845503
0.0830852427232078
0.13559894896287
-0.00295753765735385
-0.00118337598379093
0.226993280642199
0.241721813298921
-0.00878367189971095
-0.131140283243223
0.0437998098279667
0.0418156223524325
0.0397856993573617
0.0249705027216575
-0.063689840468779
0.0224726645290257
0.117085955553603
-0.0666443055345415
0.136542594218151
0.21371388147409
0.0921144276632054
0.211777875500978
0.0514025884895865
-0.0800203785843546
0.0671506756659564
0.136226889210968
0.103988734872033
0.163569546754134
0.144775769851627
0.165489103987793
-0.0151991209831123
-0.0680932708318607
0.192904315528138
0.140541950218501
0.164897746117952
0.103060240373699
-0.0307163647521158
0.0810604589105118
0.00883800645890105
0.113167149599363
0.133442788291823
0.176577304750557
0.203776991289838
0.204468446420794
0.130316505126514
0.00239080222719625
0.162355977153318
0.160140116397302
0.0872635561737333
0.175354569005013
0.110541936727468
0.0814250580667283
0.0611666918783857
0.123456620218809
0.0153768530822822
0.208014102056563
0.0742815524933628
0.110033575074581
0.138217681075552
0.140828889898622
0.134707701823919
0.291159588495313
0.0784888295807238
0.0939732261211531
0.151813225856339
0.073473861364565
0.0600977815839743
0.187101186652255
0.179013279072822
0.0652491733454746
0.234775059972167
0.18493667850751
0.158100173597839
0.15056507899131
0.097539975410461
0.201434203274281
0.147898345906044
0.130772127055085
0.282155948089099
0.0658916750898717
0.144065508639516
0.130328424937574
0.269661676911459
0.341324356674411
0.156501358593403
0.136612767711028
0.255630677863134
0.362923709883374
0.205603150835269
0.383516776705339
0.294373547472824
0.279638795027187
0.16750318388232
0.19486884066331
0.235238580543341
0.11080895794249
0.295157108126854
0.164440380425191
0.16707205153661
0.382582356140659
0.216479991333015
0.265215661099813
0.138577048386262
0.10536979547031
0.199753837757209
0.192518376679609
0.280123986496701
0.236636669961879
0.35278062769316
0.352803837550683
0.148967251933723
0.155095240746799
0.286863939965766
0.310630722518603
0.146945564253044
0.21478262743913
0.275112784347123
0.281964223576255
0.258436775811789
0.157683664089625
0.181853146757066
0.211683320009029
0.411240372406674
0.290689398623084
0.279289484159145
0.346502850009019
0.230782773936848
0.475192161974497
0.190582563519621
0.174394425076325
0.427128588390878
0.381721644550876
0.290008569213315
0.445057966524537
0.187043110574602
0.229597286731878
0.348848403363917
0.321115834832863
0.256398004261325
0.306311515635285
0.255534626879893
0.269176660472511
0.341886536340864
0.132649609539621
0.318837376584537
0.308413836533535
0.372598397814566
0.312157609205639
0.321032373650744
0.458296531570847
0.46586136995875
0.181421490400979
0.361787643912425
0.278532182593698
0.398178839132354
0.282319360582827
0.339144306185436
0.484132925546283
0.291151809408841
0.196511009019534
0.340868610845065
0.391502334604174
0.409858418788436
0.344127475850194
0.445023061628241
0.322464217203598
0.412112097958112
0.43192104359399
0.347106835675652
0.487360037444371
0.407508581678656
0.376113516078607
0.488059954704888
0.325247259515073
0.456024710361314
0.428287511229587
0.558428816872739
0.459315862350831
0.339985580397235
0.339568244315211
0.32622432828312
0.291556089604338
0.381752011759552
0.421480482568402
0.287813548836853
0.443907094886606
0.451386727232238
0.392127329230951
0.339619147214285
0.354881517929683
0.386385991769982
0.335911816140501
0.5195904537488
0.565973116017297
0.538367713373355
0.503312704588397
0.488620699878547
0.306129581831489
0.401973348759714
0.415012457309352
0.408041395591862
0.423353086792832
0.411592449222165
0.558864108426042
0.336848427318189
0.408772197743307
0.398451189065643
0.383324141445072
0.43319367915319
0.475293127916544
0.445189234165097
0.487433427594953
0.32133094937295
0.415778918645862
0.525058929181563
0.314547505531395
0.581743804158827
0.577161634043099
0.57343154982171
0.352925424546258
0.335814947354439
0.499502115121616
0.471511161067903
0.478633768865274
0.565221314117045
0.589514406183396
0.434877361505052
0.508009556632553
0.374066654623157
0.56539774612782
0.487486525170775
0.537650629953562
0.36683550236513
0.513754111233461
0.507286480200771
0.576643904626329
0.411528397198315
0.450504469727301
0.59846225588647
0.453162279275863
0.662099633165739
0.457307319158544
0.483192041047581
0.495425079528626
0.381694130468
0.490387018471521
0.684497142247099
0.485395170144759
0.529675423581241
0.414401544407692
0.520904236481662
0.390259629389756
0.496946576245678
0.524827327184718
0.544250576017675
0.502693946896443
0.497210152264652
0.456617408295649
0.429061377297675
0.536959498935424
0.552369202099616
0.434000038936797
0.637523964495026
0.548696132532281
0.500503760434163
0.567046816542844
0.444599698047462
0.673880776337651
0.497067940464654
0.601569411039525
0.568773986746656
0.567534197515212
0.720337973636417
0.60277595260785
0.777508948420735
0.674197315010044
0.490294327812551
0.433200049957278
0.601647805523388
0.479820090747152
0.566713258545591
0.618389226576887
0.780871205306029
0.531636373110502
0.589069829853019
0.746873174515963
0.597855606450653
0.548303183556827
0.513101552459408
0.456287501513483
0.668712221375139
0.517888441257862
0.616681924195429
0.660738964631477
0.492832664742294
0.651169411192685
0.529168884644535
0.791440371608454
0.637032539234787
0.417084787267397
0.745746135775141
0.700737971889756
0.626841363897194
0.896843069050616
0.757671843552631
0.612385093837913
0.798687818747294
0.63257539516266
0.671811711541302
0.630375294525672
0.558469511665258
0.723306002138126
0.510249235386825
0.590894100023924
0.78520266861626
0.676462914636608
0.573103080123846
0.658672076508456
0.625861404813463
0.646081275460376
0.654145131324918
0.720003894035528
0.612382258101437
0.596519242945366
0.812170724116536
0.514876182978025
0.51388473693515
0.609545078771005
0.581224995690721
0.754521608953427
0.681561438775079
0.702889657966053
0.737362703353419
0.726430947855242
0.718761028865961
0.730001641511928
0.689549470355837
0.764333620244064
0.760179641414652
0.858927870294481
0.761626780973108
0.62170373760324
0.729240293662329
0.754098693289392
0.739695663935515
0.644352172404204
0.682939021296317
0.646150594283001
0.685487875791628
0.514780590317526
0.724902477149808
0.701537228185124
0.766509797299241
0.850386691953898
0.748406883245967
0.667451106487521
0.609793941451077
0.843264498159745
0.760389033471382
0.731025731944069
0.738520243408078
0.770912209074359
0.890596624848441
0.723894092478279
0.654997518580997
0.920373831894305
0.803650377505158
0.950710731328424
0.781996163008413
0.618083898024106
0.795576036376117
0.795172252912588
0.675475667790698
0.794640536741774
0.703864242609763
0.954276178409356
0.815063048264897
0.697859833829581
0.925137279352452
0.880083296297033
0.787767750934322
0.80974908322866
0.835161688608451
0.783822378853969
0.816678003230713
0.667839351827645
0.675730552364391
0.820209773050575
0.696520087085221
0.69282948384196
0.84753307263485
0.671873846615227
0.886292542745318
0.830900737287562
0.838384743050892
0.863614462719559
0.822843468242085
0.749027560441585
0.762674393537548
0.770816604773489
0.745458428198448
0.892126448559172
0.810170066256126
0.844564415952842
0.776148138648153
0.945257900985573
0.892745755874392
0.775670624864741
0.893903515441929
0.872859013202607
0.940947854107296
0.984436354616647
0.998149451074341
0.902542707553134
0.791857113720515
0.856684472280612
0.810147672272166
1.00964359330833
0.897010836706486
0.892488251283064
0.837714431847857
0.733740923169316
0.95233467815826
0.855308590039249
0.925298594547369
0.943881765823563
0.944510817476998
0.959391268615894
0.905539571143822
0.994253662741424
0.853574382877381
0.707048252629231
0.892295387391067
0.995530465610555
0.88744515942621
0.841745274107313
0.776382675396014
0.921815940716959
0.879003449224009
0.83239932257448
0.908168193713271
0.951963483599493
0.975629389703877
0.872379097390247
0.899062362977309
1.00251616092621
0.942137086264848
0.916985173780195
0.994618672623218
0.979183207175392
0.958692923278691
1.05384017000324
0.810152783834034
0.926726717303856
0.990229288449168
0.888918061971675
0.898880190007955
0.894390131054925
0.947920252912222
0.962997000167394
0.856429094166209
0.903425613652515
0.974607073510859
0.998730671072566
1.02398174880174
1.00145425018196
1.03363234098167
0.905784119648518
1.05787498930053
0.894444333742359
0.999190222426963
0.981626902292733
1.09272418605787
0.975669458347224
0.835848174178996
0.998125660278844
0.885930862331268
0.810783995455303
0.951641605645981
1.02031667885669
1.04164135302029
0.931434396946752
1.01655021309593
0.969951410600202
