-0.0179824262727347
-0.994501752958164
-1.06728680064915
-1.06190595574434
-1.11622349042579
-0.86646857315843
-0.854625638156768
-1.08483825451273
-0.942601519330492
-1.01421824264506
-0.851989858042817
-1.08334185086504
-0.853907722704597
-0.933635162177598
-0.955835819388194
-1.03335524403826
-1.12267351849369
-0.853886532677977
-1.02178005082803
-0.897643557223678
-0.923509410107308
-0.904776098295963
-1.02825799752581
-0.928126729375057
-1.02485213966194
-0.855832617645642
-0.928095818441209
-1.09838490372318
-1.00750642610994
-1.04348832647963
-0.961178509531165
-0.888946914452588
-0.920393740478564
-0.910026035867688
-0.851596102656942
-0.948673064549331
-0.944692887457752
-0.910126808828223
-1.04121570847987
-0.818844964510854
-0.926191156154694
-0.769475758040576
-0.999878673218088
-1.05221475005848
-0.899336751353216
-0.958648730258204
-0.759780616453235
-0.896897261996682
-0.956618511171553
-0.865053742962605
-0.877364045491236
-0.841279689842046
-0.918276887077887
-0.971770291011721
-0.959721996629209
-0.897077877935282
-0.929628142194535
-0.966804248309167
-0.843316019763698
-0.771959465685602
-0.983669568754007
-0.898175436348617
-0.944680206188547
-0.968561079296423
-1.03088251091858
-0.899193171348586
-0.874798846681597
-0.833481461466246
-0.708624704841999
-0.767609294889213
-0.925927528842491
-0.906840786248243
-0.896835920519455
-0.763641967531424
-0.865473495841719
-0.993315923030372
-0.969279107456866
-0.942701498389209
-0.898859872812997
-0.798501751611722
-1.01759232563316
-0.752037296973452
-0.784041283365674
-0.990035526130597
-0.979889688599043
-0.862740161406237
-0.837443602652676
-0.784583331861466
-0.841994967686324
-0.765988764576763
-0.895766923214121
-0.993519318286082
-0.649663870923617
-0.792624629145614
-0.69598026062598
-0.795636604295065
-0.733797835008614
-0.78327039074029
-0.755164513664985
-0.911683203621245
-0.88812934871374
-0.840609220022069
-0.867505577732151
-0.730519182629276
-0.746069237276398
-0.881264528482701
-0.829683242756617
-0.62264375491851
-0.892749050095921
-0.735238633097167
-0.794648836049342
-0.784832012395897
-0.847389453937424
-0.66032999088288
-0.723238277926411
-0.567209583113674
-0.718653793535269
-0.581883557257915
-0.733639240236596
-0.728837942991496
-0.595342978481714
-0.947804573058973
-0.588541199232344
-0.894834314574735
-0.671624592015746
-0.780339988833946
-0.671690587143676
-0.800036061391889
-0.753032462462598
-0.825022946574687
-0.775060832176804
-0.751165626900449
-0.801799335159876
-0.656169727035384
-0.620741893365328
-0.749458649796454
-0.681960512319686
-0.726480685988778
-0.641933092672843
-0.788251813445285
-0.716594681823719
-0.697787349605709
-0.875589107279579
-0.665554809485537
-0.758670740836604
-0.628364933580096
-0.776397413729793
-0.710615397771096
-0.577669532156007
-0.638446813509944
-0.618317994116617
-0.802025532947126
-0.613138861996625
-0.708548701532224
-0.655987788544466
-0.756722446669444
-0.777280507948937
-0.749593652810952
-0.510319185828598
-0.515396050126444
-0.643108992900564
-0.813371951578199
-0.582946370048569
-0.611317334183411
-0.655759600473225
-0.775273844037074
-0.680726413786127
-0.734205352935621
-0.648856999637131
-0.620536033866756
-0.825971562430887
-0.583732667243011
-0.668363632745801
-0.556994938326556
-0.708302000840698
-0.793277080131935
-0.584372063963491
-0.566683592487951
-0.577061315813068
-0.586575740418115
-0.551335720087322
-0.563909554448263
-0.75085731373244
-0.657478346256802
-0.517130163805716
-0.64374415851349
-0.486102017517023
-0.550431552416226
-0.704902959872434
-0.652840704896715
-0.662771251454289
-0.520649894959107
-0.661647641429195
-0.710657848325373
-0.631262476910827
-0.705795590355673
-0.805456811516695
-0.523818540867413
-0.645293031007247
-0.493695932280857
-0.515775061435764
-0.593022045936765
-0.657807669400988
-0.592951132596897
-0.523337292073267
-0.628476956292458
-0.533148737760861
-0.542750828073199
-0.446802101703608
-0.451502473222432
-0.598925849744971
-0.588657972109728
-0.432199260618352
-0.527582184948954
-0.644990900369744
-0.556306168218553
-0.552768576012506
-0.664115541300701
-0.501186282612359
-0.60793195135244
-0.555437730913285
-0.590032998826383
-0.536090415302799
-0.549303997592189
-0.511926708599085
-0.560606908046057
-0.507464987235347
-0.594355331904473
-0.496900949944196
-0.519613384449546
-0.414332712499261
-0.556015520176011
-0.544004975762597
-0.619301745166882
-0.478882249980196
-0.421904721539757
-0.489166045558582
-0.535011629784868
-0.496858335767361
-0.44881299132346
-0.521389853320089
-0.459646070827459
-0.549366825568923
-0.45516993052326
-0.522399488706102
-0.592427012901119
-0.485348680297123
-0.504978089979311
-0.507447994776208
-0.460538327473402
-0.536927788276469
-0.458587061951507
-0.440484458861216
-0.442516478895674
-0.426547341563168
-0.372091341373619
-0.408232069843012
-0.466464620479497
-0.52196001889993
-0.410672984050682
-0.559671771610756
-0.611733312201607
-0.540096059956118
-0.593218983932214
-0.430081245822964
-0.426448668515317
-0.552935719008139
-0.407493462480378
-0.493415862716918
-0.538408544123749
-0.316615283701002
-0.5634323365474
-0.523148628137519
-0.545762640090563
-0.395246185966859
-0.551334760393388
-0.515958937664128
-0.461066653709465
-0.393209266382805
-0.475629101780027
-0.473569907221313
-0.438907201259796
-0.575856571660367
-0.457657259462981
-0.388375981433023
-0.532696649657919
-0.421992483217972
-0.316329769340519
-0.26746891258409
-0.407737494385941
-0.380282352677716
-0.538511012791226
-0.452824101670783
-0.449809970313545
-0.442819635785149
-0.341638265290475
-0.446895387565483
-0.428515826038343
-0.405123053531836
-0.430083605878434
-0.449596571988112
-0.173950482622865
-0.271916925295003
-0.336713668198885
-0.549232085865885
-0.346590439996349
-0.358288802714464
-0.333312363844761
-0.471440071005268
-0.42469916161494
-0.298499016544615
-0.432774468873292
-0.365895773444989
-0.477458301791963
-0.320986332205836
-0.223132383738029
-0.502623646737938
-0.37287555810723
-0.334456009412708
-0.330587673604329
-0.331495165122089
-0.460669995017491
-0.309945260140687
-0.464688245717163
-0.306852707061408
-0.296838626144502
-0.363910196669031
-0.205755099352318
-0.291630731831908
-0.332637510268632
-0.492161995915323
-0.371133429892254
-0.312570397954399
-0.285036899599098
-0.334247809700487
-0.186568106698794
-0.411233139582072
-0.298196595070614
-0.362194175226247
-0.199814890651596
-0.338932116838295
-0.240793139427448
-0.182700848787734
-0.319037537064693
-0.294984612193814
-0.468549634488091
-0.349522697436799
-0.469501341227803
-0.396387211091726
-0.398125847178145
-0.444422842566237
-0.388004901418758
-0.293503652019387
-0.266819960981089
-0.297856536014258
-0.208756463606769
-0.430164611473994
-0.436150929772905
-0.196877711263647
-0.32736660100323
-0.313317542711322
-0.252144926445909
-0.194711366920882
-0.422222940182026
-0.295810701641319
-0.2077402232185
-0.224094963269001
-0.389069518652823
-0.191097442679506
-0.316437485751712
-0.34969877645681
-0.273042539650639
-0.155499583663158
-0.283013572224965
-0.292699869216496
-0.120753835548775
-0.381301879149461
-0.226954971375664
-0.267285316770535
-0.198838093244822
-0.276903779223284
-0.277735518970666
-0.160082454590417
-0.123154365368271
-0.155069904722848
-0.174664199950009
-0.115102175586252
-0.191113891818768
-0.259933849884721
-0.299386077901395
-0.236096306186392
-0.259004739487942
-0.161054377792123
-0.121559610112772
-0.182080783924362
-0.385179110007585
-0.207502184498735
-0.126511962348092
-0.264898325606034
-0.0865052762792149
-0.205984908465732
-0.159756200207249
-0.195432159855266
-0.146281829286539
-0.208688796517762
-0.254239333651283
-0.26630781858488
-0.131748141852489
-0.225908643902318
-0.176664274722629
-0.0677918946016942
-0.19798202824973
-0.0421183236488985
-0.156076594527678
-0.198424389052877
-0.211839194677347
-0.128128461268122
-0.198640682798052
-0.269778985268519
-0.154673350330055
-0.241302277807982
-0.198669586733216
-0.175318678327324
-0.00484670080087834
-0.202451249884601
-0.170430473752832
-0.0512354352330284
-0.201506825702713
-0.0826115265665038
-0.250546817833789
-0.185893221639563
-0.0457177933950039
-0.259922927511837
-0.0664453608143789
-0.237372378296811
-0.131614466171547
-0.220110896757398
-0.0715841962151489
-0.141569703895905
-0.104449922391379
-0.114920499897834
-0.226568742515878
-0.113539151292452
0.0101172893397193
-0.164146194953811
-0.168685368371688
-0.222841388141725
0.0419071618249133
-0.127846612565218
-0.0838554966759694
0.0285335587903413
-0.10944959829028
-0.237579832682126
-0.00910968447741595
-0.138218756003358
-0.197942033470895
-0.00337434803866301
-0.116603486596729
-0.0577166439270698
-0.0219587369510567
-0.00577971635289015
-0.0825530357925396
-0.135439438164537
0.0194601083558646
-0.0922747969126503
-0.0302991841061097
-0.0919450176314271
-0.0312888636904654
-0.0941187875340519
-0.0105404658999813
-0.0884948465488435
0.156954065690712
-0.0936444313294783
-0.090935388726721
-0.0998679303727907
-0.025780162355707
-0.0721117058619094
-0.109636311118734
0.0548923682013715
-0.0404805981444459
0.0136742244155314
-0.0456852201426947
-0.146129263861922
0.0704887979887282
-0.114125978606156
-0.09192493342784
-0.136531833523938
0.0271918600609555
-0.0286387984263055
-0.0262235701215699
-0.0178734973861511
-0.162454217750512
-0.0980863928095952
-0.090412179674125
-0.292883744276392
0.0071380017384357
-0.029227690318228
0.0134340443455225
-0.0746021186200561
0.0442143445748212
-0.0707275213702327
0.0979124979179338
0.0463251790678341
0.066947819471881
0.00428383765094052
0.0399376971232838
-0.029630622375953
0.0540545882858177
0.0148472308986084
0.0318340136738429
0.125449036901353
0.110874073894617
-0.0457448788203461
0.0109081076127334
0.0713453960081562
0.0756281531103186
0.0563685164697878
-0.00957346531644825
-0.000599911970269577
0.121092491409538
0.0107286468133093
0.0764522936349138
0.0128288689293803
0.180423273821589
0.0272772043420702
0.124084590672688
0.129097272006351
0.0720019225168341
-0.0806667321840671
-0.0876846745316633
0.0898525428211137
0.231704526928139
0.0926786374002275
0.108193460695276
0.138621126031243
0.0450009861593942
0.130258764187873
0.0668170195160912
-0.0273611118395609
0.0576442023623761
0.0372688852175135
0.101582260669745
0.0724513944678096
0.0871556584651137
-0.00134874011894521
0.115648741729161
0.133002756591292
0.0860662343822063
0.225618363053179
0.0398002696310666
0.184696815806684
0.131532520918208
-0.0667570246169114
0.136942083704541
0.126598196700887
0.095535386960819
0.056102192954277
0.0639331728002471
0.103206249270851
-0.0110618218201994
0.12258266209046
0.0638584759031984
0.182631331242816
0.215231734527274
0.0755065371147767
0.173583480822344
0.18946132265451
0.182733680676791
0.235613808012842
0.103366069461904
0.254215075109792
0.195281887435467
0.180730201881816
0.240427053166461
0.182020503736081
0.142713354219399
0.0863928445296336
0.148692138152111
0.273533378900916
0.226433222581769
0.222545317586266
0.365813873309472
0.0249964754617709
0.16953792953042
0.19876817703896
0.193970928112179
0.0492980952286175
0.0820794021245718
0.221663883660702
0.295643843500441
0.0654536440185938
0.115699756625498
0.0550604243775242
0.172982003113355
0.335811566993769
0.259595966305064
0.125951959455564
0.152537207783763
0.249953812783742
0.172940556353125
0.336134418900497
0.104044898228674
0.206530685601576
0.132225434610267
0.163409640899104
0.246147174305349
0.168060181112042
0.357130699186358
0.308044966242791
0.239581652798731
0.00950760009887967
0.18098028281507
0.172632835617445
0.182981800845212
0.0789553004316727
0.110628589557277
0.177375569727402
0.310557842940785
0.154534993664285
0.23331504133221
0.238623636051775
0.148244794571828
0.17490203322754
0.131736617711658
0.223140637218609
0.294130227665244
0.449514240975552
0.337791038457504
0.418247935918335
0.362000114000273
0.191961203060658
0.181038655363518
0.24610522307621
0.217679263008934
0.261679450867981
0.178422860684954
0.204750737438596
0.145397413942238
0.272834549982996
0.20986185305486
0.351311671019983
0.251165281941753
0.200153976575184
0.408130868281296
0.304658883736211
0.231670686820907
0.289557392961837
0.329214888439287
0.277641403943734
0.331627205927291
0.254694533297215
0.237436768965542
0.288349785466465
0.369353724868094
0.316333609544571
0.250694012437256
0.31228270092534
0.455480109426121
0.299282177017133
0.243269808579295
0.245991069345769
0.458411491178186
0.39554617764116
0.385232965790003
0.398607795688205
0.179812292938258
0.341015047884977
0.461237266673066
0.121246067354525
0.264215663192239
0.333189779142456
0.380363865319771
0.266571509953211
0.360431650134029
0.419440654999207
0.385920033185679
0.305545265573116
0.311223754530496
0.403080708941717
0.423084904711276
0.456052189851412
0.323704919045343
0.364516585298746
0.399509363774155
0.332311971269788
0.260897404153825
0.395145071350278
0.344391173326269
0.314450795443479
0.418300831194251
0.328905050934684
0.295228450550061
0.361872115702752
0.362644120192295
0.39912166203562
0.456332906164776
0.442257175833614
0.319985396401579
0.501575179795448
0.362496326188411
0.458744615637311
0.378708090834212
0.473182980693971
0.391222472206676
0.317666023105262
0.409029588319554
0.485151895405832
0.59719949126047
0.520437899650077
0.453020858638117
0.622399165330572
0.319778813835678
0.432386713194956
0.328311562293629
0.408148822591834
0.140260939916385
0.49860023117589
0.416232892857508
0.472023872955244
0.386526446312089
0.555577028206966
0.467912017435459
0.429611071690032
0.403588389323772
0.471926406885043
0.35915204024225
0.481264806473548
0.425242557907765
0.335236271041775
0.383299014526261
0.53446900424751
0.389405878262588
0.390048042682585
0.479516479384589
0.418056606272878
0.275408314182505
0.458530526771601
0.458714460321191
0.454682277575072
0.448713207385308
0.422410605060296
0.536959286876332
0.42745885538162
0.432643021428098
0.627828818201336
0.634707059624431
0.3820686028515
0.386936562669188
0.561291390260819
0.441794762288934
0.604979760155004
0.590621902394216
0.566846849894528
0.419971596950887
0.546028528867667
0.557312791119289
0.605769947092394
0.457332368598001
0.506706116973643
0.472091857548768
0.642056913915141
0.495548315853604
0.513835649242026
0.565884704085821
0.476682653121894
0.564462446962273
0.5728510656255
0.704120600552171
0.551563818556199
0.490028886714457
0.470258067824476
0.436347390963549
0.572650599404753
0.521424473111521
0.408279904382129
0.497205917743799
0.557282474810752
0.596070254092532
0.62047076949783
0.538071701472661
0.689863850340624
0.589146083096518
0.556520833143304
0.617523341863693
0.75396906578843
0.55156711236567
0.580737336982246
0.537136174768019
0.67604607140383
0.613119177383176
0.610569659715221
0.701158858103016
0.620243891143975
0.597076328050447
0.70133145326455
0.593212650320126
0.550613495291316
0.575527104048422
0.578709866521097
0.595171556535614
0.674015710091922
0.798155812148185
0.542538175424914
0.55343489565669
0.692559546422197
0.494914506654734
0.612258409395792
0.589743096318615
0.674752427640192
0.433639650720984
0.642286913694909
0.726152672262934
0.519899504309938
0.613675674691319
0.542992142296463
0.665566479016834
0.77164798255564
0.641664290617581
0.657665190455102
0.593244432657409
0.643551448206769
0.546228582754258
0.586618872566726
0.701651751333616
0.652226413286598
0.734767427744778
0.723633154543388
0.50147746742429
0.689285691178924
0.75634303433215
0.681210505828949
0.665015190219949
0.767524018737118
0.717209255138182
0.591134561202541
0.685767649478889
0.691115928781883
0.55415252473586
0.748602884737539
0.660376549046972
0.750010694404937
0.734260816020188
0.719090931946484
0.658397020783829
0.782341801210578
0.663277214871497
0.785470425906909
0.708795650537329
0.62635736540085
0.614476936402754
0.704070595495644
0.58205890707005
0.826848721898228
0.653713383679625
0.687459058007465
0.706862568911068
0.604260425802499
0.668170746921228
0.779490591831398
0.625902710871436
0.535158891577826
0.702241140639815
0.795196811260016
0.818055388831491
0.785620997313119
0.911757103259509
0.749003507875539
0.710608032692918
0.712702837003165
0.852617046999489
0.829275553527163
0.576424386575236
0.843665596745399
0.660930066124868
0.702895930163137
0.851965160909543
0.721338763924593
0.760775071904037
0.835946745280292
0.739200491905315
0.824699261044279
0.853005185689712
0.88312128526404
0.827714156006776
0.949089343217511
0.899119673221185
0.85189428624491
0.802733028449697
0.757997195508237
0.82280279803298
0.742931391674278
0.865764772781164
0.846391779809707
0.734742562684996
0.768248562255742
0.900360508688946
0.770382574781082
0.68383916749598
0.703715889351428
0.825546604001569
0.870670496975581
0.837354820722588
0.705102170921967
0.692709225523794
0.714657071019501
0.819839893382521
0.681948850322969
0.795120101137363
0.791254852752046
0.888661320276058
0.86812913762078
0.888482027766828
0.805217054193054
0.851457233067873
0.853287023158467
0.840134189929291
0.769255792632059
0.935778488171688
0.884330395589377
0.859011587683928
0.742178438864522
0.895196082838131
0.90270851731995
0.836345386440877
0.717014702053448
0.862989892377714
0.888630102126148
0.911183467583428
0.962484060578867
0.770739362979531
0.828760516310934
0.944227365591637
0.920279700354549
0.889867083691981
1.05087043866513
0.731866080071133
0.872241827059997
0.985666489683564
0.760384809398047
0.827636824085765
0.775267177014454
0.753632131910397
0.727598205952812
0.811616165313202
0.892395070524264
0.791442197222568
0.82913691632678
1.06796913784251
0.910044480015889
0.892395464502934
0.899038997703647
0.952910917408651
1.01585157145183
1.00247822004989
0.862461274286891
0.889582518946331
1.00694695339518
0.930972637485508
0.944473578690533
1.13680748401871
1.02018475238095
0.883011776922762
0.858142593295036
0.973768133465626
0.976593343831336
0.834087871096303
0.713600260009835
0.965598614963808
0.913030406363345
0.96275122055274
1.04618211242949
0.871406407647558
1.06878746936746
0.810627910795816
0.961615758495083
0.837807662212113
0.798201854508687
0.999312432701511
0.785350789942973
0.838802078670604
0.90390954620719
0.966175016363154
0.879669845214431
1.11952428913268
1.05500491202229
1.039089977648
1.08253561161083
0.735616062936495
0.843511342644144
0.902788975301694
0.977255455520435
0.96866334015208
0.913135986048504
0.958712486081419
0.942274163425479
1.08581824368451
0.964964020254132
0.958790281211779
1.09797169251265
0.886476978307998
1.01583931588448
