-0.0737669950252762
-0.945099010762086
-1.11411462818962
-0.930797602752598
-0.973551582719819
-0.85672580699018
-0.865096896857155
-0.87172858238326
-0.975067264989522
-0.985615861199183
-0.937675890234674
-1.04688042681874
-0.939328635280078
-1.01378743630361
-0.973326258514602
-0.93194188023739
-1.15490291617511
-0.843181103051641
-0.847646589378895
-0.912179436458031
-1.04601134688731
-1.06949756977122
-1.04789810281757
-1.00193086997214
-1.11869229960798
-0.961718577904554
-0.922070495329806
-0.980483763434862
-0.850642851341586
-0.928394518689473
-0.884172485700245
-1.02831190190728
-0.950775726035543
-0.814092700161602
-0.938613162124897
-0.935064228589354
-0.940959299767866
-0.942403594441396
-0.953775724757069
-1.05807836018053
-0.856202733661373
-0.904235546161601
-0.958017323624192
-0.823674815297777
-1.0452586764056
-1.00419527366027
-1.00107441119962
-0.88625661461777
-0.945020580773134
-1.07311468635388
-1.01072101167631
-0.940059686721655
-0.759116543787033
-0.930403087495351
-0.836601862366774
-0.980610343321834
-0.859579909406408
-0.823127523250277
-0.76807676775536
-0.950629800030259
-0.979002105041109
-0.979225483276219
-0.877028968695463
-0.843521549477684
-0.913737852456208
-0.996953064735441
-0.941379792279214
-0.888368542317381
-0.841136886092702
-0.768423322184226
-0.697410885402358
-0.80024807799153
-0.90446418735098
-0.930477059838384
-0.931561819496795
-0.741805094756285
-0.93144332616516
-0.961841241002045
-0.802992120313589
-0.898318943644749
-0.964455714311965
-0.897404888272888
-0.938197870852173
-0.803383221137545
-0.9300257304828
-0.889014589479114
-0.903410507910663
-0.884406213028683
-0.829724230402904
-0.676645038338279
-0.813781173993375
-0.919106216928503
-0.765100731702136
-0.876022274265181
-0.839804453807756
-0.840141700162617
-0.719915302686042
-0.740358069579946
-0.870394577640346
-0.734504353833194
-0.816425221203845
-0.783601199715282
-0.946111917951703
-0.598623938855015
-0.698926534155945
-0.677133300431656
-0.755601719468533
-0.781750726492159
-0.815944131147071
-0.769331582327952
-0.929208531984502
-0.795768507903596
-0.885950337531309
-0.852447904942813
-0.82484067928241
-0.782424134209886
-0.819961912537712
-0.818652640017018
-0.787256737289164
-0.681375948857733
-0.649245767910331
-0.735978198425411
-0.808239760046333
-0.833755642022395
-0.607721623546418
-0.723796638244558
-0.575229170892145
-0.686048829213236
-0.636879113349161
-0.63807068356147
-0.628154653085948
-0.740028601768584
-0.719361766117156
-0.651220614604441
-0.74467452857011
-0.720395489426696
-0.841042126277341
-0.696444847201207
-0.647502400464876
-0.731587894712166
-0.604758115585403
-0.704372055108307
-0.588335555720446
-0.62100422340785
-0.741274902946702
-0.695038816320438
-0.57507941530706
-0.671319025604581
-0.812367858323295
-0.645116348351794
-0.739493687233285
-0.783617836997946
-0.717054768966201
-0.73828536569563
-0.696145138669872
-0.78412669272454
-0.636946904614282
-0.729789634780884
-0.72998955569345
-0.7194629435103
-0.452454968753558
-0.831678496874104
-0.640506236719195
-0.870498890798646
-0.633727903541985
-0.659061706337863
-0.645863452881767
-0.648025377130267
-0.740720226374741
-0.611585878936721
-0.56224368101362
-0.718896503575618
-0.569786828640114
-0.729704569893683
-0.579432824360295
-0.576289297461672
-0.543138325918725
-0.794504302593971
-0.735226641537718
-0.679166458713329
-0.735777372937164
-0.696728751823212
-0.561225285942431
-0.614055402170154
-0.70643580865755
-0.719900673302025
-0.712559099030547
-0.712576535624306
-0.613412966979332
-0.763744301729156
-0.654432397087026
-0.646195945055927
-0.607852914194644
-0.609125762765966
-0.536596830817915
-0.740525467932947
-0.655175209123846
-0.515331446415752
-0.551129264841965
-0.591530010645379
-0.742304962068652
-0.611754226078335
-0.521671312526853
-0.687986806220971
-0.810529795634275
-0.795443523577135
-0.639906215650386
-0.633835634425574
-0.639955915094727
-0.449629214221806
-0.481027327075219
-0.59930183029346
-0.706981767270764
-0.691847462219409
-0.509676308075252
-0.493766866442338
-0.47119464036799
-0.479421649795379
-0.52189419697881
-0.572711887105136
-0.511020561140975
-0.333330921654593
-0.493609878500331
-0.557121309201637
-0.612454722721558
-0.569151126478012
-0.454316745954961
-0.501929993275054
-0.580139963657649
-0.368553106661066
-0.575447488667751
-0.550248205037565
-0.450697804046519
-0.567863477083346
-0.544393533997956
-0.586761689072229
-0.619662324120087
-0.49308726501151
-0.406552603054293
-0.356858528834097
-0.572279127957667
-0.456163819054116
-0.606664957197121
-0.531822567065235
-0.425468619706796
-0.476710026950332
-0.559089554655615
-0.499256949046272
-0.623713830419233
-0.446987708506905
-0.576173195031305
-0.445200740331514
-0.557304920755
-0.36413792475363
-0.522658165825208
-0.465210832225098
-0.534800067111227
-0.571573021317123
-0.609011935236398
-0.392025004999749
-0.523623348405839
-0.534539378832673
-0.434130657109117
-0.406439386287094
-0.467526648917283
-0.420765734884632
-0.512451900403273
-0.444860852272952
-0.505948849543364
-0.440549718517175
-0.510091283285493
-0.433914478226542
-0.478091904956847
-0.469809906103638
-0.478927336645096
-0.49146503873343
-0.408573383986416
-0.470268935637215
-0.459466240721678
-0.422471901147737
-0.543632773254645
-0.50525529717422
-0.630253582600534
-0.342180325432978
-0.461884509904448
-0.368744348964013
-0.413799856498917
-0.32801221120314
-0.44710170120054
-0.515669215455665
-0.448953912053863
-0.396617386237665
-0.588628488613751
-0.460445040507642
-0.403090995548689
-0.498746999825221
-0.433101637163736
-0.448594139793663
-0.459871334533573
-0.52232982288656
-0.355397743704364
-0.315576418814492
-0.326257696873852
-0.450809967789637
-0.367436708849555
-0.281112307111227
-0.448611189240528
-0.517555368082876
-0.257326415805138
-0.461268716391586
-0.36278799331582
-0.410920624536885
-0.290012977740357
-0.338524723538251
-0.386783438347184
-0.374906428205338
-0.281765679589739
-0.202864050790857
-0.435525888280749
-0.261960568592823
-0.38876867593703
-0.418741668994466
-0.350673063744105
-0.439115619555528
-0.322679480842995
-0.309584097618695
-0.438661571598954
-0.245143071555955
-0.369680489539914
-0.319513665358061
-0.407517916115618
-0.457443456995105
-0.366285587280547
-0.300449316469736
-0.235008497907331
-0.252418056211927
-0.349719555158714
-0.313491468461479
-0.395206573473238
-0.360094727990774
-0.230729657566935
-0.222879756777798
-0.367811386574245
-0.299376686296045
-0.377922471447874
-0.239013214254171
-0.187424980383419
-0.343103830609468
-0.261761333746526
-0.27628015993313
-0.200893343358057
-0.232927688492824
-0.215819886604373
-0.296163032755882
-0.112443534808294
-0.289272908501739
-0.400342567583296
-0.230425957527249
-0.27755729674657
-0.202836373207426
-0.335440516017984
-0.244321294528682
-0.241106684044592
-0.490573603256128
-0.372738112612445
-0.418402885671437
-0.116064677869424
-0.28338764799955
-0.197376200615306
-0.291559673675456
-0.410045512504156
-0.26244777434424
-0.230036742894163
-0.235874872125883
-0.267951949888644
-0.257821273653874
-0.209638940313837
-0.206772950373081
-0.38421989144397
-0.243502172384973
-0.322622946944051
-0.252441328710123
-0.251729330445099
-0.161082853605072
-0.326552846029996
-0.265663514176002
-0.366897957063873
-0.120106675925674
-0.358828778701157
-0.204268605488622
-0.243981308642175
-0.356230633315399
-0.200491019028468
-0.26985626563588
-0.277802892839101
-0.150109090769962
-0.189217842864446
-0.218757761385767
-0.19189532346963
-0.0965861581822341
-0.263721601635539
-0.100590691347705
-0.154616740083552
-0.338412533071679
-0.268380500347198
-0.21729630766821
-0.170378600917624
-0.0551438122293214
-0.359206658208012
-0.249242876176833
-0.188468668736145
-0.303457789838371
-0.192095349752123
-0.0713033999021782
-0.136118601071819
-0.0919680753999697
-0.0660673458147772
-0.20004021669621
-0.168536017597203
-0.109819339281897
-0.174969564042844
-0.204794588314623
-0.131181708979748
-0.17012334549906
-0.262712775601666
-0.100802111753181
-0.168218262662296
-0.0806056432180298
-0.187471790174939
-0.0744128164406303
-0.165591296964602
-0.137332017922623
-0.0656683217521416
-0.102913985045301
-0.0622378549244383
-0.314262344417754
-0.143058704535008
-0.202356301798941
-0.0134892999837066
-0.113801741810835
-0.110313227028408
-0.199573734078405
-0.105786404496544
-0.163989705929257
-0.013783261032029
-0.0864197068257965
-0.220325821997306
-0.0386379047348755
-0.0950636332423702
-0.0708172560500936
0.0239856657603066
-0.0232118838547604
-0.113606291700153
-0.0918353005111261
-0.0105885302625838
-0.0419802158403607
-0.0297379076231142
-0.0097420815254982
-0.0583302325761239
-0.209323875231128
0.0142944176300831
-0.126964814393281
-0.169140350655362
-0.208326607016792
-0.0451968991930893
-0.0965612049502897
-0.0301251731032929
-0.011032947254844
-0.137792641225768
-0.0838509095902976
-0.00742633462341157
-0.00801527894746281
-0.265340448514934
-0.0774926377462446
-0.0365849066736333
0.0402707605081317
-0.166870083542004
0.0966302618491345
0.00262926987867843
-0.0894131230403278
-0.0413099053869202
0.0950740927473918
0.0215009757276352
-0.162761249113032
-0.0198829776115474
-0.144963018747055
-0.00916120580647467
-0.0456618958204859
-0.054266219499813
0.0968483327052838
-0.128644352810244
0.0349796208895425
0.100855448027375
0.0122788880354743
-0.0519076598435074
0.104029667067777
-0.112182348548011
0.128244508238656
-0.00760821899570463
-0.0556939678689704
-0.0636978857851419
-0.0703088458860906
-0.0245639582404121
-0.0248393536840256
-0.0971461469474188
0.0660717866770712
0.0828812044883371
-0.0194463225530982
-0.0605359822597683
0.0871542241278137
0.156745994526027
0.145566077286099
0.0415443816715863
0.0712892297725393
0.0405343723485989
-0.0237035693216568
-0.0259038276642266
-0.0862222075189911
-0.0297389892640514
-0.0128701561577425
0.0294921453545223
-0.112070262759478
0.0984104565499712
0.0150098990838006
0.0464434246355635
0.0655024815604043
0.055086808142449
0.0567319842655365
0.0972059242397901
0.156118862720469
0.0712309701452622
0.0346452050110251
-0.00798508700059181
-8.3540579779157e-05
0.0877353898475311
0.23804769263378
0.100861074211346
-0.0294579412183871
0.197510599049502
0.0816269948541941
-0.0506710983871596
0.0194388535691099
0.113682204084859
0.270894920793316
0.0446074280188629
0.0574834570606139
0.130879525751979
-0.00745594810780978
0.0141300569393357
-0.0255275702514804
0.181864143569768
0.12270709617711
0.223560157712859
0.0589707022254072
0.153906883360865
0.0720802787915051
0.203356801103896
0.112827367020717
0.249409502356484
0.193890782510718
0.0815051313228662
0.0550092711151982
0.00208435398207286
0.108069347779618
0.175388457516615
0.118348721351831
0.152121218436813
0.0717148887812095
0.131995622306739
0.141080678063598
0.229625061274962
0.185344398826872
0.113315368768061
0.030928219782494
0.114646656653016
0.0622361136141116
0.207017042042063
0.0439697221387103
0.145021061448161
0.0502321696195266
0.211142058109171
0.252044562302569
0.179810459005394
0.0920246839820734
0.166245339030047
0.0565838832289522
0.170160486042901
0.0302360916009605
0.220594390432507
0.195773213660427
0.18123935333662
0.13083130127521
0.365960281193641
0.0684177675920162
0.201968387489276
0.22518901389626
0.267876268798139
0.11464897283941
0.0714602891556883
0.2439143965957
0.321342942658405
0.183076621828458
0.144984642316735
0.17262164074753
0.181861963161794
0.262373643252851
0.278904845826738
0.305898107274712
0.265824626923125
0.0597256301203351
0.317070015565748
0.260829094742464
0.25764648606992
0.181037256585571
0.137161621052629
0.0769136815878976
0.256988834896909
0.225029992391687
0.305699167450162
0.294139901720579
0.173871210642647
0.167683571347487
0.193168494170064
0.268998231210487
0.357793282397427
0.377306405997015
0.238073360995029
0.172520541994574
0.180102505774901
0.259373148202028
0.238427212686344
0.26708555177756
0.455735831706642
0.286657443776516
0.261349997835098
0.238757728929452
0.23648129079871
0.309478334399506
0.195176660593027
0.315792815374536
0.19934137903636
0.180318032295155
0.304723890866949
0.372177994751075
0.252611080928968
0.314293325485591
0.284016354409547
0.386839669979162
0.326703645441409
0.253971153480273
0.284075535972454
0.275510585163684
0.235359841021924
0.295078044061846
0.278798408305727
0.212809135894297
0.223671605951269
0.336540794470362
0.281653726109344
0.316140833719824
0.374775248602276
0.298529432547185
0.1613170563725
0.26479622110452
0.348015802085681
0.290567909221343
0.245698866175075
0.219549540025299
0.33542271858341
0.142830190920262
0.376989050588763
0.325033474794337
0.448014554765542
0.205808645086507
0.280703791602613
0.411222789150498
0.21310267033051
0.380282286418128
0.31607772925416
0.418644289503
0.318156803769606
0.384147007250117
0.287592511332594
0.417794989040425
0.359540056698497
0.4153928463281
0.259386863845357
0.277795131869366
0.347800583773952
0.370802497502428
0.460154155373625
0.209327890618079
0.379207644029498
0.267419330576805
0.341253800636617
0.415075571783429
0.279457400629317
0.378398042781766
0.425385349362311
0.480086860025168
0.307393867768796
0.366946394248117
0.603527131646653
0.336039117009079
0.419879274126025
0.548996019205146
0.466941045268939
0.381116204305358
0.489444934649439
0.441294418386189
0.530640241192365
0.453570132040542
0.415470219677754
0.5163531430952
0.304399313798147
0.281245789257731
0.460859435786003
0.644667726213008
0.44941606026966
0.516993897583787
0.569191930972719
0.484675475217813
0.522333484486075
0.269246758093149
0.460652693230296
0.453654406913557
0.357170526297453
0.417782849361924
0.524386289302089
0.485473165074519
0.488409044790101
0.578724952587877
0.343890570323398
0.435545122374334
0.498145643062496
0.27160411602829
0.437385718363375
0.504381835217666
0.524853253846436
0.464122190587962
0.45498452946336
0.4637595625531
0.497411961741147
0.387169182909244
0.42266257714511
0.472036571092897
0.447325543473581
0.555279629493181
0.525634274402108
0.490660628072472
0.462351334159355
0.472820106985132
0.53423063318793
0.615561138812643
0.46004098372022
0.518167185188396
0.511997141472372
0.523781548418528
0.468465526647271
0.396573123349488
0.666210253814858
0.478856940176686
0.478287723078107
0.469096400998198
0.491780165281944
0.425231197766303
0.481167224848853
0.547067282855518
0.437480320535103
0.503353453244461
0.638099666699421
0.420780895944596
0.466485995711824
0.402888903148646
0.60225469121291
0.474908470628578
0.69288889784405
0.575438084688431
0.44637974118818
0.596978592907146
0.518169713430517
0.568929212623508
0.650876177672226
0.594415341055595
0.571605244552926
0.48277530251976
0.590273598480499
0.540659722197773
0.525785419504654
0.681152825346498
0.599534643550292
0.67804807323126
0.701462851029575
0.681691475396506
0.478332291191697
0.643662828135228
0.489900267834649
0.445059390987943
0.581358120963535
0.535417335056735
0.643096135353495
0.647092083740054
0.564545787314829
0.428987629703595
0.611302247596998
0.652970709071973
0.586638482704276
0.567238437349737
0.511261135983426
0.758976796696837
0.57238834200837
0.600527346517839
0.693007506056565
0.752253908935617
0.528065334746078
0.769451574589913
0.774641360693496
0.542585322642294
0.480261463602564
0.781609940698091
0.724435637238644
0.649664981917528
0.620861230245765
0.700479452747534
0.675571053026086
0.60364641099669
0.67298333117489
0.769568675772029
0.595913047116355
0.587899140514142
0.649106687587871
0.607618536128248
0.78111526155401
0.862406720364294
0.776586857157368
0.790586992471083
0.672627974779642
0.751997175697581
0.58720094264575
0.621140942343885
0.607496778082274
0.687974192945471
0.73356564137825
0.610657627129619
0.670553988583699
0.552694736272041
0.704860685345664
0.706922950834782
0.534406050542753
0.736728115656236
0.664851742107314
0.612022248747427
0.783404051376976
0.780355880700315
0.732947769511564
0.785874242208421
0.699889424294184
0.694797267745696
0.804334648789801
0.674443338248269
0.638750395661094
0.636843638416246
0.742836019957362
0.779970582866504
0.698078641598107
0.791004747548023
0.65909982410458
0.742448370479453
0.729518436368999
0.715261992424651
0.669517133884133
0.680622073464803
0.694839465527949
0.698845436758657
0.733098368452576
0.713085651217317
0.883832069784369
0.807586300318843
0.622443520652879
0.831941241076231
0.697922730478219
0.788776372728619
0.791665472329407
0.693383646807692
0.747237536971726
0.603502933010839
0.805177267302968
0.837015127603272
0.819013049912145
0.816315757641377
0.797533238712823
0.568734281497387
0.751461743284182
0.842022510356138
0.82918158174175
0.896792226307396
0.747547850308409
0.854461777414732
0.714722653655869
0.87605885596238
0.835116057131256
0.877090509752881
0.921642838475067
0.828494889161694
0.901109070751776
0.837794098197643
0.725078147494595
0.79694667529938
0.873987274809614
0.894938100460369
0.790556953963646
0.847733666796496
0.886551874797013
0.819838689256752
0.882756698631188
0.857094568911812
0.720581348681061
0.801803886590046
0.927431603829509
0.802066081537422
0.917170175587263
0.869634719329008
0.89530698772071
0.897226738235067
0.841239251625051
0.78162385459812
0.867557123027712
0.691078638462806
0.781207867762729
0.952855778509492
0.823939108313956
0.635022959204509
0.940361544263244
0.887056993266984
0.783202716782518
0.880502339350605
1.03734153739777
0.675431308002166
0.900742041529387
0.98981089232411
0.933866848972119
0.981948404890397
1.05916523521552
0.832421825360106
0.85054925926211
0.90324568381648
0.862290123817525
0.834167372158577
0.728633812668915
0.991312825124786
0.826195007297381
0.970207394640224
0.992197442455002
0.876860577850748
1.02789044220644
1.01637036360793
0.777576052393713
0.824731590548251
0.966563732269505
0.839219866218533
0.94370861080899
0.955965195298564
0.959299840354445
0.978739425273405
0.925347077185739
0.950689494486102
1.04006395322846
0.996633932670389
0.775548996056658
0.955603422491835
0.943699726665106
0.951944633028713
1.02131854893048
1.01014659091967
0.822378300594665
0.823112451234298
0.860091180523046
0.879323082252902
1.0023642866983
0.893867732108544
1.05158666295548
0.828859784991129
0.995826333684071
0.919970794238678
0.966370621340006
0.960364743559766
0.927560480253126
0.831349729068401
1.16496982448311
0.980478377805495
1.06073097520081
0.819917851265598
1.03743700319217
1.02739805011941
1.00950977256744
0.987171789520429
1.12846058282502
0.955385702076596
1.04264414964127
0.880530077466146
1.09973609396587
