-0.045392424101446
-0.978658210013656
-1.04271108988805
-1.09280025468807
-1.09323455230511
-1.14096853384775
-1.12820927034236
-0.979110960161281
-1.0676084388115
-0.98961050860311
-1.00048244600957
-1.06108681393368
-0.927960987731631
-0.932106543780247
-0.851906972462337
-0.987925843150696
-0.966514453968092
-0.973153925454923
-1.16311615314057
-0.856702497190262
-0.957115381741551
-0.921054794147337
-0.999076054225588
-0.920582427862223
-0.915620935689824
-0.944438390608155
-1.04698851013694
-0.915414136972509
-1.09625719725095
-0.943513882780049
-0.859022010197161
-0.811434263298692
-0.867270961031083
-1.02860990521513
-0.994223979401101
-0.964722886675627
-0.977892484869749
-0.878476337440128
-1.02229983488863
-0.955630607263929
-0.788747560467533
-0.880953296414137
-0.877742392960364
-0.878724355664368
-0.842880422739303
-0.921349189305499
-1.03686333049974
-0.937961342558097
-0.998631541295004
-0.776879926895185
-0.995971941373049
-0.82801565281977
-0.97169491161599
-0.809305858907822
-0.82944610577248
-0.979189369697381
-0.803581483780388
-0.946150130944213
-1.04383771872123
-0.809921256735125
-0.892749480504922
-0.804496849088865
-0.907321299327176
-0.760741516859696
-0.836307074861942
-0.963449825621357
-0.823774986178106
-0.84607706509781
-0.932319742948744
-0.937467036437411
-0.629688467127174
-0.914052958504803
-1.0319428106547
-0.925319519847167
-0.980716106040195
-0.759240815108202
-0.747416784871767
-0.846933594796437
-0.845832704713823
-0.91988082023065
-0.900594228628322
-0.783210014102965
-0.921138155195136
-0.816847753583435
-1.03565004070286
-0.850183428216132
-0.849374249483862
-0.843439881760473
-0.865118775010829
-0.714501167607644
-0.555672984881484
-0.851141875105187
-0.923407474228839
-0.769511523431436
-0.621471516129545
-0.833848869399444
-0.750226866689225
-0.655395423694805
-0.687313027889376
-0.766052868548871
-0.737755415145051
-0.772867275173675
-0.854336853556739
-0.82088586831621
-0.83087738075241
-0.90001920664754
-0.900820311223638
-0.73095944782991
-0.715861930940569
-0.694442235960396
-0.772695321256804
-0.921107144440843
-0.755055789371379
-0.927113473781938
-0.743670400590258
-0.832478040491524
-0.757208219674176
-0.829482530500847
-0.700614916191298
-0.736764220091591
-0.929433693758981
-0.856430456189555
-0.785584084651301
-0.758221830584728
-0.588903516132419
-0.740125116304767
-0.867447069592522
-0.738804842534618
-0.572451422705749
-0.765574646332223
-0.546975109656699
-0.866254023670501
-0.679017101693162
-0.677504700720557
-0.823452298508903
-0.695188051291071
-0.729135700620554
-0.685759325247345
-0.712517023430223
-0.52937259600845
-0.697680759913559
-0.687772743875771
-0.624159010604808
-0.574114424022461
-0.755019371956399
-0.629458892755074
-0.680587786277829
-0.774082142579717
-0.71288132454284
-0.643690211033817
-0.69996183941501
-0.620643986161696
-0.609068072327664
-0.763589397475266
-0.841112588230517
-0.447500855962114
-0.60896430928625
-0.664389573021296
-0.767842408118514
-0.788675459504788
-0.714436762287814
-0.726055230453378
-0.65995501327915
-0.680546904975427
-0.577794823198054
-0.613707640116162
-0.688882461092494
-0.806931897870899
-0.615926517303144
-0.77434829671388
-0.580203908711514
-0.620240061265886
-0.798357406472013
-0.614229172969177
-0.651744457343179
-0.625602437196628
-0.703067034126986
-0.776838613944048
-0.695741145688671
-0.84265579762657
-0.562835933632558
-0.596824418414948
-0.629819825070101
-0.533822126154056
-0.523711022807431
-0.680380265219104
-0.669741340777974
-0.708697810661162
-0.661286635323443
-0.656601068771958
-0.755014588778524
-0.569191435768466
-0.563201889776153
-0.610756980792686
-0.676929087858326
-0.516123769775968
-0.51170122387467
-0.642248852221815
-0.724942828457821
-0.655389373682623
-0.688695452907726
-0.593316381941409
-0.568532715768121
-0.708938349063513
-0.546034684521534
-0.515760195708078
-0.670162659299074
-0.594750213880719
-0.503527757417742
-0.502407354837735
-0.564475448389509
-0.632302271047756
-0.446987394354845
-0.600442157620369
-0.609307941807135
-0.666834912981121
-0.493319659152733
-0.608143994479929
-0.491451125018889
-0.349518218938008
-0.605931334000599
-0.540538914239214
-0.435025275121271
-0.419728258596527
-0.71195639751289
-0.483632369493322
-0.529595327115957
-0.553074946828037
-0.692499793724134
-0.436474171236629
-0.513226158164961
-0.499862503873409
-0.579047321500538
-0.622263614049176
-0.638958688495603
-0.540013393865978
-0.5003592208806
-0.675869284487154
-0.516665664756308
-0.594388772636565
-0.4305892511778
-0.529546124324355
-0.570972778375291
-0.495461526902537
-0.512785134272722
-0.628833645811927
-0.526074062022659
-0.353735921243588
-0.482844523418188
-0.373363515150351
-0.423255249014913
-0.57139271579781
-0.696950875965753
-0.439477766091582
-0.451530642605064
-0.538038957578709
-0.483825472239785
-0.531000352415502
-0.477452696646309
-0.382917931240193
-0.558199954319021
-0.443971824924145
-0.549733213487612
-0.435809868067605
-0.577457975884676
-0.487167412226656
-0.544370135657995
-0.546829782709922
-0.517802495642934
-0.33597199474686
-0.591527878357509
-0.474295678731346
-0.531003510298593
-0.445329029955284
-0.40579312592907
-0.366190908309216
-0.557353404445562
-0.556700019477412
-0.42667739904629
-0.464930908582945
-0.42884957362211
-0.422456564723518
-0.424023759137136
-0.513446485162768
-0.521553521390102
-0.451085539463017
-0.391333198521281
-0.437614203751132
-0.498922148913494
-0.524560200553554
-0.407564895072678
-0.391876768171191
-0.445082963474762
-0.532576833947169
-0.429741303767765
-0.413618917025939
-0.516880669805348
-0.472771113253092
-0.358728364316976
-0.288478254206481
-0.390649750396202
-0.388951651111614
-0.437502575204721
-0.416452010386289
-0.354338910907549
-0.37863584742992
-0.428796033624475
-0.37824392421291
-0.466623398338737
-0.3444751864517
-0.497286169036844
-0.296682217976006
-0.203466578708062
-0.376187256072339
-0.310843457501696
-0.421827324212093
-0.300527894301001
-0.300208446095906
-0.523806840966284
-0.496332229287414
-0.471153303640545
-0.325070874160028
-0.349105484436244
-0.286070870998992
-0.365479277660268
-0.451755006390706
-0.466591994709289
-0.328318411464625
-0.367542509170896
-0.406374872583589
-0.253554295270689
-0.317591683404546
-0.372082640418981
-0.320157612758687
-0.450920596698868
-0.422332717032863
-0.400440434766553
-0.416646068017346
-0.24495455211603
-0.359726775199382
-0.32219104537228
-0.246083387405472
-0.307024627955011
-0.278370281781692
-0.386839887848129
-0.281252262083613
-0.285402131913277
-0.255904774543859
-0.394965043739611
-0.244312139522976
-0.312834342030216
-0.246010326805141
-0.440708704048621
-0.440061942635216
-0.39535071785731
-0.197256294550353
-0.360324630525247
-0.234717581159817
-0.178026033257358
-0.250463848349247
-0.255720758774261
-0.0793702452215404
-0.151119756924694
-0.273519085629536
-0.273240655652555
-0.152878156743363
-0.362461731495088
-0.264647298971472
-0.307064639333877
-0.199945227155393
-0.253861140342397
-0.38042269324248
-0.323346230718382
-0.339479201035958
-0.252628577931172
-0.225337044194712
-0.281061511483734
-0.183149063414505
-0.26273308246269
-0.362223392199033
-0.11787896492015
-0.363510091750407
-0.279820514369529
-0.185183946140939
-0.20041678490179
-0.125686340913347
-0.218598349048683
-0.153277428440212
-0.145028400965319
-0.167973495333325
-0.11096845704
-0.211250568912312
-0.271031214963029
-0.129733904752248
-0.242945122674934
-0.248200661754377
-0.249469138252529
-0.3516190540635
-0.169544849646213
-0.227832397585274
-0.242010426770095
-0.155453339289487
-0.239926774582148
-0.241896157907632
-0.171000602940854
-0.0815536481577724
-0.227580692613049
-0.163293408331413
-0.141704536470399
-0.104842491131557
-0.114586617224554
-0.27592235148133
-0.372589635221397
-0.287094972619665
-0.107876710502832
-0.227081720327133
-0.0691012994583918
-0.284595847830345
-0.293473016309204
-0.198639193506695
-0.134130698358148
-0.141730934343635
-0.170214115797928
-0.107035814162222
-0.146743632553093
-0.0266224243599644
-0.246815876846312
-0.111219706931729
-0.220879252530179
-0.22201505358112
-0.0504884915285485
-0.178633549106775
-0.188404111641372
-0.194327729265116
-0.203196533584565
-0.149757551556814
-0.280594795754239
-0.0479819008085666
-0.180894627608866
-0.14065169938928
-0.207406812763336
-0.0424621869386403
-0.215376689331907
-0.16233473008372
-0.0709480602154478
-0.0621142098050424
-0.109691228287423
-0.111301473393619
-0.198480561909931
-0.0614365456589716
-0.20608757034262
-0.0856889849386092
-0.0671142969621057
-0.096620114576329
-0.183234721550166
0.00733872182046839
-0.0893656946479188
-0.0235265517288365
-0.198532506054204
0.00174430809550862
-0.0838107458593713
0.0469143028771793
0.00272438430698831
0.0519015178352674
-0.088108586603814
0.00351964263546951
-0.147093041103321
-0.147225445441004
-0.182855904803066
-0.026689102848224
-0.0540970205224549
-0.0118776170143482
-0.159100225744566
-0.00184854671407008
-0.117866921816036
0.0165158884543161
0.0510172388295594
-0.113340465164875
-0.113434882267001
0.00433642593633517
-0.121421201072071
0.129439287295787
-0.0614395378995057
-0.038434891424776
-0.0900818826743419
0.0295014178708979
-0.0877786021351752
0.0369445167236875
-0.145939489716686
-0.0226683027060279
-0.0413569649102505
-0.0786709930912575
-0.0897163802707749
-0.0435491239860153
-0.0778112737385034
-0.0428355237582183
-0.141875427216036
0.0487106150147441
0.0575594350631202
0.0163378325656658
0.048582495295198
0.0310404639753224
0.0104757429189498
-0.159029301735016
0.171279927136151
0.18744825592438
0.105098561090887
0.0105115655998175
-0.0543418902897206
0.0791483102262803
-0.00336548388781589
0.0464731121416667
0.0522995948387703
0.023089435738269
-0.16339012448273
-0.0207454968397396
-0.0446569856988472
-0.0784100978752667
0.00122515864766661
0.0592990535882722
0.0276532052398484
-0.080312976091111
0.0219191803126634
-0.013349775789379
0.100702732958069
0.0133389276129029
0.0894199292487033
0.168707911272214
-0.0509489518674078
0.00451446091211168
0.116149991846517
0.0708522528249134
-0.0138092833693848
-0.00088301560940914
0.0355276034847719
0.219907582839055
0.228405478642788
0.114951348493538
0.137604487585733
-0.0316338221778458
0.0680744471026373
0.11911262335149
0.149784072180227
0.0260798979855812
0.0869701237559064
-0.000701643942752695
0.141047262050917
0.0165672380447146
0.0261086336480673
0.000908177874603816
0.14281320814498
0.000621201486490314
0.0252124065494079
0.101297560377204
0.0465149169670518
0.198199379004948
0.104947068397782
0.0264392810508191
0.0307572213766888
0.157255342924398
0.198643043949704
0.188838506657605
0.239998285730612
0.14053879502197
0.0953129909134523
0.125758356717269
0.108156948143894
0.0323524202483313
0.155780806477931
0.0387060452864314
0.223126030032187
0.29123931141602
0.107791378708392
0.227322787555597
0.102798559705781
0.0853764282012619
0.0666531267921651
0.101398072616927
0.115231322200905
0.182118272644596
0.0943006597962747
0.184510316871883
0.155605630992783
0.180467832864341
-0.0430646543028555
0.0988001168505505
0.170530302424205
0.192760809771016
0.312858887082419
0.161005381459043
0.302615072190472
0.278985518260077
0.232751404876903
0.132240550019123
0.285699933447124
0.0955511388518709
0.0927224225850901
0.0979818181946109
0.2519414218833
0.0313929248273646
0.0577777116057705
0.254345043000317
0.168644412840378
0.26680312341981
0.119282292658033
0.221579028630584
0.231309280208436
0.191673840001896
0.301625205313645
0.160163263185226
0.304517094107191
0.225527676003958
0.0795542457005397
0.163397723655314
0.193291524978325
0.196177764541889
0.373768003769777
0.209349802977155
0.172935410907331
0.301708099231557
0.246350009249542
0.298171414616159
0.286179045111561
0.191567409747023
0.324308554614536
0.324497582355838
0.285606143212815
0.253378009057895
0.254126328170353
0.230626959820255
0.230978956121587
0.2891085638469
0.352439523635744
0.20825854619916
0.40436038384306
0.18598013828687
0.164628507465105
0.226643521595055
0.23482885239656
0.199807763023344
0.436606327262248
0.306625828328603
0.24529072106165
0.348971545272188
0.331088414803494
0.289919564035571
0.320537581038844
0.191108777171256
0.429336923949068
0.235169356779483
0.21269849702364
0.311119043085436
0.268782248839377
0.30498677529603
0.480222926500719
0.360771682249816
0.350672444180156
0.234531153666944
0.356949704762356
0.321096358809975
0.197578418569809
0.393517072355272
0.333193771523486
0.270309305507562
0.352875649449181
0.178739525663539
0.364392648477255
0.201074860360101
0.345914846787727
0.324773238075953
0.266479597124753
0.374977884169236
0.332722077926636
0.376639289796451
0.245783432595746
0.289320480947125
0.253878461890191
0.347547345980889
0.309275782464895
0.418921562833859
0.294892646160788
0.553955511790963
0.387845909669513
0.281705674156257
0.457157677728924
0.429984175051511
0.264256767874136
0.43429389015011
0.52806672871149
0.320426619531516
0.348532755235237
0.394104016434889
0.255573835964785
0.222595663590551
0.301116078226772
0.381137968445068
0.428181686781495
0.319662155319508
0.347241826016891
0.419888121820727
0.405905588191259
0.397922305695584
0.263623450145416
0.437692368075435
0.516614973521027
0.422790425046159
0.493681289677596
0.449776996135619
0.469396159988555
0.433309649936508
0.460429180383121
0.526751662563338
0.434693817599151
0.508171535299089
0.576188904058548
0.280816959204894
0.498021777722421
0.380874729683214
0.377842812260182
0.509073729674178
0.395429623527475
0.522612829930703
0.460575311028903
0.448789080692493
0.612175574663891
0.545815650782757
0.476027191413243
0.416196544490494
0.321611140661571
0.327089986943317
0.422496000848315
0.321944410049984
0.445261829043868
0.388693193265438
0.557162396607773
0.453709668423722
0.459973263652453
0.412180848182847
0.56596913380731
0.488386762272371
0.418459083228041
0.51624864433435
0.488939198806735
0.552949966984386
0.518897588129407
0.38512134680105
0.521610668314616
0.496098636543686
0.430223213585664
0.486598413957223
0.509071896451296
0.561723475098276
0.414038734989024
0.670783802562922
0.598916222103573
0.492213298560218
0.547127044260475
0.593400950226432
0.496596734625689
0.542873198591097
0.610954718683081
0.395794690547171
0.506930180762878
0.699599716542932
0.573312845526018
0.711784635091325
0.427790121163602
0.466502310162289
0.635016240539951
0.648833160788684
0.476851634469234
0.427864740125867
0.733724325092569
0.383825442284183
0.619921846909048
0.465795922737652
0.7070959870379
0.440374669554961
0.595796623808195
0.497761662858096
0.432340644429643
0.680493711397298
0.55853669709332
0.592059264976443
0.598071864708155
0.480507402561074
0.586302311663607
0.705214926259799
0.59127834993964
0.490397630299023
0.481015260589619
0.629467024781083
0.529979770847122
0.589492032470597
0.576843584772259
0.661448014567022
0.564170537669219
0.687600559995314
0.596042486911575
0.558672415678927
0.742714504239484
0.53401883242956
0.555978291701432
0.665492876597175
0.713107822941696
0.542001349582149
0.542868167136106
0.601332139774661
0.647544649157382
0.680554765294371
0.550338499065876
0.532190363007837
0.626355157358315
0.651755994326843
0.408440251542614
0.649727805060626
0.551065234246306
0.517193277573778
0.623519475486351
0.593665369885626
0.730655800396484
0.663725229242723
0.587140824827514
0.730630958866512
0.560674477730849
0.81408651607356
0.553600425027818
0.649535818172104
0.662748798436585
0.43970252799382
0.771504790962397
0.617163466371547
0.814771594647066
0.709313877585534
0.534426797069026
0.625126916400552
0.700508765035256
0.738702083382345
0.626518564660915
0.832820723313725
0.733342074227256
0.695950706040608
0.702134937986443
0.497969996874255
0.661867116584393
0.629687627355095
0.72523377988543
0.696262017020601
0.626267640941266
0.761379100226979
0.691620554040858
0.688166259758983
0.700609445842339
0.781427443984429
0.673377854584876
0.652289504891457
0.710257682428329
0.879214698918655
0.689888237730246
0.807875276956965
0.729723185741995
0.682407927862592
0.64864421984303
0.626448524795028
0.673831881677656
0.645907479504387
0.709553681462924
0.709632476566729
0.772099870523738
0.785450087178421
0.803637208031096
0.812261537135183
0.653888618174371
0.712177752348568
0.782989284109271
0.887664154204919
0.703777622772055
0.673717228304365
0.721258738985985
0.84705158071876
0.759776383081934
0.781574738483231
0.655483016911175
0.790915548181009
0.71237138031924
0.720159331704009
0.795714707900229
0.643618790728984
0.746501974692863
0.741973049858569
0.738087184623925
0.789611213845827
0.764217830139466
0.835358023207824
0.767932317435288
0.774651398031053
0.769744633392305
0.813002982213987
0.653146648728979
0.783569902209517
0.793070065750269
0.86855621162111
0.747860306304183
0.834259149091241
0.761228802618104
0.730853141646788
0.855020010745341
0.897366256763541
0.763787992320565
1.06020167651382
0.871951037421967
0.980000421120777
1.01376125254589
0.911681008306092
0.588548491018697
0.808977934627179
0.739694138433102
0.899519523722138
0.692144322911014
0.938300241434823
0.900321234389747
0.849622258111974
0.857273684670335
1.03544637683185
0.778018731537507
0.763671024463323
0.918028666527985
0.884602528110664
0.767997121441167
0.895777344662434
0.874615048285526
0.863491129399771
0.782444939698008
0.872849770606103
0.834627699779987
0.927926440601825
1.0112644993846
0.706865279802538
0.909699210033028
0.885031561593985
0.932307157056542
0.899276572591589
1.05795322952286
0.961466701277408
0.967817654843715
0.718083643545652
0.797720636812972
1.03617081019845
0.986532409773813
0.856746047253134
0.980086944486344
0.853725171902759
0.976712176511849
1.00608934741146
1.02710423330889
0.89617160224525
0.758018133193072
0.978933195658107
0.918294796746226
0.966805465107591
0.933456852134281
1.05393559274449
0.986697064153195
0.905443047351937
1.04243366023054
0.953534445785669
0.915621153534644
0.901916740855251
0.813105290679153
0.88710497011423
0.897895608865969
0.940678543320312
0.974663645240971
0.989490343319702
1.07840553915423
0.900371797244537
0.985426945158013
0.881861043128033
1.08099605742172
0.93363993606428
1.01750808929627
0.847216617127205
0.990177436730909
0.816394252321125
1.00623313594094
0.988537121220595
0.865583672889737
1.10188429060998
1.12066052290177
0.925343026978092
1.10723623832689
0.783746875631032
0.977211488521748
0.912026450854843
1.10696308595709
1.0104194545868
1.05439625744652
1.06738444928442
1.09557625315943
0.959208547912138
0.985188880071202
