-0.0700061012261885
-0.954219303647929
-0.959069053991653
-1.10429958614455
-0.987062900671497
-0.930859660762793
-0.936047322041929
-1.04708201486266
-0.765070064665273
-1.01389596116595
-0.921886852375242
-1.03041399044627
-1.20444863090241
-1.03332137067433
-0.932439549407178
-0.909082804966267
-1.09216078585579
-0.908937544514727
-0.811916405699495
-1.07747947418165
-0.952354895703705
-0.828670070299883
-0.978745201542855
-0.849985070696879
-0.988467487405776
-0.960149189022994
-0.899764259845133
-0.869809867742552
-1.01807352121982
-0.93705646043824
-1.08419536672715
-0.875027180848347
-0.921197812323564
-0.883747953347474
-0.807132322885535
-0.946689097932572
-1.094506639806
-0.878786836588059
-1.02425256930884
-0.882171067649711
-0.908799463797805
-0.928961803181874
-0.802568154288412
-1.05656188178667
-0.94746304305829
-0.941013533205287
-0.780004700096462
-0.918063466529882
-0.983592585318628
-0.906350542483211
-0.887974356333764
-0.855036052253231
-0.977626767660662
-0.865033258987182
-0.909361627295163
-1.0079954612785
-0.831435107871746
-0.754786199255226
-0.959693964905638
-0.93835192536821
-0.943800246441851
-0.959483771593074
-0.850332813670626
-1.11701915139797
-0.8351424765526
-0.829803362049907
-0.940890370311437
-0.989968075044148
-0.955634256491776
-0.7197824100361
-0.946948997543489
-0.650138114119996
-1.0371292688403
-0.792742825923921
-0.902705998039131
-0.756283665953375
-0.859088664259575
-0.841417785413673
-0.787388436319344
-1.00176260758782
-0.830614727662267
-0.78981170882312
-0.766420615895647
-0.91292698133079
-0.8712689048709
-0.899629617853791
-0.866167841139482
-0.817853563388864
-0.720880744719468
-0.849628480117633
-0.78406443474355
-0.873029128884003
-0.945317038003771
-0.923852751680806
-0.779612573442195
-0.839367747987993
-0.784009598022816
-0.771819261322282
-0.612694413792585
-0.75210163170075
-0.810865389654492
-0.957759513620627
-0.76877363643896
-0.795043736169882
-0.724775825658255
-0.748653420067554
-0.717394141307746
-0.96328699529259
-0.843166052289045
-0.806289377260488
-0.741022316077554
-0.846619731935356
-0.820859304986844
-0.778707913042606
-0.750404867919373
-0.860732578660998
-0.778130506094246
-0.820415345849995
-0.76575701191682
-0.714543663323177
-0.575555755110629
-0.771431519641703
-0.697579355087382
-0.629129151304235
-0.705825166395919
-0.728877104116776
-0.69460942148198
-0.758723746279808
-0.725941680048737
-0.63942710893754
-0.734142729966833
-0.750772458308966
-0.709080365279979
-0.752019645286215
-0.817080167718989
-0.643080851577849
-0.756157227308895
-0.826498530851804
-0.807789687894483
-0.64415675427697
-0.616139802299344
-0.687059065698434
-0.817778808863832
-0.74041140903396
-0.913966933201077
-0.867592570386051
-0.671352777930942
-0.665500594294285
-0.618833749152524
-0.81896253467182
-0.755996464880555
-0.637334597412592
-0.812451969495057
-0.727257661760455
-0.616430578829792
-0.689095500729761
-0.556295672808615
-0.683259257400483
-0.700917042615996
-0.623280491170689
-0.732823570388704
-0.54169071154025
-0.555849892065588
-0.6838365469373
-0.512282047990862
-0.586365421268997
-0.558609043684031
-0.444695019936905
-0.594812304532773
-0.618879011288637
-0.704225804564899
-0.694290558098463
-0.55088892607014
-0.903513184318816
-0.589775359898901
-0.683464594535089
-0.451488857851375
-0.681286696823036
-0.616597756047361
-0.670543294209002
-0.603955976963914
-0.523203128678863
-0.733655450446239
-0.599074775858901
-0.729221087163627
-0.530299451260872
-0.428068975388832
-0.746159229610959
-0.555399751647071
-0.532615981894391
-0.583074562313798
-0.541484874737738
-0.545456283056928
-0.578455817171972
-0.551342580054214
-0.714268461631089
-0.645037091253745
-0.643932877946752
-0.600962375666307
-0.575912414380646
-0.629827861372393
-0.678609070991117
-0.726789617356764
-0.655335438247049
-0.523086933436543
-0.605997552571418
-0.549004306936504
-0.550610402190183
-0.610670663695132
-0.701401862992731
-0.595039089582555
-0.625089943400008
-0.498516671194509
-0.593035551840363
-0.640717344252051
-0.599508209957109
-0.744768593453453
-0.487343817154786
-0.428310384322378
-0.585397326071044
-0.526739505879536
-0.661820457242489
-0.491083086932369
-0.578338148229626
-0.608710488279774
-0.537675109927924
-0.747883361268993
-0.695262603999682
-0.587235070092123
-0.688653860272453
-0.570557830042069
-0.522856681924793
-0.410956669569607
-0.544469097063101
-0.637024449364687
-0.595559762918316
-0.450951914801542
-0.595315530277691
-0.545495329557723
-0.52928638986638
-0.603208915613581
-0.581170868034012
-0.565098051250986
-0.552712492393133
-0.615372944893206
-0.471010505411382
-0.417081278055435
-0.469586736920654
-0.588221155521009
-0.461831396074856
-0.443131693069546
-0.424140184715728
-0.504193775538778
-0.512413958018702
-0.49239499561429
-0.584313526159586
-0.601569995105302
-0.54768670038625
-0.501661857465384
-0.460570542397022
-0.549830019743159
-0.373457683604116
-0.332659221811894
-0.519809237519389
-0.551486393399744
-0.434378529170565
-0.537721226404933
-0.489518795284691
-0.398758907693084
-0.329648576410358
-0.341813314631935
-0.48831808836636
-0.470760214328671
-0.308793134493645
-0.507774485464917
-0.294081380307761
-0.504964531481019
-0.418215987872131
-0.387105625143601
-0.618565454328467
-0.508762756068847
-0.426924349572175
-0.567153161890995
-0.458631737945214
-0.481148100942534
-0.409327833576586
-0.343356369165995
-0.446432439123291
-0.500767990182154
-0.345329823174145
-0.460793211268108
-0.466845147423663
-0.432459271320273
-0.393199534058544
-0.468394116646329
-0.397128783035799
-0.364558796842262
-0.519470569322334
-0.400635131508605
-0.369849002599461
-0.546072072569235
-0.418784206452964
-0.518720528271716
-0.474852518765541
-0.355808506126901
-0.400487395854317
-0.39875700880297
-0.480957297212824
-0.432871117621464
-0.358377941376975
-0.140076047566708
-0.571381835340611
-0.404175446336687
-0.350932229004817
-0.546688065078184
-0.324680761900082
-0.477261559097177
-0.351424771475976
-0.424936296310016
-0.379959523250215
-0.288485460512554
-0.420804309405798
-0.398802444102221
-0.280239125994975
-0.434124527123273
-0.35670153161331
-0.31250820779411
-0.447980698751939
-0.402064062658372
-0.387699131229786
-0.354837372196591
-0.178872249653563
-0.306900110817656
-0.284739391766874
-0.515662769471509
-0.262654289353827
-0.420148525772659
-0.31790330400435
-0.326066839542749
-0.311163328057704
-0.358968456352221
-0.164056918848033
-0.389583420852382
-0.228748830549514
-0.343152221565933
-0.319094663323205
-0.325650719937949
-0.303114899718829
-0.283707237426968
-0.237713395124751
-0.205583048309539
-0.34323061903087
-0.130109553132182
-0.33662258053068
-0.276237699751721
-0.0868686242311594
-0.215978752502366
-0.314838358182034
-0.335253086365193
-0.268329065276046
-0.404689902214309
-0.20324988988761
-0.398525196554152
-0.29443244467954
-0.230311577565104
-0.162502262869343
-0.258052992154737
-0.338094405686896
-0.21430207492972
-0.207382371340081
-0.300183508280482
-0.369482361007316
-0.293331301233376
-0.303552987188688
-0.130462505845602
-0.343434178983968
-0.237488729637029
-0.103597063713375
-0.261953485760102
-0.172899410392402
-0.310044375783044
-0.284663290013554
-0.283612536740949
-0.184772847249504
-0.231792637410178
-0.205805793744383
-0.111675865499872
-0.212165908770311
-0.375206296112495
-0.261481008871436
-0.246223135244099
-0.393480227989623
-0.100476529736826
-0.411669668756785
-0.258597889881962
-0.31336010452563
-0.284743979278096
-0.137988746725032
-0.207038659203891
-0.126680966866926
-0.2311770401942
-0.155041401833185
-0.104565073454808
-0.3100083623779
-0.244659471109385
-0.156001931129177
-0.141365752676134
-0.27240597358359
-0.149216852656437
-0.145826386038512
-0.172013099165687
-0.239334154339585
-0.110824321429838
-0.104703071097778
-0.281747096150534
-0.257741884989616
-0.134364316817164
-0.134982572948958
-0.156117288610135
-0.25215770214444
-0.178778140308429
-0.200634172211633
-0.0828636643160012
-0.226286978922138
-0.146999785374044
-0.113488670944099
-0.150889603479889
-0.0915873011429444
-0.192037839864692
-0.171279296127022
-0.038945703492528
-0.157401111791915
0.0417191060948989
-0.213227818399612
-0.124646093380105
-0.0723869402470223
-0.114237859958289
-0.00818869038844131
-0.0099141843265977
-0.248872570212284
-0.251094745842026
-0.199460212246492
-0.168091693749834
-0.0352754555847725
-0.0387092273702754
-0.202586029941053
-0.09654001936272
-0.176263755011681
-0.110674741432877
-0.126586948307047
-0.136120413371585
-0.164803427872999
-0.0701073074498191
0.0216401800302208
-0.0610410248549353
-0.0379177461277104
-0.0719551210003179
-0.0493423997014647
-0.0988535973492059
-0.0475612288091236
-0.175208291349361
-0.107087934740543
-0.0130528864835195
-0.0336893636934248
-0.0866768319656974
-0.169330202507658
-0.0699001911431978
-0.201997121725921
-0.123678767105304
0.0237177002094047
-0.146125188262173
-0.0360840254040021
-0.106727888662499
-0.0950829894283882
-0.0795013418605619
0.00813288815988979
-0.0584635814146911
-0.155873922053603
0.0543080415922777
-0.150135796173236
-0.0741860824547316
0.0792136647444741
-0.1898944577309
-0.0343728814602851
0.103810812332773
-0.200449890042909
-0.0323646680307027
-0.0388402326386175
0.145161713261222
-0.00261216633686887
-0.0175430871184474
-0.190594582351867
0.0448660246646819
-0.0423458994098562
0.00253991183523371
0.052553758559097
-0.00453903964575472
-0.0584232447921477
0.0527996980264328
-0.00378413375247239
-0.0844545075387803
-0.0435925401005128
0.0239483459031817
-0.0216785330626272
-0.0030236010334161
0.0187815539619321
-0.104696848051591
-0.0330511236306237
0.0327757888198641
0.102244539340124
-0.0916619256884393
-0.106757261698647
0.10044298302663
-0.0658298665414807
-0.158617447807391
0.0194444821904948
0.0825470998197978
0.127350930176765
0.0904872976340543
0.0787416349388563
0.0949103257478281
-0.0729341533055294
0.119744959369182
0.0855787031837603
0.0648103340261924
0.0790614917791559
0.0584622441234648
-0.00684160171976563
0.0330922002024025
-0.034064681344716
0.0454933723209308
0.0675553246676259
-0.0345693206095043
-0.0463196371442748
-0.0387932754212625
0.0704848073856831
0.0585324545181619
0.147908407186317
0.0907572991658817
0.241129813363176
0.0814667015658527
-0.0036583069394948
-0.0975603286690596
0.0715191791083555
0.193141488084729
0.00790963002567659
0.194961451599774
0.0772444399545633
-0.0249550545403996
0.100932041287844
0.126668237047249
0.0425397103708104
0.206205849798878
0.0611113773401507
0.0198832712866479
-0.0749042540259524
0.176498885185675
-0.0130770548831843
0.0404760099353604
0.129359571043114
0.0266337291749345
0.185591708107437
0.14870463790093
0.106592840935454
0.126337792565886
0.0588175340945785
0.234418213976541
0.108870042496147
0.182260819377344
0.0888984541879201
0.0611084320613158
0.173572100169081
0.161797033855271
0.0903469560910101
0.165320590284857
0.13733112650419
0.222063053639218
0.243565885353794
0.254994845887381
0.0824506798806896
0.118782384225123
0.030693370276734
0.206765952903841
0.230030582630108
0.197863184650451
0.159899121248153
0.24902370683054
0.0981331910463282
0.265576466472287
0.079568519255017
0.276363108821256
0.163120222833722
0.0677285307676315
0.42590836420753
0.0130890686772018
0.345170913961965
0.284440166701346
0.175427240470111
0.247181652110625
0.181664159631295
0.313405584377681
0.360320882239359
0.214904609766958
0.088610880464495
0.0224121722265018
0.3788974174227
0.228874724484435
0.157262766574233
0.187709795205812
0.14147180816917
0.289097184658722
0.128105619572992
0.297621936263548
0.331950969503213
0.320231382007028
0.290574154974504
0.155046012329361
0.158102265192274
0.201754629209332
0.283970937842336
0.282283884426993
0.148942638817203
0.227858183594788
0.293939456281818
0.358413800414776
0.245688040638034
0.243299308772346
0.161822465322951
0.01195952602438
0.243590340792774
0.249491259850387
0.213244597346185
0.352800175302167
0.273026518384554
0.407636843441585
0.327624908501929
0.342862428926397
0.496764938991563
0.348699685398989
0.273057283478065
0.152452961805826
0.420729824448546
0.371669394126816
0.402947268460828
0.303083143739012
0.343371734123966
0.316057360816942
0.359419536086053
0.338793205553993
0.314113578931385
0.341234697566923
0.181409901340829
0.250589331612311
0.413119439191757
0.280937319647407
0.196345817962298
0.573163450082894
0.327387140930194
0.365518028706293
0.344049330952834
0.273135187764334
0.343680639994628
0.415925114232111
0.278049079995852
0.196066626313889
0.23752878520197
0.297390020758541
0.459769456319652
0.243228702832167
0.33486000567317
0.399308532478096
0.558858194388075
0.38986698333606
0.330557631451395
0.398878958511402
0.466897109659649
0.358584549915987
0.420600843468015
0.444893848278109
0.279581745102301
0.339558875253541
0.459786605564361
0.512336784936589
0.346313610104651
0.33219710120376
0.207570354397781
0.293456973233844
0.377879805854456
0.3910001270783
0.295639461171155
0.313625352571605
0.526894672989594
0.355786909698109
0.247779496396836
0.326972052053451
0.340189783642777
0.383361627081188
0.325410289527371
0.258498188777827
0.435232399328554
0.265266684259924
0.423927576977163
0.416717161261955
0.415999890093166
0.438273371198473
0.328545482294152
0.482390533669129
0.511843564677292
0.289283054688431
0.405291693560265
0.559972276167149
0.48533958664929
0.337163830069354
0.343812226330759
0.486784125006804
0.447025714727462
0.549415170795938
0.3953580452398
0.425051692520832
0.5565871088327
0.492243861156793
0.400756625576426
0.457594828186603
0.430237355829882
0.399693096595063
0.450736966670007
0.454525109361171
0.414030745076719
0.497485115680763
0.380684662057788
0.487746972729305
0.442790873769991
0.455013129896994
0.318900763097501
0.594631142360498
0.45785332285461
0.488876755305079
0.469205146572105
0.434715695734882
0.474098726447786
0.42640902142969
0.416775135776175
0.495596340760327
0.30456229791779
0.497615137651645
0.446818486124666
0.502506919138482
0.405646357853534
0.433719619102843
0.46555854262766
0.598196505605436
0.434636732341879
0.472013341218353
0.727614413857744
0.535305246828398
0.459249982408833
0.461361914736703
0.451339909673042
0.620379140461908
0.529760669723298
0.641911723910854
0.483394608398846
0.541137010835173
0.542022620581097
0.588898484922254
0.503407361484866
0.517293506125362
0.494021008313932
0.601518548407226
0.608618452751109
0.530195294247665
0.35921508255787
0.613653352700697
0.488202986994678
0.390998574610072
0.453227405491204
0.628620839911136
0.613294624138434
0.504106519310324
0.637361302008856
0.46756649143908
0.517870845926632
0.543505605870675
0.750797664678425
0.591681403077018
0.592042665736698
0.497178781660218
0.605965830814853
0.631962895790668
0.659916370993212
0.541517375322245
0.536096154290895
0.472749367151421
0.567681087150303
0.635829622814085
0.563802454548671
0.676392730197618
0.384484496934294
0.552995512474431
0.650513314125044
0.622737770530633
0.600202680843456
0.572469126182427
0.632632881970989
0.731651508976274
0.586698006698217
0.755210482689093
0.528484034971192
0.597026008508971
0.763312506490553
0.614833702440091
0.586843219537734
0.643829321835623
0.682842578100452
0.602466504919074
0.769418101570094
0.650343726422799
0.642733789160865
0.496981141228486
0.626863332836684
0.670309954813498
0.686132309514003
0.62471608379814
0.552390897897652
0.701385089963018
0.661357903618129
0.732848076843146
0.542614290281233
0.697389933743824
0.444472506771164
0.701205682052727
0.592599871613488
0.662299464044021
0.711218427689482
0.6423033937751
0.637081605875147
0.73068554952357
0.663433649931679
0.808579910819294
0.647094074529688
0.635949832394661
0.669143530186678
0.681675314701224
0.688870271603518
0.623438408223152
0.734234871266162
0.609431227223302
0.596320511527668
0.727605849617114
0.686276968615881
0.538892193514552
0.753336563242294
0.642325069212731
0.698907431053817
0.758152674848347
0.849238107332341
0.779747901967012
0.614430457237663
0.712098079098096
0.696958091345012
0.793175330744084
0.703153090480423
0.648629723323075
0.674856210634215
0.911505205489131
0.849006082249798
0.640431073842582
0.782931671172608
0.705572374071282
0.766031810240867
0.792807576867681
0.605827699701982
0.523984147229168
0.76544356903374
0.784854060536712
0.752106717361591
0.694435551572629
0.763236139819548
0.851630020021662
0.558519971269743
0.768600736898573
0.831655275515201
0.688498867783373
0.746490645437859
0.829786959334916
0.709564977982714
0.812887313595047
0.820242616503152
0.750553366933813
0.806389712896597
0.764043548771941
0.82338251306108
0.845153809386388
0.778918940952213
0.818605895078251
0.732990096749115
0.95724811616993
0.773258678181946
0.852614255672367
0.842248644300248
0.887537808891566
0.638731985199656
0.996635180785634
0.858237133447925
0.819894885984274
0.783119723183846
0.782347263301736
0.795389162319609
0.877395560439098
0.831421881737373
0.816077506458908
0.822587189888286
0.738959844152993
0.767941590134986
0.913329506873579
0.850944710484245
0.706292157031336
0.834992125428134
0.639622482623916
0.72082703020033
0.823950929250717
0.905042250778633
0.734127468147242
0.988420881708226
0.898523958142791
0.87196728615157
0.907017885006989
0.870343767992003
0.71422945063393
0.782516260851059
0.837852791058163
0.794035620355903
0.742286201939382
0.778900547341644
0.858308688106244
0.807640277979086
0.95347320323399
0.904988264300638
0.878328919351514
0.850713925264145
0.819689644009253
0.989657324039847
0.901489347470459
0.888291406494751
1.03495873886777
0.842200831860616
0.962775807615256
0.987133971627801
0.973717945914808
0.73736624755431
0.960799231925733
0.915359260018243
0.926830339823489
0.815964084989496
0.861843341108635
0.923481769054709
0.857816916600022
0.834120892084677
0.874474466687953
0.833148752101614
1.01761243908459
0.883293521055937
0.872058094396206
0.919223557478906
1.00538530491685
0.863617014239074
0.981827465942092
0.854717617764542
0.981329906694654
0.97479821882433
0.849391695601968
0.911559904292999
0.954621237463162
0.937982692866873
1.08267617838581
1.07265584031668
0.919481108355165
1.02128690835957
0.846847962879462
1.03960622288316
0.976862718033803
1.08048149384353
1.06598014018981
0.832062544351295
0.955903900711047
0.882495681800932
1.04345481988876
1.02869092269082
0.92114349705435
1.07732755513762
0.95594195933192
1.06303593523474
1.11784211357752
1.0880342616822
1.05221628650565
0.797435808040691
0.978382634358596
1.05761518798922
0.956857610922243
1.00117348410655
1.01635651592224
