-0.0623390495315719
-1.11389884980891
-1.00159610838573
-1.11030149505817
-0.984895740294386
-0.969314893431749
-0.933925392314694
-1.00850215393696
-0.892263309802752
-0.915161018876503
-0.969692755017299
-1.06407306397209
-0.978881338282366
-0.967942400191247
-1.03820684140892
-0.753822709183681
-0.934904392433153
-0.877521586356882
-0.896241891326437
-0.982484068306467
-0.835384821150889
-1.02367348305482
-0.933075057961649
-0.876560287779024
-0.992448089604106
-0.993409301626329
-0.962315342002751
-0.918895410336031
-1.01164598741613
-0.889338182044912
-0.917424608448069
-0.882659453780737
-0.96824395868526
-0.877063163257523
-0.952163124948258
-1.01130912178482
-0.968221379179817
-0.877232643548017
-0.863540907060483
-0.799283200756151
-0.909526489989999
-0.916670385371357
-0.779134050407846
-0.938843120299647
-1.03691369072134
-0.985864052841312
-0.992803864102791
-0.863216456645116
-0.783979819965585
-0.892272170763163
-0.847531512592061
-0.929875985624016
-0.928713367305498
-0.807584747121337
-0.967964748705584
-1.08821805472512
-0.650816019362415
-0.872278303824559
-0.9136991416175
-0.905698830479421
-0.915628197062878
-0.834839684797185
-1.01618978111938
-0.998844736311651
-0.891441810380358
-0.811268897617791
-0.906741028503202
-0.84998892577925
-0.681815497282464
-0.829203125582972
-1.00271637838947
-0.931916599801038
-0.920460534977782
-0.844905771900275
-0.73034100174351
-0.861365753218222
-0.82236040968698
-0.820365282864959
-0.798469821177158
-1.00332945672994
-0.816604678256712
-0.726084748078163
-0.889470758706024
-0.883324707005766
-0.893405609205742
-0.753798055381626
-1.031134875671
-0.902909168931582
-0.817985312734352
-1.00124670299142
-0.821737010642598
-0.816064610971475
-0.779685825792686
-0.721497037950479
-0.807561333704242
-0.84554779202466
-0.915022420961109
-0.720759718359851
-0.701824850628918
-0.736549755155339
-0.717873936101209
-0.77905084067273
-0.694443427935078
-0.697264491622922
-0.860780376685587
-0.844884567665176
-0.84358626832002
-0.985845020564778
-0.604589572774826
-0.70651890145934
-0.840565105776331
-0.784775192496995
-0.919976221034079
-0.696723186504725
-0.723145863649832
-0.702596824762541
-0.750339379287218
-0.82510318582302
-0.82703076171794
-0.734333770791329
-0.659674110565527
-0.828408327265882
-0.769848241549193
-0.801390009484306
-0.82222728243154
-0.662943961202643
-0.701396528673076
-0.683159602318031
-0.891403635282731
-0.793506597030678
-0.730397468405123
-0.816070823040607
-0.839288022049457
-0.556452210321473
-0.653681765506382
-0.609933442087634
-0.765615571666995
-0.89269024406297
-0.723292521668567
-0.621436839566076
-0.570361608776399
-0.640733755387477
-0.509816988997626
-0.780013953558787
-0.766018888968492
-0.83718450591847
-0.722260872086444
-0.674548392204952
-0.706947560405772
-0.759537380543855
-0.760893743781157
-0.88212615391478
-0.575901175408146
-0.760355003085923
-0.800412716805038
-0.65286858792944
-0.692230832278423
-0.671553819938917
-0.738287062291828
-0.448536404040512
-0.472306363894951
-0.695608331649302
-0.727318867682188
-0.512251868028678
-0.654361913127156
-0.627953050710026
-0.742091986026207
-0.630617672674603
-0.729134084776699
-0.607019080381404
-0.606806973200049
-0.616865598051339
-0.659413753973931
-0.750418464691549
-0.546263312084356
-0.707952567247512
-0.661902762332209
-0.405212792909334
-0.550081304171788
-0.823659034415012
-0.706401724775669
-0.769485054663811
-0.513069741600575
-0.50087705264136
-0.611293404329511
-0.508226526581656
-0.629283121730748
-0.652822249347369
-0.713040569028484
-0.684607162061129
-0.57751438087804
-0.668109583402092
-0.642061180087592
-0.359409270804517
-0.70351073594418
-0.817183776218959
-0.624411655145913
-0.590794886432355
-0.593352323308274
-0.628575477961018
-0.56005302938193
-0.653223520599255
-0.710648594104766
-0.527861466215576
-0.520510772757225
-0.54199019235467
-0.688255035058717
-0.586970742632571
-0.54721811071082
-0.485863694295038
-0.663221873744401
-0.619792636426081
-0.622179792112104
-0.601773245449563
-0.552603505725265
-0.624656927106536
-0.56474991848717
-0.677527661129919
-0.715271734253731
-0.722965222310609
-0.594688406260946
-0.62393696876166
-0.582495390796031
-0.534459072574304
-0.468749657842486
-0.567582413836953
-0.538980137347748
-0.497823966720419
-0.563720476541553
-0.671329397160387
-0.57540930813169
-0.368133341819322
-0.629684889251817
-0.490193977156707
-0.473784185854851
-0.610989449780451
-0.487768767596822
-0.529999316367812
-0.474377344791472
-0.438589629043202
-0.55181884798985
-0.498343865985022
-0.561962290376111
-0.398679948828321
-0.571907395053874
-0.495988715775272
-0.51384570156157
-0.493416814476945
-0.456601454280852
-0.429156985944851
-0.493041322707202
-0.351780909789104
-0.325097880230014
-0.449704979776908
-0.591210898653811
-0.504618178353859
-0.535932175910483
-0.671104065293512
-0.449223374692356
-0.547374269506686
-0.560124284803777
-0.453127798378394
-0.545835045181503
-0.366634167560604
-0.495265900908756
-0.515851739769196
-0.280122930997216
-0.458185653815085
-0.500044514707539
-0.645261754345154
-0.40029397171913
-0.240552553946
-0.386645138356221
-0.554800930708701
-0.472082567986808
-0.431462287485478
-0.417516608544357
-0.411442101872178
-0.36548778757924
-0.362124579580135
-0.302298263514187
-0.424308642487692
-0.385022159869713
-0.476642211867775
-0.508782784550006
-0.507500153708967
-0.333521998844641
-0.431031982765219
-0.41337066712146
-0.38260903853402
-0.497688474442786
-0.246577890957872
-0.495060598582575
-0.264697118204468
-0.500463310459852
-0.448501618834928
-0.305131569952603
-0.215776314704642
-0.496702221949744
-0.408985521163703
-0.541802551771648
-0.536212581195684
-0.467017208374284
-0.395242440417474
-0.318566200643913
-0.381874187207412
-0.425533604157919
-0.236496700807268
-0.272478432277268
-0.4584546069743
-0.435719308011027
-0.459285750094584
-0.32363983750623
-0.376499541759408
-0.364451617570232
-0.428027575455402
-0.57233594412908
-0.272516433759033
-0.382568359001074
-0.312399464573295
-0.428992356739215
-0.324375959143698
-0.352980746079807
-0.314674410894304
-0.223708694368788
-0.356945418831126
-0.412315284366462
-0.36020594267115
-0.28100347269877
-0.350383560041076
-0.350664463393469
-0.37889960738586
-0.417822297144259
-0.266062763818612
-0.332783962005096
-0.355538495344241
-0.185296686186039
-0.324659085103175
-0.379655649183218
-0.380216638875674
-0.360034991105066
-0.385664573044855
-0.259204892308777
-0.340664423208408
-0.236602043481122
-0.342163814978828
-0.314888047838421
-0.30957579014821
-0.518274761320493
-0.236963921687035
-0.462464008759252
-0.300543797816451
-0.277784368225951
-0.328664412035032
-0.403847540483147
-0.33019099567646
-0.378761501384424
-0.422558721851782
-0.325541751314873
-0.22136006927665
-0.130473140998667
-0.318468345467243
-0.459272637298471
-0.353787384119397
-0.251478117882575
-0.449144985753614
-0.269420813753794
-0.26019745181164
-0.247818489269153
-0.113742278141326
-0.232296145070763
-0.180762643763603
-0.300362404786641
-0.0348638085583958
-0.314121645803476
-0.29646727255257
-0.223896249096982
-0.275875328156303
-0.357379354787993
-0.21263226760667
-0.240536769164961
-0.396109040939434
-0.235665519964091
-0.233886039306722
-0.343531389209691
-0.312152497334695
-0.0320221477020223
-0.184089616745891
-0.159514497092796
-0.121687174384782
-0.135216167785762
-0.316998955183345
-0.257296326655636
-0.171787220208029
-0.17941783938165
-0.383764309548739
-0.145159407847612
-0.235834102454232
-0.255681055444723
-0.269458630498734
-0.272578940803824
-0.223145694754604
-0.195641834288095
-0.231811092926736
-0.115472852260817
-0.136843891611462
-0.148725287917966
-0.125438122313169
-0.156165152234816
-0.279068086597524
-0.263499869625109
-0.191044860309196
-0.197106989759599
-0.273068175732451
-0.144992704338548
-0.27048734563638
-0.0969230990222122
-0.267156735833438
-0.24116895073848
-0.323658350637239
-0.131953748087078
-0.245450536134615
-0.191449471237258
-0.181167141515584
-0.289486635862961
-0.259177931284426
-0.149375130543061
-0.0563003965484034
-0.192112186484308
0.0361725331866638
-0.368382130591358
-0.0995142269079373
-0.131066479003925
-0.14841977560759
-0.18955987441245
-0.261288783741389
-0.142934764402647
-0.104006472620383
-0.175401534688325
-0.143427991801635
-0.105301040641702
-0.062605462594976
-0.0915705097453663
-0.0715725611881077
-0.027907126550598
-0.0773639628625325
-0.261139222063382
-0.169078741855352
-0.161567556801126
-0.240501475705422
0.0309177678369652
-0.330105125626872
-0.106326672760759
-0.133792927782016
-0.0241662789546611
0.00693206212249609
-0.0439871995808486
-0.0178078883459839
-0.163339224291669
-0.0565839871810456
-0.184486387604251
-0.105147481051884
0.200998885600013
-0.0724794414346657
-0.0892833000509861
-0.0453426972625887
-0.125141202357731
-0.0604111530209395
-0.0722643755821459
-0.013651361924893
-0.109594239456108
0.0421775709962476
-0.180300390089661
-0.10233341740827
-0.142679622186264
-0.0969109988996083
-0.181059978377768
-0.242524754846305
-0.0768907365815632
-0.189419132774548
-0.113283055932378
-0.083177058487164
-0.0731824523112929
-0.0600149629380529
-0.193402050748771
-0.0715531284330995
0.0736269208580531
-0.00814959812833686
0.0526399847385063
-0.0259398568999535
0.1730421645344
0.12441886896763
-0.0606630710189339
0.036074598324887
0.140402660235486
-0.128630037836942
-0.150361056863318
-0.0783294812464463
0.027047640373687
-0.0635134728502612
0.083337143146399
0.00938587663684491
-0.0092691118117831
-0.0936920477053615
0.00932949494839296
0.117150823733657
-0.0202051880855795
-0.081778752197076
-0.196870107293911
-0.00679231078976303
-0.0112701415184114
-0.0144233834971428
0.177328321128606
0.0303834907123482
0.145843120512849
-0.0998319443109698
0.0212571188504751
0.0327213398477224
0.037273660187038
0.12357713486958
0.104567255754775
-0.0263438715524536
0.150090890273536
0.0495446309331996
-0.0340274505246916
0.0927203085131896
0.16508415707963
0.260561786734441
-0.105951195929608
0.0493411762755217
0.0787766968856148
0.140661396674637
0.200902882517116
0.113321302776297
0.243331268295726
0.133977261025397
0.0176782769094877
0.0259887878920256
-0.0226596204453238
0.0235846339678949
0.0163516107768747
0.17444558527845
0.0237455565220009
0.139621654703966
0.0312682924327341
-0.00155390885369592
-0.0825149066766063
0.196978032287124
0.0543842009597174
-0.0549557978987155
0.0512336489639237
0.0976403721585055
0.287611442196853
-0.0602353984213064
0.0263603753382321
-0.00393530267324795
0.17702742350436
0.0825805356335253
0.241269830940361
0.1485904185199
0.0721137913639329
0.153934651424954
0.0538095921977428
0.268710239712217
0.251095460281684
0.0997001457834613
0.0605232255066567
-0.0289908077291558
-0.0438205292686265
0.115543183855846
0.164706506889159
0.246187823160261
0.12385563415514
0.134734638868353
0.233645763756767
0.18302260230394
0.167262969552986
0.246367639901028
0.0987834469698942
0.0201861933568362
0.0669906119823279
0.15526545692911
0.234152933412536
0.157500092673381
0.108937209698137
0.200327413411601
0.189812286395575
0.166723866847215
0.29509303383985
0.173883755490849
0.181984497414177
0.179797141587184
0.0400353674508075
0.311568644164535
0.167697188959248
0.307166628551002
0.220810763543373
0.192017676115176
0.170404867223684
0.159085675998685
0.22519745435593
0.251881745991858
0.17015936409526
0.123559794329124
0.169066258981597
0.223963775893952
0.143149107275859
0.295200866592737
0.350928721973874
0.265112391581861
0.134899567160746
0.355455300125321
0.186883640890525
0.287674832409364
0.162771308312567
0.248050458627897
0.193630222047599
0.140894934370671
0.148810044246625
0.285134685085896
0.337459275859515
0.370148121018876
0.102368415587736
0.324037534352656
0.179161117888754
0.370604641154526
0.350623037453004
0.252868263895089
0.236339050702727
0.190921004115942
0.284817611671577
0.216921977795224
0.197813296700488
0.3032649310292
0.263684384456271
0.242523724502556
0.111498398776407
0.251724394391981
0.209725925569416
0.383555727277935
0.390138525845136
0.256837436939767
0.255397925788806
0.252134840008471
0.167606597978974
0.412568712993605
0.396098870574862
0.389089506541621
0.359367792151336
0.215531901865458
0.367401126750514
0.368023997338944
0.180218552981624
0.177078596248615
0.286260284335782
0.308358905222078
0.289018290161631
0.387703846446474
0.272036454342043
0.305916193765364
0.342316131899815
0.19696401718315
0.244755357354567
0.277479261298667
0.224477386281856
0.19219241912351
0.412356895968109
0.316974940228548
0.413427928342998
0.495981279956545
0.289579769001955
0.368068716105207
0.229043228763548
0.486447905194993
0.334260557784299
0.283369491281467
0.422382480468257
0.483424293165698
0.304601705437331
0.547518664675986
0.269979978669246
0.417315676306228
0.32628128436348
0.316656842056543
0.382292377245215
0.325051310640006
0.256216432938792
0.443446028538435
0.389342998221687
0.335130293243057
0.417792454959701
0.461163886811305
0.303264188382487
0.336684252753299
0.22302601395448
0.540536252939625
0.520364579613054
0.603543672959067
0.482524537633046
0.448859376263457
0.338183556670821
0.511830523109676
0.370008603444181
0.591982126874544
0.357822110933275
0.343564955399556
0.427795015085572
0.392654574678519
0.277555934525228
0.490702332767771
0.423938161829079
0.504480131757658
0.319946799741623
0.365573961160462
0.268579617613501
0.397098409794217
0.513713578898001
0.408387713419816
0.485815597592874
0.389188886812248
0.43714961938897
0.375626430589982
0.42834001086743
0.607669465417234
0.578349532051186
0.528675913696591
0.361197715354345
0.410025540101891
0.550099214274256
0.39362738200573
0.432375251168751
0.410223861784502
0.334565318823762
0.442995716150171
0.469847223482203
0.506297113506031
0.507466440797233
0.536041549935223
0.453406549703684
0.374083539126447
0.449833719466181
0.389053873732453
0.476007421858535
0.360806204235728
0.507707432476677
0.541367016965899
0.527016634336135
0.479467336890308
0.538826233393349
0.416338935560878
0.421865063887835
0.560945712531716
0.505349302064041
0.630131018853752
0.326071838286574
0.637899439346736
0.555428173665898
0.403029384418828
0.541810429421873
0.438010139400958
0.579792471441304
0.447654184416181
0.516930565312981
0.463511188128846
0.50171128067233
0.593547782903478
0.571215202425714
0.528935854023298
0.588614650359451
0.581452196639519
0.467320617616521
0.654785686108949
0.61176239744034
0.602791940979951
0.559522289550132
0.619327548540199
0.556179184186054
0.657960656432026
0.831396915637761
0.537192867915488
0.536974260180227
0.594801011496324
0.666334123262032
0.582859966195206
0.606378469404396
0.537914852597479
0.613049775469688
0.493795822428131
0.54864801009403
0.59136345649499
0.620237123083679
0.488465542281927
0.518104370860314
0.430170896294416
0.464146006545591
0.589638562210515
0.586650768355588
0.678805010835407
0.545693750683579
0.673638288396839
0.628580240520008
0.539725563166966
0.728121533947165
0.617058007607891
0.571942515820113
0.670915345424178
0.640476215001131
0.535096755925561
0.682944786748179
0.538323239037809
0.644289443233213
0.485551022277191
0.564551333049506
0.581823410158435
0.663789044557683
0.614056132638042
0.740558440197352
0.614052707744171
0.618566879365863
0.735475044795553
0.665643149903027
0.648201277120966
0.869944929532067
0.689706872535659
0.702268717411518
0.589030011603004
0.697358879657106
0.702401591917842
0.649655067750128
0.698433142845345
0.602024120425064
0.722473598211328
0.495812579179121
0.65296948307629
0.645746942945503
0.556262007023714
0.692857558499332
0.710251835855645
0.65860016141292
0.633904536193657
0.604273198901091
0.727100065699471
0.73486731026466
0.588159630907589
0.806561043757425
0.672655156386493
0.721311929538406
0.703144089691554
0.620219883592541
0.5161431776005
0.683216844837522
0.578732594940353
0.880167505102695
0.815684978755616
0.735664802445786
0.658631822657255
0.637365916860447
0.566273678217925
0.709933749382507
0.731451346162824
0.75667027091785
0.775026439629945
0.695446521865881
0.740527299904631
0.646445206129558
0.726810071294282
0.588734917195402
0.72447914933747
0.706977761338114
0.614888781536282
0.709499584818361
0.7891525388749
0.786225459034521
0.516884359610219
0.818169304584957
0.599212258220419
0.802682315941353
0.720730059589013
0.625206004472171
0.858971045926324
0.717467019035789
0.760436034503553
0.836182132820236
0.885892823035376
0.840154862693373
0.745950769973075
0.799431970461447
0.709401154100787
0.781437512691606
0.825383377956303
0.879508268181486
0.730564904761936
0.737481094751244
0.809409669842129
0.740303302344157
0.832089508882643
0.697149205270893
0.785795302550318
0.874470561649609
0.696892989955635
0.855299686536477
0.773242627200679
0.894036556912443
0.80613104855433
0.885543285526305
0.831658932812198
0.836072030428565
0.692218789637789
0.903458586993926
0.817651648031882
0.856993395795752
0.858961220332297
0.794754212413499
0.815939068448019
0.775956756042318
0.659385693583726
0.870235905305983
0.790009154451037
0.871526837591223
0.778740979151308
0.832196611455756
0.851061103607336
0.833840007234578
0.890263163724786
0.914680226369208
0.808587607560303
0.989327865712362
0.86653764277795
0.798723273205896
0.860238481110101
1.01836392877181
0.857474209206325
0.927276147213936
0.882769070172275
0.771384249179398
0.804040676171952
0.843330095996047
0.878324610281715
0.896913682644553
0.878589393731738
1.00148933494157
0.870578415154046
0.939247199563038
0.856507430893259
0.877594821802442
0.945849766575977
0.938881656684862
0.824332938877421
1.00487929856974
0.975902261132273
0.934155843699476
0.73590658465748
0.915412807683098
0.91556099803861
0.899138166305746
0.807525218708869
0.895365453446554
0.863332989738327
0.840802181712853
0.922113779270387
0.921627787782374
0.833008993737457
0.995719890544232
0.817230435357502
0.966696939077926
0.825145313972002
0.892176850883278
1.11640516787129
0.96983895526712
0.957225591679376
1.01023844751808
1.10979984406062
0.940462765257209
0.823336201196041
1.08146720141239
0.972549688560572
0.900007256257341
1.00790939214542
0.821176219102902
1.0447175315544
0.85642548043485
0.891266923776395
0.970413546367732
0.902947322410202
0.955095916930026
1.04149256300744
0.89915105268073
1.02381925069343
1.11771443726335
0.973139570225103
0.875218821752488
0.929972329457167
0.985392536431246
1.03962092737528
1.05174182385152
1.12859744289991
1.0830111130121
1.12345224341897
0.947669357492297
0.964045838645716
0.937512795897989
