0.150393631872757
-1.04657541741652
-0.932748305214019
-1.08295922606414
-0.950152344480935
-1.07974593734698
-1.10063092644056
-1.04367814755518
-1.0141536198216
-1.04224407732321
-0.881775094920404
-1.02547154185977
-1.04628146283718
-0.983133593108507
-0.892443792452755
-0.962829802665939
-1.03310859318356
-1.04745589953253
-1.01362442126719
-0.791872083992586
-1.00563428102669
-0.969852163596828
-0.880125842321558
-1.0138075155039
-1.0002975139764
-1.05055861044485
-0.8658411797801
-1.05525087619942
-0.907504985109906
-0.931663076896218
-1.07183055940169
-0.827716378238474
-0.926163357220868
-0.856752328915637
-0.93845921377639
-1.04967488573385
-0.845586899311349
-0.866568934260449
-0.88998444551392
-0.908941954476022
-0.874205106915132
-0.935013568301208
-0.881035688293978
-0.953197807657565
-0.888945334723594
-0.967510774668189
-0.764701872733454
-0.738983539757667
-0.837977638927646
-0.796155802643214
-0.865859698814569
-0.926926993374759
-0.951171686358687
-0.911741312809033
-0.925852091722893
-0.822036608172728
-0.959657872846757
-0.876967975014913
-0.958235416319862
-1.05006172412201
-1.04999977206394
-0.935974661770182
-0.73894157462751
-1.02322409332603
-0.87975034070163
-0.86442993914225
-0.953888302028881
-0.912587610671246
-0.849729610058261
-0.885232682385381
-0.968032311672122
-0.858784351465874
-0.750147166911377
-0.9018678945195
-0.792786390687388
-0.841856910677967
-0.854460947341478
-0.906965992952002
-0.881953433142411
-0.88089308736796
-0.760923711401284
-1.03706294472116
-0.811126697738725
-0.902845389914985
-0.812958481554206
-0.914003457705084
-0.754190440066046
-0.709510286809317
-0.875363515063522
-0.812002969659539
-0.677839789213141
-0.799555458433264
-0.749188530521873
-0.728337063273947
-0.853684255378677
-0.612432701139277
-0.765745056888766
-0.723394479182153
-0.789644533325172
-0.739102730308415
-0.818300369787742
-0.961495619839587
-0.813090598718902
-0.838074959447103
-0.813887845195154
-0.88252202593858
-0.654186448482987
-0.851985536537485
-0.768025930597762
-0.782248680866727
-0.875915035615601
-0.814335713864776
-0.781776016856415
-0.761363654443043
-0.709002333041237
-0.581060476113646
-0.782227421370313
-0.664098013989795
-0.66723761463561
-0.757140999153449
-0.697634377819365
-0.617998822313129
-0.83229428761978
-0.752829964993124
-0.696556914573711
-0.671206694118427
-0.883101100733915
-0.673256926417185
-0.691429294052653
-0.881751199190224
-0.847055741803782
-0.758850481315938
-0.824813508703101
-0.584263802234699
-0.642467440109628
-0.836881343627046
-0.683032262006793
-0.806083586461325
-0.711389499389095
-0.882911090852069
-0.690612330923501
-0.544939415701265
-0.688755007600475
-0.797092884719546
-0.674343859893573
-0.686060316353687
-0.810770129639654
-0.696820136840794
-0.795740527652548
-0.685732017156584
-0.637881852356563
-0.629033208230614
-0.703085077142594
-0.864957924578711
-0.674596023175425
-0.721715575198626
-0.75835392207364
-0.572103215805678
-0.4802506447048
-0.620691809599528
-0.695867299471512
-0.593223318362297
-0.599851781647235
-0.655104870923522
-0.598227509160564
-0.707896022873229
-0.683422204962057
-0.590472371497615
-0.519914803281496
-0.787175646189833
-0.665281916555238
-0.6680852319819
-0.695610351279455
-0.601638989761027
-0.625063220946156
-0.71156342374283
-0.604774526634541
-0.781771466136059
-0.722678736574687
-0.575641341412163
-0.580005965563549
-0.710874283164375
-0.680135607384955
-0.713753889450099
-0.716350915621742
-0.56358234634807
-0.617190109087911
-0.583449760536506
-0.627011458674674
-0.615906733729106
-0.620854345491579
-0.470381347141532
-0.572918934459736
-0.619165294503983
-0.714176158262427
-0.597323449248827
-0.84862766173988
-0.502236219685265
-0.697699917180687
-0.526498151382994
-0.602835370404645
-0.595021324548685
-0.464251847657232
-0.54439362256673
-0.68566354336005
-0.462203739781737
-0.593466769526536
-0.727466983507473
-0.407233997449507
-0.598220371022555
-0.552130058359032
-0.641699344173541
-0.629215407633469
-0.470057514434135
-0.470219521214991
-0.532722572471207
-0.712731631388874
-0.60076452551583
-0.699294573364098
-0.41668571645993
-0.572863476342103
-0.50416110360844
-0.442273664682634
-0.591779397022029
-0.552243964427555
-0.41132883086407
-0.497777591839316
-0.6306802833452
-0.515896676404311
-0.427547750650698
-0.637302195359299
-0.551969934192026
-0.53157595391667
-0.494352527944532
-0.50428773380599
-0.432146495100407
-0.544161543897111
-0.491816015381112
-0.530047241385019
-0.497799473904179
-0.532243649249071
-0.470832243531396
-0.598249968435115
-0.537893578282457
-0.426239473137496
-0.348424698431863
-0.536532074117624
-0.470807878126054
-0.51090009591143
-0.499406246524199
-0.454558590710175
-0.357416588120281
-0.561516958437138
-0.502223879118732
-0.515820942540609
-0.343375084693068
-0.412046057598879
-0.443799455882654
-0.393337707353833
-0.580039479270292
-0.415368814364311
-0.427039882311034
-0.327354985017795
-0.366883152677613
-0.437698332545535
-0.515477050735102
-0.491761508065182
-0.52312203456066
-0.499623635662456
-0.556205002453599
-0.404459557882207
-0.557528277314865
-0.314929439529683
-0.541006853222265
-0.509437609382422
-0.44607696296838
-0.411160637690947
-0.559108049728418
-0.492730945658529
-0.391926615305054
-0.548752654388856
-0.524129974921595
-0.346021461520858
-0.487992917141062
-0.486142678642295
-0.286345725194506
-0.416066918624526
-0.212628157410332
-0.358798567600406
-0.369420937353504
-0.376961081182669
-0.297296643078299
-0.381519640616016
-0.339848310142618
-0.317988711297779
-0.33952234592396
-0.38895607743124
-0.508587385009301
-0.407309479711576
-0.535689244118134
-0.349519557623068
-0.421210932094431
-0.432426610096439
-0.281745019704796
-0.4316937043678
-0.351326565320945
-0.330815318145522
-0.52280813852051
-0.434784219699024
-0.374564689690654
-0.344735889580271
-0.377673966667693
-0.311376146780747
-0.339776566636414
-0.374090088640082
-0.231329600683778
-0.4144771845442
-0.353519995918151
-0.337690001615548
-0.38419438368132
-0.421380457193899
-0.405550173559913
-0.313234478455097
-0.373390898733942
-0.353562216545486
-0.188931053753064
-0.218929569179898
-0.443697072507186
-0.390308561919065
-0.369857070934006
-0.469829069978595
-0.353122015954472
-0.342746606690535
-0.339758116564253
-0.329300888832884
-0.263577060615864
-0.376280384206642
-0.331989976759227
-0.36023175231175
-0.366286419648502
-0.310138760055308
-0.400404891101021
-0.275896344341636
-0.200389154799199
-0.455380323484645
-0.225573771412272
-0.349843098070815
-0.340969577752313
-0.371080821565232
-0.241281267469867
-0.225924576367348
-0.21752116877812
-0.332597715957697
-0.21848809796927
-0.285278605325927
-0.189894384769154
-0.42404830451
-0.432771183316327
-0.195934747716151
-0.557158681113896
-0.407497345738146
-0.36622254310884
-0.382284062892745
-0.248149157955364
-0.260673395441119
-0.0831826680972372
-0.354915533558766
-0.311666073826885
-0.172684868208219
-0.323335733141964
-0.422304322692305
-0.235894558292748
-0.323594854384372
-0.294501365924277
-0.293639532974895
-0.379005866465452
-0.22025960088671
-0.127536204544277
-0.398282903457952
-0.373674479251268
-0.240799081620248
-0.345575746574643
-0.30444906394824
-0.204972299831647
-0.317322905308497
-0.305587680969691
-0.0691698054971396
-0.103124285167179
-0.1801908646833
-0.303895978059635
-0.358039832178474
-0.158627742192371
-0.0334339139593159
-0.251247084561382
-0.278472497625604
-0.212125538103059
-0.139755039646447
-0.249290686397628
-0.178736747703839
-0.159909152048639
-0.190286293030666
-0.344422706008373
-0.0712799272221827
-0.231973929852921
-0.175397729408157
-0.277559861058655
-0.111213690192481
-0.163681846359126
-0.0933272081957571
-0.277245220587057
-0.21720820891132
-0.170062509710518
-0.285256271565103
-0.000748874931667487
-0.237689290965511
-0.229061934762624
-0.0406309953869318
-0.206721196594975
-0.191995796866693
-0.0764305839158278
-0.204145839666706
-0.123889109571854
-0.169303163420613
-0.177845421154475
-0.0714158137970385
-0.249393802546548
-0.120774749383411
-0.194864457337299
-0.163000097791918
-0.0801688810658012
0.0664379120484526
-0.137364450658697
-0.117726150157876
-0.1656320997019
0.0546459108226339
-0.155976408668639
-0.121650529174272
-0.132153623853448
-0.150732321761194
-0.202581677391347
-0.200722133957716
-0.227933858691272
-0.118975357013756
-0.192159446039371
-0.104076741290174
-0.0150122058414631
-0.234229159442749
-0.135251399374911
-0.0988135963745169
-0.0282302577787411
-0.111759427043084
-0.11004686312237
0.00806414777288134
-0.172076389094093
-0.188625848403791
-0.130900680270936
-0.167683371745844
-0.0594995092461679
0.0140114255522355
-0.00283703913264602
-0.0947373331742179
-0.114079127576026
-0.03137505599328
-0.233945173650867
-0.109447799592507
-0.159786265816908
-0.239835818440545
-0.0588269402614927
0.0936804808650969
0.00401650939687482
0.0327907472143201
-0.131246047383741
-0.0665702941068028
-0.112183301202402
-0.133910974531093
-0.0235307907271633
-0.0436415708958556
0.0871885069138103
-0.106237754202372
0.0392097447266511
-0.163561485392797
-0.103089660292308
0.000762603300178768
0.0937948582490963
-0.00231845855699446
-0.000690545394407878
-0.0525044522038721
0.118799784424932
-0.0188849351896264
-0.0545333700906081
0.046526858962389
0.0433023485445048
-0.0764165909955191
-0.00440632550868986
-0.0310619560815279
0.00669609550809163
0.0665948011322742
-0.110142765930087
-0.0140593462243371
0.010793562817834
0.116703442661714
0.139216167066935
0.0580611985652217
-0.0895987986179275
-0.141575636814033
0.0960426283753449
-0.00466445447931844
-0.144288777711749
0.066691935915947
0.0866128031753866
-0.0779256897304179
-0.0124365393728849
-0.0152461670417846
0.0526698048549281
0.103263314601348
0.0247883665427119
0.130573165591563
0.0919717392425098
0.0559045063637079
0.1641976874392
0.00495113450766078
0.0649738948930579
0.076209865847594
0.20832979086298
0.0998850616300583
0.143878235448035
0.0410214742679028
0.0320694139553176
0.0681303661326894
-0.111454520372606
0.229249556320379
0.0960407644617595
0.0255023631214583
0.0592578919391704
-0.0488323319247413
0.152551004774125
0.133019949748216
0.16964154808422
0.0450371098567494
0.0134500391566802
0.0796691267609688
0.120727231120287
-0.0283358294886646
0.0699664859644217
-0.00534355266352745
-0.109688921627119
0.255573719519578
0.300395853065402
-0.118212689424782
0.126930766941707
0.00339418108513612
0.134737523425125
0.103260025626278
-0.0331102404165327
0.165329312595745
0.074329615000318
0.0691324932834274
0.0588736605446784
0.0946527689419215
0.0456701683750036
-0.174192381559475
0.015175791464843
0.199682606178488
0.0964171104634262
0.144670920748967
0.17071044943243
0.110953681854531
0.0870358025187899
0.153871386022744
0.111982204908326
0.237840518794637
0.171111809362688
0.204300038257675
0.14538086323096
0.295929649703019
0.149556880423571
0.17962422699394
-0.0142611631820334
0.253976727057608
0.146064540428178
0.134519678784621
0.149677853824373
0.176077082712669
0.291802744046
0.0934419507499577
0.136634521987772
0.191059406329728
0.152719275808951
0.256633635557053
0.271033464511819
0.277603692714111
0.08978345642381
0.202207782555385
0.228769917482841
0.19576849159188
0.210167596433524
0.0504700021350323
0.17961555570188
0.283543052999539
0.362415080326566
0.29325565015594
0.282254535983096
0.135028845191853
0.252793481255955
0.343453811673515
0.19670320579686
0.210134369358407
0.110727775330789
0.146306192247317
0.105217584055125
0.29232925033532
0.156886281616554
0.198263429050938
0.232646510226434
0.208809795902871
0.269456042827917
0.220723043999899
0.123165460125752
0.181344037362497
0.189245803751233
0.245903855043132
0.230428802179947
0.259773408093398
0.184339976525142
0.267620096723422
0.335307661996602
0.234695974752035
0.205144823891583
0.133860363589686
0.205673713770439
0.381522958415567
0.306077673827736
0.0414515310429198
0.198455291648443
0.201662017455718
0.174830419989962
0.241405723212145
0.210739450279949
0.254127129985909
0.341452608381456
0.230825064433346
0.299857180852337
0.365130997867199
0.234906872303647
0.281756659327747
0.173429392290894
0.305801198295282
0.261405328437224
0.290111267388539
0.408436189269995
0.242678068297197
0.348825513035606
0.168597781085117
0.420242824239218
0.390235737893542
0.379163220833013
0.317728565875306
0.1899893316517
0.222545210796466
0.38161088951898
0.458748578643287
0.209916765285071
0.255022779614254
0.358730355890404
0.267898000432919
0.14161036253665
0.310310937258167
0.365514157951101
0.346466919837639
0.282789066955144
0.151776965287431
0.35685792421042
0.394332429476775
0.240392730395364
0.402766157259845
0.159972469263855
0.376719921997579
0.425271207152286
0.39522326858558
0.31552804199131
0.382537330383338
0.419353777245234
0.315977234072168
0.427501723609034
0.234838918034895
0.30428255957436
0.331437854069918
0.454702806346299
0.479934448263955
0.412378959231394
0.534105310421743
0.419064937554143
0.429340514208857
0.282311945065403
0.163941350088656
0.323482063565865
0.444135432200605
0.253410058603797
0.443042927271799
0.366152663347425
0.205643407987281
0.393466207436374
0.519819490350907
0.395009800130112
0.386392134535141
0.277834922126288
0.497849527887721
0.349473396524317
0.442484887290509
0.44071775618401
0.490556747632297
0.415494203361493
0.429354901231237
0.400842984741215
0.412719015630494
0.510562910552362
0.409732565511209
0.445567803904515
0.498304633281316
0.371588201673157
0.36021402997163
0.557330272304232
0.415381597983961
0.602049076199478
0.506016013827945
0.373899511657056
0.466307543932784
0.28709788094693
0.477858216154692
0.363615106674999
0.440806252696955
0.552310143105303
0.42982902495395
0.5627280942087
0.537510274175155
0.380973861097762
0.375252568316043
0.521477176754169
0.462006749254054
0.395340239637503
0.388807627196924
0.475437037277228
0.490302701689849
0.509887856024591
0.430345799959124
0.564444104920313
0.410609326852539
0.459948391671767
0.567878509039592
0.66097208967925
0.434538385349721
0.457957782596866
0.512542156556564
0.581920375921494
0.455779296348504
0.46979831082276
0.472268757869226
0.390885842093755
0.51167811280263
0.514039581190665
0.472872920523769
0.508395324249831
0.573213254044802
0.4723494728615
0.541451210633807
0.63297790733592
0.480264925788548
0.681194165635156
0.57386886629618
0.43821582062801
0.528778956119625
0.43723273125919
0.570117218279328
0.516862442901565
0.56379256849832
0.754573692474114
0.552328169213297
0.536423189477598
0.660585465885835
0.655655862954445
0.569628390607333
0.600033422836444
0.56805360381751
0.701594248961201
0.704382643440126
0.694074203614815
0.563178674080284
0.564358745527498
0.504470646621427
0.501524945231706
0.58876944651318
0.495519936470248
0.753002260891758
0.714746577352159
0.609239417400196
0.521082978202858
0.572362061196992
0.530486559690213
0.63728695021306
0.472308249656154
0.643824113439835
0.534014918947114
0.558081443292773
0.537865628069155
0.481744992867219
0.630876315651666
0.394500032648013
0.847308825846538
0.65716468896105
0.464331759671762
0.639345996816436
0.75986722552586
0.481793807444424
0.596817732125071
0.584132084120092
0.501578519441021
0.69300663276497
0.758225888425442
0.533041619602409
0.836746788320279
0.618473371451996
0.630927179705717
0.71449247296188
0.740985387605918
0.58203822208976
0.49425224607181
0.709924105895277
0.612904069600402
0.815261148711274
0.630010864752426
0.655293443308764
0.687280778194494
0.643133230499479
0.606200235937259
0.575494521819841
0.812611188653811
0.717806224610083
0.636172588450666
0.70795626034876
0.779320762042844
0.740635409579895
0.747319683017886
0.564100828940139
0.570433085269896
0.734415523359061
0.58203032210679
0.686456727893299
0.742459327660232
0.735507314624664
0.626168268227638
0.767092487810363
0.630648383255967
0.734901111214324
0.715963367327452
0.621875271759493
0.709832180815552
0.837472769545505
0.77578890264696
0.709717599392509
0.620338094731531
0.810893150864117
0.697111513183964
0.745617805664185
0.839374533958154
0.697413905042796
0.538187214948872
0.734176168610886
0.651235523432427
0.766753509223256
0.748359488784154
0.789044728469692
0.731134870049809
0.825182939721469
0.790259057373644
0.642983249422667
0.69142096195403
0.720695450734397
0.794008502026168
0.681171463646928
0.623446122862429
0.689643328903754
0.712571191057216
0.728568497462342
0.762485132686847
0.700550184618269
0.792676888286043
0.748581492532972
0.682078551891388
0.900679392506785
0.794935164266976
0.725375822015116
0.761552504543542
0.854611556510896
0.803939275102245
0.815585384719607
0.795022756305896
0.752026283716518
0.615245684514428
0.914208045872734
0.624162568010565
0.830842822763225
0.709991598171003
0.653796745028052
0.743691647530027
0.896658291223119
0.908658297052188
0.718062649546405
0.904934538884974
0.983506369851648
0.949456803536371
0.881791552624829
0.861091741532822
0.924447640232082
0.89923592551854
0.900034588393987
0.898767644897584
0.847769537148753
0.801672791185423
0.788759546049151
0.833392965786091
0.913630343109045
0.920020426362123
0.850139161788196
0.944489782226108
0.814022848011588
0.789869540279901
0.892349773953161
0.825444919064738
0.922751812740518
0.882157407352286
0.844167917277302
0.817860351736827
0.829738034980857
0.80581067656045
0.920675748678572
0.909382709847977
0.915046919054703
0.823943554790869
0.780167475338631
0.74702653736595
0.827928163040397
0.843866052223427
1.04114822400129
0.849528927200307
0.762824113276294
0.984601824903883
0.971457883089108
0.688449790979804
0.896684235125308
0.985800106063766
0.899021040927969
0.899487309522438
1.09506029072368
0.973624525104214
0.981876499729736
0.981160107210755
0.944899436958944
0.933044388537
0.897961299415434
0.846644667987842
0.96740021497181
0.893704066062151
0.917600029943647
1.0025841468666
0.822846579215314
0.876269039818726
1.00102785944068
0.846923581951282
0.943456387760147
0.906179292971025
0.921390237852775
0.918152421231611
1.00418095802244
1.03718293519556
1.04370588749028
0.943520334846801
1.08385053004391
1.05669162950248
0.973570946098092
1.0901180209161
0.88680612815819
1.00470694744433
1.00365866734537
0.98955445932972
0.898197944451183
0.830347799318146
0.961982847056357
1.01851998771794
0.983619734788181
1.07721577076797
1.01942585985259
1.00021953365346
0.899530095026334
1.01630619823684
0.939706666959585
0.885447397236465
1.05418034333882
1.04634458497277
1.14483250264231
0.964982757787387
0.972336720555866
