0.0433905218351941
-1.09819675793695
-0.965434117891787
-1.06934960007588
-0.755757054347158
-0.951105079441672
-1.00692697322034
-0.879372705345774
-1.02309262071947
-1.05812181362268
-0.921485310093071
-1.03632114236225
-1.06690638610475
-0.882645929728747
-1.03224513261675
-0.938199449282897
-0.924129147171486
-0.889288769550686
-0.954088304546514
-0.974131055605237
-0.916137224111931
-0.960608264762878
-0.892906584131312
-0.959413005920611
-1.06445033100473
-1.13097443586546
-1.01049426137479
-0.906273851572902
-1.01871808672778
-0.872412580983891
-0.975124558174714
-0.852451689005657
-0.897052891767417
-0.938188450958635
-1.07880466642063
-0.970615913918504
-0.946668074116928
-0.900915121617102
-1.0063207869364
-0.954411293398321
-0.949500836180548
-1.00763815494954
-0.906598626020715
-1.03490486008554
-0.874241509063129
-0.923157395736062
-0.793261452306504
-0.974682973362392
-1.09116729363769
-0.926520755263364
-0.749668413753302
-0.703314354144253
-0.838679409913952
-0.957683245330992
-0.904149831285136
-0.978620376933967
-1.02976513696754
-0.912960602548792
-0.91263048794542
-1.05383394740796
-0.945086203897929
-0.842520072564197
-0.927696760489168
-0.747977722868769
-0.802965046131384
-0.711745233695501
-0.975373539029497
-0.675120822828601
-0.862355044172757
-0.897378777934749
-0.706260363941924
-0.829392772489109
-0.976300538069223
-0.806708792066112
-0.857482446386747
-0.868732912876221
-0.757891320571553
-0.898558338808406
-0.808100155308837
-0.917195953565362
-0.696320585098972
-0.956462585911195
-0.823801852784346
-1.04514683949199
-0.879030991346624
-0.892780339931233
-0.704335926719915
-0.833212608370821
-0.89416860774087
-0.878048879447779
-0.78669127600868
-0.76012493818847
-1.01321372454249
-0.839409168985265
-0.687333368488848
-0.715180811250441
-0.791913654324316
-0.785179388264947
-0.98250474684922
-0.819231977642224
-0.738646686354107
-0.728318837360011
-0.705886139148697
-0.723297663021893
-0.838578053658929
-0.678664685998028
-0.734581755593217
-0.709454181171937
-0.858238615506024
-0.684082907437362
-0.741684617549618
-0.872936721436202
-0.740984580192736
-0.750585405243533
-0.719608956087442
-0.589760983779664
-0.793621124148193
-0.813699675394838
-0.807954277355666
-0.743593998543745
-0.726661838786927
-0.830885830664122
-0.895922971626341
-0.864113062386736
-0.8117389400852
-0.720879542807505
-0.723524785150168
-0.692723818400255
-0.711914895170395
-0.886672276031826
-0.652195901278619
-0.868944745864555
-0.765332421831174
-0.702774876678962
-0.643247777649757
-0.593478157419303
-0.668141111708718
-0.643179044091279
-0.674044588084058
-0.791425849203214
-0.753270374673475
-0.958620281176232
-0.794908059934034
-0.732628680302598
-0.614444042643838
-0.646247607441324
-0.650687997061655
-0.559744471352953
-0.717809838932074
-0.715546451629557
-0.659633110189558
-0.528158652793793
-0.848880609400005
-0.711861229225122
-0.69629888707642
-0.682188858865621
-0.584311183806919
-0.633042663612149
-0.681296155288553
-0.726152333438693
-0.705309997247028
-0.623818567831609
-0.693685196421753
-0.701715359397839
-0.632848582755937
-0.577433116321425
-0.550695362590906
-0.628013144132412
-0.679402640547017
-0.617061603962245
-0.457070032173853
-0.657426450944929
-0.683042282259796
-0.684821867850353
-0.819192327693444
-0.884679060901579
-0.547838789344831
-0.543060464341287
-0.702670517405004
-0.633231605436697
-0.689674957023736
-0.689129890279966
-0.615702615923706
-0.745285201580469
-0.616875251246678
-0.565116537272663
-0.68264228913676
-0.63429188368308
-0.555777012379891
-0.612805593511168
-0.702601842195747
-0.655219340130323
-0.573834295378688
-0.568708798766292
-0.603780911619117
-0.539548449439697
-0.774497608613644
-0.566887472416814
-0.69800151689507
-0.684712104961578
-0.645164850997469
-0.59727731366418
-0.532497817521776
-0.513183566732081
-0.624924230355157
-0.64644656389648
-0.644988831013507
-0.51384022710217
-0.490876629129096
-0.704679656501874
-0.622260939043345
-0.599507492895539
-0.732182909789819
-0.558491808488221
-0.509585736079814
-0.506280243719861
-0.534893950797726
-0.600147639052598
-0.427380765519875
-0.595778033991213
-0.591710572345358
-0.566737744204025
-0.57245134788795
-0.615093295480609
-0.575970314872084
-0.587338290103908
-0.52304487251114
-0.525460533938498
-0.620891488661248
-0.543231845586082
-0.357996537098545
-0.599237857829981
-0.670583253561656
-0.516185636112742
-0.499575353817597
-0.518819591183376
-0.467344463821572
-0.54671069833171
-0.585926429511251
-0.578839955478195
-0.607324037154034
-0.446185450214667
-0.591724986313266
-0.481869778307457
-0.476083705067539
-0.614216551631297
-0.321152404044533
-0.58867019147004
-0.54593707071224
-0.461784520124035
-0.506665386400222
-0.58945116771365
-0.690153102261025
-0.383036505296699
-0.672927407769388
-0.417313642821591
-0.417948247355852
-0.425873178337187
-0.512126390425895
-0.546968791029473
-0.44389143989332
-0.409914634845009
-0.56381468480653
-0.486546025507917
-0.547782169425477
-0.495482002795918
-0.434944967318598
-0.347493580308967
-0.348576999323202
-0.339192657944201
-0.511104012501196
-0.457159835475421
-0.494494733077831
-0.384444166519484
-0.53956860895161
-0.3945604614706
-0.440633911990196
-0.564422683914661
-0.545786069784899
-0.390959197316525
-0.469345251457942
-0.353032051686546
-0.171759287491806
-0.348040584668783
-0.448135968606186
-0.390045631801099
-0.545364457658945
-0.3608648213266
-0.455535659261483
-0.380148280965245
-0.237695201902475
-0.491513752460924
-0.533116519442534
-0.186271045975617
-0.372659523213457
-0.606129803666375
-0.524839538872373
-0.375804668959474
-0.30089053338445
-0.258736529272034
-0.388755748127757
-0.228005908731102
-0.273404635692044
-0.562197473215172
-0.36358273402305
-0.320758883715863
-0.419605839997689
-0.278812839911394
-0.432677807224517
-0.436092157036397
-0.363892550212851
-0.297047537823649
-0.178599472073059
-0.292000290321182
-0.333305464714609
-0.140004152450365
-0.45785191188135
-0.367927587506328
-0.589939106536942
-0.459044209133571
-0.481177913863588
-0.545539351475156
-0.27138558715963
-0.239215938254754
-0.398969228326487
-0.453026573673587
-0.429272179275945
-0.314004350639291
-0.262494035268178
-0.271977826401024
-0.426791704656746
-0.387781766362492
-0.39321357051828
-0.263335622761002
-0.305716639593216
-0.230693305934077
-0.299958293831407
-0.416696944338181
-0.328221593214815
-0.315100854388711
-0.305613655355098
-0.319854609987046
-0.270933785034217
-0.283809917257104
-0.385794925699617
-0.429577589289908
-0.249251526655675
-0.177583183130326
-0.318725783769177
-0.270691301186024
-0.175465370678056
-0.389195210905864
-0.420931976972627
-0.312056913931513
-0.261569370655184
-0.340818012384651
-0.18285688468512
-0.330472449740826
-0.198033264582165
-0.356641279489751
-0.231590788785633
-0.268350959175625
-0.266167185387954
-0.3319292256774
-0.305536854778934
-0.164045198833382
-0.161710682963634
-0.455881994828854
-0.318535678203384
-0.412392043387492
-0.231512615053417
-0.403124137284737
-0.272687593170879
-0.209130361813048
-0.215759032417139
-0.207464962655593
-0.351876312955312
-0.230285110827122
-0.305819503106787
-0.359507602410803
-0.308463159711602
-0.209999299542634
-0.274426481984648
-0.238646268953371
-0.312526502447423
-0.21791113263105
-0.316456734701651
-0.128666542404089
-0.121463067333328
-0.331143503668941
-0.176356582655938
-0.320745688337303
-0.140245211881854
-0.212012387095565
-0.145037113688625
-0.271668351796217
-0.366452596063986
-0.277118078408332
-0.167427759447888
-0.28855335585132
-0.27925347001658
-0.24904325176142
-0.275527358757609
-0.124042019153159
-0.23611165233188
-0.150931158092188
-0.0480143919839215
-0.0881408041204246
-0.350615440774138
-0.17534375503989
-0.086609211116354
-0.238216037813675
-0.186404714071349
-0.155885838494819
-0.126241258900817
-0.153441466741811
-0.221948248886519
-0.107726673493191
-0.226281266457233
-0.12581126948654
-0.0270089079195989
-0.0932738975810949
-0.095225800044941
-0.218924276704167
-0.199922302205041
-0.127397763844141
-0.176559379712426
-0.248007158725107
-0.138820916920428
-0.234796716767343
-0.166482140544844
-0.0966307867256038
-0.195893882197192
-0.173263210269096
-0.135397730111512
0.0347147091659661
-0.121708050569227
-0.219615014375015
-0.166681035572389
-0.1106265433237
-0.112962385611296
-0.3280220690607
-0.0504689999034097
-0.164382246508747
-0.1306286394448
-0.236753331843999
-0.215811307127113
-0.0655786734710826
-0.118594335812239
-0.0421185142194711
-0.0894370412619209
-0.122210530145586
-0.0321451898789421
-0.273585206068545
-0.077134909051012
-0.0545808392624632
0.0483494821217092
-0.159039807884084
-0.0504164891409794
-0.176966821617269
-0.133441044602088
-0.0984961338647037
-0.159248236477302
-0.0624015270522309
-0.122465720951589
0.0603477876243184
-0.0565778213869
0.00596020268469944
0.0613192411922072
0.0503529632747533
-0.0735548107105061
-0.0602888927875676
0.0753364871610049
-0.127842612785428
-0.19133224952917
-0.0676059775533639
-0.0636398068177389
-0.187213216564204
0.0368728021097038
0.0253953014496057
0.0607307155860762
0.0649472809590732
-0.0108033215099432
0.0338458433472996
0.0637675600734361
0.17681268905954
-0.0277075613798832
0.0894008592364142
-0.0215174535320211
-0.0493821160240389
0.0142274308496817
-0.133650456132827
0.0991847500526584
-0.00839480006580454
-0.0347135027266381
0.0490651810202408
-0.0860770737049876
-0.127042162096411
-0.136200505918081
-0.00317528983708158
0.0343674769730995
-0.0649501363821899
0.115439273586753
-0.0298087863218602
-0.0461683862943671
0.0295006715917027
-0.0575146781803181
0.044172485124467
0.0577377958529644
0.0714285366067124
-0.0110860730388074
0.0755472493310618
0.0400342586859272
-0.142177527258924
0.0867159216680245
0.172663602790678
0.0621745969243214
0.0559667990435508
-0.0255817682754445
0.0228918891137184
-0.0615393879583005
0.149328164846647
-0.00684796796808552
0.131672138584963
0.054092104787101
-0.0112551685211938
-0.0132481240768034
0.124337368979503
-0.00568145305230569
0.0119327898804817
0.137142668353897
0.0433842546679735
-0.00997293584872125
0.0750884159279608
0.0459504933302742
0.141642860192595
0.223787791760302
0.0998169546696306
0.0523289159332317
0.118099582931477
0.0570911746012887
-0.0881679264128449
0.159400537448168
0.091753064880923
0.095252352660777
0.00368553590793126
0.0122941512705378
0.125357172636635
0.197948404899798
0.125731060947368
0.12180404553098
0.059250288728878
0.0982482181077678
0.122246863157279
0.059935935683084
0.0509540840591011
0.252326079145476
0.173131293504524
0.176695106219678
0.176839649515316
-0.0545423801391571
0.0235666126237024
0.0489485596682019
0.220683034071232
0.194574405242108
0.203125993894815
0.207519708348659
0.190065265232251
0.0185544730107599
0.10767095417427
0.146859060836644
0.135540487030919
0.116762148902223
-0.0544416415570992
0.141684263340762
0.0689112746553053
0.0671021894351822
0.0828976173802683
0.222773282821799
0.142012329969536
0.0684383484374884
0.048878745388516
0.170149661608407
0.204209963295613
0.225225815159061
0.150964291450907
0.289349565618154
0.241614179786163
-0.00634069228929785
0.20544101000532
0.224035133330807
0.133613405917812
0.184554707783101
0.155558966334811
0.166776948919466
0.269884611744678
0.191899287031837
0.184361766090801
0.238739349472188
0.262728300114561
0.219700376573221
0.314906454096056
0.161038395919737
0.167772710719201
0.167737508986785
0.117642432932164
0.171924877135915
0.211898321699016
0.269725374782559
0.124236125011695
0.223604350508909
0.256381061493085
0.201151816026956
0.216205857180729
0.213518556323981
0.337284726193159
0.157905495272859
0.195950461049193
0.144923909117096
0.248172420587674
0.141577797203597
0.222247087485462
0.25086216302882
0.280623168640479
0.115161220799095
0.2826024943592
0.322297473063403
0.349644816448651
0.380714481696122
0.139815907993271
0.279859179784864
0.203228570603086
0.210333837290425
0.322534626367203
0.227504378111086
0.30115819862129
0.330890484157665
0.364332755924473
0.0635193851612952
0.234112664144698
0.36788181926131
0.20034636271527
0.320992207443293
0.273652588448021
0.369882781533004
0.329753505201016
0.18739428378192
0.249629030975947
0.331869591381719
0.301270312788167
0.278342588949983
0.236813694680727
0.352994872339118
0.161410654506117
0.240153121724573
0.293240855924443
0.429350179046283
0.334590285623045
0.345310166596589
0.21215659113495
0.388074916909808
0.321692041269977
0.382809997355859
0.39521080433443
0.422673272776439
0.332757767156672
0.485370575169688
0.313799038468466
0.31792246993592
0.345222937529035
0.382135945985967
0.224036546664043
0.349246436440822
0.446132006121094
0.305338097780264
0.394277984827707
0.23089658305624
0.452144959029565
0.316101868788629
0.350989525917331
0.219093338113799
0.323466307369007
0.434303324857166
0.369993741709779
0.457949071824001
0.452033630645041
0.32771395294225
0.466520012780602
0.570926362563338
0.475137779388529
0.483604408386938
0.426806013096302
0.467606376472021
0.394257533005017
0.298822371254255
0.198259668757639
0.401319707444857
0.459698965076383
0.451230816543708
0.434337155768472
0.397243754146351
0.466592382318138
0.448181856052522
0.39586681689989
0.477805402242966
0.290309736613762
0.430859017631129
0.381417666509079
0.368003959278524
0.48303307439183
0.30165959101709
0.287563521133597
0.366677637429272
0.489426389554326
0.336763668409507
0.505565525472863
0.344444367418131
0.330740998310811
0.4799280131306
0.444707007323455
0.380736486226528
0.423839994428975
0.543207737568157
0.442052747524809
0.50241673623463
0.521403515847592
0.44670651591065
0.39764672834894
0.465915576839725
0.425551749116531
0.397949823248161
0.37698227012476
0.451445073717303
0.34945444559366
0.448550960453691
0.376733247358583
0.479247010126317
0.580844870397795
0.604898797140149
0.443775789739508
0.603219822827021
0.509806914261292
0.321907051648452
0.371089674097841
0.505213249001639
0.584177792458914
0.59632486834461
0.473748138920887
0.463063018226925
0.492792640723062
0.545364720600221
0.467960440238469
0.613497200791526
0.479273789055786
0.636733908468979
0.360061031431616
0.45834037655745
0.469342647068152
0.566265387733086
0.474414701234596
0.392061786002985
0.347717864443131
0.453778676398346
0.53533621944344
0.534952713176223
0.495728790709394
0.756711397485504
0.568371050908898
0.572786872159451
0.407205256711361
0.47266149247501
0.63793162032244
0.494005226029377
0.464952756033514
0.590231899659201
0.549883780839415
0.601992852041584
0.574101038955258
0.626931895520786
0.48866837735951
0.512891502700065
0.601126802465428
0.465997626225946
0.641976430667418
0.423243795995104
0.513875194019281
0.514415441303836
0.670633206252974
0.668430686693947
0.550865496661548
0.527482771294023
0.742841905411258
0.596069157136704
0.618683408261387
0.595977394140582
0.591272471922282
0.569330879074975
0.595072757504499
0.572592277003304
0.64949957619284
0.662184014404458
0.660691238336812
0.649891079329023
0.613457022305899
0.442771801372247
0.691715861569672
0.645823013447971
0.715855846667054
0.587076047764864
0.550014323887598
0.705882730583563
0.57036123071517
0.683169797900171
0.583919796307904
0.572677839112996
0.695403336269472
0.680843403384863
0.604889972094291
0.628385670531106
0.538864730640268
0.558991270672003
0.670193580488616
0.532485995208575
0.55832325127561
0.562767381395275
0.703236643527166
0.558808872696502
0.565691530520615
0.61756725077905
0.551881790667918
0.688286236253254
0.650308118004644
0.645931646728913
0.763408002134529
0.746623175631427
0.739206504429666
0.743635924398163
0.5136104893144
0.660385329741975
0.609606044476526
0.564710152202881
0.679003183671058
0.524783671866918
0.609091101939739
0.639419884603457
0.743304668697906
0.671000918426128
0.830665547413493
0.659103150271003
0.724876343370871
0.585612332773701
0.715214643675767
0.719569880716908
0.784121103617244
0.766114785431639
0.767739109639172
0.688700255999545
0.742377948541268
0.590483442126189
0.605999179344478
0.794827794446069
0.881233908896887
0.679449865237637
0.713061659579823
0.678823734241935
0.689797296649077
0.681742745459905
0.827657692770774
0.776963638035284
0.600199703329486
0.736071484971289
0.649430230071103
0.650715984153987
0.79989284814606
0.664624707685145
0.658633091621732
0.855990572260807
0.674402004618574
0.753045813003378
0.768355419448442
0.908755919248303
0.750019860433109
0.75917605748725
0.693422535877365
0.638906342430386
0.672060970901626
0.7128254238317
0.614189387538868
0.629086317271414
0.823364467755426
0.762023814188924
0.826304302819083
0.878532008781877
0.877594233030264
0.670737116903586
0.744811730754534
0.699155349714626
0.769256789382574
1.02277625132878
0.95076364741759
0.886541642222675
0.816764908316157
0.843479718034073
0.981773270956153
0.810849925056066
0.64152205608208
0.851454160649057
0.872427293943407
0.74977735704951
0.941952609387073
0.781374751790222
0.78420129014602
0.81311705154707
0.79151046141342
0.790711090546094
0.908208944218108
0.749315739667263
0.828039226450733
0.880475093226566
0.809061717884569
0.81011681244782
0.935249453658039
0.749080397002468
0.981463680914028
0.8880006397886
0.978457755852257
0.890594162899417
0.727008263344344
0.828860148266104
0.927154276893198
0.948038078364155
0.773137055073242
0.80501644016741
0.837507624121255
0.930306298402074
0.857486334018209
0.891954535607435
0.974765433147586
0.957054961388604
0.964434563550434
0.850127862444712
0.930359944523711
0.943704592444816
0.967355425447675
0.906384734741949
0.92529999492631
0.921492696871687
0.709082852121648
0.787411873006648
0.935087715730834
0.725807897060478
0.790108975591772
0.945180898217485
0.859187403523869
0.950885459134196
0.93304059080739
0.983979575677738
0.865813538722442
0.924290756269083
0.895451302628545
1.02746042478201
0.940349179065637
1.00810077159131
0.905473273932929
0.827940666124443
1.02782626592638
0.923484944668312
0.834509391283338
1.09850714439882
0.923040692829479
0.784908015781738
0.837682625653791
0.872163067643797
0.927446327908429
0.937066564928512
0.949000730606565
0.936406535003254
1.1003160322911
1.02783483569094
0.903822420472119
0.893712031435744
1.00127411854387
0.831140862225037
0.902458959825395
0.935594284803601
0.928216258538871
0.919144107470716
1.02020949198987
1.01028256678582
0.856254033364639
1.0866636726748
0.999624868149468
1.03170261080636
0.975918378145103
0.895809359515335
0.992168638100898
1.07844444480827
1.09855274733751
1.00154581565054
1.01944446316735
1.14367851105073
