-0.010245388212552
-0.883067269509605
-0.964925081156292
-1.06420994715655
-0.816113979915061
-1.10049484266909
-0.951070215980452
-0.923275681514502
-1.12392005497953
-0.966980295025529
-0.811463995160673
-1.00623660190848
-1.0924094455793
-0.842385330771048
-0.786946622273556
-0.914698618985019
-1.03749198821852
-1.17355447651907
-0.794757518406497
-0.839231929964202
-0.953490443558667
-0.950589535626616
-0.855068579589495
-0.613210071288916
-1.02594736861594
-1.00979079014666
-0.935822554468501
-0.85459638135881
-0.949674321675207
-0.948430138220981
-1.00504559697679
-0.926473886292265
-0.99492100099394
-0.945753850852364
-0.936803359478892
-1.03872577330431
-0.876019208936251
-0.825113696175742
-1.01055454126429
-0.727610035289296
-1.02259553669852
-0.892367473641453
-1.0134454195095
-0.842708757126077
-0.752679668439552
-0.965308627706853
-0.815078869634842
-0.848827260379829
-0.963642555223246
-0.83656012298522
-1.03570831216967
-0.950140702648758
-0.749256129941683
-0.83855098297433
-0.781815500018908
-0.935187212580229
-0.870135498927989
-0.907466438012124
-0.867125726628019
-0.850639040765286
-1.00253427521934
-0.834459481868558
-0.770725366903791
-0.9168670465725
-0.786803946678236
-0.831237472524273
-1.02623624160479
-0.865305439919155
-0.903152984561571
-0.848085248310589
-0.872514351090798
-0.959762826421287
-0.768345626790104
-0.793137348542092
-0.99495253981454
-0.711788266712661
-0.743355754136816
-0.760960444604629
-0.840228600654622
-0.754041728292792
-0.890770681660665
-0.902374245452826
-0.889831879090121
-0.91034413876918
-0.872890194631006
-0.793536182148595
-0.956489588972108
-0.790693753791954
-0.802330862509356
-0.794488890201624
-0.681176140696387
-0.790861304711729
-0.812991041049459
-0.830875971959563
-0.787519079604362
-0.779454059043386
-0.841874671603356
-0.787214915465307
-0.797017521552449
-0.874748496146397
-0.774554769764297
-0.81593503366647
-0.889323474900857
-0.717050039090015
-0.826521659316461
-0.637241110336426
-0.90451710006257
-0.859449849764772
-0.751209755981398
-0.833686738762768
-0.735038736630881
-0.777744485683873
-0.861950230113493
-0.707927981378089
-0.761361556696144
-0.749791614911216
-0.830667137125766
-0.740873336931154
-0.796940601149737
-0.763929870763797
-0.771955567594784
-0.709764508376614
-0.838873753890128
-0.731189650050375
-0.722165415158435
-0.706121300082515
-0.963733236873388
-0.646920709404048
-0.791317570789827
-0.836940573691129
-0.788921137601044
-0.648591167123606
-0.821473548982525
-0.719928768462957
-0.828970564880812
-0.832881630972066
-0.664428720306514
-0.688695867954061
-0.662820376660516
-0.735075795793153
-0.693904187943699
-0.721552161690523
-0.704649719841416
-0.697949474374907
-0.632879788447141
-0.709820212692578
-0.599661310580997
-0.764649979118752
-0.772024638080062
-0.611540600840108
-0.807799172274107
-0.675168953114375
-0.525242972705672
-0.602846074098466
-0.755889023241273
-0.580162291909229
-0.572301554633735
-0.62772884921436
-0.746778372637234
-0.619226908426267
-0.79345549735062
-0.69749212745016
-0.856682467964228
-0.653856934774439
-0.549984526620316
-0.736870055691101
-0.668887692243863
-0.64089047621718
-0.556083420554772
-0.630953308714796
-0.707147042690723
-0.611673617763797
-0.617046071088363
-0.727943243801219
-0.714244506046245
-0.619897301209453
-0.81383502615219
-0.706224638397677
-0.678996041835392
-0.695982216258799
-0.619646524790958
-0.613113688317654
-0.589448287579961
-0.582289949512275
-0.672106083238925
-0.647722756908887
-0.710961697786493
-0.61347982032815
-0.555511332841968
-0.719915295328299
-0.711517876054018
-0.623633784086086
-0.635321792279799
-0.509566093642984
-0.390903240941298
-0.562159532374581
-0.454088973408279
-0.617601694909684
-0.744931851297144
-0.655938881821892
-0.65917036055916
-0.486424490596568
-0.505882033869549
-0.471177935478966
-0.68402280559128
-0.617725916533565
-0.497070016568265
-0.565650800219968
-0.652801765269392
-0.668902156694247
-0.725480019436992
-0.767952389925869
-0.491633058954828
-0.618821360111155
-0.56144256522481
-0.471119951921163
-0.680867009516378
-0.452954907418916
-0.514957544648809
-0.571628358609727
-0.739692197253461
-0.605353618125226
-0.519915018877069
-0.570364504536886
-0.664151463431356
-0.698155300064673
-0.477039586848006
-0.502997801225654
-0.546168935044032
-0.508558078093088
-0.498991053833047
-0.574867716140585
-0.499855816170409
-0.585047803211117
-0.504799012460476
-0.547176948086788
-0.539786720207978
-0.500423907114151
-0.493703819474141
-0.597647736023318
-0.599107038815883
-0.479301277262922
-0.64551964920987
-0.539661679621682
-0.540534655421718
-0.448863794072871
-0.45833931220484
-0.443829001848248
-0.444838100753802
-0.509630778370234
-0.650547862478103
-0.503098534979531
-0.600103536771832
-0.602054410104039
-0.460280762128285
-0.567768129946139
-0.518474327295173
-0.41728672740597
-0.562542320821877
-0.467376243326625
-0.534778458137868
-0.564268903274545
-0.390464488550089
-0.505052348993257
-0.552099279599945
-0.462210495588836
-0.456904206713191
-0.610294202674877
-0.476301649147749
-0.356819794924004
-0.506159446490003
-0.357638652118654
-0.514550997373972
-0.522150874308168
-0.258558766530009
-0.472279983488337
-0.489827385106779
-0.553497264291519
-0.479070440158707
-0.476810910923238
-0.418762701407201
-0.5175953327407
-0.48262565239074
-0.430830373964831
-0.421258857123946
-0.404175243327492
-0.349111905317017
-0.278386234888312
-0.388558417697953
-0.454555409092921
-0.516855562426971
-0.322502376060816
-0.383244376183202
-0.392230847981124
-0.4744432979506
-0.210559841975973
-0.450475337502079
-0.257851213379188
-0.423561062074698
-0.297808101031819
-0.447525264202733
-0.286222388048025
-0.351604413513386
-0.320144937624865
-0.434868912432883
-0.374791123509142
-0.224331312712508
-0.3269782008507
-0.504377528397457
-0.264632255773265
-0.385754642836297
-0.348373543005336
-0.408242646099923
-0.402946559874007
-0.37172177822321
-0.30575437080271
-0.253652917972293
-0.341239073026669
-0.291206733517505
-0.297019286991889
-0.320948080362677
-0.496189476592741
-0.3680599020588
-0.449660681400531
-0.313021374607329
-0.413902052895436
-0.214809869362091
-0.375989713546082
-0.388713093766472
-0.439564016792425
-0.407093456153824
-0.360676121058323
-0.321989593725957
-0.329322120085895
-0.300086367181487
-0.304969413829118
-0.399156280447979
-0.318554836832738
-0.179249940573928
-0.166683590491319
-0.188592791364794
-0.394032304016112
-0.173207594919565
-0.399268064325845
-0.346888927801503
-0.366045835427869
-0.236498066932792
-0.320985729862251
-0.383389935734276
-0.235759009378058
-0.318878643404587
-0.365348405082775
-0.25112210007959
-0.186363412227579
-0.37362672255401
-0.336929366441722
-0.423798871241627
-0.268389810900387
-0.292424416171292
-0.293782448119244
-0.295644300106259
-0.276042718561695
-0.171836841895061
-0.356543910417103
-0.226624835604928
-0.262549786918698
-0.322588572726975
-0.32107105307106
-0.356769762255564
-0.263471145544627
-0.242498733624488
-0.434763308243276
-0.171850639678998
-0.346549335200058
-0.173641145630543
-0.237384118453012
-0.245408549587032
-0.309226915419157
-0.377297194783345
-0.420086137190053
-0.318790809332871
-0.339685326651418
-0.147128862718394
-0.251940629278592
-0.26160816860437
-0.191063672405771
-0.139606485713271
-0.213152444518985
-0.125812143193514
-0.321730248773491
-0.209904286494783
-0.211296608514558
-0.280125743052971
-0.2629046545067
-0.223983980819134
-0.283676289599129
-0.204005864126152
-0.167621306276571
-0.115938076699235
-0.260899717687925
-0.100160924865669
-0.0736248690433441
-0.319712795845836
0.0193935084905735
-0.178057635260598
-0.228549432414721
-0.285125181616661
-0.207658618909539
-0.246035596985097
-0.187232375860512
-0.188357904605555
-0.245579622093015
-0.234452926420448
-0.331343532102222
-0.112815753081913
-0.202468720012013
-0.141836674431566
-0.119418922733202
-0.156769360220919
-0.150490216270828
-0.207808167512819
-0.152409159225125
-0.125202139732712
-0.127998412569872
-0.0449859187913663
-0.164700147512516
-0.181777410866826
-0.0531907794363081
-0.0893355706774377
-0.0695005918561081
-0.0524043184387036
-0.0563811300507195
-0.15034948968063
-0.0437275354616683
-0.14033440580258
-0.216880051104596
-0.130479140691799
0.0233050806038894
0.0117086335829149
-0.232343394018073
-0.158183789243364
-0.0866283429175087
-0.201848485491384
-0.0670971006718464
-0.366363612704725
-0.144335179472439
-0.219494592971139
-0.0803285502845756
-0.0711659080565031
-0.256843757625167
-0.0469766956574244
-0.0949262285155983
-0.032592905703941
-0.119996297406021
-0.00573817981580526
-0.091124535621928
-0.0349904178292054
-0.11136026996481
0.0343592541585649
-0.00999071074276725
-0.00106521007439935
-0.104093419812401
-0.233017328616705
-0.221092342148395
-0.0595538859553846
0.0144408648190932
-0.0521056731774246
0.0484673436923108
-0.0039504739734962
-0.146045903061728
-0.0234412648071358
-0.0816208413227003
-0.0309959168316435
-0.116862208318682
-0.14544751954111
-0.0422819172202857
-0.0715565770077026
-0.119081341129226
-0.165675839877584
-0.0883996737921394
-0.0287119981320827
-0.0725609951384548
-0.0129150062591349
-0.124692123948346
-0.110684252038007
0.101157696307594
-0.131983648997163
-0.0122193645654682
0.0183290899235684
0.0271019564476147
0.0150840926867463
-0.148204816097503
-0.0869311000473403
-0.0107597868134745
0.02065299289033
0.0577909558048431
-0.094065215828131
-0.162887970474269
0.0282464083597781
-0.00435440093603753
0.0144199208555356
-0.00729222625682487
-0.0637038511468903
0.0313058769043643
-0.0359979970669152
0.0101325345550463
-0.00675045482253041
0.0468115903615833
0.0818957207554076
0.0169223194753957
0.0976466364533643
0.13657060114224
0.00827444198021148
0.0624820872849123
-0.0309369556938934
0.0379516107953688
0.0469521058366088
0.0721079383127005
0.0988502469565326
0.0902819992160514
0.0623342738179595
0.128113636981253
-0.0619763926054363
-0.146309531455904
-0.0790768566167717
0.110248980588995
-0.0221506883655171
0.0411013604787073
0.0943295186628372
0.0969097852740338
0.0206448319804383
-0.0937976023103232
0.140268717824464
0.0551856558440803
0.0739080931508257
0.0696488724864946
0.127091801931654
0.087787796492282
0.396423081644538
0.0357168628474241
0.144000932657726
0.0546887122414946
0.271987372910478
0.0260204460460413
0.0756374811058293
0.266455185305861
0.175604921790781
-0.00854212402610008
0.116289603167704
0.155888200563101
0.0379175788118386
0.0402805573872012
0.175049648681988
0.0291086406717453
0.18123619745163
0.137521660120478
0.131576698355183
0.0194094993041938
0.226135070953982
0.0979922054974024
0.094295603552569
0.129716823926849
0.15696710538909
0.160778278511484
0.0402853424798154
0.0344594318335046
0.223084121642921
0.0461310816112488
0.257114353586494
0.0436029063421118
0.252924748884823
0.0846729032393909
0.145184976762748
0.133264743999612
0.109186195294126
0.10815134200326
0.197721141225906
0.174558268282692
0.105065154738679
0.17897762564387
0.141011162073521
0.181803499017092
0.209485191832916
0.169043473042812
0.24640705450391
0.249081617316911
0.184784609717005
0.18316592751066
0.305008290472096
0.0342601683470652
0.281237677885633
0.218412760599799
0.187451938058614
0.193323182130573
0.244721874656786
0.215085479233136
0.0568019554241328
0.126321735180037
0.286281815984975
0.108983442310505
0.231973785048992
0.195490878319354
0.250450715827118
0.161613242432203
0.0874415410143602
0.290425753168466
0.231732576439579
0.266473480618018
0.287266580451726
0.102401122963175
0.110173074919402
0.366960538457259
0.184622773968061
0.166534287057802
0.213545674463905
0.235492139438452
0.273719096503539
0.0945571682252923
0.261874795409337
0.446619676465778
0.150427271972771
0.228616269551926
0.243873537360415
0.131339753311619
0.0811428640965829
0.427545959673994
0.313718512140569
0.249792384304317
0.25547188238092
0.18293889382176
0.147202628404812
0.325896278459158
0.21567151915352
0.197501830162909
0.225688226079345
0.313423423578693
0.171438432984229
0.402583178691841
0.316409873867073
0.331587976539538
0.238099541645372
0.337692804650325
0.160805352834834
0.398134375200883
0.226657421599304
0.297127230042943
0.366706285669004
0.297210218165898
0.333304247776792
0.295756653402488
0.153249135313935
0.145305403717819
0.36826181247227
0.311117008850504
0.325162753897712
0.237470101680597
0.253083985713697
0.325638679905804
0.461422299047392
0.311576444365253
0.364000111582951
0.368604384562176
0.44760184656475
0.402773521450372
0.338623422037795
0.244370532941149
0.202083526622236
0.420193975959726
0.440927053275736
0.246691195213446
0.365430411412826
0.52084433336657
0.212581783553735
0.311431030921647
0.244309975140264
0.282849759014301
0.331422153973865
0.342023519466109
0.389923454586525
0.395619300201254
0.273008806596672
0.300245947488209
0.257234857779575
0.344502063461414
0.424887479191822
0.494865966380279
0.453079642468637
0.405454220809986
0.398496673768311
0.44869239010704
0.235675509946013
0.385407185309125
0.432836672315745
0.369226462605596
0.390566891117487
0.367754262434489
0.414797310304273
0.376709065174478
0.532749740439038
0.280063088105594
0.312572115582374
0.353830317407781
0.341908156034207
0.370320892927378
0.44426099052431
0.356381737920785
0.360491503658593
0.225624428196248
0.381329531541008
0.464933124862206
0.423212935059592
0.46530263274486
0.562888060409061
0.363661188439693
0.501249896414603
0.406725331019856
0.424848168275716
0.478883092192818
0.403179806939733
0.476353286254473
0.373098619189362
0.495745831460445
0.432049556883343
0.565732565651517
0.484866723144833
0.473398001222972
0.402114547711477
0.56862582972515
0.461374919138832
0.510859622335251
0.41493007371355
0.637883537251473
0.484932453826026
0.54705649505549
0.350208776655273
0.487101303789377
0.60044396042203
0.381875775223385
0.486569174145376
0.432853896355538
0.480074170940875
0.599674331257578
0.342139805180017
0.388221794046563
0.521633930141616
0.416659267847344
0.636735757073875
0.564422058721915
0.401835788704825
0.613791820278351
0.409672891605456
0.604991126365032
0.470989152406541
0.510757513899564
0.589504697536291
0.5844752485516
0.51544177448391
0.545256401012367
0.406111095887003
0.585591916359848
0.535068125128325
0.372340352880208
0.421261056097477
0.551301568579256
0.558973565926758
0.361450057986623
0.52930296757985
0.619764786036426
0.42152663223788
0.576775394547505
0.598542225820931
0.435263752509511
0.58638289756974
0.436130785730281
0.629939984174028
0.502420400465724
0.567846873171338
0.693458799276514
0.559756723278567
0.632860251633954
0.59085524817057
0.699901299430044
0.535003287958166
0.542316809068581
0.554480589542353
0.453910886999163
0.346664169233729
0.556990300571856
0.556611342375769
0.537364294065314
0.571586221585147
0.668245543063865
0.532401056103274
0.464744558816462
0.63614187258071
0.625062857692159
0.517888949107956
0.711155303233349
0.421421040299422
0.580443007551657
0.595054553095949
0.564395324120165
0.554556481292529
0.820491524236972
0.556590063378361
0.711011267743861
0.53313296150104
0.546241222049707
0.503246602140101
0.619704004554908
0.752174929268293
0.677180135237981
0.613437333257008
0.530280571006548
0.577685970151899
0.670084925323887
0.598790484034283
0.647983967897228
0.627046451486568
0.534050507782732
0.675402778974656
0.427025540196827
0.869890219276911
0.648229942145793
0.642999948476888
0.72458645162428
0.626838179904627
0.65271525667819
0.670022354199474
0.683724996102287
0.734196276728482
0.566003837573317
0.705802018246562
0.731585525975865
0.639770867992582
0.639735873958717
0.711037163522406
0.64462756262353
0.714383035936721
0.696073516243727
0.75821426349614
0.483274787024176
0.730807578674045
0.7181977120177
0.625943432798877
0.767297206194501
0.647730153906107
0.70449990123034
0.759394294944951
0.617638211947725
0.69513056812057
0.77094805670639
0.611135720819525
0.607805088281137
0.545246120977776
0.666564317945788
0.758947570308243
0.597198014117272
0.631755720513595
0.651973113656528
0.664184697845619
0.766298778815996
0.71319777150227
0.615641538230365
0.574593125087634
0.761914690213865
0.681597738613913
0.678774634150112
0.666645478869589
0.679567670219418
0.715921365477141
0.79179943818626
0.805138010116103
0.684133784866272
0.670248541604173
0.738706034216252
0.67986406068441
0.750313733614124
0.654062511976245
0.594407497477665
0.732944792627431
0.649452497008946
0.88719150442138
0.797294493142583
0.727562310599354
0.724875678231636
0.811645575585325
0.936138519528009
0.704524555081633
0.749177962195592
0.669198070993173
0.782582898383623
0.883450620081699
0.778258465652883
0.592486028889704
0.81105398474119
0.73489514684194
0.82890194707603
0.678413310443346
0.739837775773215
0.740665437666152
0.837227248306876
0.678963687233907
0.734063703710498
0.772904930116848
0.773092603896223
0.690951868427252
0.665447264523655
0.836373819028771
0.954569785046432
0.847104640960662
0.920453635030027
0.873770353542551
0.836279337013732
0.917083402480479
0.822508832158207
0.754373720477091
0.776645526158027
0.712608571057979
0.820518692407144
0.935192734107785
0.800183585230636
0.757250607327541
0.765834695303154
0.854471203080836
0.683064790308036
0.94848788163544
0.766708042209448
0.809476880109795
0.773096141459696
0.925972272867537
0.868235156863555
0.886677828222025
0.722963483530128
0.692740455208949
0.885283498457409
0.807303141527222
1.05691243004044
0.948131146394832
0.766269230109473
0.879612357596755
0.760639261515977
0.861055798071308
0.794872138927855
0.764280361113749
0.667209156533082
0.843094526325058
0.913080519057132
0.944503358374051
0.832205308404978
0.899266634327031
0.796265351394492
0.90373019579459
0.924887595786073
0.948410913399792
0.86564285684127
0.868739861190912
0.869969692401485
0.973784161414043
0.967721707122293
1.14240347524913
0.922667021229371
0.981090321943294
0.99704956695223
0.993723881037555
0.925108437846202
1.06151981234136
0.861400166407167
1.04706897678243
1.00697179085836
0.813102221619085
0.900377663324166
0.985109532803189
1.07772547649973
0.965092688312034
0.842094433145916
0.973954688511256
1.12331804163415
0.971009993879732
0.991963919818184
1.01074802339572
0.830220856429377
1.00865347853022
1.0195296878919
0.986368704009122
1.04905412913372
0.869843099466479
0.994485296166785
0.999759748846574
0.928597302764341
0.984287627796988
0.972398995980868
0.930828234382172
0.989560633260178
1.00187384307534
1.00993568623531
0.961780053632328
1.06838592924819
0.854409563293117
1.04619495494553
0.972320959206566
