0.0238028995596119
-0.940940207542167
-0.963806974735571
-1.0098138714297
-1.07316381854485
-0.875240546968281
-0.980989483002337
-1.08472156336128
-0.971850625437292
-1.04574578051168
-0.922155751421186
-0.928704585235318
-1.18244310397812
-0.903319622415324
-1.08858206910813
-0.892057019807157
-1.10603954374387
-1.00979924654014
-1.09021528818475
-1.07475187917608
-0.89857294694502
-0.918648986836235
-0.937656964347988
-0.960981816525636
-1.12827850279669
-1.02494273771449
-1.03363854935745
-0.872926122116737
-0.9762227043381
-0.924396860211022
-0.809755229099702
-0.918402698632171
-1.0292844710512
-0.958888216567003
-0.799562724289515
-1.17295085216913
-0.956687613889505
-1.01714722350603
-0.946672947369102
-0.83745180912204
-0.857730326110266
-0.840395027872408
-0.892493843192933
-0.999687424116603
-0.886157964141896
-0.979690945125945
-0.916663013397768
-1.03694939978813
-0.94290524297067
-0.780167001523857
-0.885291311213334
-0.875015772776609
-0.868480638421564
-0.909653266348519
-0.744276870794511
-0.879047622176951
-0.960932450182374
-1.14700891518649
-0.847823547920897
-0.857332629506384
-0.906144843715582
-0.866292805124613
-1.01250820915096
-0.789372236823694
-0.892395311531993
-0.92896248566992
-0.900470703625252
-1.02274687885298
-0.711210123190404
-0.889340742800867
-0.92867024259162
-0.906755599544184
-0.970787537481167
-0.82530808708356
-1.00055456568116
-0.769708883855156
-0.90940391757152
-0.947248263429203
-0.698501901664434
-0.705437876969327
-0.684821540813169
-0.761605292162152
-0.692826297449434
-0.949939300497693
-0.769262110778042
-0.787755531208481
-0.907219946651719
-0.907341208943919
-0.932350893287933
-0.852167651995841
-0.854552994887571
-0.812872058862622
-0.789599113452513
-0.882058617677509
-0.85073566286128
-0.701243024855919
-0.812376999758138
-0.870268100601918
-0.781027700311759
-0.788144628519976
-0.718066241078843
-0.831678649740799
-0.762465446551311
-0.73915706540665
-0.899891745026665
-0.74765069421495
-0.713216780643311
-0.702626238786399
-0.878990309221515
-0.684658252811531
-0.931371023673355
-0.829591926761179
-0.757912089021102
-0.868709956031707
-0.664310316684623
-0.649005537067688
-0.796733655859609
-0.875141511963081
-0.838025183873125
-0.856504817040579
-0.819304542896213
-0.655815858197324
-0.737059617748398
-0.795629190781826
-0.825595220328618
-0.665446790599854
-0.869234629412389
-0.725969038340092
-0.757002765533203
-0.782293798434027
-0.827523644146582
-0.769683001792869
-0.86398762721679
-0.778697590516108
-0.589686458520197
-0.77941455917746
-0.711572345911955
-0.772893716670312
-0.806719941562675
-0.793993272031854
-0.709761432432312
-0.738318551242675
-0.655486256995638
-0.792626725162907
-0.742861474485132
-0.680928625917114
-0.728826490248609
-0.743561663313082
-0.691873915380102
-0.801650838849539
-0.697660133930136
-0.674785655800094
-0.805015836268241
-0.736135473990504
-0.902629634399276
-0.599926517910329
-0.582226406540098
-0.70075234872754
-0.697884850170126
-0.501385949669155
-0.640533146745206
-0.66837946111312
-0.551177955379277
-0.628573577301598
-0.55625305643705
-0.718024568815196
-0.735540826127412
-0.7102087808211
-0.684557727278555
-0.760861617042303
-0.605365210184713
-0.702100720451635
-0.740219219872822
-0.644974506263229
-0.699634351852476
-0.414900589332401
-0.503415544529349
-0.710591152864473
-0.607189681360936
-0.765402414502252
-0.621985968174911
-0.587234813233778
-0.547521064710655
-0.773910036689377
-0.607984009914332
-0.66374198351044
-0.588328648274508
-0.584657834817497
-0.586919938745149
-0.668147849137234
-0.445086961204249
-0.655789063900654
-0.640243219508294
-0.585220928191325
-0.644254448665134
-0.700328889488807
-0.611860642106375
-0.572844748483845
-0.660586992176398
-0.499994681114785
-0.510774700112422
-0.671437477123639
-0.658906384156953
-0.516202095965823
-0.582925959121546
-0.545655984339269
-0.576260611327478
-0.629571233483635
-0.716056289546663
-0.532274427829771
-0.671615192434381
-0.564802208224177
-0.615680613965932
-0.686680350571885
-0.542313742640186
-0.553689763605366
-0.459053938397125
-0.524960270145301
-0.583662245772434
-0.572470360397584
-0.664134968088091
-0.599996734273877
-0.761043953986736
-0.519588555891474
-0.623642658275481
-0.644718295612719
-0.695654842167704
-0.416718294969389
-0.668770871851066
-0.43119834403304
-0.521053022007945
-0.581162994652201
-0.467608103963843
-0.564806772624332
-0.57274822578903
-0.60716331480809
-0.689232102028718
-0.367180538154858
-0.338047867339033
-0.581400361197414
-0.596890946796655
-0.620886819730003
-0.582611021292077
-0.457893486635928
-0.494821919864674
-0.414859517744639
-0.437017306145115
-0.692967837018664
-0.567232843002236
-0.474914485532525
-0.443516652772015
-0.49255963345889
-0.461650516041532
-0.505526300553132
-0.51722713711567
-0.494462842851502
-0.452908363052041
-0.325137203765473
-0.546920179156225
-0.515287975242714
-0.400682047594773
-0.365877865731124
-0.503241605140511
-0.352773993338999
-0.568683522808787
-0.590853213647042
-0.497139448497287
-0.479500388536409
-0.346182236898842
-0.348072181498971
-0.389882423554917
-0.587305422608895
-0.439980298005111
-0.527367479255865
-0.407731273410769
-0.360718453112832
-0.518729149261581
-0.455996212293417
-0.543315325490048
-0.53963593961518
-0.392880433505336
-0.420973698314506
-0.386161094937632
-0.387660379905917
-0.349112832886229
-0.292836545013513
-0.485083694837228
-0.378504982082138
-0.323749381660966
-0.368439380505743
-0.351038965088111
-0.330575641477665
-0.471879838370571
-0.415971102109952
-0.490504869761924
-0.514119772360318
-0.409489048636415
-0.514506395074622
-0.265522746823373
-0.363086996179937
-0.473181297373543
-0.357801959409443
-0.346002115797949
-0.3062645636163
-0.624262462307188
-0.395313785750422
-0.417537972334071
-0.208525542379873
-0.434090648963297
-0.433260667231551
-0.403969374991728
-0.352606899700667
-0.234278745268964
-0.429671781296882
-0.497469922194512
-0.382954694285269
-0.436566418839546
-0.435685089733193
-0.255546064125948
-0.384094101802427
-0.341635517403081
-0.299505808458748
-0.292953523371786
-0.31347071863787
-0.354127249664159
-0.406811718398095
-0.344568181320254
-0.436640734139902
-0.228325519188668
-0.477274115444407
-0.354002554016489
-0.342832050676047
-0.275236310480621
-0.202110784819381
-0.429264288209615
-0.356047304639364
-0.393615170318883
-0.239967616297673
-0.336064357130552
-0.377665961011749
-0.25577706008076
-0.41798987409204
-0.270213512118657
-0.299734401641092
-0.509433541459196
-0.307260687767282
-0.209682413726501
-0.337625378371619
-0.105121155849291
-0.364335541359786
-0.183088566677406
-0.417237010180638
-0.322899582840408
-0.26119804633439
-0.22506462599291
-0.164052792689694
-0.304404384750739
-0.263479352156115
-0.227931863386914
-0.0850464718526294
-0.351440237588215
-0.172222969478347
-0.19111603767215
-0.299901488759224
-0.249333590085613
-0.36818077071079
-0.198551522862985
-0.145710956782865
-0.332033351216474
-0.278423325147683
-0.0779844008325341
-0.13783054523496
-0.227797434192069
-0.332222602761979
-0.0965324298601186
-0.221688784613077
-0.192893810369616
-0.336221328615046
-0.332826353156396
-0.20599710350917
-0.31577254315013
-0.141511775074671
-0.197460180641504
-0.156519759921041
-0.316119335559558
-0.180615001289482
-0.36916496785756
-0.260185422489095
-0.193542962523323
-0.119219625495859
-0.110318219359546
-0.157339425597006
-0.311975867220369
-0.119324641430652
-0.157028074355242
-0.262303927282164
-0.0929510814193814
-0.308244052038202
-0.167213493515935
-0.246626262484136
-0.238391380504123
-0.263121688759211
-0.303131499659567
-0.222973718213709
-0.425029490798452
-0.293334979111478
-0.249277633796162
-0.24705304154942
-0.173163542994645
-0.146754900379426
-0.269378216889476
-0.349455811918233
-0.294273050674903
-0.150826077632969
-0.268570629449237
-0.182670015549789
-0.205202731584628
-0.245696026744073
-0.177256912511045
-0.288297831210069
-0.115180483505237
-0.210156820297573
-0.145165612825679
-0.0702702161204763
-0.172967325699842
-0.140354412361529
-0.240795254082977
-0.140624660029994
-0.388801161925969
-0.0495652090463521
-0.203534299538175
-0.0796646739621959
-0.176262436356025
-0.0860557576817386
-0.133891157964529
-0.0458683837186445
-0.108449693673604
-0.181085347360863
-0.0927360124559686
-0.0737506309999333
0.0441693008254669
-0.0702881847972609
-0.270760543906236
-0.228757666498322
-0.00547261888973832
-0.290277132254971
-0.129058882318525
-0.0323369518842099
-0.128434678987343
-0.121518962282068
-0.0175344626907264
-0.0536056173158984
-0.0426973572587744
-0.287196831686944
-0.128191407479774
-0.0864473159880199
-0.0310142691657355
-0.090815584499245
-0.0545883305820121
-0.211005291236738
-0.14760296025354
-0.0870645360827762
-0.0438996819892513
-0.195655552788045
-0.0844341173649139
0.0299633843604611
-0.0400803697328911
-0.00551168878986366
0.00530764888436889
-0.190824714239808
0.122651123045211
-0.103105090261566
-0.116773710834461
0.0322845484576908
-0.0833785606253531
-0.0706470736116124
-0.0658836464644425
-0.04601422107115
-0.0371860548122214
-0.0109145653318299
0.0741947891163294
-0.0640571114752465
-0.0232392911159046
0.0462420293409966
0.0447165385542538
0.00357692555409798
-0.129307452335916
-0.0129769196134258
-0.0744572920696167
-0.146118615544469
-0.101325448134406
-0.0946759195177102
0.0515298318004673
-0.00780703340263629
-0.146603739038492
0.00467243445978564
0.0650609893613883
-0.0499172333376159
0.0484256072291496
0.00392460035655813
0.00543153868107351
0.00656421508543735
0.123034182590924
0.0169187056700388
0.0406676831268564
0.0219189617393111
0.084990734718972
0.0607583934603041
0.0297541231215086
-0.0791827381525015
0.0948182474609613
-0.00178170068325995
0.00453969386696793
-0.0440944415231609
-0.125999150217505
-0.0489958592238729
-0.0591252420942134
0.0377011303990285
-0.12060651133513
-0.0518335762586854
-0.0309109004932467
0.187312664379206
0.0076902952933314
0.115414848852315
-0.0674256334705464
0.090195894324224
-0.0354903828261352
0.168107886708981
-0.0166413109262629
0.101131837915337
0.143610448793149
0.14956626458869
-0.0818318764890361
-0.0852395729480427
0.00874453335756423
-0.0615591328840557
0.257168421613027
0.0226354841247789
0.0669529379215632
-0.0201831561263178
0.0430286708623918
0.154833784365085
0.136474649285498
0.144807036736284
0.181864214006965
0.0483033710843367
0.0684310727180938
0.0727650111014186
0.145616221569903
-0.0189499395976694
0.157106501927203
0.173205758261845
0.0511597138497971
0.148660843559602
0.117766113536305
0.218946552124534
0.0980101457133999
0.122342597520602
0.0450484859931748
0.0614830091896747
0.0227506691168631
0.178123860450125
0.0412804492777969
0.0701697923366061
0.0544058528036417
0.0472714818164589
0.210090272173359
-0.0372604124194684
0.122905997275517
0.242553304640204
0.198034077679043
0.229240560345508
0.31147879932673
0.0988546205320805
0.22729625195593
0.3386314910108
0.279308281550676
0.135108621299031
0.213702216690944
0.266089044357267
0.0645363391133568
0.147318267686898
0.309317548214203
0.193990423825999
0.072560295635148
0.268554823466846
0.18790075348917
0.290836859713794
0.179389864217567
-0.0106236722553502
0.265423260683939
-0.0221459467085941
0.246893006579893
0.22972537669361
0.136989005502591
0.205378224632888
0.0479792371356421
0.188370883657671
0.216491993738361
0.225732997835601
0.210992798767652
0.223032836010341
0.108819035233834
0.17385356037656
0.326160724798136
0.103762500710747
0.220387234773893
0.194929634646093
0.310973226271461
0.186763621082485
0.204345863721234
0.311952675029439
0.0224471508589479
0.188457400530739
0.170778502307261
0.063789677766325
0.24997968514434
0.211527250961573
0.290708807841755
0.25899171733855
0.0998059772777471
0.371451120602368
0.249840956509625
0.258216820020183
0.145137256918647
0.358048192250729
0.283930465855344
0.217591170331527
0.369329407094023
0.355863275572647
0.188536342330832
0.236228022155509
0.297505066381933
0.324893892165262
0.216394654552931
0.189776034459152
0.262782667559162
0.218271679612028
0.366892137868296
0.282070032280709
0.26299340918295
0.465604204443673
0.233848427326481
0.274612494558672
0.232920849005185
0.352220469811235
0.292282255298178
0.20989142196893
0.277818897757263
0.148427505068738
0.147049762811406
0.436745007708943
0.343415604559948
0.430810390108375
0.251765119235111
0.342844411326139
0.372537878306869
0.234446265674573
0.267012166140077
0.426857329409706
0.211045532656777
0.390291739123119
0.273250607851996
0.412340435589935
0.348193351142611
0.261197238828339
0.363810276014579
0.27470850584508
0.344784569207632
0.239151190409941
0.341864132835786
0.378732040513608
0.24183073823341
0.343302931581679
0.337574512083145
0.477876028681587
0.462162097252247
0.455345213237075
0.509439140690433
0.320131233630855
0.411013606103985
0.461952309588065
0.351060848059646
0.274513822470314
0.329069760345917
0.362371868744957
0.365413374458601
0.376743681684348
0.409038323846203
0.366401335451885
0.309575903652828
0.48064687059904
0.400441617971309
0.292704112140932
0.418460852878182
0.311234699078396
0.375857750298068
0.327706224709597
0.469024598209767
0.517596530671706
0.370554584021512
0.400780600961361
0.441256551495419
0.377511345587848
0.473864562205016
0.358971870539863
0.512523145043636
0.334092961939332
0.413407152421674
0.489750390889577
0.4751799125721
0.459456525405397
0.477998885973762
0.34512965025185
0.374161496723634
0.448311157320144
0.390803166781558
0.429979160966964
0.366107478175188
0.403926978105717
0.549749300898684
0.38433190331283
0.322419104330715
0.417409131700244
0.437844155660482
0.523998778409329
0.379271745024294
0.276065928375969
0.464740995610369
0.315456637612717
0.376471676714436
0.362140267737855
0.359551898016879
0.558389657394244
0.382079522415123
0.432083695665706
0.468551840973264
0.43238046092616
0.404702518898168
0.552832563697769
0.506416622379618
0.571299049274498
0.573960228082954
0.53536722208594
0.356245943003881
0.547341649955111
0.477078964132833
0.454233072628699
0.462486909349725
0.527421562203214
0.612150631543517
0.689487190200381
0.580748612115378
0.589414400420218
0.510817566999753
0.469677162908033
0.504348580621832
0.423956807931151
0.511775036000122
0.522553396759346
0.629533580558846
0.647155845280007
0.543075732183425
0.581248779506132
0.459713856491749
0.611947834842781
0.556655030936949
0.578960722205703
0.441305789627078
0.376199385470218
0.479295060734949
0.559409205356739
0.528685815182931
0.475568412229975
0.623365038577179
0.433252179819832
0.558147242442597
0.506777000884697
0.573334603621534
0.528995409812966
0.448004416485391
0.625446694513925
0.623253291239576
0.64976373177375
0.502728345245119
0.641425671197563
0.44443714670731
0.653256409984115
0.723738964110982
0.644063256683673
0.460538492203771
0.447218116201937
0.513335375437273
0.733882521194529
0.669272934801508
0.656608063572557
0.681889735292221
0.606774085953179
0.518116034779639
0.539845452917731
0.666617211923458
0.647632271774297
0.672020248398693
0.56386785651814
0.487302178604596
0.699058298841579
0.57538460257047
0.710405623231818
0.586121612201363
0.663847475124458
0.518722622211533
0.645014264214266
0.627381166837665
0.788723759683667
0.590061451358222
0.561989186888293
0.555259766047768
0.598247102550751
0.608497421791392
0.588305625396406
0.789313848140099
0.680062795044216
0.601135459666226
0.605598941550537
0.737408208646244
0.631796015920599
0.655708307995968
0.689393372045316
0.757362487810224
0.691771011583068
0.688165566747375
0.747552223617568
0.701597056551644
0.599343728620697
0.582041488971626
0.683894363509416
0.610075446688129
0.68081167050777
0.866096087556692
0.703518995495631
0.822643258603262
0.811639842787418
0.712147612971772
0.631849359690647
0.628021529223851
0.66661396315504
0.716151425568958
0.674053204277713
0.710992987233956
0.592676914498713
0.682659036183543
0.800376036950725
0.629126080218081
0.685187053432448
0.648266726723749
0.5858956365257
0.685588695642892
0.732778782300044
0.708991243831372
0.568664161970036
0.731261973920042
0.750528035758539
0.601424037387253
0.613133300934151
0.600414173693806
0.853117370994069
0.585388163463245
0.803270113099761
0.784267504998515
0.780300923997394
0.657662488289623
0.744801326916126
0.721119849637216
0.813261962532944
0.804544175193311
0.683329361928792
0.906707397639576
0.818931851722293
0.669735667643591
0.861074546580924
0.677746720685842
0.801384631546237
0.671085465281121
0.794336687575046
0.663131267144238
0.794865068722779
0.742203173939242
0.7921293558132
0.865552220333486
0.743439567710542
0.830075653868584
0.720200723035403
0.845876917193724
0.857618588714565
0.840192292729996
0.765864993762525
0.823785523951469
0.877776689395873
0.772703553794684
0.799547142064784
0.861054191863868
0.911116210628039
0.857291385028292
0.779397513237242
0.764171225488085
0.682224244589168
0.845581782397816
0.802141876591178
0.849706983898179
0.868040724799278
0.899368306420517
0.836165899652506
0.734438519848275
0.880715492407328
0.864264350349761
0.773846050691243
0.982942147300281
0.8562619221158
0.967361827739359
0.772243197609407
0.664350543376438
0.799865126186081
0.945495347919337
0.930516506942909
0.932666874758297
0.844331994105431
0.955262023076871
0.769013696830234
0.716376906006895
0.961014416693856
1.03429782734701
0.866509663859008
0.775392412716615
0.876655678288329
1.01060108127323
0.731514169318118
0.965936759920127
0.951141480857275
0.844635232757512
1.0079714023381
0.974766335784864
0.877728052615177
0.836671498342935
0.86862222610831
0.857167846541892
1.01021158610548
0.899267550463183
0.946653125559671
0.902401153861825
0.89867417247042
0.945263955789097
0.84869145108074
0.728120400329592
0.967940523610968
0.889337353354136
0.786533174669378
0.813109958105054
0.887515842815871
0.980652464342514
1.0194683935611
0.916581850431627
0.984910543573753
0.97150405335036
0.970587101549636
0.81560205500731
0.84412619654149
1.04992492709777
0.915857843132647
0.992947171357703
0.851647609919798
1.03902059843018
1.00405513080792
0.855356296335739
0.964158004610573
1.05878290123526
0.98685626400069
0.876230372727873
0.947182723966873
0.895943564299301
1.06119089631332
0.892549008926087
0.900595689344778
0.954072784868474
0.820635807904075
1.04545492815173
0.94538807164689
0.807451899448375
1.07241058478733
1.05988905627178
1.02779112482785
0.999331781890119
1.01493265730301
1.05807799200835
1.00175807530367
1.05461267754693
0.997792739767664
1.12312820081766
0.978121388203944
0.967365154304008
0.926639958711654
1.01300440129488
