0.014520938693498
-1.03302671124604
-0.910502189880895
-0.901457270701959
-1.07721331974125
-1.05028419229234
-0.909414487451137
-0.917769448055687
-1.12799394470853
-0.933260234890253
-1.05498801028803
-0.971603777386097
-0.948513832570651
-0.962613948377332
-0.911541214790467
-1.02073279375492
-0.964400050938324
-1.01375201961326
-1.00863429188062
-0.844515023668468
-0.942472748583429
-1.12885798061331
-0.845458019764689
-0.89221043358317
-0.956397947103367
-0.954572185040105
-0.971390009783655
-0.991890575638236
-0.826123080605692
-0.88306266918788
-0.814060791711303
-1.0400016820205
-0.988048206464284
-0.999446669727815
-0.971013283456157
-1.05454865543182
-1.04575477684826
-0.964490685122956
-0.890745110348119
-0.896359203168632
-0.97814686001151
-0.930597257892974
-0.853965634247764
-0.994205408656202
-0.821594346913383
-0.812615383435618
-0.933559594702847
-0.832961184546002
-0.893348216828345
-0.765478798869936
-0.830256763359982
-0.990554540625999
-0.88779505187858
-0.852240899574415
-0.810352583355659
-0.801590877952795
-0.923240142752778
-1.07051547318776
-0.973985854518037
-0.903369712508541
-0.839624232244476
-0.803497704782126
-0.783943731857695
-0.945331386190421
-0.88130854452925
-1.02854415743417
-1.08233196720608
-0.891245070032216
-0.864519909492421
-0.841118405278452
-0.778147346924558
-0.735372490168456
-0.662373987264998
-0.805248471117312
-0.812889702192515
-0.691429667691411
-0.803518369645178
-0.885029093749814
-0.743438862509211
-0.926429534738598
-0.815008776150952
-0.814709388703994
-0.790051850634218
-0.901896783867903
-0.904929207038197
-0.845893041472739
-0.756891222185854
-0.764722355698651
-0.901819483127961
-0.865628137832144
-0.85008855105689
-0.713666243600198
-0.807053962404672
-0.811536268369243
-0.945305689511007
-0.904277292274553
-0.798148382400816
-0.886301170900918
-0.833732720533474
-0.830338541078661
-0.79421526570121
-0.822367697101267
-0.943515549024679
-0.643803180033399
-0.866367558625316
-0.823843503128726
-0.832443923104232
-0.635955836106309
-0.695144441033399
-0.839686099542657
-0.781618946517436
-0.749139607797899
-0.850938335784374
-0.681661097312558
-0.612358180630959
-0.665789187868253
-0.858889303494382
-0.763178057197954
-0.780491280904699
-0.710846878278856
-0.588766102118798
-0.705424048973449
-0.862743151306312
-0.58380324738392
-0.720026678881209
-0.849541037068077
-0.792085018888283
-0.687797703231428
-0.633359518708706
-0.794655560400076
-0.639866157184596
-0.659368407306311
-0.760897577180043
-0.631654265834159
-0.737551497694979
-0.720798201779891
-0.751016182407852
-0.634952539364782
-0.607009557558087
-0.818978681203859
-0.599660427236697
-0.770896687113908
-0.731084780287266
-0.6722170243937
-0.589498685145962
-0.616066717115026
-0.607384131502684
-0.794181482459775
-0.69900025193807
-0.741661655974889
-0.66954082586466
-0.546825427601332
-0.872592796104375
-0.639209046974417
-0.767127436081836
-0.728671242836624
-0.579277537614331
-0.861234012227882
-0.541199951840335
-0.558821161091169
-0.598320313571872
-0.748265131882089
-0.706245738714496
-0.674429727296506
-0.67323380886742
-0.664029422491363
-0.587968985369417
-0.716858690008296
-0.750763744592888
-0.640530952202986
-0.713045592739177
-0.654873923894454
-0.814660775384768
-0.793479852375011
-0.708274880510158
-0.821305470332802
-0.740694548872568
-0.498731591320812
-0.675167681267751
-0.859590660822214
-0.578406177330598
-0.62312272363188
-0.688836594209641
-0.657889339894812
-0.672025807504993
-0.806444071183318
-0.706174523735801
-0.651092315095211
-0.630540121118482
-0.56772785152638
-0.549071731214181
-0.540171672916584
-0.696657779775432
-0.722718372532761
-0.598652083325839
-0.576074727474589
-0.702274074352438
-0.661012637944265
-0.671200686968076
-0.679012178224747
-0.64189320080772
-0.693841741673237
-0.799034202245391
-0.589747786466026
-0.535304095849432
-0.559579233376905
-0.470630982276178
-0.714354545289693
-0.549321382078966
-0.54050568952065
-0.672214773748759
-0.551734562991884
-0.627398299109342
-0.588890396939898
-0.703649305269945
-0.483414640082459
-0.674938163977313
-0.52397087777845
-0.522110810215308
-0.585350100765007
-0.612843809230649
-0.524962164182206
-0.534210040919196
-0.615782214854761
-0.484793144586431
-0.625945813654562
-0.474133750234733
-0.523535809966121
-0.678480932138655
-0.481739469662737
-0.421686107203378
-0.607001659052423
-0.719724937869364
-0.61023621161026
-0.636019289329055
-0.564370788848256
-0.505046961423629
-0.500443346594084
-0.46424004068021
-0.615202283572968
-0.302065836001235
-0.440348462395897
-0.519001653826736
-0.482629575684057
-0.367374576086026
-0.520068295914113
-0.565065082804518
-0.515881233098031
-0.449059567127028
-0.400875873886659
-0.365126518195284
-0.453380665356188
-0.709273572855777
-0.495230729819626
-0.570753802390244
-0.444856869978991
-0.597825431294061
-0.557062669063223
-0.36771159786053
-0.382789124158342
-0.594227427637997
-0.504307447570991
-0.466577531624831
-0.494746070499768
-0.326676894662929
-0.409708718399138
-0.348797247972854
-0.519502100329513
-0.332371452134569
-0.645593461608045
-0.3989494625262
-0.490584404052734
-0.585171508282642
-0.422346503530745
-0.396075163935017
-0.517224707446224
-0.464446312784961
-0.583294257547346
-0.277256888848254
-0.507514541560175
-0.442352399460723
-0.544386547552822
-0.439094620700739
-0.558212973074234
-0.449707355609751
-0.442016835129107
-0.57714818386015
-0.419185635063019
-0.426723929355668
-0.447096130761525
-0.496068921350506
-0.297128322132264
-0.400328858173222
-0.506824434476206
-0.342634525408027
-0.432891938716119
-0.382545763456062
-0.427924349508652
-0.361034986850687
-0.304635234631536
-0.595670289689919
-0.397228998518392
-0.324356270104287
-0.367874111600355
-0.438185511845407
-0.298613473967815
-0.412003106293028
-0.424375882256245
-0.463944462415929
-0.404883796573623
-0.496095960640089
-0.307079921709117
-0.392528242919735
-0.278918423662726
-0.380953446706211
-0.366436402712769
-0.330029267766308
-0.277228467274169
-0.411860675460093
-0.464647137785554
-0.430503655351553
-0.48294308730812
-0.256091369270641
-0.258302327442884
-0.285477486059967
-0.349007962322597
-0.407232401334536
-0.388381517922914
-0.370508657655189
-0.386049095471087
-0.327072426796866
-0.323810407711283
-0.388022389143577
-0.323426759390447
-0.325491127869358
-0.31298446258883
-0.381394183614619
-0.337314621557401
-0.377460825031281
-0.305113355201077
-0.451225451380021
-0.334245274722485
-0.313268722648839
-0.197856638491546
-0.32536061969348
-0.262540531045928
-0.366520840255637
-0.291356856822691
-0.338235036596561
-0.298240815589246
-0.17574043414642
-0.320852804042233
-0.127063604497972
-0.332575871524357
-0.38036390362676
-0.236788055711591
-0.293819547601667
-0.134920824602162
-0.38615368156891
-0.503875697143901
-0.229478008487109
-0.316456597403301
-0.169031981214287
-0.306559808157204
-0.323391971802385
-0.1771399278181
-0.307312282942256
-0.273625526902468
-0.18624746337263
-0.255168542615689
-0.339715177698437
-0.418713017424185
-0.117908148013768
-0.167459955897269
-0.16166352582732
-0.216267335047218
-0.280068437805323
-0.256598228782789
-0.177065377247815
-0.353359497729625
-0.241693769794569
-0.241939051727727
-0.0641975164205906
-0.222432823693917
-0.230389680102514
-0.197183087391631
-0.25212759064968
-0.192873087730129
-0.284046581669359
-0.0520765647677752
-0.196445477562411
-0.0288549179376758
-0.264330181222403
-0.316983656787723
-0.273771492454398
-0.220451833193441
-0.213512976906424
-0.355838511325396
-0.143481202203968
-0.143820749714118
-0.302226644999152
-0.284804134973186
-0.205439920805691
-0.394236664826891
-0.139466326727657
-0.109756100440255
-0.1582458229646
-0.151707631873782
-0.257676969316231
-0.164455439143235
-0.147738418205891
-0.417955476452939
-0.204580948322226
-0.211965272765132
-0.222293192150751
-0.102603299421167
-0.162225345988357
-0.0393053884555326
-0.217592606435383
0.0335652308648887
-0.280528761115482
-0.141569498212534
-0.252794877938184
-0.150501435432585
-0.103596977457776
-0.107658139964455
-0.331353230790001
-0.117169517186049
-0.213378307064758
-0.134811205389168
-0.134662228643689
-0.0819214975147647
-0.0358099315466583
-0.193753560637703
-0.0963166914060072
0.0154740317919364
-0.232062526610538
-0.132024686155815
-0.049853356657861
0.0130195002219666
-0.228381178941017
-0.122423599160514
-0.139700470798386
-0.0184015184199121
-0.0500180002189253
-0.140696624377122
-0.110398466409454
-0.191142943719154
-0.0838307821834276
-0.0558605125790419
0.0077435531644442
-0.0542704570119675
-0.134615214951652
-0.00402442562003194
-0.0741505070912423
-0.153278929992953
-0.180962968883867
-0.162159721715608
-0.137945279222863
0.0880525438077639
-0.236511312141097
-0.00835118191663726
-0.136395412710857
-0.13470925517313
-0.0503440949503779
-0.0420504072003868
-0.193067433634192
-0.0209867562495457
0.0766713940092125
-0.20017564947089
0.0538761279629082
0.129663652083776
-0.0586960259596126
0.00261286483456658
-0.126046843771941
0.0222890635073386
0.00322112679161805
-0.0902520495876478
-0.0821725710723358
-0.0257790205486168
-0.0376106431672016
0.019757429356063
-0.0783055247568867
-0.123757560264673
-0.178149037035173
0.0630517058612163
-0.186275713538731
0.0267487229345211
-0.0492699103419775
0.0404214260491587
0.0134062328341909
-0.106257286602842
0.00451003663026011
-0.060469634389591
0.0647444872138087
0.0739649869547609
0.00917152744024862
-0.0249121115532697
-0.0852289407252883
-0.100466670419522
-0.0562477451263428
0.0153480367289531
0.048837135415121
-0.0486092099689046
-0.00925929465966195
-0.0691565131035988
0.160463474185959
-0.0173475614280427
-0.096429379127468
0.120533166096649
-0.0847496865467974
0.127749975564484
0.00509063161269151
-0.0277247025940073
0.0582360830504768
0.0174862258315701
0.172621432879183
-0.0518701938356291
0.070722944306732
0.148647811444391
0.0902493847382418
0.140451633299134
0.0863323450301206
0.00458836285573806
0.00952818289179068
0.0927719811887115
0.0446266249269824
0.272712769526755
-0.0674308735089429
0.180185710965074
-0.00551642537285239
0.134471320873917
0.0269285967677344
-0.0662043687233809
0.0278312251170384
0.0390762742158778
0.0434198423194844
0.0352471824772907
-0.0452203039710535
0.0999501311886071
-0.114866624035183
0.0241541674309932
0.174105526008969
0.212600710626583
0.0802927951434749
0.229863450165719
0.00634178644805392
0.237911817999816
0.106004980642136
0.175585452101228
-0.0475175427343906
0.230868821019949
0.18686531985002
0.0698444734687618
0.130749136544429
-0.0544624628541141
0.0307958481880538
0.188320122210845
0.0672167934180128
0.157927112067883
0.0762241783919336
0.199337234506533
0.160494747281386
-0.00984122714196095
0.110175768935078
0.0814998455521514
0.0959997576464391
0.0456616910017274
0.0609297652252145
0.00638742655328133
0.288058243786619
0.173772769008302
0.0443967038109688
0.219995769962412
0.251697294908751
0.0437426310491033
-0.00620159997321099
0.198577319757414
0.245956743638348
0.166386748556452
0.224902312406633
0.306656134818822
0.0378439428631762
0.159273131158752
0.106755030901196
0.186738132842667
0.251338994516759
0.348456296064764
0.240926628012549
0.074265000555427
0.164565473825914
0.112432811423516
0.22581675089483
0.192400980286402
0.298195888955309
0.258851095835662
0.297141673973478
0.140534204030129
0.17838408820018
0.215837490371961
0.255359229428776
0.123047173180177
0.20217873448543
0.164817228808892
0.0613614439718068
0.104201646593991
0.0575422263608304
0.420344955480408
0.205287545906757
0.118880197622597
0.186250700571573
0.10650571639194
0.100087214579633
0.40688991561344
0.302574644846653
0.127602345294624
0.228878192492062
0.222049521044756
0.14517985354897
0.238858051275446
0.195351047498737
0.226421984256557
0.184063992156268
0.162966922569066
0.112239317964206
0.383185666813214
0.302518116822196
0.369395875973071
0.233852526105859
0.310794088611938
0.26749490130746
0.196397813604568
0.174050418850219
0.364922612752057
0.233833010367235
0.226386804347834
0.330179157442479
0.340769261618987
0.472567494519882
0.161117473374733
0.273533176914965
0.265482618282796
0.376493654843943
0.384540396872027
0.344870998974798
0.421037706893712
0.394966100871032
0.281645854132802
0.323744040509395
0.28688262244963
0.305833553861084
0.334017210851988
0.394476346372603
0.344474257545797
0.343021159944965
0.40167056695634
0.209574888532404
0.404036863309549
0.361650875796398
0.283330752836494
0.402778436942476
0.226894459175046
0.343716565871275
0.2619767143802
0.173480884641224
0.220969930608143
0.395157677184829
0.507946392088065
0.12610751998788
0.207711552445085
0.438226348429504
0.357618064003123
0.230881679516524
0.313099347161942
0.29715333423822
0.296986657873322
0.416770949030387
0.314625403049759
0.259199087159009
0.52110726675692
0.181157688370941
0.404461279572635
0.450337789130001
0.259830278027213
0.109562139753773
0.501918673528714
0.552865993705918
0.351936399937571
0.242398765857021
0.36457038863348
0.178237292990849
0.382580049650722
0.518539030867304
0.242256498344479
0.506589850230251
0.555606414900416
0.421610503977556
0.32055933823053
0.413837094953993
0.258321517107488
0.436716726488499
0.329609992401632
0.329416100941111
0.2931584791024
0.544338615820759
0.388566981449652
0.352394569491315
0.403064993826848
0.421712276466643
0.4750443723923
0.429759913818522
0.509032769861905
0.295430965935665
0.564783979903711
0.412003995234083
0.441332300491511
0.300140135666987
0.416813076513982
0.442799991861323
0.394986014817877
0.481424625729066
0.394718379395138
0.462737240622674
0.300022217141917
0.426275120342776
0.457251554569292
0.461677250274172
0.291022891511422
0.258520565527608
0.39366329082655
0.578891535421765
0.495154516766653
0.309793507039843
0.445250316042783
0.682450897811492
0.424921499902082
0.441514192303797
0.348338348512339
0.415257898766815
0.495542465986563
0.406470715756486
0.443583981356395
0.342834501877704
0.388155793333888
0.446395147451099
0.524144345698714
0.548153760086172
0.388608783773231
0.536913569476651
0.523900282495663
0.523506515184087
0.442050163158695
0.405689971358331
0.580536951554857
0.530300515603193
0.504963210484942
0.60556317244486
0.422509210761367
0.504384353451066
0.581040523403323
0.528206952529516
0.433251128322542
0.544833451302173
0.343939838979924
0.501891865434194
0.481632049570023
0.526758712882632
0.63880119447793
0.518159041761496
0.5204714207916
0.473925842657808
0.450587745834272
0.436864423378455
0.537362047808323
0.515095786979578
0.530940092338161
0.449771496071249
0.709626389454942
0.710461279186449
0.419011565858741
0.457981883566723
0.637077953767927
0.566373100741919
0.542211042732586
0.649859478942047
0.436721410905028
0.599814726344894
0.525400552349494
0.673200350579856
0.628900370530494
0.577730682983763
0.588884647234815
0.722946643805194
0.586937734377331
0.485403124429993
0.574139121508028
0.484492375119753
0.639415626132219
0.718943486491314
0.651090318535886
0.583466019032548
0.497809964847866
0.501119248887038
0.593556144393491
0.693248200535731
0.657018012253874
0.700890666159407
0.616494408223958
0.579810595913089
0.747414957270067
0.613174654556966
0.609705576411223
0.697196897638778
0.628715623246458
0.603879147847764
0.668675970762791
0.573734970755892
0.57569678292794
0.497028335955658
0.753441630164981
0.772176597805055
0.60909808925603
0.669016201382135
0.630297391450333
0.569784817939813
0.698305239997112
0.536740621629679
0.674421446220571
0.601850719640801
0.686223162255193
0.546042423948475
0.603378164817315
0.814289591188925
0.696016470830659
0.666878925617894
0.681500254009305
0.692571498106789
0.653215132455215
0.921763244337767
0.839927850628898
0.547404675266785
0.694765908520014
0.675683700063062
0.65442796339642
0.654321991657276
0.638440157023179
0.705157471289671
0.680491605217196
0.894230725100522
0.797632367681721
0.641373103662731
0.601029218678423
0.844784707144426
0.887477812881651
0.79251697727455
0.790522789098111
0.64307207216598
0.632659168789564
0.782521566439317
0.571710445359057
0.604656022362992
0.653030538553112
0.684959137299377
0.654878005913622
0.770133499376587
0.667736492078715
0.753880214403791
0.852901314641645
0.707042519256279
0.733852528896522
0.814938563242778
0.830206073624228
0.784348603053579
0.849707771023519
0.694319053204533
0.664969826561751
0.711301889466503
0.754673945354587
0.882806383921186
0.826464002191452
0.815146208495798
0.842497489222336
0.684667789811846
0.730075843331931
0.708512668096943
0.771292594566468
0.718821994608067
0.513035709342609
0.559524885398242
0.816922285630553
0.821807460941411
0.713868220679747
0.776921765082072
0.750082720579519
1.02267566913762
0.700996625089133
0.992546474439734
0.720557562206378
0.684261592856817
0.637255017196943
0.695687858991999
0.735905454670797
0.807173960492234
0.817173211715516
0.753543736369599
0.873301355686462
0.735712897814028
0.779586229812308
0.888677841969109
0.865776340095782
0.864370173068437
0.997789985764015
0.912956964991915
0.564221084693831
0.724596157890002
0.877405258424003
0.744264097128427
1.04936717469082
0.932563965958634
0.910717984183328
0.787104586726612
0.842688454650932
0.773287151763654
0.881604955020061
0.758486001018222
0.708043597244666
0.928896018722939
0.888982893901763
0.664284369053651
0.770603592565352
0.8306696782556
0.78688438583428
0.889692226610662
0.924027811498064
0.889974558389314
0.831336047204552
0.738661329126382
0.824256143331262
0.866024415005579
0.835420906987527
0.840166090377144
0.730276680327865
0.863975334048629
0.918651502486619
0.739920527739893
0.871322884134964
0.879031764235752
1.0086484671801
0.772522875673368
0.937866471131016
0.901536523881516
0.935014202747216
0.992483893004319
0.86709507335155
0.710978056806887
0.841085001238049
0.879269027397319
0.953342417672908
0.993023943051631
0.89828119340912
0.798486203581578
0.927005337064779
0.975097005709038
0.782172501947265
0.947282667762397
1.05411401155838
1.16323145339903
0.821691049773074
0.887477952835832
1.0072675474875
0.872414571619353
0.996209061925722
0.936012282249075
0.952552047239234
1.17341162796579
0.889069381179969
1.07589590158413
1.0472992087857
0.906661918672908
0.85490852296242
0.88212169277952
0.885289730958679
1.04884255708828
0.98579508866882
0.994588061777207
0.932345565591414
0.951907338046712
0.673132252400223
0.907332274956845
0.872234293886078
1.00787570105716
0.929434356412404
1.01486770526157
0.991785352709613
1.09860679507332
0.828734176664114
0.850557441854733
1.25584674866261
0.989843993780132
1.18471378755565
0.956395945896417
