-0.0262442424450099
-0.971059216816374
-0.969959468517648
-0.876353879762596
-0.994339551702597
-1.01526961861599
-1.09439670756573
-0.938468819827668
-0.917521474236759
-1.03058628151029
-0.933308156032932
-0.860153111959793
-1.02537329162231
-0.920160245309016
-0.932064122234412
-0.982472433879185
-1.04236527398239
-1.01771030445336
-0.938854458513563
-1.0902223899365
-0.950429743166527
-0.894195858944989
-0.989108771727017
-0.934003900572381
-0.88285118768738
-0.978214603399607
-1.02746284316859
-0.968938007919271
-0.987421578847621
-0.935330050130945
-0.835167587325016
-0.838387464422923
-0.858063625528309
-0.885618079316638
-0.936549482296564
-0.968438467073624
-0.884992748854249
-0.759517007288277
-0.888157445516047
-0.921408352310802
-0.870506683376698
-0.917770108601109
-0.840302293187707
-0.764883440599408
-0.945085031603234
-1.0059272851428
-1.02703840868187
-0.74990095182045
-0.861558311522644
-0.995280842125962
-0.988589108251767
-0.932926067697522
-0.892625356859313
-0.890153811368441
-0.877733197820182
-0.982999844024931
-0.914524767193025
-1.04094093015366
-0.940825073250296
-0.888765171433065
-0.929606883867844
-0.992803102873466
-1.00664903109327
-0.917197169918219
-0.933003531923811
-0.679787096663125
-0.915817893619246
-0.898385660270685
-0.866675237200681
-0.952607572197768
-0.787925770009222
-0.878733101361197
-0.779607271325239
-0.837293670119802
-0.97195240727962
-0.910832426782757
-0.957518400291154
-0.749920630128088
-0.607161607571366
-0.958283843503839
-0.886507813615217
-0.666494402475382
-0.706490872502229
-0.932376719739516
-0.840430120203712
-0.912969213772552
-0.850923425531919
-0.738836399066202
-0.881246985318754
-0.82645256297055
-0.837667295494959
-0.919855293166776
-0.905512109058441
-0.789789807824096
-0.930306403686744
-0.840361774040963
-0.818714608409104
-0.951495499263448
-0.736137001390011
-0.790218010258088
-0.808969923981711
-0.859205718669842
-0.678301774713623
-0.917198409998965
-0.7213637392346
-0.787137014858913
-0.633794562221056
-0.77935028586365
-0.778081146771794
-0.879403152007938
-0.866392658793759
-0.777592889934711
-0.829296469939295
-0.733950947249428
-0.834086728088343
-0.806064247950661
-0.627549294129783
-0.749685379289417
-0.674655438420735
-0.944067801667064
-0.614138921570716
-0.789766812883959
-0.51662523367454
-0.831470539330235
-0.722088088717462
-0.674187872656173
-0.644828320203533
-0.710552691429931
-0.849751129590577
-0.725719465798225
-0.826045405222121
-0.746978047048113
-0.675770717032689
-0.802002210322524
-0.708453105015008
-0.792691940484572
-0.714990205661198
-0.684453478600404
-0.837684399265175
-0.582499906536786
-0.682723253656218
-0.857920329372437
-0.795312269374628
-0.520722928645359
-0.664903417595483
-0.672221711939238
-0.698875501744808
-0.65257798192706
-0.693316726858019
-0.73870186354865
-0.826079226947318
-0.639930764549968
-0.71709542105443
-0.73233667911216
-0.58871571425799
-0.587757116899202
-0.703682674053215
-0.672701185889939
-0.603175024282092
-0.686687981667734
-0.40600708963785
-0.79226865548632
-0.726564516231759
-0.682175215463235
-0.66296579730848
-0.713662382077639
-0.558984172274602
-0.834354529990934
-0.607328555496024
-0.611672372349555
-0.665707053708117
-0.550033912452613
-0.827549390884774
-0.497812568187273
-0.619583407319246
-0.665422714760238
-0.677103348542368
-0.664134773467679
-0.544834329172008
-0.722218361231097
-0.542620751222134
-0.701654121598857
-0.622433489607984
-0.54336425769104
-0.648154951273259
-0.52579345867465
-0.569539841067945
-0.580979369353242
-0.56140994022423
-0.625408995133477
-0.658805840157714
-0.600727790923224
-0.406185878417323
-0.470630957277606
-0.536014986965701
-0.601592089846093
-0.761437968938762
-0.450918515666668
-0.654510494271662
-0.624414355070764
-0.405126347267902
-0.39645329590577
-0.388442558159823
-0.47260781939793
-0.53772249880913
-0.673884984527445
-0.691277150863495
-0.49146831470238
-0.390641364388691
-0.541967223617154
-0.674350311251501
-0.581405133336064
-0.526578306003363
-0.694947257018839
-0.548940155345474
-0.620888621918889
-0.462838542874652
-0.448030940640449
-0.403570452115324
-0.516369036910616
-0.529443897346856
-0.550170354468291
-0.508396610319851
-0.612566835143922
-0.556169437754914
-0.702986574062992
-0.529639059129936
-0.666959190377687
-0.694559336164734
-0.55781466936533
-0.53112616840931
-0.576798372430273
-0.508049221917394
-0.47241861439629
-0.509312517012482
-0.671754142437355
-0.548834558868631
-0.586301269820706
-0.555004639414418
-0.444055169195865
-0.348563106057077
-0.517036060576243
-0.568470297531102
-0.533885357889557
-0.47423980267756
-0.391197572025478
-0.551100173797129
-0.297292998274942
-0.475700572144725
-0.57068903670793
-0.5653022370621
-0.332576302970746
-0.498387443391011
-0.559020419382257
-0.477270253833739
-0.481850645080139
-0.542856871559287
-0.593765155903717
-0.326485109329959
-0.444988692692802
-0.388209089285027
-0.596701810696355
-0.517150277051024
-0.511596235343192
-0.489283769467211
-0.618864474664219
-0.328943114809907
-0.423218788955013
-0.284875973234471
-0.417369081305211
-0.372073673909004
-0.382894883360411
-0.590130202953237
-0.512751374674564
-0.598768161160372
-0.456382780347146
-0.305454852222372
-0.377166545102068
-0.346236858337198
-0.363139973728691
-0.355932444440288
-0.405026554119939
-0.358919245194029
-0.365986840549938
-0.460875262423648
-0.510407816857827
-0.437850721076736
-0.432917887528106
-0.390418771729411
-0.384251867545657
-0.458765205569171
-0.394726865153493
-0.402449280235948
-0.471953704243569
-0.526454671935853
-0.431046289796621
-0.309558672521807
-0.482364973112936
-0.318621974314376
-0.407432961836212
-0.485836036771455
-0.324662078941607
-0.401412254056766
-0.423386857124977
-0.443026578644637
-0.453247109607317
-0.3480888337365
-0.273060817727755
-0.421522548847146
-0.403267247158594
-0.444162594388311
-0.325195864445541
-0.319842034094549
-0.56847003490876
-0.460482457704974
-0.343486748953268
-0.440296382715689
-0.451178883089371
-0.260907548725547
-0.363852595780188
-0.474855391911157
-0.281343596337093
-0.462847271219043
-0.309670370706408
-0.297105476232273
-0.446065707636643
-0.465246047198319
-0.364982518605854
-0.23529100299589
-0.356889649569389
-0.322278282064033
-0.293244955650865
-0.372350377174886
-0.282805031861472
-0.345590248642137
-0.327437545592954
-0.397243925027132
-0.205604944319641
-0.223050613775844
-0.199415801200318
-0.281884046669373
-0.300272700010227
-0.547345194747732
-0.306618179177263
-0.287791670909095
-0.194370367220847
-0.363445117281115
-0.368174648413955
-0.274836596742311
-0.30412173107944
-0.269068709316945
-0.37194059002958
-0.324825609495425
-0.240129212970216
-0.23882911286054
-0.217376816724062
-0.319874425759051
-0.289243034436326
-0.315084906436517
-0.370690270029546
-0.291400033574822
-0.263758870752444
-0.250060134710661
-0.204063055063368
-0.26340968725363
-0.484752623998703
-0.19842931401427
-0.290431128096305
-0.318336715542055
-0.154978006700184
-0.214666521180432
-0.213664572305224
-0.20234866750802
-0.0344727158738894
-0.350447804850785
-0.34649069007512
-0.244706986549244
-0.175151029109407
-0.270636682052462
-0.127357782944296
-0.143416940752456
-0.359522030114408
-0.31990375763203
-0.0913098544157005
-0.35123612954287
-0.202668955284018
-0.37801444928108
-0.134983343949409
-0.315582638291576
-0.127910836614536
-0.292536797903323
-0.139710259447529
-0.208287483182263
-0.354998047396705
-0.171509140855456
-0.2591120739075
-0.151997065817018
-0.242692944232333
-0.303580363560132
-0.23224789221085
-0.209163952436252
-0.0757602975089008
-0.156962192929128
-0.209705636694044
-0.100443456529847
-0.215508137852153
-0.137688434050982
-0.162480001697448
-0.300151987673289
-0.221141705045433
-0.0580446652940166
-0.272416594375617
-0.126395970874326
-0.0270539264552654
-0.0913426416259139
-0.222144049486546
-0.328720161713287
-0.226678636104086
-0.0635279658215855
-0.213713918913704
-0.080051706273258
-0.16788849203993
-0.0363008798046621
-0.0618467147590104
-0.193165775623914
-0.105642375383353
-0.211814768792628
-0.187111558574508
-0.176776317611212
-0.136567583466235
-0.0647786610368428
-0.108294272883377
-0.168458733112534
-0.150107005859063
-0.213719942834862
-0.0362366531402405
-0.181020497081439
-0.240315819818563
-0.057444101962624
-0.165877366259242
-0.147156086180884
0.0157702173075348
-0.13225807141604
-0.119340857625949
-0.0843294494307879
-0.254987005030652
-0.288748052604664
-0.135446029826943
-0.254405833333554
-0.0861147702845862
-0.20038462398197
-0.0800395437159865
-0.11525092662515
-0.0445289236854748
-0.134452752530212
-0.14124682158378
-0.137032360374905
-0.0508541211193433
0.0276892959927879
-0.0758335340689393
-0.151774077141079
-0.200099935902635
-0.0445024371263769
-0.130596604312435
0.0462351812003889
0.0493761981034422
-0.155384832918117
-0.203944867383136
-0.0613552625341165
-0.0946158518897216
0.0526999796449399
-0.164414644299177
-0.15138818525955
-0.0842956341657213
-0.184576884666739
0.00593443981306094
-0.010639895131025
0.0302989543979062
-0.137066856950647
-0.0852993570672307
0.0412060515262338
0.0482163526334861
0.048352093796125
0.0957404492239804
-0.121171575777991
0.0934727390999487
0.0284025320089519
-0.127762935498646
-0.00590424288861541
-0.0616828356910384
-0.162414821002537
-0.0180414832201432
-0.0802642540460452
0.00329190220968664
0.0756813774603155
0.0216108890076883
0.078358310965703
-0.0642994579066404
-0.0951401971611735
-0.028107255741012
-0.00840220955925328
0.138208316580911
-0.103697652452278
0.0732445207139035
-0.0255627307013228
-0.0154650423867495
0.0157196537539088
-0.0969313059515715
-0.000893521601513007
-0.0671277360806761
0.0699583450748082
0.053662565015744
-0.0710104304602901
-0.0226940324912606
0.00847835774573364
6.6362622636408e-05
0.0438532239451523
-0.0503704231361422
0.0863526554555704
-0.0490285312199834
0.00277351152017368
0.128489503049116
0.122895557720622
0.0598459217512288
-0.0969679823378886
0.0602131537048625
0.212490699839287
0.0205336112259909
0.0183972381606712
-0.0232452554627438
0.0524541676209084
0.0297884395747556
0.128026196893339
0.151235063531879
0.12702432409983
0.0925429493198826
0.093380811436751
0.257157796612525
0.15298672120553
-0.0437162285189091
0.0751746468983072
0.0857674150370794
0.0104608879864454
0.152544559006114
0.0797068816587051
-0.145405306226738
0.17030886703829
0.141106288489349
0.171139151854415
-0.00414652085265609
-0.00606667884936541
0.082742398252994
0.0607583551315557
-0.0074701562360921
0.0993488673317865
0.101632671640517
-0.00844576296784388
0.0229998080447344
-0.137493763991832
0.0398219634024689
-0.0394692742865164
0.118390510221493
0.217852749634308
0.165655776812232
0.0608472946193
0.218980739565508
0.129029298537965
0.0295747023221759
0.119050096617489
0.0685460170048303
0.17025503768379
0.172808818398915
0.170899194772264
0.280045320629705
0.155763432144954
-0.0292327300342242
0.223140460885892
0.0812394387703965
0.0577186515941522
0.0374438313191457
0.298289118522011
0.150088919405719
0.283979109476021
0.223400776002675
0.134641461254889
0.114834466905138
-0.077275686130254
0.0619518713723545
0.260725654010919
0.117771559572277
0.118679261481173
0.296596533525316
0.280290729345728
0.300108265358073
0.192111530827929
0.149166553669842
0.191069262821051
0.213880540444601
0.0780401774801257
0.214712452500643
0.230650999510457
0.307552736234413
0.214283147209855
0.116076870162217
0.148070340073897
0.136710639528291
0.234151253294781
0.152337769401055
0.356321935548874
0.174997887287311
0.330242329734849
0.0109676181959786
0.245696338248193
0.243856072077216
0.0803866074783313
0.311812887126839
0.298976921010662
0.115406162336351
0.310846813667496
0.272565964641677
0.248487210017482
0.242911290980819
0.104568716533194
0.234732414883554
0.273416253516488
0.261793720727734
0.329488779214645
0.139254466060799
0.359011429786737
0.375024089055561
0.225961552938886
0.145460487692994
0.384321528787494
0.383650640153912
0.283895737998752
0.397692614850348
0.40202895857546
0.343253889606118
0.342882324297623
0.223243148279918
0.27866786487594
0.26959753049902
0.323028006809633
0.396782611858519
0.259130260356016
0.314044185765626
0.461009284308285
0.249400086493777
0.203741539679364
0.26518974500336
0.176989642928897
0.285336256030658
0.100972511929072
0.210541206012108
0.442931367062673
0.43592132837535
0.392901109388115
0.208701767878759
0.291075451129651
0.298399112229971
0.291526662025595
0.342731671596985
0.246844143263778
0.299919885274181
0.30847395466269
0.237887991129704
0.298107927741095
0.22592221766881
0.368070175718498
0.25782229182481
0.341136079972225
0.370781788292816
0.431118543364743
0.3075554988911
0.454124155362461
0.362182371046137
0.336239345461437
0.473158406146776
0.329177114997594
0.243536280054391
0.3980650128164
0.38202018533137
0.376323438941778
0.387715036010097
0.288914740734098
0.360721481470846
0.287627106242124
0.561108387997329
0.223720181297428
0.402358007202739
0.289390045026075
0.373365002488513
0.379582073211249
0.440810003114644
0.429545744764274
0.45341148508618
0.395945210568591
0.356611045108476
0.350323663935537
0.464313045695724
0.455600433791823
0.54218405872502
0.323193781030815
0.484036912024744
0.531576348297156
0.31091963494668
0.405747574554597
0.479209367964509
0.393031167832088
0.457568436940931
0.5512908112546
0.447057440493413
0.377931140288512
0.405622274367277
0.306040151124948
0.299350502887615
0.551554830947221
0.495867736457384
0.401196912722439
0.452342992150432
0.464995771701503
0.455765452014552
0.429813370825296
0.398578494327511
0.489472306124463
0.529419902777481
0.458523717622057
0.502980441867736
0.403711859122967
0.422436820925426
0.500858053494815
0.683316262355317
0.452473056717563
0.368908579907158
0.447210994659282
0.452270377540289
0.486244091151305
0.511696225256731
0.556596803445537
0.511065908366544
0.408902799452313
0.417895279696102
0.534123260827227
0.577877499581516
0.472370003896908
0.494457238697906
0.479476846671768
0.613053298845761
0.497967482936713
0.487995339149079
0.54810761721061
0.410444067872572
0.493167569434409
0.410384524787391
0.504761020972753
0.431052387765346
0.542641976421964
0.547507810391738
0.49128202708242
0.526164416743233
0.520501967745
0.488873617919191
0.640638049035578
0.636481195107919
0.36875603768061
0.7131883402013
0.511002769268035
0.514757581137049
0.456717138209944
0.408283404211044
0.573493783813556
0.470818744874327
0.518926491274921
0.565313257540758
0.582671668171167
0.560366845145436
0.505674220333312
0.433301381044106
0.399679782165331
0.418456069010135
0.605349957639491
0.613740603824085
0.689602841680992
0.590370216743589
0.660644694232108
0.582814069559638
0.661280601482859
0.505469285239899
0.60260236412769
0.640667374708025
0.733279592386431
0.632913019987355
0.544647800114977
0.759249041402084
0.616583671385501
0.617232997955954
0.539987972527848
0.53483309225457
0.589188026752163
0.562668561929654
0.690069745515084
0.720714445506638
0.738474895049668
0.536222449533725
0.586041032914906
0.648458841653383
0.56352407946777
0.707815763909178
0.594591473709094
0.64180170676959
0.735607160697677
0.700693530506656
0.439448657858876
0.585191449282912
0.62229570237882
0.699534841931197
0.626215109248254
0.505335183786157
0.644107928753295
0.584991619013598
0.723570719302859
0.655533321429638
0.508490833886005
0.629741176332072
0.67509649003253
0.67619875202032
0.55293645920281
0.745001511236267
0.800592986993781
0.698559283605521
0.653879056023729
0.783995691531765
0.791781024600493
0.603136718884013
0.581365815275306
0.596076481451162
0.707245939180553
0.670120419467023
0.726714700497655
0.656330466559435
0.654535399135217
0.578493503163892
0.551865435396017
0.647596055375551
0.602129129778171
0.760082528995252
0.590105996372075
0.649160154315731
0.59633168109474
0.794769103648127
0.623902413782379
0.801482949017583
0.633738112833804
0.606914523134556
0.617457130419794
0.620394997464068
0.687560151314943
0.679157355372569
0.740874882519773
0.644106778746532
0.735093956287885
0.711196258030666
0.765165498565194
0.888482463177645
0.599353992869732
0.653419820851228
0.677787904021916
0.656267054023592
0.642417112843401
0.709730149388913
0.831243336919854
0.770439289374264
0.841533645756324
0.869551090502453
0.928125364017356
0.627927358065191
0.750434093333799
0.760863369791592
0.933598809932563
0.724000010799914
0.739297963932432
0.758563082098012
0.857823910970694
0.802781039122065
0.746957841589788
0.642940640360872
0.760738068284273
0.633731692756878
0.786980560135644
0.75553099690749
0.775563079306454
0.68098545038487
0.809570596422312
0.782231957178761
0.676532080918226
0.741996441719614
0.872957749988674
0.770350194065908
0.926680784225949
0.85068626551115
0.795749622159846
0.820833111965941
0.704481303783087
0.86055535222991
0.819213210623017
0.743685109999377
0.827725885892259
0.768782900487564
0.808547492037288
0.714750709413216
0.927604533847364
0.673864650593381
0.794291995665798
0.785490701910123
0.695658725222318
0.800602087074162
0.786300598049221
0.773926202891864
0.834396259811882
0.878502831343875
0.810559112799195
0.722442443781039
0.732229029681427
0.781037484320352
0.91225662789438
0.700355756502709
0.833244887124638
0.92525695726532
0.801585699592013
0.932428191208449
0.777761024414244
1.04383303815215
0.847938635887505
0.919988083550163
0.829376973808091
0.879655629850796
0.935654591774262
0.926129581884171
0.709134007334573
0.912018216705963
0.834231775213051
0.843519263830311
0.921195697179218
0.813220381002632
0.742316471248627
0.933848597192367
1.08667176651036
1.0208166969808
0.871317084616726
0.917235383567787
0.945189369117368
0.978790961483638
0.930279971510684
0.938627870748559
0.975002534871042
0.901431461999344
0.960912088437343
1.0431560254596
1.01743790743008
0.757919823505977
0.974182629893706
0.906124900604553
1.02095485871149
0.957943901823788
0.84367244198525
0.989821026024552
0.877984260494452
0.820408971954745
0.997343526232089
0.95702381580965
0.823846051362955
0.994819770844727
1.01431223408746
1.01262500115066
0.96285328695415
1.01971512385666
0.990602692719445
1.01347790614899
0.850718064249491
1.02082524418083
0.83663319391609
0.929746048882237
0.923205275904357
1.00312537339535
0.89509706488296
0.908476245828601
1.08113903886997
0.926895549244265
1.14197765162414
1.04716080232627
0.999516882292333
0.982167375800697
0.969708901211851
0.965288748104822
0.968034626750617
1.08936970909487
1.17108173446431
0.966897826840895
1.02355924771894
0.940913051141484
0.979932003682486
