0.00919103343653304
-0.979508080469224
-0.993334008448292
-1.03842105965688
-1.05065960496717
-0.97877732963879
-0.948202060837809
-1.04202419145015
-0.971334431555233
-1.06310267437107
-0.886940607251578
-1.02854132247986
-1.00519797846558
-1.05004299290601
-0.970997667646772
-0.998565003585574
-0.898578628713952
-1.05566893164389
-0.793514932263509
-0.98657491281396
-0.920179218850043
-0.799240278189748
-1.03493419159008
-0.915659401727323
-0.98015140073203
-0.974593513930408
-1.07483822765587
-0.892087980974509
-0.928734159936881
-1.01549447615929
-1.04898729818979
-1.05458401102422
-0.952195913068459
-1.02023388813951
-0.996555266660801
-1.08279712382792
-0.934648691682907
-0.788950492915071
-0.913441773523674
-0.815775583365753
-0.893395033160145
-0.983991540134746
-0.863573233884921
-0.920905192758703
-0.92892192174635
-0.933543680497899
-0.919554806001633
-0.93169705357866
-0.826404967040269
-0.847599400813216
-0.960051692596035
-0.894467513284189
-0.759142277703157
-0.906772236592902
-0.785143430617689
-1.09924491268763
-1.07620253462556
-0.982726685628658
-0.980026263105067
-0.969384649271244
-0.86448321379063
-0.786365878414615
-0.919634933772195
-0.908056972567418
-0.796497513012234
-1.05090133993762
-0.765612668514381
-0.82206001399965
-0.668893431307529
-0.848541922041536
-0.873906177083829
-0.97478059632199
-0.877575816058068
-0.791325854129947
-0.887982441496003
-0.844739839639097
-0.865097854993724
-0.784013977508844
-0.7872515204366
-0.931789906078229
-0.686001101184676
-0.884545802560642
-0.658419138353048
-0.847265089684859
-0.855288132487616
-0.85036886479612
-0.87546804971437
-0.688873807100613
-0.913388906057569
-0.828815286568066
-0.815980861620629
-0.881435212285739
-0.754347058612695
-0.873476849827706
-0.688922138699842
-0.841173988204256
-0.849384380969515
-0.836607941558078
-0.82227759948219
-0.844470135665299
-0.724440344290698
-0.893627792055496
-0.904004905176614
-0.757937655754805
-0.768113216545181
-0.729943514688992
-0.838637439843054
-0.778423409958934
-0.834487056623605
-0.702362123907961
-0.73838521709838
-0.686996788920228
-0.838986391740321
-0.822672764771263
-0.731157655617842
-0.766500730723008
-0.755426997217653
-0.853403517247209
-0.844571876518724
-0.651424861931908
-0.7576806658791
-0.708816703112565
-0.676466738925675
-0.773743840809811
-0.772905638361523
-0.653902603154875
-0.78649460887446
-0.927915619966228
-0.670763202222481
-0.663845696017078
-0.803272282598356
-0.713558021326529
-0.788179869113872
-0.772685840141747
-0.861467593790951
-0.825446441112299
-0.813167141188721
-0.783047871501084
-0.794869670815437
-0.550391910394293
-0.754969289999023
-0.646356499395781
-0.798963382095924
-0.625519152947117
-0.774959899687288
-0.80364246553044
-0.803627429264543
-0.755854833160566
-0.575100848338161
-0.733059354329245
-0.830522622410397
-0.726101458816284
-0.705554544361087
-0.74269380839286
-0.794441338308665
-0.803700882173757
-0.796283799759059
-0.662642760819543
-0.556264873925241
-0.67789741729779
-0.762271312044129
-0.611278617034263
-0.653094407111234
-0.708322510572661
-0.684387317952858
-0.719778211644417
-0.775521016508979
-0.672244283753635
-0.668001814221368
-0.65971516593408
-0.66239959882516
-0.768915739371724
-0.493511584090333
-0.592170232070999
-0.588777444250579
-0.691454984262052
-0.611744778149924
-0.673295553477526
-0.709083742225828
-0.761894464312619
-0.808256613034234
-0.511193095764794
-0.711823201448728
-0.594277276527355
-0.604098232261194
-0.70248779490645
-0.55920832221547
-0.718576916704928
-0.729169277385567
-0.689438325291062
-0.662309264270122
-0.761596553786017
-0.66328356868069
-0.513464181463419
-0.512004760219978
-0.814249017749711
-0.614862491966921
-0.609443307632544
-0.530840934910639
-0.590876864417369
-0.474515016872674
-0.49175696619164
-0.533705936010605
-0.696468194221599
-0.594516861644069
-0.481374969783868
-0.639780722965199
-0.67475573977842
-0.591837293974155
-0.696698282289729
-0.583247967727311
-0.562998085492568
-0.601762486051599
-0.6714553424201
-0.470664506613785
-0.670490877362077
-0.665677553378871
-0.529492407347996
-0.568747398356779
-0.442568630291803
-0.512724787918421
-0.587137917771122
-0.512144873699825
-0.401844706191196
-0.814649843057669
-0.642758382461
-0.422015876319094
-0.592087029562478
-0.627637255665093
-0.648677738967886
-0.685317966534475
-0.680727990313563
-0.581142550195139
-0.487178143229287
-0.575631359251201
-0.564947071816889
-0.368260606594921
-0.526639692794699
-0.530080463127944
-0.44626984937866
-0.479382642674789
-0.470462128441956
-0.435414969418055
-0.629631930206976
-0.617275356224442
-0.334712611534905
-0.416012722956402
-0.420138539201637
-0.551495000047922
-0.446169308692428
-0.470978946359255
-0.444293081108335
-0.394765348913636
-0.361335835793446
-0.484773095814628
-0.500973050681721
-0.437440557552745
-0.721941656686295
-0.571246887797373
-0.411939861325584
-0.469780742871944
-0.539768716312301
-0.449629782116819
-0.503410501381853
-0.581873368705026
-0.325583174862786
-0.486648625601916
-0.429644370397582
-0.495353478491316
-0.465820233930542
-0.41544258988787
-0.457625276731994
-0.382986080515121
-0.388679598810759
-0.387454857031256
-0.465322678757735
-0.299875026288852
-0.600047476651991
-0.434782745499751
-0.41676735501495
-0.444361061488132
-0.542369077464486
-0.470940114490668
-0.491162563360405
-0.470493087363647
-0.446415055956449
-0.398611152410117
-0.409475856288311
-0.507788757424249
-0.420863285433029
-0.327428105310628
-0.444664524187291
-0.44240732380235
-0.456130058644252
-0.538348751884549
-0.293013276888468
-0.407068321203894
-0.471005672115381
-0.308628179040018
-0.413442759487377
-0.41174355488669
-0.490842990575448
-0.376135302692088
-0.531349916358313
-0.421114518654757
-0.398526387769673
-0.209342112774895
-0.39443097886068
-0.401105394024493
-0.294979033859336
-0.32800100497158
-0.36650093246771
-0.447517140349996
-0.308336763048421
-0.351529574995622
-0.389813303182977
-0.258363721809724
-0.412110490757971
-0.394114146027089
-0.36844303942016
-0.352689928704196
-0.38294193788332
-0.408365287669352
-0.343455515211096
-0.220130895063002
-0.47299141255914
-0.484271875436534
-0.352036010122616
-0.270372379184334
-0.349806266098827
-0.480061813215258
-0.338396140348979
-0.364815727825949
-0.33889961424189
-0.331583070587303
-0.196571969772571
-0.387458177256636
-0.315618389316491
-0.338887129042167
-0.402679209008152
-0.287882703116731
-0.287974070322237
-0.0984674119547454
-0.317998837993186
-0.405922982430956
-0.324419033359698
-0.321408746418121
-0.42184141218609
-0.115818403838541
-0.439882904014948
-0.425829293881507
-0.341041211291683
-0.208717327155287
-0.381107375813772
-0.375221303343818
-0.353002645928049
-0.337082742409358
-0.255679532752681
-0.193755429157851
-0.343908603909069
-0.162451337751252
-0.366359848715772
-0.269222469242767
-0.236690149230858
-0.422041755439244
-0.326626448106861
-0.14587147586302
-0.358186188139487
-0.229921473861528
-0.208242512395324
-0.302492600705728
-0.226357344719849
-0.227407760335027
-0.163486159940669
-0.23531946942132
-0.121933335376988
-0.292135060561373
-0.209271457256824
-0.388451146160074
-0.249506005343022
-0.328375528126376
-0.383594119067293
-0.240558816087763
-0.195323042169763
-0.342794783257978
-0.0460082708421062
-0.210681941628923
-0.182165859361065
-0.211934002554334
-0.35699947389555
-0.181264993139349
-0.278683444696805
-0.198981363297
-0.35962643237167
-0.241762118249477
-0.247422223950185
-0.142044617128763
-0.22811627414951
-0.0649540443975188
-0.42133035544704
-0.23209217191482
-0.351395565652927
-0.185280663761496
-0.197010018488048
-0.249418166895075
-0.107914027161512
-0.0950522493737874
-0.181103923212083
-0.153988116726853
-0.171465956730659
-0.247182425949874
-0.174905263417281
-0.0658179001938108
-0.121100349094963
-0.0934564290420695
-0.124086255566414
-0.0479344238120213
-0.142193199132057
-0.158620406753444
-0.129041840317136
-0.207268380748199
-0.135055966022007
-0.125654053211547
-0.0703098055832932
-0.0691761673752518
-0.184256329719588
-0.0294681249344952
-0.00860300429156441
-0.0496393905120837
-0.325807245879257
-0.25866527844953
-0.131337999861335
-0.22165823035623
-0.0516099600030251
-0.236365130287778
-0.141906809061752
0.0168660892440875
-0.100879504144668
-0.0798082558143907
-0.122238004139084
-0.0991129524518425
-0.0710228982311277
-0.0408633776030042
-0.095546586605528
-0.0561696214529237
-0.160800616985131
-0.130598998404114
0.043064316174799
-0.0665579918048257
-0.0685494023086443
-0.0367818245778341
-0.0728215364405863
-0.0154596318611825
-0.153005005675254
-0.0841245401154992
-0.00876808786421111
-0.027730106137864
-0.205009289091397
-0.150254554091052
-0.0295307126882909
-0.0214590417085449
-0.0476532508329862
-0.01555074601622
-0.190302769658443
-0.0408030617887497
-0.100624368079007
0.0635692623413052
-0.228290457670909
0.0543944570495997
0.116624491478645
-0.132488337324946
-0.145862124819447
0.0760165633202591
0.0574798221315381
0.00262919646968155
-0.0881935032316731
0.0572696304486457
-0.00192855260345946
-0.0214526698731225
-0.112993663966777
0.0540119019043411
-0.000267730557155035
0.0236283323516764
0.0231492572755162
-0.115367444523178
0.00865442311762844
0.164304465857637
-0.103607435066199
0.0792248654192676
-0.141961607202256
0.16776688332621
-0.0352106116543018
0.154791101326884
-0.0730783588466243
-0.0165936467623412
-0.00701057619558378
-0.140327657231077
0.0618447554625923
-0.137804732872958
0.148427772876493
-0.0770900296778365
-0.0345583757454426
-0.0564590330029851
0.0144961057276542
0.109199355987032
-0.0143435381611483
0.0827677148144028
0.0361721885281494
-0.0873320679453609
-0.0951921830136683
0.0343780448300454
0.0307796237197947
0.0200996329794867
-0.12797164012908
0.0696668382393412
0.0465336652820052
0.0678024436402398
0.093170651879247
-0.0801054474608998
0.0235529598235284
0.116657229115731
-0.0193003085737458
-0.0460031589262311
0.0926340636992586
0.106382816071227
0.0882176148153046
0.132833131884363
0.066822771454223
0.0747580925785785
0.0992985762648492
0.17515101984517
0.0623823811742178
0.0188246900235406
0.0745462296512254
0.0936484530777001
0.231290672958614
-0.00679434776992836
0.0670928517832517
0.0200970421386782
0.161342675388486
0.0802379635832102
0.00152318871943915
-0.0270448666554538
-0.0188263932580942
-0.00176560538298162
0.0359012189388751
0.131656608927597
0.113962156520231
0.156112014796067
0.0332609258749319
0.0905786057622193
0.0235792405555901
0.0351384394932747
0.208740994535655
0.0397181060745931
0.209850233469729
0.199835323362823
0.196691853117784
0.15641866944589
0.150590754323464
0.0303943328826451
0.0635175205132162
0.0689614334437269
0.193026742670498
0.110878630032287
0.177538260900147
0.135556211292814
0.248987563162643
0.151050574359626
0.206326766167472
0.170697403130216
0.186066453168682
0.253510456074868
0.0861589784640511
0.0770743640681805
0.159592909216485
0.0348062344512457
0.166602030982275
0.0386950777119352
-0.0342747276256544
0.101475539598365
0.112478372002377
0.219781294955692
0.1772424528888
0.24991185064342
0.310845063334302
0.198343779384632
0.172338803079537
0.088569068019055
0.241808077042039
0.196193085721417
0.113035410312484
0.211123482402517
0.161801386637938
0.146667660468984
0.152018419084619
0.253870516319649
0.335871640316664
0.219915901280606
0.189909461795474
0.149148557176021
0.183593471793416
0.216335139472885
0.294546582632203
0.232919582630841
0.288110866902311
0.172832011240606
0.277011745313038
0.159740484466882
0.111980062837891
0.372217454349416
0.396517237301363
0.251929752079868
0.255356395258895
0.308019400962027
0.133334395210403
0.274366492055818
0.151476673022357
0.220717414705127
0.164889850153456
0.193829634466369
0.22348685467836
0.220050428974578
0.217225879430083
0.131973323402131
0.252993049142169
0.196168514909202
0.317069682448122
0.214634816554279
0.278825153075831
0.25742220890327
0.228252384525241
0.217412406776101
0.293341884809847
0.267991529377336
0.200534277557775
0.166183848922307
0.325967523963378
0.397792656558152
0.434273403482735
0.340617352869717
0.340632724567813
0.281090220218258
0.313803617058739
0.307754678224524
0.338259802269381
0.24305530696077
0.357255138225756
0.382474931072709
0.315737227149407
0.347656117994732
0.27563428162796
0.437225606692571
0.395793051448127
0.312115502733682
0.363678238451404
0.418225024390029
0.340948482476396
0.312233664573255
0.354773531476901
0.422116431450528
0.254545690202292
0.390282149234408
0.158963833553675
0.22014622786355
0.354576381923593
0.399955922858103
0.339662406332542
0.323214967632834
0.436338779602693
0.245856802950677
0.375014682335088
0.340823784308005
0.225951442344936
0.385350462311365
0.471614108200032
0.317819315775912
0.294100765270454
0.395679821236417
0.394661543973115
0.508952533414846
0.334007568788781
0.430348928328953
0.285852806174066
0.332317033065931
0.406366542041804
0.332560108669334
0.313529410057236
0.3215262155301
0.47331208300774
0.322273772565978
0.395820130104799
0.560231221988888
0.341595561137968
0.341024445055708
0.523164543896834
0.330951684933793
0.369535728420094
0.583484024726793
0.36438540273614
0.411466871785556
0.319430074283714
0.316452689115788
0.568894783237526
0.49741095407724
0.378991856856416
0.337868722804677
0.351959961425531
0.347872844831869
0.388684005406843
0.507244166043126
0.451616655004535
0.401151337696187
0.351279757813569
0.28053785793728
0.364587437048445
0.352301048737224
0.416994145575876
0.564788222251129
0.511812884514459
0.416766021440248
0.450029518074246
0.379209957184022
0.496123226477791
0.524312710883224
0.34834349987665
0.515398499811897
0.442972017699759
0.344070155916917
0.419503117687716
0.542848273493803
0.382843121218903
0.394069774833641
0.536503129972889
0.521305985274791
0.313461747819764
0.42938926245825
0.37024212926511
0.398098785749496
0.424505115154213
0.489136427271929
0.564693783641362
0.480278780587653
0.645806019490857
0.42385865522425
0.589272636425694
0.430331670158901
0.485659828812935
0.496580905260174
0.541522861163535
0.316711707103483
0.47682590031399
0.381254162945628
0.504481370262832
0.474163843494287
0.301013754934153
0.595936791624101
0.645776010546698
0.447630637938114
0.433389967800905
0.47357189084353
0.663863651498422
0.501207260248872
0.652061417852811
0.426899876582111
0.642446910612136
0.482761639626758
0.520030044901461
0.464174320488211
0.456381329601083
0.569023405138852
0.536098169504567
0.519481487909704
0.548354053049479
0.613247921467427
0.618881782986238
0.441311876284981
0.647365157663819
0.371276682480844
0.549902480837454
0.493368761963113
0.57148285236389
0.695218321322773
0.549851838220762
0.554526680378552
0.660361669155711
0.677393546540777
0.567479355752245
0.438889188077149
0.624334427981763
0.463013783286375
0.535908804103922
0.55378372245388
0.546502127376167
0.594482336358325
0.71742187303148
0.569776406265921
0.650350793516508
0.477209863704743
0.630487616581881
0.572522421768673
0.619868357534236
0.524295070872212
0.68272948065393
0.597810245968535
0.573449449362094
0.615614125067511
0.556491350615585
0.58057857236729
0.46300646039715
0.759695840917385
0.716173325102499
0.610676296330964
0.646241206383221
0.652628370299199
0.564656022715029
0.53723525083435
0.625806174866467
0.756303840435785
0.615382491857988
0.647220519983375
0.606215295589567
0.539958845560029
0.699890538100272
0.705151815321004
0.497970590997056
0.575913964958085
0.742232628744562
0.625880205023478
0.619202507430666
0.659858213495258
0.563757469354176
0.715771651279418
0.607213442368983
0.758942335651562
0.612040288033117
0.657364735190429
0.749147647493619
0.638163983663546
0.682560732792617
0.716366514978112
0.641336029579089
0.61276715178923
0.704857200746754
0.729793327220151
0.744974427728579
0.613756883626218
0.724041342933043
0.772182976250616
0.737534001487744
0.611452757592906
0.566478140839755
0.803063102823952
0.666814766152694
0.800992879031762
0.701868584149571
0.581251928162096
0.7872883950865
0.677010354701401
0.85181532767593
0.718395120152825
0.648511859040866
0.700866884592026
0.790871894842243
0.788237947824002
0.680271568905594
0.733616990975885
0.874556420294685
0.810245468306761
0.562234148290201
0.659291951659729
0.66568582344098
0.884049211508797
0.676203160396361
0.858766797792161
0.759790952944041
0.688808127194719
0.784818268826559
0.687814226693772
0.853202958557028
0.783792974726206
0.715786069387381
0.796557617948695
0.784298510489926
0.886098187843704
0.848746751272314
0.875892825872103
0.591014223166039
0.741750032686898
0.868751568905341
0.833708581612124
0.787128555033793
0.776532412056409
0.784643231348532
0.738995045364738
0.801782185196097
0.779240002781501
0.834297990660672
0.72046107006934
0.75726216098177
0.846635393612467
0.852616576145831
0.744006654662089
0.800008215810304
0.911495626903495
0.799791417187289
0.928068790462646
0.91818723595567
0.804666770674856
0.691944397104908
0.83564329140667
0.891038929700528
0.853431536604242
0.7675435762046
0.707385075880899
0.758543663038073
0.816386580570395
0.777244079299518
0.904593355425926
0.851038761626574
0.847932580565805
0.769342160838862
0.618352221335879
0.853944177331989
0.867240519957006
0.771594950347364
0.878222960744524
0.897622151905027
0.896608976794533
0.932193807816424
0.769348061152003
0.892439986898774
0.899973944176072
0.921121111240116
0.919318818849925
0.909273574511325
0.906074209034967
0.939790446508404
0.95912567038251
0.797169646378008
0.832427084070656
0.933030127982467
0.922708663295242
0.867321402384934
0.957551723537639
0.927953651807633
0.929888590625256
0.748143835949942
0.896279745504037
0.928197700600708
1.000164998368
0.932309426433949
0.880405106459599
1.00398215586438
0.810486146964251
0.684862221826399
0.95000889622255
0.972169219902458
1.02456635443838
0.847130280170449
1.05730437137972
0.915982338576183
1.01523341037103
0.887806787557827
0.860217289296554
0.890282115190194
0.892193000901585
0.924988917114899
0.953043424457295
0.87728369955496
0.790326491096581
0.950127626252251
0.995723606532465
1.0054114936518
0.908386315847934
1.11159262930663
1.08068418579275
0.875180993487956
0.851429195119734
0.827231903125048
0.826778972150172
1.07051787244532
0.936020820755001
0.950356640553537
0.912969963968293
0.87433749632758
1.02509034822496
0.838192091060534
0.842171055504258
0.94557823091526
1.00828784443601
0.881288160828528
1.14496153134967
0.915473169624575
0.864299388254514
0.985966733826622
1.05274222480112
0.931954769418221
1.03464394566434
0.921649551163386
1.06805316921052
