-0.0555041107734381
-1.05090147460674
-0.919051365057464
-1.11593417197248
-1.12179272323639
-0.791903573057627
-1.04217005405663
-0.794799746837257
-1.03132603857355
-1.04198825169701
-0.842794777119105
-0.995694088154376
-0.964643384920257
-1.06001667173064
-1.01000625841686
-0.968072009589494
-1.02526264126887
-0.919592159347783
-0.958992640475488
-0.978910520055926
-0.993544351764634
-1.03068870412864
-0.914242788378042
-0.957972214234373
-0.910945485120629
-0.912506918821032
-0.963917782701445
-0.981078042031697
-0.908635612270673
-1.00971503301302
-0.884018182053632
-0.935450918238952
-0.987144352341455
-0.969809661641261
-1.08555331221671
-1.09224004129344
-0.961135845168159
-0.927565769692022
-0.815361638328884
-0.969290685526781
-0.844558986949839
-0.75093487864876
-0.912790954304427
-1.02576080822017
-0.854091170361175
-0.814036998366963
-0.924177649245108
-0.87737630742171
-0.907277861542845
-0.949257410546221
-1.00524125621021
-0.898270503503012
-0.897063404044479
-0.921990431164228
-0.824421125354886
-0.96401450679896
-0.805077813689311
-0.813019850095186
-0.902926081638994
-0.838117983676005
-0.93209776860159
-0.874887719703614
-0.796743356213577
-0.890667001069857
-0.956773133573601
-0.834597242613134
-0.828519036876194
-0.739568024797082
-0.811086615152964
-0.837437764679204
-0.963082283155232
-0.842165371918394
-1.01514535939229
-0.793073720378662
-0.944844420195596
-0.951251716502959
-0.811740724327016
-0.93716521880005
-0.969911987300713
-0.85831339802334
-0.952640334083781
-0.812309588389792
-0.749863919655327
-1.02038594020638
-0.682737548469976
-0.78285792681156
-0.786089818470868
-0.847982037591531
-0.91319192399191
-0.922464143975175
-0.75858869247662
-0.750419867051317
-0.799134094833419
-0.905469594765583
-0.741052051387067
-0.786263078703434
-0.938692900771916
-0.782063050282803
-0.870226161400886
-0.844936390751475
-0.87049329450003
-0.933030353411553
-0.769324295566898
-0.877156158185171
-0.71105377862913
-0.796779304814814
-0.768581979925492
-0.798993888678781
-0.767479689898755
-0.67786120754273
-0.905799872987479
-0.813337810088304
-0.809140999192255
-0.822841681591859
-0.798279666556336
-0.821394793484268
-0.829740691736325
-0.856189987802354
-0.861921537702969
-0.899749027399744
-0.798781081831124
-0.660109579226894
-0.804361637115723
-0.830570840317257
-0.461199167060893
-0.690215544530344
-0.880513877108528
-0.682496929302914
-0.735580969828108
-0.892264642579617
-0.734335332271352
-0.642496586836867
-0.709452369419933
-0.681369182608464
-0.770388220079053
-0.726350475488858
-0.69705626389883
-0.60834791621777
-0.653721574052428
-0.742881355907927
-0.674682023255589
-0.780692259276485
-0.779118549053121
-0.725476528207989
-0.789665343654518
-0.634440688139757
-0.80848539594643
-0.60992715896396
-0.61209766229367
-0.624237410945523
-0.725495354809682
-0.851591210873494
-0.797160888145096
-0.753716698370093
-0.730942647341028
-0.747951278879299
-0.706729434270686
-0.622119303336498
-0.761661282844552
-0.608200369752855
-0.604498072627607
-0.700712217818922
-0.805635513965073
-0.655527123206249
-0.669227348792991
-0.654671145103725
-0.635472432297362
-0.74036381667729
-0.734280004845133
-0.683564643506813
-0.696215044055237
-0.567060659420023
-0.605883790054467
-0.594381985237353
-0.521520337055941
-0.668665967704093
-0.701363080404349
-0.736997939584656
-0.661283673257153
-0.547866650493011
-0.508942134495924
-0.685777106114898
-0.519465121564736
-0.616786066671037
-0.57503388789065
-0.587214167314516
-0.633167276470663
-0.533142205345084
-0.609825351820055
-0.698174032272875
-0.685084251835286
-0.599647214948152
-0.586565703230073
-0.600037193770687
-0.70702836303136
-0.668416309710665
-0.710622840366502
-0.63022434110931
-0.699145634561757
-0.625014199758209
-0.647710970561137
-0.59120631219379
-0.48143003141379
-0.689500488133026
-0.609193965498824
-0.454011813403674
-0.655649998735508
-0.596090381646902
-0.5731729589551
-0.64297728914755
-0.533910982434561
-0.468003661023634
-0.613847745469812
-0.502238451301562
-0.518233530347948
-0.452768854096107
-0.619837510977551
-0.692404038239211
-0.504648231908984
-0.514178621664587
-0.626073365061009
-0.651042902139312
-0.469342597273359
-0.508021254195678
-0.608192353160684
-0.514272074391262
-0.429984813416673
-0.727774256074929
-0.438820733479082
-0.456699622324798
-0.451074302806113
-0.643096068768131
-0.443755648329572
-0.431810317455063
-0.528274775624627
-0.41235591942658
-0.489643300718955
-0.520919673970846
-0.535875782741552
-0.556195797845134
-0.595920833860466
-0.68778084150287
-0.69709305778651
-0.53498476395309
-0.563327075658347
-0.419841588772578
-0.478029017975686
-0.355278801788829
-0.534953278177071
-0.53208469707778
-0.569544888574313
-0.493616321598627
-0.4888336777934
-0.608622267950351
-0.62170875607757
-0.537487908149087
-0.656126205823799
-0.615594464385795
-0.517941998792073
-0.555581137359866
-0.445936608586026
-0.510717497645717
-0.499691504249085
-0.496025089060446
-0.502999910736543
-0.494981056443574
-0.438284632784068
-0.445426327616128
-0.529866705571769
-0.536816285391357
-0.504336032177201
-0.408568578335214
-0.452895427169806
-0.542706206688725
-0.412989039193956
-0.345143250059806
-0.427619026572875
-0.309331457793901
-0.42550981226012
-0.495149933966842
-0.52059385782099
-0.569176534906135
-0.329386001245808
-0.494399882791278
-0.32101046787879
-0.313690694575385
-0.32735164324424
-0.326239860144278
-0.35407642799673
-0.527386965892462
-0.529388116579128
-0.520532142719451
-0.56610704213385
-0.540236811714603
-0.411734346846421
-0.473638354863032
-0.270976676375727
-0.278017236889034
-0.340903633839891
-0.438273484141237
-0.533384281561616
-0.328004701805625
-0.555351238032964
-0.328352102967948
-0.518484503138073
-0.43487777440932
-0.478151667010642
-0.351901437624205
-0.38686448482952
-0.415249736342153
-0.195613967245498
-0.43521125968229
-0.47800390393091
-0.343250904997278
-0.338789869038563
-0.235383737693422
-0.41193552092982
-0.270819853335177
-0.494298380152224
-0.414002070437654
-0.300465939737893
-0.247455080437749
-0.493341950272471
-0.388399615942075
-0.233303117046813
-0.420007528534805
-0.302343784442143
-0.271848177211005
-0.433743922670868
-0.406345567747306
-0.448632458371916
-0.298152133348108
-0.208559617316641
-0.173253322124744
-0.442016945749885
-0.326797638700983
-0.232920092984202
-0.302029475171045
-0.242143788417132
-0.200078136587249
-0.42469499571893
-0.336059839918345
-0.308052621247715
-0.416958590387422
-0.254431739089963
-0.238622418397134
-0.309985485017443
-0.304020995204293
-0.290939187647757
-0.195063729522562
-0.366766058004914
-0.357264401847036
-0.344452190614838
-0.275944132729925
-0.267278281649605
-0.310758825013204
-0.46802005317041
-0.316046506127581
-0.339694485286347
-0.320862723155944
-0.277068768676693
-0.267556215336977
-0.362880759275222
-0.21644173102963
-0.301588606334906
-0.160360571299213
-0.289369938818225
-0.228721058467029
-0.38734755775165
-0.180461566785895
-0.272599436406323
-0.194373999439023
-0.143473543928103
-0.279356778934761
-0.275821886172502
-0.265591225623989
-0.319140820756516
-0.0744102286796951
-0.0969998359677016
-0.250901536446545
-0.245323753354344
-0.326965538718361
-0.219008640539375
-0.322480439978943
-0.209646628261881
-0.289453648143539
-0.243422147986001
-0.419231136646592
-0.159746697034534
-0.160481995912645
-0.0746430992609405
-0.232917020059662
-0.113794601654077
-0.0999560849362211
-0.347522046895112
-0.383525824094938
-0.260715985033742
-0.222961108534057
-0.154243446515808
-0.060351579963557
-0.439852331400838
-0.252899992000311
-0.095658387677429
-0.107450157176427
-0.294953543480765
-0.246490644457468
-0.239571535486646
-0.1402474179901
-0.0222576285416639
-0.123138981037273
-0.142017822258936
-0.32245670580246
-0.254457765121878
-0.296348918258227
-0.138679333245196
-0.179321335708264
-0.122078362370335
-0.157536203944883
-0.126573221458005
-0.140980836899697
-0.187600689141698
-0.150708640181151
-0.255231885342458
-0.132358800611564
-0.119125564885618
-0.140598244012737
-0.159473677634542
-0.0523016429159286
-0.180196874197977
-0.136158980027041
-0.127143080182069
-0.0927196082826542
-0.269315965268828
-0.216523971218596
-0.149172077636663
-0.106491342796513
-0.160972962015719
-0.0757077225873647
-0.0614110099370244
-0.220149422653121
-0.21492237572603
-0.200161400077097
-0.0986508923573469
-0.191590365345285
-0.118372092897308
-0.187946357516118
-0.136079419521708
-0.0693606169331579
-0.0367631497085781
-0.0638293145142777
-0.127525003151306
-0.159609461761556
-0.125807095471965
-0.163068861104288
-0.0391823640912427
0.176348271287805
-0.0586143919164837
0.018314091582843
-0.00842553339833746
-0.0333959683888933
-0.0182085847220395
-0.14898113878016
-0.211579238978895
0.0865014866273789
-0.0700123236578048
-0.188543625949981
-0.0976269874433829
0.000357319609516575
0.0531177477616658
-0.099264628148923
-0.0515187811866985
-0.076273103347619
-0.138398537794845
0.044245953119839
-0.0915421211899575
-0.109100189691357
-0.221228270998408
-0.0024715913966197
-0.128966666477584
-0.0389624807944549
0.126099894255491
-0.110728920095637
-0.0448469867194891
0.0903192665001815
-0.12150974471613
-0.0757804392088824
-0.062740982006319
-0.0016313894543539
0.0169602751781463
-0.109315621426234
-0.0731988263909837
-0.059426080334206
0.1585811819952
-0.0166498514252589
0.0198564029363162
-0.0373846322825367
0.0234591196992949
-0.0144309866939367
-0.00972225689371614
-0.00281097887465401
-0.0881924556415192
-0.0467279605391599
0.0119202473985555
-0.140764299419843
-0.0139612168121072
0.0543986970635698
0.0109832888049705
0.0364427607151582
0.0231325495164091
0.0423080257532703
-0.0327268195417994
0.0783793109131131
-0.1332482072158
0.00089211959315422
-0.0522142013741027
0.0741856648744757
-0.009591329918583
0.127807876639886
0.0266071204525181
0.0562463367566675
0.0906171181373119
0.00194551175715533
0.0864539438121171
-0.140103788814211
-0.0166997295482328
-0.018529697718156
-0.172975204450448
0.153663230963374
0.0257328101745581
0.052987237367456
0.0167964591531458
0.115425856554708
-0.118498167541763
0.0515664444343494
0.164526607175984
0.0500380095195764
0.0793121361563708
0.068486618183525
0.0124358137396694
-0.038796501948854
0.142769897422802
-0.0375673085575971
0.127630612718915
0.138006902801919
0.0251738651813499
0.219986574530235
0.0060384102929155
0.351320042664251
0.0290604540340312
0.0334061185532337
0.148411793977438
0.145212466878206
0.0234676418501067
0.239457454935015
0.145204970501852
-0.0662343694034929
0.177404964020142
0.15235399782951
0.166259043774759
0.157022713931327
0.0405751818533977
0.198159242518469
0.0958853975911488
0.222565798943369
0.0129375776527999
0.22720033560751
0.122410371285832
0.0575212295787588
0.171028000004293
0.147234123432579
0.0297047358997171
0.23130178590767
0.042618627561981
0.179355127749606
0.0782092551082721
0.037414284827493
0.183634107379587
0.160959545888963
0.111463667926794
0.215972635614757
0.383864446548237
0.138307393063483
0.317088622473881
0.0325768030020629
0.11245163627136
0.187081240099194
0.119393319963867
0.147315886379654
0.110185977151118
0.0762626469790846
0.187162128530229
0.112731622448081
0.273586590283438
0.144713567806042
0.195738933481526
0.115144800682204
0.288869554085373
0.270052474491191
0.302815121107347
0.283293287607839
0.253257724113877
0.230222741515591
0.380837918780871
0.0778689823280764
0.309167549806389
0.364211778807898
0.223917135266855
0.185278801684094
0.282560007140469
0.26281948825281
0.0568310516097618
0.0783293509527134
0.294002118771635
0.305059169634956
0.33509514943086
0.314439124399725
0.294083758832593
0.25356438523214
0.244673325115601
0.258122268218307
0.114026243531438
0.153287396210547
0.217664648464495
0.293296811455878
0.222515425611467
0.296628371794108
0.28779522456263
0.287173019596479
0.276158942986414
0.172779989061848
0.174092060349312
0.214770485530897
0.0458917367667908
0.356844399167148
0.321694532882462
0.389273759512287
0.218227452739905
0.316276439533988
0.29778662384951
0.260269732604155
0.114322181166463
0.335459139738048
0.346724465749043
0.327469825995386
0.247300694186458
0.322663355592003
0.283653297155387
0.259671837515559
0.119232826077485
0.402333690568821
0.344916809887629
0.279675356909487
0.352444716122479
0.379736375531649
0.179441967374087
0.212623232686942
0.366301651107413
0.255968863717789
0.317442688090606
0.329829905035494
0.233803917630731
0.370672722783252
0.475792605084091
0.320395689697379
0.403276324473985
0.501279336802899
0.459444326398339
0.425352507668397
0.443686816714699
0.486931050770109
0.140942500988684
0.446561299888636
0.378748538263242
0.360021320669513
0.328360832946894
0.325305707702529
0.219441701463528
0.376575750945283
0.387921757136579
0.3851308030629
0.45550514346179
0.285175626543869
0.379461600916068
0.325407755806374
0.371617457698646
0.456543945843716
0.511255519396886
0.364771652332323
0.468266318923253
0.334681384988407
0.219851174320288
0.472990380930931
0.296210605778148
0.38177164649795
0.431631020747213
0.450970522685746
0.428010616343516
0.380252117528127
0.289353516474592
0.279223505525659
0.295103210410043
0.270095472362218
0.335251708361915
0.501543741036176
0.44625341217724
0.388830328440503
0.43458741808832
0.418064402112457
0.420896258848491
0.363086938966125
0.569704686727102
0.459493414675964
0.454843812496575
0.370965222528004
0.589567110352502
0.449062426925754
0.508810229322532
0.300054368472888
0.434025430458457
0.331333956119347
0.545198304804264
0.375402309238436
0.48793360378374
0.424170931398429
0.64880625717767
0.457035295571626
0.547592870216455
0.380095407290826
0.368420182208799
0.378988014603525
0.380467708152522
0.360946743653717
0.475284953381468
0.41229421520421
0.613707527744653
0.527266641297561
0.364595654308238
0.387389219399684
0.398592180595678
0.424488855445871
0.453053962774602
0.544098118924507
0.477681259378351
0.586456748019508
0.504417418091862
0.499779480910603
0.613059279899176
0.454671515441014
0.493327052846642
0.576483637008348
0.51978890344001
0.508351487964619
0.630282524944466
0.651733138238285
0.564081975188473
0.44790824709702
0.446724640509813
0.540034960165026
0.507698476379892
0.515068155331486
0.385416758537352
0.525465624507248
0.561303141048448
0.375303353668252
0.664396081124686
0.548161441172586
0.600151545010784
0.629461621618436
0.611178864263678
0.479597759125644
0.520584299723519
0.55857741649688
0.571128078461101
0.679491688890588
0.577941090494911
0.69241748869501
0.538683385965701
0.708876207666025
0.557115355012765
0.632126261642841
0.542340315382723
0.533532317971841
0.555531063675439
0.756733839850104
0.760955085302599
0.54366894994073
0.540462186874523
0.682919021766452
0.576518507591945
0.476061029228064
0.679078033587722
0.571224968133629
0.620849047883447
0.527881990527461
0.61488524112581
0.542281895813855
0.627091535302243
0.596011861663349
0.675934255764612
0.54092150468011
0.607881575842384
0.446430935469065
0.515490597279797
0.542123189061495
0.617271268097066
0.542673232781801
0.642975552237953
0.503639264491189
0.514304606981519
0.468557688061269
0.707550531272572
0.634679807714422
0.579473067017654
0.754766010664811
0.656987447860765
0.560210066202514
0.497886561905911
0.572115311346118
0.701965443099445
0.566307341774329
0.540247613825321
0.725235143770033
0.634074830440331
0.637859193118799
0.602976902732963
0.5986404345972
0.587907426217431
0.622245042219431
0.51536081804574
0.641844133262737
0.717992138852141
0.626893899407128
0.796967388682048
0.6263685576261
0.685272475016962
0.662743177001719
0.669691041929143
0.678862154435755
0.760725974674663
0.675266049162261
0.663853262246982
0.635761444748394
0.634905048080455
0.755332285050915
0.671175090253961
0.736393061578633
0.67719071234361
0.74514065767951
0.69484051653214
0.554036728543677
0.601775228473972
0.706461611426019
0.690313402667294
0.710821585120009
0.604347644856985
0.759979943710207
0.733969097520636
0.621197284240184
0.845669636353558
0.761350813206298
0.76835935085625
0.658825020693623
0.749258056427897
0.739193387809865
0.753553550191629
0.755017976217886
0.869400834960174
0.676073687209872
0.769773090827665
0.567632574138424
0.660578385033546
0.788926893665643
0.814118526246066
0.761111422501917
0.680774331693907
0.690429004818853
0.785643206257474
0.71089945120355
0.838056348261706
0.762060854183487
0.751801516737187
0.860425905371173
0.905285720289238
0.644555821889604
0.778072111965001
0.720190696275319
0.770632817338699
0.776059880798311
0.681024979920506
0.652035262289342
0.760750555995414
0.82916056595537
0.778825801317469
0.611417833338967
0.811053823046622
0.848820010308469
0.852033145387215
0.828685416871074
0.735196229175618
0.890226047245509
0.82953335558255
0.73146944228463
0.790325294144863
0.787824606854786
0.796918280624013
0.593004609422688
0.797919639923085
0.832615077393054
0.924118108853651
0.72765887452973
0.671121618023897
0.753527463542139
0.875396264153512
0.65714333334355
0.83819662053011
0.706967844504573
0.769992565607696
0.867416659466611
0.874208064600328
0.858888330544335
0.891977859071135
0.820577694722787
0.84280038830836
0.909389998476923
0.906142619570155
0.849257907492235
0.904292913564976
0.883399523489251
0.794001092640124
0.751762304793709
0.73114001954774
0.878825077645985
0.900576102296789
0.898153151010664
0.858902518312313
0.965997124289859
0.874726979312553
0.871211127042832
0.992141357760608
0.827815346272304
0.875140424953781
0.871806720127286
0.844358245281205
0.843674969694689
0.933287329576201
0.823409513411064
0.972065863173833
0.968515452419669
0.75632115060489
0.981211392278694
0.958658012307862
0.989821452625482
0.944969874640679
0.954864122836887
1.04398605560698
0.926446318608236
1.02614227739683
0.686520805977697
0.968154258334548
1.0802969665348
0.981713788401322
1.00177509412792
0.938741633207723
1.01754067963356
0.809104352103462
1.08574162218918
1.09790394239223
0.998097177086024
0.885546092897319
0.91169641028572
0.879486910045123
1.00100745876025
1.08344724540409
0.977331449771106
1.04693325603715
0.814430088602203
1.07141649275044
0.952737414663014
0.909159988955683
1.04102876629523
0.953686479332944
0.89242898961667
0.877135610584129
0.973152836621388
0.898794058140914
0.904164427636865
0.874036151428334
1.06803907697143
1.15580102245015
1.00394497926626
0.948207809899213
0.932812063053972
1.03019065918733
0.872999219695963
1.09481877551926
1.04863059301031
0.950072973992152
1.12934042860114
0.894053076397264
1.02794048737722
0.876487514917364
