-0.0629549627935584
-0.867407197563283
-1.05037383411069
-0.970181403310793
-1.03144329578833
-1.16385179759909
-0.971749666444808
-1.0699022560728
-1.03022375748654
-1.00000684302652
-0.985793479642959
-1.03839434301265
-0.995589668882126
-0.889975323804494
-0.920631682994439
-0.874629437390182
-1.05995568310667
-0.973565048785909
-0.924936000116819
-0.984204851529633
-0.814273479138064
-0.845046051310591
-1.03606428289941
-0.84810398332993
-0.907036501336284
-0.967450055475697
-0.8003168224692
-0.9837569999191
-1.00225757805944
-0.75476053856301
-0.965856518843235
-1.04646297097282
-0.933409111244106
-1.0073331262516
-0.807771887085725
-0.849340677036154
-0.862824923812039
-0.894005310230735
-0.907361684782903
-0.992698319634767
-0.920019419095304
-0.879385901297749
-0.862677200546962
-0.988374484782135
-0.886281329220797
-0.816776433457837
-1.0011814280882
-0.739817263141167
-0.836426678663324
-0.918620760683774
-0.935141164605152
-0.708326186679283
-0.902759342058953
-0.883160131906491
-0.897905477013941
-0.921307630101473
-0.848887105683193
-0.872375206136507
-0.932877874476297
-0.996555845958748
-1.01455815841334
-0.780250420060801
-0.87268218065662
-0.690558993426251
-0.797558831043073
-0.896692072813091
-0.812008912196542
-0.868247220667223
-0.758525919334192
-0.7637912296363
-0.984276176625267
-0.880486645286041
-0.801412274591498
-0.838704012862978
-0.95690275168848
-0.881436325546904
-0.947398379964471
-0.901269837536892
-0.861903847772911
-0.790980434551663
-0.75970616128695
-0.894416039147153
-0.949743984307808
-1.04181182685016
-0.899218799560065
-0.854667695974264
-0.884849580258089
-0.765624421676479
-0.824571585252606
-0.944565683171934
-0.775721338071966
-0.773867145532407
-0.650977653917783
-0.743115939965821
-0.796962277744833
-0.849255967716715
-0.751774184429867
-0.787542291842823
-0.860372935425565
-0.770179148817643
-0.792019691223822
-0.839141919520874
-0.964983937637656
-0.747601242010267
-0.858525275425617
-0.638079989645317
-0.941454457058809
-0.737145979498008
-0.832732561031155
-0.773327917250685
-0.847172338929848
-0.812217900310212
-0.723338868947674
-0.767895142216726
-0.666247926396721
-0.854041124799724
-0.837641525698448
-0.703811357270633
-0.701514981094559
-0.939044325769195
-0.710715976610448
-0.67837820806053
-0.718897281112212
-0.590622938035939
-0.74236649580518
-0.772162064261781
-0.802804981561324
-0.73264581986063
-0.781481657309126
-0.771132163768211
-0.71327422663105
-0.699977239646958
-0.828486942085045
-0.743837681311331
-0.600192044437295
-0.861142160529838
-0.736486017584893
-0.614508334493335
-0.63184816399899
-0.607003105727096
-0.832717543029369
-0.767951314792146
-0.724688571954913
-0.718212541112106
-0.670220144487872
-0.586353072543322
-0.688104153762958
-0.678296375795006
-0.770736325891817
-0.766078054468931
-0.559856228996549
-0.703573674675837
-0.736586926570603
-0.736025419016372
-0.666155310480279
-0.757806681369016
-0.50901880355594
-0.654998589058003
-0.660946841997124
-0.647291238013468
-0.706544682910407
-0.644694903912394
-0.810871395827006
-0.505965527406678
-0.723177348132069
-0.576178037867881
-0.548160318391252
-0.853663056640168
-0.60256649367511
-0.664892764011424
-0.67553995799416
-0.599307425681599
-0.863607112620124
-0.759654103057618
-0.684811220725144
-0.642532790911332
-0.602700172834653
-0.648666254814651
-0.696289122090645
-0.602178799935009
-0.502703440551277
-0.548266470816694
-0.642417227807289
-0.741672414701277
-0.607328697115263
-0.616581060935303
-0.696921184488269
-0.582508808412015
-0.620225126702676
-0.480394461925432
-0.573033001796186
-0.445816544426513
-0.513759929121878
-0.46186714956022
-0.713847407451464
-0.787681408222535
-0.492231368926974
-0.746265607282173
-0.77859942623955
-0.620319262083545
-0.706533417941164
-0.516203602222559
-0.66004164427112
-0.557983881975607
-0.601763220868004
-0.600940256224666
-0.594803114793946
-0.734470295652995
-0.58675296714627
-0.555747552815989
-0.420585421356293
-0.595262942181488
-0.577777248038732
-0.445160103450559
-0.51345743410956
-0.604523184600838
-0.782601459232549
-0.460940850876701
-0.573234580767238
-0.533177754059919
-0.465811509818313
-0.66492316880785
-0.487053579939456
-0.623762552405816
-0.609777514358072
-0.655997275746623
-0.570716286724954
-0.611377673222862
-0.600247620888729
-0.464986937837816
-0.607120582004007
-0.58183789029861
-0.651186522366717
-0.503881190007097
-0.568468296621482
-0.682962416738161
-0.572275146065115
-0.478613929258096
-0.617073493693281
-0.612023425161056
-0.61355725892836
-0.41454608549939
-0.485001524379514
-0.421938207784027
-0.577501590872444
-0.591572826571456
-0.516920715899388
-0.47004715663171
-0.697084596829219
-0.492767471371246
-0.639203665738459
-0.430061811148877
-0.439458776102335
-0.534048470006667
-0.438988585037925
-0.560927029890989
-0.54741082720232
-0.485668931130607
-0.42931546103906
-0.507054839421941
-0.477125146601004
-0.542535303157569
-0.607963072195355
-0.312970436532106
-0.459762706500685
-0.480882384183179
-0.440377192166769
-0.603754673975302
-0.399951072723491
-0.488651312215174
-0.510175047440758
-0.501070143526453
-0.348525991370771
-0.353688988205888
-0.403807563017359
-0.574096649306252
-0.389240492643401
-0.517159036358181
-0.505851950116487
-0.274841940013199
-0.597753121745049
-0.452913175640296
-0.516328166589281
-0.363351726851782
-0.520541809449858
-0.39203958517483
-0.352532658335246
-0.487940737857512
-0.319249208558318
-0.349634698167609
-0.329765281807615
-0.473318276642823
-0.503435207662391
-0.394572328828393
-0.465250001776743
-0.377479505157809
-0.392505609745673
-0.406869281406856
-0.359329029532618
-0.242390414454038
-0.356742254720944
-0.448179977148094
-0.199385095604224
-0.358708740083151
-0.30211579231469
-0.284264119715063
-0.30434458092531
-0.400292131875624
-0.518055748150261
-0.347759406695801
-0.272862988523086
-0.481047548710477
-0.441716796880896
-0.228558081759018
-0.393018303921099
-0.313560577956828
-0.2613211625009
-0.397323560734537
-0.324247423688703
-0.41609239501758
-0.391676043944707
-0.267243267508197
-0.367348273369811
-0.31174818382961
-0.290543330889621
-0.172551969988978
-0.458610916543622
-0.377256372850308
-0.332363547750884
-0.291918587971459
-0.368817473965383
-0.488792161903662
-0.337975711668235
-0.294269484082315
-0.301159103732433
-0.355846176081989
-0.383159083452822
-0.31882244476515
-0.506988439544726
-0.344174011798617
-0.351447153562165
-0.369533036136542
-0.250211538344871
-0.41704411590473
-0.264211177987132
-0.450300344286418
-0.376627374320382
-0.33540637594954
-0.380345990888015
-0.317671368302812
-0.3594487394586
-0.339548320801887
-0.278171577992889
-0.329137671269125
-0.299397851360967
-0.325385976559104
-0.332063275338249
-0.258541260749157
-0.276622905548286
-0.508959276250413
-0.346254890984547
-0.295218054554471
-0.376940137627719
-0.412165735445659
-0.29381368618251
-0.24814162632841
-0.3679850345253
-0.364628554452762
-0.301551509528009
-0.226026993032379
-0.181925410558458
-0.220217566384911
-0.140994277012112
-0.418379626522191
-0.39312353773853
-0.142632645535755
-0.343864566439961
-0.301517629860021
-0.16574651474562
-0.151171865819499
-0.161322129842877
-0.433014090982908
-0.391323559589672
-0.446186343666359
-0.218988154557388
-0.231571622576991
-0.169423168648024
-0.0714761328666941
-0.255078266219464
-0.375416846325903
-0.238450600293656
-0.128213608888769
-0.332373802788736
-0.206980314396548
-0.195148761072033
-0.378747947116531
-0.286236646297393
-0.316629328116584
-0.178731120971758
-0.190447398657547
0.00490762867895253
-0.201400446735326
-0.253746854054073
-0.152826931863324
-0.113375853227325
-0.0592150943229604
-0.00527558882800102
-0.227321211198559
-0.223520401253141
-0.159282474962332
-0.180770794396286
-0.139618126502848
-0.220818944990606
-0.184358844952569
-0.0803391845886703
-0.1064702081636
-0.0818721701697975
-0.0761104669770496
-0.235518127220776
-0.125635745275204
-0.302186655513981
-0.0320296535992713
-0.253849267629632
-0.222970368154432
-0.117372861848087
-0.161421332094779
-0.17599648537052
-0.096670228431022
-0.172543783495116
-0.140232879011102
-0.110599480827188
-0.119321173357633
-0.00458307952540017
-0.0808666357451668
-0.149992884404135
-0.188722374981442
-0.13894882431773
-0.209541421581304
-0.121202266224243
-0.148685793214499
-0.164462633311639
-0.0288868042257286
-0.0398292519826732
-0.00925050799205122
-0.0358875646499814
-0.0957783176615071
-0.104768544863129
-0.168269954882169
-0.0752914465371292
0.0101304461629147
-0.0994029768621428
-0.17886846340099
-0.020431396389259
-0.168472979832848
-0.0324468530770067
-0.160237324413198
-0.100184606000925
-0.175317845736421
-0.050652527706209
-0.118671101005491
-0.0163507930453689
-0.158329813001334
-0.0204933498305886
-0.0544829985971594
-0.116017211117894
-0.0702829339592804
-0.012286382490079
0.122410406873648
-0.16971603382888
-0.000542174027623535
-0.102687426295041
0.11196994230959
-0.0737488102370163
0.0310977691773738
-0.174158948888265
-0.129467073441137
-0.0738658836816732
-0.0664102564838599
-0.0308481529456689
0.0530893707667273
-0.114050427192623
0.017318276300645
0.0594334604272716
-0.0203861995318989
-0.107137785385601
0.0605888640578451
0.0842553555075835
0.0384624431198755
-0.0877982042767398
-0.102980555812641
-0.0276476226457123
-0.0350732833124072
0.00228344592052746
0.0672650229688128
-0.102650224890751
-0.00525222393740086
-0.103488411793606
-0.101276972140099
-0.226744356085948
-0.131325672518302
-0.0646490862188079
-0.0391711336533992
-0.0804208913638968
0.0484632104361153
0.0303415673654121
0.107337298476442
0.0808723062431191
0.0814196574637075
0.107716396071046
-0.021373136092156
0.141196563523414
-0.062396002216445
0.0094290026089638
-0.0153248798069544
0.0375848094517709
0.186004192584422
-0.0765639512243158
-0.0303839297505457
-0.0357950293489502
0.134094322044624
-0.0463027137097506
-0.0442634601966978
0.114292430520666
0.180355740184338
-0.0273592256914432
0.0210094214987794
0.141832141993066
0.15886793737025
0.11910044864552
0.101476782244164
0.0241080053467966
0.122247136137723
-0.0400716676705464
0.0142781151885981
-0.0221314998665795
0.235245678742158
-0.00385530263148134
0.0449254333534471
0.261122517814109
0.156507558066396
0.10573652753704
0.0409327149773537
-0.0174639103411314
0.184233315136258
0.128602817911984
-0.0429532611506809
0.26339157666594
0.0187408714331576
-0.0239627369179221
0.0366473027350906
0.116491877257154
0.170872986434134
0.102501073913809
0.0698726045217135
0.254373002019288
0.108565712880626
0.14523137417481
0.181989306216977
0.131642732932057
0.156824477293556
0.255881315286402
0.125816398749659
0.181912357460008
0.260380829211769
0.211390093315211
0.226419538724076
0.0800169899385598
0.232935271072376
0.15259314301107
0.166756070495884
0.210082291224581
0.129720343911817
0.283405210329871
0.0203257016064695
0.0575003379669299
0.169038872176175
0.105602611171692
0.227311504931337
0.2361314765835
0.194128424286367
0.0729618574770035
0.187304241621446
0.0093522077324082
0.0803225734585458
0.102971157431121
0.242874955913226
0.252857469737446
0.236481332747157
0.144823621379812
0.170388410013822
0.18853530662459
0.184118354195745
0.139565037800386
0.149785780511453
0.177578648456407
0.0793214489326408
0.368534097208042
0.145580545819046
0.144366070697427
0.233382222178272
0.164066326040816
0.297926749784506
0.490000055902049
0.162200414884867
0.228870953142036
0.251832784725067
0.315489591767764
0.136680026716141
0.17956514950217
0.149741382186103
0.129559895497855
0.177909016072926
0.23918232226622
0.210039986055636
0.340354169559401
0.382614195630839
0.229598568783536
0.341619277899487
0.208152125478247
0.28831807337076
0.205655622286644
0.315084183544898
0.277348970511108
0.420176693596525
0.213335540284168
0.208603107127522
0.342599787527756
0.134129871895041
0.253402382064944
0.369103028187797
0.34489728739002
0.282584356949129
0.173393756952854
0.152686401842433
0.168660275790273
0.269683407717008
0.396957336248761
0.324887837780413
0.224884055096759
0.192276644023424
0.359670082825674
0.337714079183174
0.316533020161759
0.324537135765826
0.215116770925092
0.10323650213823
0.337325145121858
0.277631658242813
0.29741206132466
0.298947540895956
0.401107111931975
0.272996635572749
0.369186857462634
0.223294245671051
0.351371963742898
0.25484519107976
0.402805397685385
0.312453773967572
0.261388301931335
0.340478383450248
0.328433864497296
0.133687488146128
0.35800707846865
0.313294801612208
0.378437457300782
0.265176799118962
0.439699845049057
0.329691432899544
0.311340924481907
0.307950747534864
0.303379548137721
0.333843904770658
0.169834560679037
0.356922286152678
0.238454036457451
0.457531640281323
0.386141359228193
0.244105567833974
0.368105468743736
0.377822473199792
0.432998911741077
0.198509420115973
0.260956806929397
0.351637444161207
0.505410818296834
0.384962302587676
0.292064980392361
0.28586148079583
0.368607894474845
0.393041616123894
0.335948935310967
0.15456697763438
0.24492212262747
0.287331151226016
0.33544054449478
0.242093717696303
0.358275305875323
0.455950520239093
0.429429519716855
0.442066068384239
0.377889511250103
0.349718115434131
0.314064353948305
0.373231274652461
0.265982554775093
0.530180740387128
0.317526153182269
0.473964235169929
0.494987478356345
0.396742011594538
0.395991181369595
0.353969488337847
0.34858367984316
0.483585115816316
0.442041070946169
0.439046631475956
0.541186251348775
0.48694835201763
0.552664957238163
0.286203809695269
0.455180299499755
0.563928872131462
0.530969272224844
0.510403139679599
0.537312086038567
0.474735473211889
0.553758051203373
0.386224354501446
0.520251482526711
0.358825532076457
0.533381564969193
0.488175030366554
0.556517499529463
0.478466344441863
0.472720312179616
0.536259958553831
0.502571039980258
0.402182946262466
0.343882764832413
0.407243747412214
0.510985580694328
0.405252102517269
0.538338707120557
0.41684025349282
0.493946605986099
0.489188154704171
0.552365884723936
0.490352332875913
0.489477010109943
0.524838613971856
0.405429588015704
0.509065841845534
0.544991310205617
0.557853128262406
0.499386599649208
0.49665016913901
0.687100050287878
0.442825872411032
0.551699373430651
0.593913858403271
0.596155325641615
0.485780489897722
0.657147078000674
0.47685878382081
0.601032291038733
0.483541151789563
0.636701049710345
0.65649410108536
0.525053455664121
0.450390853739101
0.601753299247805
0.601128232193037
0.603515149485482
0.576430044041807
0.634745504500617
0.592188126610794
0.562870640496209
0.598166979719952
0.487106601865377
0.553492061192404
0.401528726295764
0.506566329629754
0.7205601436281
0.493225977626719
0.541588541074071
0.614493610398775
0.549216177273088
0.662934843925415
0.630091236279517
0.598493717079656
0.769493981104367
0.653363791057259
0.509567068976426
0.636998730452028
0.560707096157598
0.572410130448218
0.545893723603335
0.648941407341268
0.637870864092205
0.459681408296676
0.498579334556123
0.641505576837148
0.545598971367853
0.707206125419799
0.695691511058123
0.79975532828277
0.497233849088181
0.65467629186921
0.522382703433795
0.688724155992598
0.633344446104316
0.767213395963969
0.722861245662632
0.682499063531072
0.606001270182901
0.689498428224969
0.630707601540364
0.653989571826411
0.64901096971643
0.573721497282204
0.613290739819549
0.620121465881665
0.729575358664925
0.805408325219758
0.638062808805585
0.576435426749201
0.633942196262914
0.666787728445048
0.626679145509079
0.634181854033776
0.668510975253998
0.598396938835175
0.727581202116825
0.615804837365831
0.642632572700411
0.594372387471653
0.70550937792821
0.691544091223727
0.719750894691507
0.752166489281927
0.707705171336244
0.755196737307214
0.730408356137731
0.656466600680477
0.582062440694119
0.793666759390779
0.717328647012415
0.77500836008515
0.642616929566941
0.672294212358864
0.736610502605037
0.894434930985066
0.689445449141458
0.71696508559904
0.559796890624777
0.71685597510845
0.782078443364202
0.705615740158661
0.66972598327554
0.659907808205356
0.736660653325872
0.62591859119299
0.717163594539181
0.63773485651365
0.63559624684816
0.584858115999081
0.888325051269504
0.825514691331795
0.64931204307855
0.804573465162102
0.789016252668023
0.743333197848609
0.657246533107712
0.720484483857041
0.651137576806579
0.76232157892161
0.764284550514521
0.774076925246248
0.819605084784582
0.671903869508341
0.7903588579262
0.735353313987099
0.774774880832328
0.893425526311044
0.640062608817766
0.810212962904729
0.748403012701838
0.677261304869444
0.885220485489001
0.758116120017941
0.680548540685247
0.774972590297152
0.893135755137848
0.847771708637549
0.800680994736884
0.737424005025344
0.796456424411332
0.729314539354642
0.622411279980376
1.08759225377245
0.850432850711088
0.76367718158031
0.787886502080037
0.895920285751964
0.731397840956653
0.84932812998025
0.630752936776125
0.74375501292302
0.868261946123849
0.766487664315306
0.737281430674187
0.793695421723748
0.958497245206987
0.875712191756005
0.745947134865006
0.75331188123593
0.86437969860742
0.85244620709559
0.819523750776293
0.912298885436419
0.821338798383931
0.859192082944955
0.913084797772543
0.864448050383486
0.818620269817179
0.941754064535305
0.872419873579458
0.925217933355723
0.728546425108598
0.950167265248915
0.840924026679404
0.930023313260021
0.960764966318868
0.698058255865618
0.828142848579552
0.994461753199583
0.841182697163365
0.84963576916349
0.924224508997887
0.960395567901139
0.760536540077494
1.02745939502011
0.789281885144017
1.01849962798997
0.967426731696033
0.839588685618486
0.83111581629868
0.962220363975879
0.830529279185906
0.858415665334244
0.836494477823598
0.837246888185267
0.962553490876683
0.950416501754506
0.907403803250734
0.890132265629152
0.90994499380609
1.09903506771628
1.03350245617147
0.967997084695459
0.964354493604233
0.941031038025109
0.839709715954834
0.880905312601139
0.911285719874112
1.03959622877259
0.889458856384253
0.818841307583018
0.761912054508934
0.828748375294478
0.968837922793729
0.993443464260104
1.0017741941924
0.809861810281325
0.990696929712102
1.00839708290939
1.09955686676114
0.90888811853533
0.894420590382709
0.999435029640553
0.949874235670674
0.947954930770656
1.09272409024418
0.949778162779654
0.946422900662788
1.05244597732774
0.907391224107622
1.00729734334095
0.990004894501849
0.805486330831607
1.06353543939806
0.963110494191486
1.02181658217938
0.942968437129923
0.896801854067491
1.03716097576846
1.0995221741673
0.904385381861465
1.00832128994304
0.881006550010283
1.02612703383727
