0.0187547297869521
-0.987678617898798
-0.979493889486957
-1.08193102487449
-1.07817947865758
-1.02894121908973
-1.01632698560589
-1.12462619402858
-1.08071669161767
-0.968789921627891
-0.840130774424546
-0.991059936869775
-1.01976426456421
-0.943197210122731
-1.01807379581167
-1.04589256795718
-0.862897819290904
-1.06154820236479
-0.909645684927628
-0.832866234737035
-0.945532696432173
-0.804796109309086
-0.967604810756616
-0.797186701989238
-0.970085887934471
-1.05115494719855
-0.871680128817039
-0.955427073527383
-0.950319007725772
-0.945576881938819
-0.821889728084921
-0.91907213970012
-0.820448073966252
-0.95602353759073
-0.846512666451824
-0.910718727657585
-1.07892431559539
-0.928154435609401
-0.986009007813166
-1.02634450051193
-0.71807324215832
-0.928943097367441
-0.905756492738814
-1.10153163904898
-0.899179002944742
-0.870998481611729
-0.864249415604245
-0.98081564146236
-0.943730327523354
-0.88223002913503
-0.783129993370393
-0.901716521357868
-0.937148629514622
-0.978559637094873
-0.884144812515545
-0.903694679252116
-0.897991399634089
-0.883894467704075
-0.819464231402832
-0.903827864904124
-0.925453571423948
-1.00808166423882
-0.657173136320771
-0.864947420626464
-0.944223021488777
-0.987911952316421
-0.68223627982455
-0.839998206958473
-0.826498927305664
-0.853549471000408
-0.832691461385067
-0.725667907657638
-0.949942942411496
-0.942278279912272
-0.860795379997078
-0.758035549556544
-0.835861065998691
-0.924132231159669
-0.775515079448763
-0.871525715158756
-0.808935695907517
-0.942441876059253
-0.723566568770402
-0.894204070261837
-0.654390074507289
-0.782813465301048
-0.779651960112638
-0.890056316247483
-0.71018671180893
-0.85001444382107
-0.894464218322946
-0.920599285632595
-0.832476454485726
-0.633513894369802
-0.708336044261241
-0.605762720296308
-0.800340156016093
-0.675907950700213
-0.723532225061406
-0.761311924352695
-0.597566075168527
-0.763031007560483
-0.78349943754148
-0.71069151046055
-0.799219299208523
-0.754331166479051
-0.786168007490714
-0.700276417117507
-0.751117726402633
-0.769597948441721
-0.730277646869542
-0.757615203080517
-0.717879964333759
-0.774428502889487
-0.679405709067234
-0.828516060556985
-0.840204452823721
-0.600210496037469
-0.57274111837268
-0.723012554856479
-0.817038955447367
-0.74796560917937
-0.558878294091098
-0.859170558469602
-0.883691394684407
-0.685719182789948
-0.846108809317076
-0.768440077274443
-0.695343275171428
-0.860552859966192
-0.66447421730043
-0.61728498239801
-0.765524767060641
-0.751397560512389
-0.638733267048556
-0.584200562768854
-0.651234342409398
-0.709801811608904
-0.677510296492766
-0.750666586548122
-0.768131205220902
-0.699709974738045
-0.57310010229741
-0.727168912476829
-0.555948990984068
-0.852940356008216
-0.800675609134249
-0.716722560319407
-0.622702514972077
-0.71467428929878
-0.675637468285979
-0.700861203119338
-0.78091252012358
-0.705473226331138
-0.595227599551357
-0.671452128994096
-0.786766641783269
-0.70460176062396
-0.649482771556959
-0.652966626447408
-0.689166694801171
-0.581661334595604
-0.751799664269165
-0.498972100090052
-0.725427159145216
-0.62125009161134
-0.687598746406892
-0.653432834416426
-0.79022307523599
-0.670150149111918
-0.573020071664954
-0.743548716005693
-0.758906678182035
-0.592587149776603
-0.669814762323908
-0.705653085226185
-0.585663516484947
-0.776405181098342
-0.548246585401606
-0.681594150679836
-0.820663520544644
-0.633117556422096
-0.634024111144066
-0.688015000815121
-0.734589274103915
-0.543117564497346
-0.696906091044929
-0.70872602006471
-0.571309087693303
-0.599981747046586
-0.522733607453898
-0.5123536240372
-0.643960594763396
-0.58198495066437
-0.537578802715352
-0.529000577621397
-0.642280793582045
-0.669484993821015
-0.557902780566382
-0.625922217886658
-0.539343129673792
-0.616408676993829
-0.600709534779809
-0.445756330367627
-0.568987721147962
-0.498502116187555
-0.680390110493821
-0.479210205745051
-0.538639186698436
-0.507040559197356
-0.583801972128593
-0.573041538104906
-0.555491522767287
-0.584552360452826
-0.549742078980511
-0.578342664035917
-0.564911276214339
-0.650945408466957
-0.612711936613159
-0.579839184196715
-0.506668496019504
-0.420184236874994
-0.538584803045808
-0.482839266015944
-0.464180758217156
-0.704933515541946
-0.586584565669335
-0.488807930023451
-0.561212843764052
-0.531445583404301
-0.52982635919473
-0.65873706110919
-0.482840931006515
-0.61570641940509
-0.502492525462223
-0.558267213980173
-0.432917290366918
-0.525365671459002
-0.504631120991185
-0.508482270856052
-0.462560105639016
-0.58701740143402
-0.615777352378544
-0.61661712131963
-0.575682839712393
-0.612429035863672
-0.44925142208257
-0.491603661459342
-0.487315686793914
-0.585508812992059
-0.556965025296147
-0.401055184540699
-0.514376316890694
-0.469293220738156
-0.519605541012823
-0.53599012842477
-0.523337556373441
-0.433611136660011
-0.506368292636028
-0.408301546252989
-0.655263564318489
-0.438797427272385
-0.555426729333951
-0.497781643348771
-0.534536600543456
-0.370572326469184
-0.551662876021279
-0.380650618594471
-0.351296298108404
-0.507000901916891
-0.429680817327652
-0.532796138990295
-0.380125420730817
-0.494444773772931
-0.520175265554159
-0.483371153783346
-0.504067788866956
-0.481559488241175
-0.434718389746223
-0.507927491824722
-0.449604750174012
-0.386382627699336
-0.517242575633511
-0.524962948610785
-0.514021037004998
-0.331350104377634
-0.367152328088183
-0.48788645275552
-0.415494131240204
-0.414328615186729
-0.481190059843286
-0.416270115469899
-0.25462819873584
-0.557668281845051
-0.457878360032368
-0.450169645226098
-0.242532868051453
-0.595261778074971
-0.290502282023024
-0.341290818139572
-0.457324233764248
-0.433167970034049
-0.240883422134508
-0.380675611534987
-0.450975678057545
-0.408982476235733
-0.369530610305723
-0.391309530402141
-0.440180716756686
-0.571360387828465
-0.39531751610562
-0.420504253974604
-0.318447353360984
-0.387911253260558
-0.356358352124943
-0.269505784592546
-0.370585519401381
-0.374292234271432
-0.359141079469971
-0.457360643908635
-0.414951872679975
-0.242193938237057
-0.392660828726446
-0.394824375762218
-0.410231730784208
-0.357944850498558
-0.355198548812595
-0.263438638979094
-0.321843944197356
-0.213494222108328
-0.228930164338316
-0.223675420935109
-0.349313546481586
-0.434304797173744
-0.189458843025383
-0.35092103312932
-0.25462170855984
-0.274584012320116
-0.425618851360907
-0.255655728039075
-0.13606632092144
-0.354927715434838
-0.319547335081028
-0.374331443531089
-0.296975894649784
-0.208268182409772
-0.222097775995326
-0.143500919956823
-0.428488575672772
-0.181368052896077
-0.282634000559483
-0.313822122885444
-0.389643597406102
-0.250652502708908
-0.207642460734456
-0.119847194219691
-0.291288338296084
-0.363042215749053
-0.302046988319204
-0.275190981598463
-0.219938871981699
-0.166745310495131
-0.175973245748851
-0.339332688655024
-0.111929090352703
-0.169922657582128
-0.337811129226488
-0.272539846561757
-0.300849790690749
-0.37094898847291
-0.287849436764338
-0.291457688929556
-0.31651417284426
-0.268503880666923
-0.239932239055903
-0.31569977710807
-0.292459877290313
-0.404716707879297
-0.320979808143146
-0.187316330335439
-0.13435375505954
-0.304305932180662
-0.353688992006997
-0.203794690105315
-0.212950744656674
-0.158162471719941
-0.146223286672224
-0.162495962938983
-0.136633493028963
-0.187695664705084
-0.213010843002181
-0.154515884482982
-0.0729184861918808
-0.242979778327898
-0.215260026726442
-0.224028613331457
-0.268539362517826
-0.235272018046322
-0.20071268346169
-0.140942155313748
-0.220339945052209
-0.175850554866824
-0.295395549218701
-0.110593812808064
-0.245855779581373
-0.189899669094002
-0.116800497132978
-0.137873497685457
-0.224260740780289
-0.190003620514663
-0.0631559913708213
-0.295469125671349
-0.233774911161013
-0.227014566887854
-0.201061956685513
-0.158483353583884
-0.255666663589371
-0.137493441312895
-0.145822467478988
-0.318297617944974
0.0117967281776404
-0.170793188657196
-0.201910237091674
-0.00952369606247541
-0.120964820379238
-0.213485078938173
-0.181726569362856
-0.15653022690633
-0.0759921432535119
-0.266366042794245
-0.0770981813368393
-0.047204912793028
-0.216355946021924
-0.23936794169207
-0.0858881381553406
-0.201034352624908
-0.195924999990826
-0.0598304539797572
-0.182750874824335
-0.0410930225864612
-0.0667805420505905
-0.353842116994459
-0.0525381335727342
-0.0162624885535371
-0.236174277383659
-0.0832035899023228
-0.171865900609109
-0.0283789597271625
0.0145834194990692
-0.200134096414723
-0.170843322616342
-0.104118023204919
-0.118860447621064
-0.112040710677529
-0.163694021928626
-0.00057145831347431
-0.106078616213684
-0.107055518864297
-0.0537761873492389
-0.0771167765612768
0.0294377449134636
-0.00489878384501961
-0.11046270908718
-0.0993530564052147
-0.116751312599951
-0.0634120352576672
-0.0441917577579541
-0.160671664266461
-0.116411440891887
-0.182260289118209
0.0095867941183237
-0.036326317871297
0.00183209712905945
0.0102429351464175
-0.0814558551946667
0.0686072760796318
-0.0255288487773564
-0.120489959547135
-0.11533493073113
-0.0483258558812475
-0.0450293997120112
-0.00316059505574403
0.044300209155296
-0.106970021512184
-0.101215618206987
0.00126082136277085
-0.189347476689102
0.0117878622257021
-0.014326401716964
-0.0795373813377763
0.140912886594235
0.0488872111252669
0.00528034839264838
0.0373602139244941
-0.153451627394922
-0.0265638527792666
-0.200199717787811
0.102489350146623
-0.056823011258295
-0.0572888839675498
0.0456627522048714
0.153654273799761
0.108593555941642
0.133559810413228
-0.146853387544089
-0.180520833516015
-0.0973314340355819
0.128585406579759
-0.0221393450659061
0.0315195616225876
-0.0290201878326342
0.0862587435086772
-0.107584221979213
-0.00167026883690205
0.0807618826059208
-0.0994500273640961
0.17332001164916
0.0614718668025823
0.0632366776936931
0.146935915117048
0.0385200980287373
-0.076666575323764
0.0119348628400709
0.140686969020941
-0.0498627952008015
0.0339675246505772
0.0234012691991104
0.079670615474249
0.0738930000893617
0.070115031731191
0.194934831571696
0.0213191242214319
-0.0723218626409776
-0.0443293413345146
0.234165686422988
0.137766001772362
0.109954094440526
0.147686093422271
0.0434157331768656
-0.170275221027747
0.0426381378004248
0.139225678845472
0.0662061337839237
0.180244105348262
0.0347882770727584
0.15491776024543
0.0798627416701591
-0.00455655147646446
0.0417895600541685
0.102776151665649
0.186466381456632
0.0465367851699208
0.13006238023802
0.0738481218075658
0.0865396248978701
0.0821025225475743
0.0760368029152868
0.106910392924508
0.171360883318034
0.2560904708037
0.146907707606665
0.0370341849031344
0.0583498741782475
0.143771669238523
0.0717107790925082
0.11779170045712
0.022165800127757
0.20950492545958
0.115291017905156
0.261393007821824
0.176746318403181
0.171898049957925
-0.135725537191742
0.299014686610658
0.0856939523166606
0.149055617002314
0.0453679263310612
0.157047198703271
0.122223248477944
0.240588682883577
-0.0408637596852574
0.0970291816525838
0.173223726191088
-0.0148515624513959
0.132723710680415
0.251653183589697
0.178496303629967
0.183201384545872
0.174872839449949
0.376124830063715
0.23299683270943
0.0100863306513883
0.162542411013999
0.224505415699468
0.152978537176087
0.0966515788792287
0.194191626577117
0.19256591714061
0.126609068771362
0.109444852762904
0.08680772633345
0.210585469472661
0.111617874757476
0.239270511342637
0.201998367011224
0.363170040849252
0.187237282487207
0.278420459611415
0.213022040393289
0.217361341059205
0.217103802262135
0.36464643850616
0.251219282712301
0.248023021208401
0.20940333842547
0.160121226929278
0.205630990250558
0.199615143795666
0.207365920192499
0.416436604556616
0.176492428445949
0.27235982370845
0.257855269782683
0.191818420688763
0.248820216124167
0.280123474223816
0.276800995715846
0.214000800295471
0.246682270269404
0.271864172951476
0.376775932492814
0.315982150991603
0.133950112003287
0.408107049107647
0.20738117092929
0.282679089466826
0.293677788240495
0.306527947649578
0.285425812949716
0.15658433309047
0.379926065834426
0.267631295235324
0.21978742530043
0.31297943315121
0.329912432199711
0.20252295549472
0.253801027888104
0.321781604484295
0.247066200626124
0.418279725845943
0.244647578504768
0.309976427870512
0.419780550264054
0.33597840483309
0.274060606569464
0.325406901037857
0.399148640313792
0.339102153051872
0.582341612298725
0.278724762592555
0.334198578591257
0.225415087888736
0.333779208099857
0.2319706908393
0.371927400356908
0.21660371623736
0.252312133084468
0.125353442641638
0.401060453594983
0.387854248755301
0.431796234615626
0.304696527956384
0.243143510533771
0.576163147006023
0.306901838289379
0.400744367602785
0.226509070089848
0.338990232939151
0.375095592295445
0.531804642124591
0.246235602302409
0.38377912484455
0.298774552608229
0.27073787230413
0.258004060895494
0.252542198943982
0.331768334874975
0.43598157228717
0.359151335406082
0.416532351596936
0.352223649010941
0.328436159497512
0.283220270812935
0.328726976244224
0.276834552425208
0.33803677240816
0.341109917294597
0.328609428992402
0.32919526498634
0.275380918938437
0.345670130507841
0.28357447949074
0.334215816320195
0.41781546078305
0.361845156217517
0.512990213326907
0.423207144601777
0.502102641265042
0.407687399846747
0.532749029035876
0.21363735383464
0.202228915960592
0.405333986542964
0.354426622378231
0.460123090062045
0.391492004320165
0.457136540404219
0.262925668495116
0.387785447881313
0.438157119283859
0.366056328978401
0.537557987681582
0.512286720549401
0.45361946046968
0.426924089817158
0.583632198665992
0.576947529311979
0.529081206194792
0.296083174340284
0.58096936252977
0.422719707874414
0.42552822372294
0.355236172573622
0.448398112442891
0.457923122444811
0.514523048309129
0.688451124455617
0.516997857544435
0.575331768762068
0.629933596026549
0.492730829255473
0.494762202021075
0.556560860305507
0.482776226887149
0.475177493242124
0.474262578226328
0.500874930771759
0.542153562091081
0.448045937247972
0.623684645170544
0.565533055007399
0.600372543148995
0.27588923828335
0.526784599050439
0.509520165136577
0.464907611918601
0.436306201081845
0.462462904692129
0.607285041414467
0.614318390743905
0.570102316824833
0.422234327541867
0.595246442238858
0.488781176971469
0.451491462034836
0.371833176521211
0.449548444089351
0.54895296088016
0.641723184633064
0.637624439983216
0.442040497383661
0.593194790597953
0.535505661772447
0.513341066017976
0.487611090475959
0.54012597982305
0.508543103020108
0.659235527229499
0.48478215290001
0.533754727890015
0.728915261239294
0.579656163111233
0.642296791734483
0.63789963505211
0.477168241023224
0.582575416379428
0.42381900194827
0.658279426117504
0.688273660620766
0.531469379759273
0.580770947409889
0.596580324120059
0.481084516469517
0.447050872083303
0.555493915608464
0.642477470089584
0.53022043287011
0.481433440346731
0.573342792500226
0.54225352563128
0.542693505647814
0.525146714869236
0.553483870756542
0.717538544696154
0.573113231914965
0.576289321023844
0.674598058503848
0.601871132183921
0.562344756244635
0.536092847916344
0.637129562414861
0.684343161742123
0.722275698870281
0.448774790098764
0.768524084175874
0.642460920550252
0.748630862622663
0.563650970159943
0.545667251442311
0.608376963712442
0.536485936161113
0.64700994153084
0.654103644142585
0.477574316546945
0.602482197983359
0.766561474000313
0.662746886896524
0.681137647585908
0.667967310773905
0.58803894168116
0.68182399149558
0.583160100333021
0.704085728656788
0.606795594479537
0.819735421428358
0.643063668798381
0.647388141159451
0.694860289359912
0.730069744689206
0.812690873678986
0.557832706872673
0.710236864649998
0.759721568138698
0.689300127253155
0.751663781860254
0.816433090305676
0.573727059256486
0.633881023853652
0.833345358034768
0.762627972084446
0.78941940519789
0.844900713094792
0.684610274070671
0.715013354130565
0.819175512702477
0.676773050496542
0.800400265064934
0.814854113198986
0.700613431674858
0.697552467478215
0.663623102203759
0.778579781242458
0.730818387433066
0.723944548741549
0.928259844946742
0.859613091850519
0.691600041797321
0.727689292636372
0.780768872075894
0.823485513564776
0.720371383356066
0.703850600926459
0.609349568521446
0.809978504313786
0.717444488176368
0.68764808127961
0.709522419663881
0.778649259370448
0.809144870776555
0.735828173799528
0.777984983340512
0.718170831286145
0.762125599127173
0.66874143010354
0.92598052118246
0.584395704515692
0.684962276484919
0.72612522530969
0.804596712652918
0.73878685139157
0.855358498279056
0.845805749201887
0.703302453951211
0.762769404559183
0.641536660976264
0.702000475514041
0.860013157715155
0.760070034812652
0.817480232382383
0.854904135617918
0.771332584110838
0.796200168361496
0.722192468027723
0.822950301089763
0.724702024778237
0.857008325681127
0.939149701631276
0.867347152265753
0.988580381609524
0.764353721671615
0.81794850768749
0.753589221291722
0.77421969544371
0.7572480842899
0.875985494284446
0.860022459784433
0.727550786194929
0.835077377785025
0.771509919047809
0.841887862594834
0.699809943623182
0.868574844001581
0.841009761695098
0.825838566977504
0.925470169098464
0.8702527528445
0.808270240729967
0.868302098002382
0.864027950722031
0.794800737558084
0.847685283350755
0.922093273503711
0.867086721663004
0.854142361235702
0.853462067557979
0.769754918185181
0.938543668887419
0.956715762853006
0.950463829249307
0.807299461025695
0.930179185249865
0.850145562190635
0.943650725402183
0.976357748728505
0.959550101777977
0.944676822235659
0.875203480472481
0.828706294298474
0.843517429446775
0.793465478117761
0.828203514428195
0.887640611608399
0.915442561656969
1.1377491408961
0.896758336277938
0.824695781592766
1.01661265164696
0.973163155284942
0.998369663758069
0.818581318797338
0.843429845162995
0.981538663104629
0.697039693267925
0.85421239129821
0.859926225348974
0.843331817885518
0.948369867346549
0.909609544807772
0.846448264343396
0.937561776679181
0.916253748670758
0.869861533140963
0.863132545452277
0.89131670594088
0.841219559393781
0.995471292624356
0.994946716707901
0.982124520487693
0.947287025279053
0.88397204910309
0.998201083753896
1.00476510493627
1.16002191015124
0.991585489824394
0.995840333005542
0.84288685664181
0.866886827549249
0.940138211087748
0.922212267521622
0.995505547542241
1.03382544136928
0.833231328228268
1.04443660452126
1.12015550661037
1.08140297941316
0.838157457292299
1.02139423660393
0.965902297875369
0.986932641333091
0.869377190508326
1.14095032677326
