-0.00569340854460355
-1.11603587556258
-1.0716860200395
-1.02940479988286
-1.06559954141433
-1.02467526851695
-0.824593219818816
-1.06805058354174
-0.802479346930286
-0.966583814373387
-1.0646412940251
-1.01770092637521
-0.995410860683748
-0.882348231156367
-0.850975018960885
-0.868689001988976
-1.00338484628228
-1.03611047089176
-0.937683665753917
-0.935686954618111
-1.06554186654829
-0.90538946326488
-1.03174448138435
-0.866263425345715
-0.920613606242649
-0.902084378015082
-0.975847645755861
-0.981181402818425
-0.982743732870863
-0.957538312274683
-0.988366425083658
-0.953430627272535
-0.962170060189346
-0.923282765358822
-0.861047592922956
-0.923635000428204
-0.771619165378026
-0.956710433887905
-0.921772269533658
-0.824234613332647
-0.904777172533868
-1.02153334694968
-0.953575356426302
-0.778761103033428
-0.95276200828261
-0.852396714535008
-0.93425189510434
-0.822611342320432
-0.916223809626247
-1.00804567096906
-0.840617113599888
-1.03691059054662
-0.884294317407614
-0.909553035491302
-0.875175480954624
-0.976311341900009
-0.911092230423807
-0.732119548260971
-0.783929625812257
-0.798228874674616
-0.832994016299289
-0.853205100413876
-0.837519163610207
-0.910501958115599
-0.767219178693691
-0.89487929308645
-0.975069922990077
-0.940140687807736
-0.786292923843405
-0.856839030977118
-1.01515372206055
-1.00072042539105
-0.866020745598218
-0.812575740451328
-0.82346090642703
-0.998662318080961
-1.0075032649966
-0.849098461218567
-0.804118752219464
-0.771362671101164
-0.795589659526823
-0.782314370216849
-0.738988608064831
-0.80956291237697
-0.774249122335747
-0.860025721122114
-0.707686263721275
-0.696839490950422
-0.788799913167323
-0.654413353032139
-0.89340394220139
-0.929863870913798
-0.624381553974984
-0.888314653086695
-0.799538890973181
-0.676482999929835
-0.757008096645982
-0.908734841798139
-0.855967900792056
-0.809760868072908
-0.758785328138222
-0.82634507633421
-0.719661896779457
-0.803433473671269
-0.846849318164706
-0.789307397232946
-0.731354363447241
-0.883119152317514
-0.96167374849374
-0.846259648629705
-0.746871876401362
-0.643872901234346
-0.817878960541816
-0.677808702703145
-0.694373861573406
-0.633075685855116
-0.717808810846783
-0.717095525958076
-0.851720716391483
-0.734244711758237
-0.763353054987859
-0.628072735356696
-0.619602018964041
-0.722043498081676
-0.89724447881382
-0.738712315456818
-0.813035919195907
-0.68143052327913
-0.64697075718035
-0.741611964329714
-0.688909581738332
-0.742139123852269
-0.859692813206786
-0.757832089954874
-0.656163479574953
-0.59544820936112
-0.707058351877604
-0.673872354932756
-0.761193976769405
-0.809566523111103
-0.741053804265939
-0.690257188347133
-0.700166472309828
-0.780993761916959
-0.707636266218623
-0.745189256656374
-0.706566923479095
-0.635708228254267
-0.77434433007059
-0.581477753877358
-0.613911111784268
-0.840992519609354
-0.782085397374005
-0.730788043289992
-0.623617630448978
-0.851472559554863
-0.791530662628127
-0.551635223896851
-0.640403112014927
-0.76085541945916
-0.691134167528175
-0.640890893097785
-0.644256893648885
-0.655896211880689
-0.78240558888084
-0.691636133942211
-0.504992535282866
-0.587935094642229
-0.617757269183353
-0.51242359801266
-0.791895111931191
-0.674119024230172
-0.688361972317644
-0.695816096528165
-0.689326590980196
-0.626080794487228
-0.609300224791758
-0.603498713952949
-0.677517645214593
-0.688956650075975
-0.631924183787109
-0.618770903402512
-0.526908616191188
-0.6353707807021
-0.604205277176589
-0.580155042963038
-0.838923185013768
-0.673222387730593
-0.690632072556642
-0.821539739322433
-0.60634700776851
-0.739524880660434
-0.669311688169562
-0.4972554764488
-0.573265042389153
-0.661054885761388
-0.569682252610567
-0.58569531901214
-0.571751770549533
-0.68175785297368
-0.648763392372542
-0.69071122753589
-0.669854918257323
-0.637685437601876
-0.665214547789454
-0.633659694931871
-0.6059503509543
-0.67150017668745
-0.736685167841631
-0.523837545847982
-0.70748154194057
-0.582177767422785
-0.506989623473363
-0.591955126010506
-0.395581791989963
-0.510228112887359
-0.630963589019334
-0.515677876322222
-0.586218555119582
-0.748375889469934
-0.686439168232235
-0.703712310000661
-0.521694241414428
-0.639718408406
-0.481631256380398
-0.418753125552921
-0.537244118002056
-0.579360488581153
-0.497017114109392
-0.492145632561938
-0.53171485481247
-0.529836441005872
-0.615427533208587
-0.596667746479652
-0.43124146418688
-0.7029156394337
-0.507873217535847
-0.596315146781761
-0.601536889517615
-0.421669389769391
-0.528299667105366
-0.345221497864342
-0.550648306366067
-0.550566472894666
-0.467587773662426
-0.489155223150493
-0.51063536032194
-0.512917460907602
-0.605524270106703
-0.64379561188873
-0.359789893588575
-0.602814672532818
-0.425709134371878
-0.544224983340698
-0.732114319574875
-0.496792110688153
-0.558193659198461
-0.370494152344297
-0.344887504510622
-0.402755449135348
-0.381499358343156
-0.483979742710846
-0.570378463530949
-0.318356559044829
-0.495115469576608
-0.559025982565205
-0.433941847349627
-0.340876515843619
-0.368339438577185
-0.522883663971685
-0.414381894327018
-0.536744898407448
-0.586320188678886
-0.427874831351703
-0.454883860860637
-0.544352199051834
-0.361779740986103
-0.535545156285925
-0.337965441133634
-0.466568390638901
-0.425483628418738
-0.371650159712733
-0.551026685217626
-0.381030783698749
-0.446781756345132
-0.425902063421733
-0.374522326659473
-0.581464951452654
-0.291553889060902
-0.389186280646038
-0.313444539007115
-0.488339001801312
-0.410985144130841
-0.248585361267547
-0.359956837512607
-0.335208807650375
-0.321779157304495
-0.446379869107311
-0.440933076824602
-0.408276960368236
-0.470663492183435
-0.350086471420319
-0.508741019802158
-0.375385513234905
-0.336707851675516
-0.445204378794818
-0.462591243087629
-0.444591496703139
-0.38799381877854
-0.366504015031557
-0.428050436449836
-0.43411410289308
-0.386416820842197
-0.480900498059781
-0.482497658801263
-0.370821773227277
-0.545285051752815
-0.435198266152791
-0.383845695458252
-0.407704686272724
-0.27270358768647
-0.370606160919333
-0.354479317851592
-0.265322131334409
-0.418225742052977
-0.414259697791458
-0.318590598390273
-0.54172434549838
-0.345848043669485
-0.339962204072204
-0.338511080837009
-0.354404558836295
-0.133320022066143
-0.381647240712324
-0.301602074082274
-0.274383775761709
-0.363930179184695
-0.293118847800088
-0.325542717601754
-0.335400567311327
-0.374897032454641
-0.432576507943411
-0.356717718703089
-0.344959027073208
-0.324671221588939
-0.191809660240552
-0.357214284815068
-0.250048701950888
-0.495624065429026
-0.448026378433794
-0.375186696562828
-0.200384090451627
-0.243878592771222
-0.299640342763075
-0.200094304751706
-0.278627078065404
-0.0981442390563128
-0.246723076175168
-0.271578526844245
-0.270587747855573
-0.401332969371073
-0.350397588709023
-0.18785631527798
-0.383820124244325
-0.223747582161675
-0.317455339577376
-0.143392159118615
-0.396213852022316
-0.174587248868261
-0.177460011852325
-0.150423530674024
-0.223578459128599
-0.177539294263285
-0.431789734740088
-0.195965665075806
-0.186511201383632
-0.261862110023954
-0.277808085523575
-0.175966487899672
-0.23140034667981
-0.218304970854475
-0.279424374380679
-0.329199159933742
-0.0883946878731645
-0.282711436190652
-0.174109031174426
-0.224600561000287
-0.16153054125667
-0.291933596311974
-0.234079425618519
-0.0858504569704178
-0.175302564559055
-0.208142029770375
-0.243610362626098
-0.186549720416314
-0.201022195027979
-0.152445628505173
-0.115975597847565
-0.309001807893139
-0.239053318822813
-0.402514604204758
-0.224510733611464
-0.2196582374147
-0.212875190463798
-0.113629842165093
-0.28757238748097
-0.340396674990928
-0.140803795335088
-0.213366884640215
-0.207887782433818
-0.16385052761969
-0.190143265568986
-0.213272843544489
-0.21389784715156
-0.18488297907122
-0.183923843241638
-0.216887212478105
-0.106316099474831
-0.121497237976591
-0.119564383488931
-0.237529149801489
-0.116577057001062
-0.307507362058392
-0.133499828172338
-0.204119458143161
-0.1585610995411
-0.144736261983842
-0.349841976700587
-0.101768406503175
-0.195200374905608
-0.119433829804261
-0.173452322530046
-0.184422678606333
-0.0527529730527352
-0.0341468864844371
-0.176561880477296
-0.193770187224432
-0.173281957572565
-0.0891595570807262
-0.0107914092779227
-0.206768731011051
0.0272496429919522
-0.27605059819255
-0.124796834684317
-0.23837604103887
-0.240595266639847
-0.116433469527007
0.0760296133740321
-0.0731036032913862
-0.0334065358066877
-0.211123663630053
-0.139419079585423
-0.127187850287094
-0.193778911324219
-0.16756761252372
-0.0542689853322364
-0.0369276033731182
0.00689535145980945
-0.244698578444719
-0.239591855414538
-0.087336287531786
-0.0161919443808063
-0.129229863384535
-0.163434029192054
-0.0253478374147426
-0.130249526249194
-0.186718001174627
-0.075640250749285
-0.130690270928993
-0.0451913820177686
-0.0501978320325541
0.0438408686157664
-0.199587734995278
-0.0717273780537727
-0.133543287694643
-0.0341588853010701
0.0430046879427236
-0.0403377526345088
0.0683508743966079
-0.0594195328492914
-0.124147642307493
0.0617569753238586
0.0901287421942075
-0.0618000153969716
0.0165081678591866
-0.0727915170716964
0.00577330973109416
-0.0123164778913089
-0.0537995755476417
-0.111773392161642
-0.0360605653630029
-0.0602540828647166
0.151892538931565
0.150158704973768
0.0109458161942113
0.0611560071504537
0.0486893324073539
-0.123004861561862
0.0714586823019974
-0.0413353659759042
-0.0447172178690933
0.10136019912294
-0.0916318085173143
0.0498697047415498
0.0623475759921384
0.0531944876285379
0.197591480099541
-0.0526535274953262
-0.140155657200351
-0.101094058927462
0.054565945525629
0.0255278291408554
0.0222664115489548
-0.0518268966253076
0.0243547486023405
-0.0395768887482782
0.0116954990275735
0.0431742784169013
0.0579968752064092
0.122525167141484
0.0931352570067786
0.0801725093598072
-0.0517532944561685
0.0311756487770466
-0.0504386358893703
0.105229478924878
-0.0288398860185135
0.171246241755154
0.0799160853589955
0.0249285274400271
0.119885989753227
-0.0458763381248172
0.260807322960119
-0.020837117576028
-0.00736772318164238
-0.0780120238466077
0.197151133336552
0.147426734360501
0.124169732163713
0.0907101495422218
-0.00983120982520015
0.100580230260757
0.0950543812898443
0.163627440980204
0.109742358440528
0.0108726784661603
0.108669134075572
0.151099886820331
0.141619880388897
0.0637262680770097
0.170389991760711
0.210243797770962
-0.00668178605088581
0.0256963484665628
0.0566219085945441
0.20407095763752
0.110011008255809
0.166730247139112
0.239402906028121
0.182064085843312
0.217573368902664
0.18848459144637
0.139996445774113
0.265550483126308
0.173750964942589
0.252563213712573
0.155109652044599
0.0871878099019394
0.177144352551936
0.219572690728918
0.136851898372364
0.121374309403026
0.188032069593796
0.0667404093401473
0.190126534860545
0.00364515464324187
0.0380572909734813
0.0947976278250914
0.129181576666456
0.16353493102685
0.0761122650141985
0.24848643297888
0.238255909054632
0.143779166498041
0.2193203854804
0.105377968066212
0.210227394113596
0.311639020603373
0.230374520746875
0.128247137166218
0.208026613535578
-0.024759793259849
0.209689056694043
0.215158724359977
0.318509563494223
0.0185110638499273
0.0933073545981195
0.298434918279297
0.147421443912522
0.133720516472536
0.175516950590384
0.239111733867241
0.297572225897708
0.264462426288064
0.303182868925648
0.288123829730025
0.0842517194289366
0.0872150375664436
0.16955341398826
0.254194469520415
-0.0298456673246967
0.220460301270485
0.173213118769199
0.197372392155547
0.287615117261279
0.10521802711639
0.286985596241392
0.416648080672756
0.174797272755927
0.248599794237817
0.107581853126567
0.22121206594709
0.222232925652754
0.265699906107462
0.338778364079043
0.354259420885107
0.351853432854954
0.211700777581037
0.28765982184811
0.325496304833778
0.18054263079858
0.23986310609407
0.215261088482832
0.272744801692196
0.214324478064577
0.283740334302227
0.153081283999456
0.160237683578634
0.285037090834923
0.255108712071629
0.255910551760318
0.278323146934483
0.242349953998129
0.295134576168166
0.321074254171086
0.196248689933717
0.274800165081299
0.197443147750103
0.24860592798529
0.339666365914942
0.241921975161623
0.287400423993119
0.292305321017156
0.285138844294304
0.286492625264225
0.313276300516597
0.240389373054704
0.377875328244416
0.292039132693422
0.203168401945334
0.298128888907745
0.473192414242796
0.335062082545292
0.347499148819477
0.27128531196421
0.407296589459786
0.230180144210345
0.20996139633452
0.151806813961389
0.278799358269007
0.367834347609792
0.318452324103902
0.408824049201211
0.392553345148519
0.2161736629312
0.476038571268767
0.412862200197044
0.303741958966792
0.356011158838577
0.23864899106393
0.530705526617518
0.500201260642007
0.238511478269182
0.367368296858703
0.304210913499551
0.358402458115988
0.404738326672577
0.394644755681623
0.286353943830373
0.51732241218592
0.404527572394933
0.410851629056536
0.296237651756895
0.476738312673282
0.326071884644305
0.28701586863517
0.394751063884664
0.423262254075228
0.430549724675516
0.429848958932143
0.328301846489946
0.423457811135037
0.330909394048435
0.25493368170469
0.48940871011471
0.423729453481732
0.358460695981631
0.394618143165808
0.524058147012209
0.30063459664039
0.495802655877476
0.308625807064587
0.535186961658347
0.36991041985082
0.392504680848563
0.352498023632381
0.472482926670264
0.362691803798452
0.400028018371115
0.252099895292486
0.507172220756427
0.508712824620544
0.46539221798964
0.482443685845514
0.34480416918752
0.376680074753396
0.417152874077741
0.387073695134097
0.520143290181814
0.541648371353191
0.544776316747895
0.533135419864601
0.553667752442236
0.485666169949926
0.501413721296064
0.418520074744868
0.442518509908285
0.457568185903476
0.395089978488685
0.498136674529275
0.417265219748506
0.42762094025202
0.42917706182667
0.382437436302453
0.418148748020252
0.400661712686353
0.530445680348247
0.415819478798672
0.548334301610799
0.558426344986513
0.644146695220868
0.479071149163209
0.444783106038855
0.511441096811184
0.564349279043816
0.495410816001889
0.501486085690612
0.630878890723114
0.508144493940469
0.547751673539013
0.533665398602462
0.426436815009064
0.495795100317243
0.480987361090131
0.544346900777335
0.417959027276572
0.597383550957243
0.518946337744508
0.607164696477068
0.441409146778074
0.530211255378615
0.59095373133006
0.458793351569292
0.575454356329961
0.522428614616181
0.544182692932103
0.588784146159132
0.463323611747484
0.568128738172516
0.552239376385354
0.669898686795429
0.473698737203356
0.562506277031617
0.473530847193133
0.610835173170899
0.659199046947954
0.595942672047809
0.55951501833995
0.590216877161733
0.572580666197663
0.547572803988191
0.480507064832327
0.628986721125251
0.532503951003038
0.500380327865988
0.757689893749054
0.556974836344531
0.546843144677964
0.606793289348408
0.491488121556784
0.698919731898153
0.64077646476076
0.605698903609321
0.573926579066159
0.737212367059666
0.611291738588578
0.762277586934761
0.578050409000176
0.669073614853228
0.738603689661035
0.752174792085309
0.604513593113196
0.632515094458659
0.502330560628254
0.533049830712546
0.545885267815229
0.710846231262715
0.529635590780743
0.526130252370491
0.549421228108585
0.553691980294376
0.679083347871551
0.645774405731163
0.606554091967905
0.67387728263667
0.494501270368899
0.72408361868367
0.556692661941223
0.462186065582384
0.644344552590609
0.814676412680262
0.659235076848563
0.473477520030413
0.596708103512906
0.666759605503117
0.618690830363834
0.646982256507773
0.664676580121766
0.607957342011089
0.711913510684373
0.825465096436052
0.784717445363714
0.749900983367584
0.713226430969867
0.663793265452779
0.670076615655068
0.725746198620745
0.674165293131337
0.731061833038669
0.765197318686424
0.525367250503956
0.748833919270213
0.719991967398149
0.702224568376218
0.710399977757281
0.624203416422433
0.827191654318892
0.840007192925227
0.850665849290631
0.565945146039229
0.757557466312425
0.731424212069516
0.59487843633314
0.728210295050466
0.583113359669119
0.786693440371091
0.698478241969681
0.922435382808502
0.555544982499424
0.676743866378942
0.793195066135072
0.694984064317552
0.617425427201195
0.851800117669214
0.876139540056912
0.830174096077911
0.860714184735649
0.71282414924798
0.645764211840968
0.667660108240477
0.63158829569377
0.823489700736218
0.88986534726236
0.730427073815213
0.902515432174276
0.821170967411682
0.622139001928169
0.663539342593383
0.768601684187841
0.827434243681596
0.716493453927954
0.769934491420852
0.861837402078669
0.762527796503877
0.843169672095298
0.770782916661507
0.818190022378202
0.852872553932711
0.696726838783024
0.749350909463608
0.969163729748762
0.761252953807923
0.813066911935661
0.798746867939706
0.927182919065741
0.792120907858304
0.77475971273306
0.80485683210741
0.920140664516365
0.880685158653507
0.717096427280577
0.917995932569313
0.673759102959894
0.827557182853361
0.870165321403952
0.767276387149743
0.728579154537521
0.822440934646517
0.835985614952616
0.943094691954361
0.925362738873166
0.910857978799138
0.80489096292241
0.793292932926081
0.907972847541752
0.978322834380762
0.863128455206524
0.922568403381755
0.748526694180327
0.899870463359619
0.800439814435994
0.857034116638916
0.990669695465534
0.791517683614607
0.92072764710638
0.723791535301282
0.838377450311493
0.750896518405803
0.679017606764958
0.95768508221684
0.715518814071446
0.927131831146618
0.987378865776452
0.719746263149562
1.02666657588887
0.834614140134071
0.993419552279564
0.856637941419149
0.707650836827226
0.772811788994516
1.00007113077308
0.902139129998882
0.760476816295892
0.87099305942734
0.864148091458221
0.883338076352177
0.944978645189319
1.00369546968103
0.816270916519103
0.975033505262329
0.865846500197938
0.849537074428717
0.884776385426494
0.845387809347848
0.874759186536169
0.771540799282149
0.918729252317847
0.84470792245131
0.910120665304798
0.907401820876795
0.85950357903734
1.16624915373464
0.871272196648497
0.983712032215597
0.851990155349629
0.824438451904525
1.19087207612278
0.998994598766553
0.980292920987371
0.851637998823514
1.06921463943385
1.03169629357358
0.906029514879801
0.956024167142346
0.811575883004228
0.879296407660222
0.783585053754792
0.786702015195653
0.714299694778162
0.99004465616553
0.947206383876704
1.04869279650985
0.86956026571225
1.00605335752297
0.990839221763435
1.06023424601618
0.96717076207238
1.04948976570004
0.975037948732242
1.02664672057268
0.952775516911417
