0.00520610010823614
-1.20934210291922
-0.954168850042945
-1.09356655130845
-0.806166852103368
-0.970609291449032
-0.909604849216207
-1.00849201734957
-0.960003383538181
-0.895342126524134
-0.975686578062034
-0.857659107604339
-0.983128547585448
-0.945805065894754
-0.966546975506776
-1.01487670299639
-1.00371458330414
-1.09230718736828
-0.832989973373234
-0.873389430343546
-0.955092739702522
-1.00359423450845
-0.805945162722755
-0.93206641280998
-0.944153371964577
-0.994767081510161
-0.918076444079403
-1.01115654050116
-1.01062562181725
-1.17739948317158
-0.930194791417984
-0.908968162564361
-0.966011048283323
-0.853581119088775
-0.890044407264479
-0.822472578035368
-1.09084347182406
-0.892886150059022
-0.925206681291562
-0.929748424697655
-0.894604782469207
-1.01255472840448
-1.01434955375962
-0.887213990818498
-0.755987639448646
-0.858634112933769
-1.12018387155619
-0.970521900168555
-0.899383474459664
-0.8922074852333
-0.908380597175781
-0.953011911361721
-0.821785431330621
-1.08472199075881
-0.950754281889716
-0.889529642375877
-0.848899216470659
-0.843269288163968
-0.9869520837112
-0.871065717681755
-0.989388820537518
-0.959797089714256
-0.816714353595243
-1.06428961918969
-0.821335834204058
-0.89890271596835
-0.911395700451111
-0.825782840834079
-0.955565146598782
-0.777135734269734
-0.972534666186112
-0.977582927692354
-1.03392405859296
-0.811326075635234
-0.957895205990257
-0.757371004494585
-0.87967400686571
-0.898407865638865
-1.01370047361173
-1.01520066777072
-0.858496648644571
-0.905377951862123
-0.774638571283276
-0.84323046914078
-0.935898968412179
-0.971923098544805
-0.848753352112092
-0.780448715875364
-0.950896917155057
-0.821701818928749
-0.824767576701721
-0.610026799276262
-1.00986313798298
-0.907864200349154
-0.799514322846733
-0.807575900043309
-0.810451533255666
-0.776082371868433
-0.722328727292572
-0.92167851735784
-0.747748817746105
-0.745811647112706
-0.73856010095509
-0.823961207845099
-0.932072307251335
-0.86053388844743
-0.819351394741917
-0.747277640302077
-0.823326622062907
-0.886539247939895
-0.751532296281622
-0.795467785053943
-0.812715536026112
-0.760945550886568
-0.597909808072244
-0.804001574230137
-0.784561692958563
-0.8381694396944
-0.771343068006148
-0.827858800146782
-0.721244101695029
-0.797701739056101
-0.79757959877929
-0.695906789082936
-0.786049748294457
-0.904280712447512
-0.712404858858321
-0.802682866764004
-0.804531484767652
-0.843037256590089
-0.803968136200599
-0.676881371993406
-0.735405700025656
-0.815049916822793
-0.736447354366362
-0.649309767661475
-0.746190019625105
-0.67187915097113
-0.754315321960436
-0.745885049859085
-0.524361020202825
-0.793778286513059
-0.694701552637533
-0.686345115146354
-0.711709923902592
-0.709446372167412
-0.675215580674449
-0.713632989722766
-0.763489335622329
-0.609203028189098
-0.608964781816282
-0.736783428791239
-0.74085871086535
-0.695569923431328
-0.588441230406896
-0.636585912044354
-0.499111698732012
-0.605567083284027
-0.769678740692488
-0.729273094794094
-0.722061789489218
-0.80593613332135
-0.720338668560926
-0.682211428346998
-0.668826357204572
-0.625294592247116
-0.583984065430389
-0.755134816169883
-0.657347151258289
-0.571676966063856
-0.764395694229252
-0.681889520247491
-0.606184242508136
-0.851507592183751
-0.629991383102096
-0.582841496951958
-0.694998756419723
-0.708291214806129
-0.687433347825828
-0.593912884193403
-0.601195922300842
-0.662154212469339
-0.628005949323839
-0.641196605055266
-0.684231495623981
-0.581145314932537
-0.668227351719009
-0.663995414531415
-0.71471258476549
-0.577522248735281
-0.562538851927788
-0.574475233465157
-0.606640544891468
-0.609540356309523
-0.690769842594058
-0.534955496148013
-0.546986361668676
-0.523180862447596
-0.704647789971097
-0.662401689664955
-0.788379328674407
-0.407156899460488
-0.619724928295394
-0.578994572651076
-0.560323436124706
-0.59484446668523
-0.618305204974462
-0.582229199249938
-0.516786988009575
-0.501173099404225
-0.742445556967307
-0.481483380659316
-0.584320130462125
-0.535385763748234
-0.560046840517168
-0.57980122741461
-0.529139578710124
-0.577796696224169
-0.51048152849633
-0.605931274752731
-0.732579386968778
-0.520220673954765
-0.493446385168191
-0.52995603175207
-0.576993531717262
-0.595975916211695
-0.492947315030299
-0.665928085530995
-0.599288789480636
-0.548084869348402
-0.511304258317846
-0.601764839120873
-0.575705786357635
-0.50698193666407
-0.561354787828286
-0.622707675619111
-0.306094060150018
-0.621090324007123
-0.62755890182089
-0.496517884015026
-0.658907806952577
-0.666687596783533
-0.574821181023646
-0.560014111137102
-0.599263299517946
-0.553752308774992
-0.516023698805005
-0.445847872331018
-0.553421569087431
-0.501400705003531
-0.522218264864853
-0.492848998157219
-0.491902364381155
-0.614635877546685
-0.354920168949083
-0.434402733029871
-0.414930114961163
-0.581041316434573
-0.506936962743231
-0.483493165175727
-0.475833727365298
-0.5643201345636
-0.502415202262784
-0.510252717420405
-0.489947371827731
-0.472283432302399
-0.449699279582543
-0.419059922253683
-0.548189312829623
-0.541049156713044
-0.435494080486268
-0.471713844472522
-0.425021627743836
-0.539697512173238
-0.45463507132702
-0.209111213088113
-0.41944792780247
-0.593928527382255
-0.316395724659048
-0.392274420042304
-0.458712867701124
-0.589881127401056
-0.430917575419458
-0.427654500184262
-0.53962171827251
-0.404501915658739
-0.57889088074061
-0.354626656228129
-0.322257287787688
-0.337765912837302
-0.492883558370782
-0.538176448134827
-0.484230236623201
-0.375736216318012
-0.44501447031126
-0.326182479753454
-0.42806282276914
-0.336238200873589
-0.328287658393201
-0.29308325083133
-0.509635090208498
-0.412502209664422
-0.390938240073778
-0.305416433034562
-0.287083094588146
-0.452631094435035
-0.338136068219352
-0.523081837942323
-0.452966017569232
-0.310057641140802
-0.439121755302557
-0.475998069621619
-0.300551588068831
-0.320372715775158
-0.329548906481149
-0.487692756314274
-0.326117447756606
-0.375336006309501
-0.269181974004868
-0.454671440847467
-0.300970345151669
-0.350988102110657
-0.416009678994742
-0.309594401669714
-0.381729806388991
-0.312282629125829
-0.437139925135519
-0.405810556598634
-0.361947892138634
-0.430987942429897
-0.408523854411011
-0.289870177807591
-0.305855119237874
-0.278149414980944
-0.301227009444965
-0.383420425996243
-0.239143241641118
-0.213378792975459
-0.510263822352446
-0.205663743339568
-0.260556362192155
-0.367250768967989
-0.0967092885138471
-0.314840714266602
-0.121321019643725
-0.262617938729154
-0.37124988871555
-0.375939876717759
-0.30467905385861
-0.261044801620531
-0.35386337471687
-0.206067121751018
-0.253464168742739
-0.140713426677378
-0.351828071860503
-0.22453610801362
-0.160399188801304
-0.538002298623292
-0.27288820559009
-0.295411027076494
-0.34223518456341
-0.314152401696557
-0.353486875384158
-0.31866367168367
-0.216623402792468
-0.344641725177848
-0.167406452695818
-0.312521990136284
-0.235087826692498
-0.353430438233757
-0.306146572209404
-0.195655189281952
-0.227313531561861
-0.358164841342109
-0.367897647863455
-0.207143268241513
-0.291541273490212
-0.211943939104014
-0.200353885568437
-0.390449230526268
-0.344401500455451
-0.181003965940533
-0.224114911645819
-0.177439884724299
-0.183922509284964
-0.139439733725643
-0.235324278530493
-0.249433815395456
-0.333668367927958
-0.428599383773492
-0.200347163385608
-0.129931278168047
-0.341943320500061
-0.164406685949082
-0.163112969022067
-0.311779752260606
-0.00554227148251999
-0.384811034233419
-0.175769667812146
-0.0428491029700254
-0.227904681836061
-0.24585890407819
-0.220957644659322
-0.269126744189655
-0.118032964774687
-0.0827084084536984
-0.24295839381718
-0.253119275742401
-0.183705994975137
-0.124944570976313
-0.0776791094182995
-0.200179682347888
-0.145658895384319
-0.182581377486053
-0.238218056070348
-0.156203407723247
-0.290566863199481
-0.170397677710125
-0.161034638375392
-0.151684361677318
-0.197530348834109
-0.212024818407752
-0.113181561762711
-0.166117807609325
-0.365523965997632
-0.141712423123175
-0.136227950879738
-0.132708026673973
-0.20185363284563
-0.169371228850395
-0.12910322130561
-0.143217260012465
-0.168432255447288
-0.104877818191854
-0.136778868093631
-0.0355617321789847
-0.182047512325856
-0.033326372225256
-0.187910744383049
-0.133417355583038
-0.279650670086928
0.0498888312755871
-0.118701833585683
-0.0722935041637104
-0.204347425132377
-0.16725770771833
-0.366183830428769
-0.0600336784710905
-0.144266491206419
0.0382985228189636
0.0168381803601447
0.0267802535953431
0.0406987345610808
-0.134912392542394
-0.153821450579412
-0.232527022157622
-0.00677296115224094
0.0220303836072812
-0.133780624492195
0.01476413635881
-0.00779267752116799
-0.0968913733359121
-0.145935112007102
0.16615526831011
-0.220982847518761
-0.128952787144006
-0.154742237558498
-0.176397439845449
-0.265648495166143
-0.0169828576346627
-0.0998046736827354
-0.152281080614468
-0.0396861949458252
-0.0273816450864381
-0.106671586820706
-0.0260662685002764
-0.0366771379238835
0.00463999829243214
0.0690585058066351
-0.026362505699442
-0.0110999125904568
-0.100787192276203
-0.085228541650504
0.025671342281375
-0.193203229989293
-0.0054092826984832
-0.0325411545830409
-0.109448411403266
-0.157964572654321
-0.0201097119026161
0.0112334264030253
-0.0630862620253595
-0.00627676122020037
-0.103796479711603
0.0109718496739883
0.100030190526049
0.00209597810954648
0.0268897459135823
0.0536725088940472
0.0975531313329071
-0.0770464666609965
-0.0768086314915087
0.0514673958719159
-0.00446335521110038
0.00725785185463681
0.0547590276743179
0.1827978423334
-0.100384643082474
0.11050318727703
-0.0726522839741776
-0.127897655119197
0.0405792827405707
-0.122272535835638
0.0551194002472796
-0.020560332012953
0.133689226434724
0.0757567778957986
-0.0738509064565412
0.0156388151574055
0.00562378549813984
0.0114777854553369
-0.0367594510156017
0.128584391859266
0.228331049483859
0.0515500208372558
-0.00563073787079612
0.013764241654939
0.12885394043762
0.0186978631032082
0.0721064409163943
0.0236861106898899
0.0871469038157245
0.184790258187225
0.0757917572591973
0.078977298895979
0.135396805897826
0.217907605062907
0.00695300013135204
0.00515866533876527
0.182697440661533
0.0122450694239083
0.0724302314537487
0.118482268336862
-0.117449309322051
0.135232509098755
0.145032791177242
0.0899411369285064
0.188922211493253
-0.0927729253385999
0.16852493169113
-0.0269115796882723
0.00656354397790362
0.00415505333413132
0.165593406738231
-0.0295532912806373
0.174381481901994
-0.0307683465916338
-0.0403805203241692
0.135529070963257
0.11618174935024
0.184988281349297
0.0335299691901633
0.19519127859303
0.181103138480142
0.0273343388671895
0.151236105358305
0.116916230366276
0.160605697563436
0.0158644563492046
0.00751956828604994
0.0811097534126051
0.155656453995712
0.00448478424961546
0.0554399879001678
0.114099902614785
0.205362563356784
0.112996171291217
0.090205978787527
-0.0108466206473806
0.122501564812152
0.218360717988434
0.251167473405617
0.133232849423943
0.15338166423696
0.271037611922773
0.271180335688955
0.117614936638793
0.100837523868129
0.0948952631553893
0.242440080836303
0.158143809260757
0.173192686068043
0.250900224475209
0.271337534652938
0.1710832300924
-0.00380119802605262
0.255323259547058
0.0491124138329115
0.220400336056042
0.203312767558754
0.268923893653988
0.233456723042904
0.221051343205435
0.144400997181942
0.191941745043634
0.215983676934699
0.252385826800481
0.181220989260044
0.303051340363049
0.313231211508869
0.0654601343416308
0.373310529111247
0.176806759063681
0.128842434294805
0.370528687486297
0.242539208678926
0.243586565252361
0.290984354816975
0.255511217587113
0.273041023119267
0.238579523895453
0.283700658864995
0.282664451300152
0.396287785421773
0.286690598211743
0.250852394549936
0.173164043680481
0.294635167861445
0.234767006777617
0.140162343699493
0.280205925114374
0.242766878200205
0.400652893779251
0.298625426600274
0.143051065633606
0.312587164609108
0.265713698453167
0.253064306142323
0.2440574858008
0.223973070138845
0.228419517234867
0.18789132436147
0.192413689932899
0.428637846976724
0.410650178170263
0.369438076032499
0.230665979598342
0.343102403347827
0.141005028738623
0.426563262381884
0.349053447443781
0.409522646367844
0.315651935468767
0.300733124830535
0.317771210628379
0.276667102118266
0.32757516401403
0.170714311050214
0.0475970332583073
0.347750295871058
0.203951967023896
0.469626500723497
0.352177949791327
0.305199116254992
0.348328908784646
0.200019036227443
0.444417558633527
0.287962727683552
0.113051442993712
0.276580684295177
0.279577582085054
0.282200490607904
0.156022878891583
0.395809060601053
0.298608077244045
0.348181542901071
0.241801279699282
0.466405904400641
0.433654981006324
0.365011798516894
0.401529840189845
0.144663579819544
0.395978652237455
0.400614204792238
0.233807879254283
0.32103913419496
0.556438785724956
0.232660183133135
0.502687176526084
0.501008731418076
0.275576749038663
0.309339498791283
0.41349840334158
0.306538691911923
0.470236936026364
0.312190228707236
0.331283431058162
0.372520775684934
0.424891184096959
0.464171000892275
0.348440103838173
0.441906191022094
0.199895427756538
0.338832902437801
0.404646504300605
0.571454358954825
0.429115650685707
0.285774107597324
0.463625919100859
0.469135965413096
0.470488609129129
0.5020984693796
0.422968728358864
0.499241359187777
0.437897807654597
0.384787556356736
0.416968393933346
0.459095421978593
0.479648904566161
0.378685870509881
0.396440229358217
0.41634621881079
0.411140723457613
0.371747183769331
0.41890474204311
0.591324448669433
0.39270054634176
0.509414821685974
0.421736217161853
0.369913879113846
0.44635891588709
0.481413572635649
0.463088045170039
0.348614874124493
0.377250191298142
0.438477239593872
0.388359595180918
0.396625974742724
0.449963308157214
0.594189713426306
0.545924825537202
0.462616219469548
0.396654144296478
0.556175473053346
0.601225575750168
0.540716036180451
0.624617108325131
0.479753337816666
0.627395708743984
0.532947210721573
0.426853526024575
0.424737964748591
0.488899544209099
0.436170161713804
0.556128444793545
0.5771203473393
0.481072953128271
0.605926682076535
0.452875689368115
0.408106588763643
0.522016921726014
0.413837500984907
0.4595691616106
0.487229578433149
0.457606343999948
0.498701458655763
0.708825495944764
0.553402448693119
0.41318351355813
0.579874120016557
0.522783584785454
0.585920878470624
0.791913491663288
0.442796872101555
0.554702184289971
0.613188303774374
0.664042520839595
0.60181399118715
0.396819517556159
0.625864334892338
0.621771508788085
0.530058324083372
0.603861046514636
0.550486922486788
0.515484560618955
0.540269908359455
0.705517383093982
0.517292329029215
0.590047393829329
0.632519079362272
0.738756739546458
0.61313326326854
0.610740665490707
0.685033743846457
0.452818646960299
0.498634899986426
0.745371574581346
0.580392338366183
0.626532626752363
0.686694638484013
0.669746310807181
0.68000264229145
0.502123202613052
0.737168290163703
0.534532591715027
0.608005239800312
0.56994864794905
0.62393901275668
0.682545600457485
0.68269730788364
0.726645845782792
0.579295832378447
0.672959273009608
0.598004994644447
0.802329733506641
0.548790548172079
0.61578948553668
0.598846350410433
0.702462863366691
0.668812611875061
0.799083214262357
0.503810812532225
0.65710610051485
0.674695104817242
0.583475028149886
0.679367867297565
0.694638777845919
0.623788451544834
0.749273763839124
0.642621720049312
0.653534101996992
0.493772734674719
0.675701445836701
0.675143735860302
0.802342572967254
0.658675537590306
0.653975247686649
0.582390755041106
0.778034002013883
0.776183043132406
0.654336126237464
0.545642533229102
0.86431002733041
0.802276918991494
0.690902760617333
0.667551220409953
0.63803392721579
0.653439197985715
0.580725160077416
0.646615358415575
0.653831062183499
0.578562233557653
0.726726428288323
0.630061191130502
0.712089593392398
0.730128965393726
0.714856028958177
0.776528538211055
0.768515735654748
0.797975488394407
0.855639022260506
0.701653633345689
0.728047074417127
0.715918816976566
0.768895482121255
0.668605284465864
0.781593908398395
0.623991430987606
0.766930583042895
0.916966931271201
0.63706024099093
0.746658959675258
0.668894142841408
0.686121844961333
0.662233581577853
0.702212846241295
0.806068778920389
0.862557164898812
0.724558443598585
0.708716322210091
0.866409856627447
0.700330657225118
0.660881728435444
0.772730081693133
0.869590274736049
0.655672934695339
0.836504539313028
0.760939401526589
0.852163278246537
0.768017213454769
0.82111304099061
0.945860274776923
0.654691220382196
0.83945898803215
0.819989487518366
0.870191837794537
0.856262899307265
0.570130065691452
0.675016109921475
0.701585748015357
0.82026476221275
0.760071441487253
0.750025658797895
0.895765306151682
0.76404736678022
0.704931940593481
0.971266234884106
0.752100352833563
1.01080394852022
0.785505478974042
0.78855002856712
0.894051848974746
0.866482000818824
0.758547638889342
0.74381900477802
0.947843809505548
0.849914668433554
0.719485932275491
0.810028041740601
0.811235195595179
0.903332840192502
0.867830103813656
1.0212401210497
0.762883757854379
0.768334222958778
0.898944787612852
0.962904690448826
0.85349839041215
0.700237608872315
0.790008064776275
1.01490858530849
0.876979224717155
0.850529494655841
0.900384766942616
0.956581810299079
0.989454040101545
0.78618226335279
0.727399116875959
0.838542363165341
0.993964963494748
0.859111944847514
0.900536677498112
0.958698037334086
0.941581835423334
0.901402944498139
0.799854032311782
0.873871094277739
0.809283348641758
0.840159544930189
0.829913276897869
0.907075347823844
0.933802319714233
0.914349593137924
0.829258945802686
0.778380454961516
0.935783461804502
0.824990521901412
0.960094621648767
1.01678581483086
0.847180125721007
0.966179309478881
0.860340645184512
0.976189611283297
0.976622727351473
1.00575698216464
0.941635111834531
0.698619899282572
0.793587579392395
1.04954069575704
0.962289334535014
0.967831465980336
0.93935835335566
0.960037319022831
0.895582661236957
1.02597951855715
0.894614850409828
0.880550604208066
0.922535883172598
0.992233223767541
0.93494638299473
0.96777616030795
1.07058480233491
1.07491525461754
0.909740625062902
0.908079379254385
0.924776729171437
0.829843305884282
0.962158574272618
1.00478554347553
0.928911133627587
0.991141998181775
1.12678259613348
0.966923757142644
1.0094282425826
1.03777825757179
1.00321847734582
0.992554728277671
1.02476253481884
1.02827782934645
0.794043163772447
1.10597165200491
