-0.0718283315370734
-0.823365169395089
-0.920396318486157
-1.0100759017
-1.09738292392794
-0.857211679391309
-1.02613037125344
-1.00841203452119
-1.07095116144074
-1.14339351617371
-0.823189447887282
-0.998069372204743
-1.13854536223323
-0.923524017230897
-1.13796394160817
-1.0603197229045
-0.903980537222324
-0.895548300062194
-1.0573202609278
-0.885679750969925
-0.93151768416206
-0.931053527797764
-1.2260153518505
-0.893983196960987
-0.970361767004459
-0.903095200433666
-0.97927492730009
-0.921411578112908
-0.808629826749229
-0.922079639151497
-0.975082381616633
-0.796748774290408
-0.915051484127412
-0.923025932932279
-0.947518265635261
-1.03696748778838
-0.87193368915479
-0.928540323248902
-0.930300697053474
-0.92137377301329
-0.992767111100787
-0.736685313073442
-0.850738555475519
-0.903004575186249
-0.821823527639306
-0.930472135091731
-0.934233119321085
-0.842365812416298
-0.909104604377645
-1.00093245928938
-0.965617270508775
-0.836464659731769
-0.91369451175019
-0.901867450055644
-0.878622431984512
-0.893925133789612
-1.01091212704665
-0.819230056363375
-0.900675914691875
-0.892946116897545
-0.987106526997243
-0.796613964200533
-0.913192150367483
-0.877640534985171
-0.864272939269562
-0.874037196443108
-0.868459798554628
-0.99610241625413
-0.828053637686008
-0.99998853258595
-0.900281178935408
-0.849374040642858
-0.700250528508804
-0.821310000096783
-0.857146166534866
-0.911012673305714
-0.805967459575973
-0.906676593692663
-0.876270572020778
-1.04114903810454
-0.69274228387599
-0.935420009728416
-0.732014976761344
-0.890091468639708
-0.920180250228602
-0.928593267404476
-0.782156677977788
-0.92339547689905
-0.814553432761633
-0.798456640666903
-0.809503342214547
-0.86381798766614
-0.845551324995727
-0.785651330909677
-0.832247807282739
-0.699503029756695
-0.806956479484726
-0.821284224523807
-0.905492004156216
-0.79863817112858
-0.70185825988682
-0.845581195257421
-0.865077314530103
-0.935665928314886
-0.86080328838664
-0.909409112554156
-0.760237832210379
-0.7656365604788
-0.800968593593063
-0.676925118167284
-0.868689474256923
-0.906108409711914
-0.736780001975205
-0.726843984054497
-0.815861021825924
-0.735525571163861
-0.687999267405382
-0.675542387658674
-0.781584601646131
-0.67059487202056
-0.648367463121831
-0.78327701712618
-0.753010720640732
-0.819120152915886
-0.756258365827872
-0.680609567424625
-0.892197313570927
-0.835987682316085
-0.773684103222053
-0.785830753753115
-0.757090822638482
-0.771507340970009
-0.69216356807626
-0.669843365341397
-0.821841304118622
-0.783699888434365
-0.762301394022847
-0.693111397793821
-0.745273359936791
-0.619965534227841
-0.608424975543809
-0.701870452334495
-0.788331017678468
-0.525307706436395
-0.900787408032085
-0.609373127217482
-0.769888008074643
-0.582575172754454
-0.562234390091302
-0.787590240604452
-0.658877943301591
-0.500137733102191
-0.701197156626264
-0.655206005984288
-0.823770837664969
-0.64177371672788
-0.599551016830738
-0.65757516344836
-0.635969200961876
-0.678241238000147
-0.745996356450667
-0.608143604989675
-0.693325583518502
-0.573309804502918
-0.751925918653315
-0.646387658634474
-0.553409490516237
-0.653621874690034
-0.486265424814587
-0.59993277035223
-0.517769231045706
-0.588968311469569
-0.624085600480227
-0.581745051443657
-0.739517216039873
-0.627015524370285
-0.519533565448961
-0.572908392120814
-0.828188899234517
-0.622747960573567
-0.683701990246715
-0.603023002331215
-0.619488257738797
-0.637353145391124
-0.723631192919864
-0.696748822679411
-0.629693932217309
-0.581863242922891
-0.649092706410639
-0.613117317439658
-0.514371601630844
-0.796500399793859
-0.496488208040496
-0.571093016938672
-0.678715155659425
-0.68002531592923
-0.675783790657276
-0.593645921905887
-0.616048049393242
-0.704001240996287
-0.459885559706316
-0.708187192827149
-0.578571869879187
-0.598730417730365
-0.554103720667619
-0.495363009675712
-0.585317920893158
-0.525142812012933
-0.557886299808859
-0.612527530862821
-0.658858692151738
-0.774810128225974
-0.668921937166179
-0.523940147975471
-0.431793143100385
-0.672049488040801
-0.471385709492443
-0.495780164714934
-0.698875113108413
-0.628776997261089
-0.553062556810166
-0.693236103441087
-0.394654448095755
-0.632317783430239
-0.563700073009554
-0.69197749721941
-0.578134932449451
-0.586327376960014
-0.477794013444343
-0.527452280244398
-0.488391655181436
-0.451830436458044
-0.59572680816043
-0.439553734931474
-0.542358809102116
-0.489894271535457
-0.492598144507602
-0.528487481318984
-0.580506957883421
-0.767923333126168
-0.507943367653545
-0.61098573148027
-0.422705583427666
-0.523784555028769
-0.47445104828458
-0.501704320849869
-0.607231895425068
-0.44693623717196
-0.59679254011912
-0.477238740831119
-0.669394965536495
-0.153380753719866
-0.599238294510116
-0.495351731232636
-0.568405448647922
-0.437264497554892
-0.397268834307355
-0.368960215574657
-0.50347535320039
-0.458663918904449
-0.541881274185478
-0.567009086684953
-0.671589283224506
-0.424177506854302
-0.548484171652955
-0.424761352283432
-0.418790374976896
-0.411492584350878
-0.416712217295812
-0.50786597441875
-0.416204337208441
-0.36668243212894
-0.345316672550947
-0.275262813450838
-0.463317658946178
-0.464945563824692
-0.372824137043825
-0.406373584112733
-0.414896916745825
-0.325366907461668
-0.522489777111584
-0.296745295668269
-0.284885002593823
-0.469449587729604
-0.384408737542453
-0.530195917530503
-0.469736934058597
-0.467213901950006
-0.431422262852588
-0.431190216524462
-0.478583768458063
-0.394085922802758
-0.405211099129759
-0.379854345581168
-0.40947134693235
-0.413040663310292
-0.22585081898644
-0.336535723708655
-0.431707003182865
-0.411415604127646
-0.437960010822754
-0.384581403576148
-0.0984999024350459
-0.463393089700136
-0.415184733128406
-0.250523045210972
-0.402157841026707
-0.360255066759713
-0.350882625853321
-0.215906129400408
-0.339100400453188
-0.393830113477781
-0.42571105790371
-0.405010900174813
-0.340970527718109
-0.355114626058262
-0.302163410449845
-0.23027454263001
-0.459788889794792
-0.475775424756731
-0.356310312535754
-0.390651744427808
-0.346884492857989
-0.261453365457938
-0.189850622214326
-0.418558163458412
-0.35962019725326
-0.203065795658075
-0.525841638063627
-0.404972660684598
-0.451533705394054
-0.325905336344772
-0.33248082130947
-0.298777715987627
-0.392013021576596
-0.338737993039284
-0.269138123515292
-0.354514719007825
-0.4431680656434
-0.363296356954088
-0.362442039095795
-0.191349834486379
-0.262073277181333
-0.357563280249807
-0.284671928958269
-0.336467323617539
-0.235797507032726
-0.390423053538803
-0.136688403874224
-0.435080634964595
-0.318426101407206
-0.2430145958348
-0.360457875700002
-0.182954808574534
-0.288501974568134
-0.342644112948538
-0.209589068911838
-0.243629506721831
-0.359349880807934
-0.0466422628960091
-0.300067486943651
-0.117746587628154
-0.280739995072901
-0.460065673905704
-0.144769316747446
-0.200463562121371
-0.142404546232869
-0.174570060782946
-0.263500544558684
-0.220154494288926
-0.3461004545863
-0.238080922330705
-0.242302017577955
-0.306861131887759
-0.289451021269538
-0.256980407490914
-0.202093777370654
-0.301456373339529
-0.311112038628666
-0.229488320397862
-0.152796120493035
-0.239918319746845
-0.196523722689453
-0.255246001194284
-0.261012351376094
-0.301392255570761
-0.364185710791451
-0.119721254339436
-0.312263791883666
-0.177803920694218
-0.137130726719203
-0.18153057891782
-0.13480707566538
-0.25472505693295
-0.0847611370293348
-0.128482299867236
-0.303389984691761
-0.212116795602798
-0.169318622998575
-0.212207590694738
-0.160777272476308
-0.21184385811329
-0.0628780957154656
-0.1645825446245
-0.341984631657021
-0.29284721924475
-0.251718622061846
-0.298942959814035
-0.18906135493691
-0.118522069844071
-0.223065041380881
-0.0296288738729248
-0.278921359385307
-0.22325969797044
-0.186743108788294
-0.194089167345307
-0.084302109391839
-0.155979796081635
-0.0641369782527825
-0.172534299230581
-0.119950569280388
-0.178161294110648
-0.0688001801767013
-0.0618509330794764
0.0258026414876908
-0.0756146317789633
-0.148881650993617
-0.231845619924792
-0.134011656421306
0.00726342593793981
-0.0914277960531053
-0.120997830552661
-0.0718582510655892
-0.056475791419543
-0.133975614107683
-0.0832570008489864
-0.22524571330643
-0.167804763357829
-0.0398178623161416
-0.0592248536206907
-0.0774809170383215
-0.164420024460484
-0.197979515953265
-0.0294217728756596
-0.101859428488788
-0.227679313678545
-0.161826918004604
-0.000318001301791442
-0.0758085768874505
-0.114548407365954
-0.132841398551696
-0.0683413509806153
0.00677574596076585
-0.119804708616744
-0.0714349768885336
-0.124814474354741
-0.0922072283527179
-0.083142914065104
-0.0795010751657217
0.0354059833714433
-0.0841219614162432
-0.0814436155902408
0.0261756723099941
-0.257940514286453
-0.0755852303615902
-0.0551247788433265
-0.101051032781384
-0.00324536107560095
-0.131981078272949
-0.100280978000628
-0.0249438901299268
-0.113212050770979
0.105483384009231
-0.0853637128191811
-0.227240543173258
-0.0142808879171303
-0.0539805437676619
-0.0755789667359305
0.104511173515084
-0.141060642715712
-0.0437654590851324
-0.152029502024889
0.0606513810092599
-0.0503228347836378
0.00822107637776674
0.031403182262044
-0.118837366009197
0.089657176469408
-0.0883313973696012
-0.0929510284511408
-0.136381793761193
-0.055955975420098
-0.143111060228103
-0.0585717795287963
0.0823078560112735
0.0200000295586224
-0.0414046843859238
0.0770314293161245
-0.0136114708123178
0.0941633892978759
-0.0261434630710933
0.0616045346034574
-0.0293405098313541
0.0621326292651411
-0.168912289185122
0.0272425208903318
0.0593173215055935
0.132467955488879
0.0129720652964824
-0.0310516404498261
0.0752395180055014
-0.00691808608442586
0.0440137945821736
-0.0411567205283343
-0.0561683202209939
0.134194351966434
0.0927896572317827
0.00212702204198264
0.0855784829648772
-0.058562597898825
-0.014585831166101
0.0169480980468191
0.126808676557632
0.0122634844660456
-0.0323315968031595
0.050468323934304
-0.121743204158359
0.193829950581224
0.0523685512242961
0.0518753645024736
0.0527578334616426
0.22734102567087
0.157792594749442
-0.00284106992180292
0.172578248420676
-0.122609970061031
0.0137668637352723
-0.115369248083055
0.140635113550753
0.236439502045629
0.205923098041177
0.0991968987998452
0.197962608087377
-0.0275347362220348
-0.0640790162440896
0.0684635417784697
0.0574904213420312
0.16591475078501
0.0778187765425481
0.154452660637479
-0.0526301280687669
0.169876831911408
0.0548721021413835
0.158205348749705
0.131789923640342
0.128806535471553
0.122250438347652
0.00867333915785805
0.15248164246878
0.236734777623663
0.151985663478062
0.14654789944258
0.129195462829565
-0.00730615076944228
0.0610590848791902
0.0608465529341933
0.058631508888521
0.053572017306915
0.129754918603104
0.01929292989673
0.209418684275658
0.245177683157794
0.10335097350021
0.104942084753489
0.112787472549586
0.104408425058174
0.142848507408626
0.284167518887688
0.128015272317712
0.0762753387745358
0.0880204056853797
0.0496108359348703
-0.00668643840552603
0.000763034678437573
0.202877339147483
0.286280834456877
0.117317077353256
0.0986740237087547
0.152894602488605
0.211712592549085
0.155670820677191
0.13941117178526
0.382492976349972
0.104392658215428
0.127310476441631
0.139084445452579
0.168658670071968
0.0450975979920646
0.217668700695359
0.171463719230485
0.234787140327152
0.0989816082846994
0.144469193198507
0.156499211851553
0.331554464149368
0.114310844749446
0.262743082074995
0.271537105465661
0.154601961170998
0.176769356751962
0.288042593002928
0.250210886900142
0.130326070379313
0.195490034899264
0.279280275264292
0.263525800815559
0.309780844206188
0.107080959628002
0.328443782917077
0.218682508605314
0.262581378394905
0.258696653051008
0.125289137552074
0.268404481933972
0.136793725860251
0.191303712664318
0.277221634691524
0.250563583695877
0.345990992050333
0.263350433675599
0.276348936354005
0.275446149237339
0.263058637962468
0.196566767454939
0.166519929864335
0.328580306015373
0.148636515795094
0.307082943796418
0.240485581466777
0.233026586455898
0.289760428241308
0.340034178983671
0.242120172965193
0.227388349938108
0.359753491458832
0.207269251652712
0.222814153061537
0.282778579300695
0.262312387391996
0.25887797307197
0.288501535817195
0.249025382814919
0.23650956957666
0.288888495709861
0.270250568965768
0.344975606729536
0.344651217726153
0.401331857337335
0.376217454037045
0.316828673474849
0.275509217164008
0.291743784291969
0.329160159410243
0.422403460924849
0.322476109030025
0.491840323866315
0.329696712703091
0.38357215138371
0.238037143596059
0.339619225072626
0.266819076749285
0.535734771783104
0.263354196774786
0.307737964739811
0.440716856955825
0.426814764750957
0.33914651105948
0.25594319655728
0.445571637884884
0.407112712453823
0.324876231338859
0.23461316397288
0.412937904897887
0.305564195827258
0.28427331757531
0.294815193439678
0.380040343027537
0.420560007131567
0.384166058024093
0.47801820277154
0.350668709060522
0.474434398475285
0.354454679651849
0.413110358025239
0.33716669426983
0.334163372128805
0.361963487824701
0.372898947814455
0.464735793212428
0.389358261216531
0.416559517829212
0.561187427839505
0.42457347326702
0.581844784727947
0.400078134820378
0.441484032190658
0.442674361935065
0.411626084586028
0.441021515875965
0.521444629648188
0.532069618646136
0.455050998460618
0.544745888932644
0.449097807801515
0.478011339486119
0.411892722840684
0.333437689136211
0.408947107288767
0.452233186281985
0.403723646683206
0.306554644726164
0.611836006578865
0.583045880443966
0.515939913174608
0.553170005211649
0.551684688586882
0.520922010478534
0.448903839425444
0.528309642372485
0.314630301070545
0.396105924256796
0.39196471289542
0.388322136363983
0.368405903698636
0.588258223503022
0.426671578483428
0.544707670151224
0.575989333780109
0.469724429827777
0.510018379057117
0.313226454995479
0.436894235598504
0.639859622628616
0.529187433281801
0.467306087693423
0.535559916844884
0.46703149225465
0.579590326454478
0.621393086965124
0.487326490862249
0.556521878784422
0.588308371646713
0.63877455100215
0.523526190477846
0.516628122851758
0.444722139154719
0.632446604178647
0.704734661050888
0.669382064396828
0.563959493921877
0.571917555385954
0.438995007849617
0.503912832500492
0.505947087772704
0.529312638188012
0.558244519673813
0.557649600162781
0.617874486544299
0.495608599905642
0.589314670452371
0.445675011116084
0.577256226294034
0.515586850731063
0.48296516161307
0.569538707764982
0.464626497223991
0.513021719490422
0.546243290133974
0.644228736148177
0.539629485763405
0.638993647585235
0.631515669850957
0.503389426243144
0.572964879425904
0.594367559901556
0.618840003711956
0.482574107238725
0.565483081702354
0.621280032226762
0.553557449514149
0.64114216957631
0.471116960989297
0.430894474485548
0.694839433978521
0.696381137780562
0.687251765630837
0.637042006089179
0.45322786640596
0.487846116144295
0.548254247634488
0.571592110908465
0.5700790228941
0.430908864352637
0.461222553734631
0.638790718841749
0.570164434132605
0.558452589976771
0.721707871855267
0.673523979988035
0.664071394428054
0.684930689634254
0.856177983541845
0.629160059892037
0.72788995399243
0.600593761368743
0.629105963621584
0.557795046800401
0.689325354312275
0.576008529308828
0.735299843347152
0.664062031013634
0.498951905887307
0.683051567933494
0.745161284078013
0.699036392378231
0.490024398254674
0.625712123407237
0.668452682204232
0.578984946067931
0.683490328090569
0.789944132158175
0.735403615975299
0.612326127748904
0.790274236736815
0.737035800947864
0.61108809568601
0.730109427435956
0.583838397267755
0.638718373212225
0.685850797247802
0.650305632229827
0.566561631933109
0.583194874915252
0.688851935827137
0.552451530493289
0.683735282267418
0.804240663330482
0.828528599285246
0.824497969812822
0.717950171270651
0.793568778529446
0.744598701984112
0.706528751658392
0.701446680345161
0.820006665351785
0.832495375920543
0.63041707812771
0.701038281182087
0.778529765937612
0.526389468481361
0.711916401850875
0.703593849631475
0.646138513244079
0.795682201704349
0.806854746486517
0.76809328160843
0.688375170765324
0.675060183112973
0.620146828597462
0.788634790178614
0.667597738382344
0.735590308442701
0.875254385259093
0.612928479326063
0.767778948172136
0.767135359392226
0.750974500004402
0.873825825401032
0.813576658850908
0.602986419611315
0.775571817687698
0.740992270622882
0.81027110119192
0.784149962536547
0.910764239733333
0.863977902289777
0.729724696161714
0.812298205431614
0.782385475812948
0.753131715918817
0.760756576952207
0.589491663160721
0.735194853887733
0.76876105810568
0.733667942127059
0.765166212870551
0.795896289168504
0.713955021451554
0.722622587317666
0.916726048058099
0.861301917362534
0.797736711078315
0.924643605574233
0.836592183175049
0.824637341085567
0.952332873794074
0.87817033376143
0.913006163955259
0.698209493187376
0.725587103786666
0.826014935178741
0.872836952176149
0.723855364104718
0.800167686480739
0.720074412585696
0.94429981755881
0.78368550124797
0.758882174375104
0.832271183039757
0.904927485071892
0.890832040328091
0.923814572478443
0.844654998162031
0.8196917956569
0.898773582785117
0.642796160193801
0.852421675370005
0.740296922726096
0.814292057691677
0.815101882601362
0.879351044937001
0.877743096455877
0.795390224415687
0.846997586198743
0.731512247568632
0.972181541788432
0.775085352641705
0.82989793250478
0.857811904020732
0.92051146097796
1.04805603176823
0.762297005379807
0.854785824348607
0.792831055642995
1.01408859159396
0.865204233424907
0.945055486096062
0.97551028192381
0.811706293557284
1.0228402053127
0.720837561980566
0.918050336859781
0.828534505936482
0.923774482241635
1.06828149693627
0.9302153543326
0.877470252929621
0.969232063559376
0.749495190774505
0.884847679674238
0.993326498814281
1.03515415479647
0.88803700013667
0.895613904249635
0.788465866027398
0.890553915687697
1.0265786303413
0.884816406877907
0.895062572680838
0.849147034423843
0.902285986227323
1.06493948440676
0.998147620242441
1.01579432441691
0.947071748492589
1.0418006184545
0.912554013672731
0.865676302820937
0.95779068728547
0.978192388261716
0.951435031812119
0.965505113864859
1.00732834652135
1.05026924939853
0.974332962890615
1.00819408438411
0.95732936628968
0.857219031748326
0.926468744971268
0.997612407999976
0.965266630553074
1.11603705821027
0.9288409004556
0.836462313618046
0.872503667808999
0.975780513962191
1.01088050534417
0.919220395061778
1.03656957386229
1.11606817805494
1.02366685593699
