-0.209533574494166
-0.895602629228649
-0.992592065827539
-1.00149412369699
-1.02776515365006
-0.867863636476239
-0.941304470555759
-1.05458638450259
-0.978617357027821
-1.20141821985181
-1.0052475893416
-0.983289584685257
-0.936270945400285
-0.952248281273568
-0.948623797477949
-0.841702814953476
-1.03401644163931
-1.0007058646515
-0.912678912097802
-0.898402211709375
-0.899699257007342
-0.841115788809598
-1.07934392278622
-1.11302249064871
-0.849633636850719
-0.983831018998718
-0.88902701290817
-0.868181925248762
-1.02071211803439
-0.81816724622216
-0.937798949719131
-0.8475569301936
-0.9205261261899
-0.908208722073101
-1.01992959949033
-0.955173745468626
-0.978764800159551
-0.753649775418788
-0.98109731596294
-0.907041534213423
-0.774025638536951
-0.886809830662603
-0.970103437642833
-0.794495547602204
-0.900162378080589
-0.891807868347177
-0.930545984500628
-0.781316725304332
-0.959114691937454
-0.909312406059517
-0.839483821698256
-0.888885234918805
-0.914005559087674
-0.738452003311984
-0.798354575619004
-0.931832971567963
-0.766943939293865
-0.960968472362413
-0.819409763908546
-0.756245795134924
-0.885353793901354
-0.930524068065219
-0.921340225990329
-0.946553572604272
-0.879024879799264
-0.909238520658875
-0.713493518691006
-0.844770922446112
-0.872283553627439
-0.742730153038773
-0.773497891450518
-0.870136646346601
-0.807710248775753
-0.844286448866494
-0.788136089473915
-0.931034219245023
-0.853086949222361
-0.797848177819247
-0.814534113459759
-0.765741596231339
-0.728662516320552
-0.972893955976754
-0.822615928690279
-0.865796467452041
-0.957711975772176
-0.787174490579554
-0.919493417471005
-0.906559107724641
-0.906316049237203
-0.73948905334696
-0.782015677981524
-0.737148127573976
-0.810602458201725
-0.767404650911811
-0.730036084842293
-0.865296329641559
-0.7793500741346
-0.826765297135863
-0.818447647675452
-0.790096510439089
-0.816392160416582
-1.00118870293832
-0.734687246709477
-0.739282044570619
-0.660172036554397
-0.774685457545905
-0.814614659288915
-0.801134392013257
-0.719083041966553
-0.624068205420385
-0.958899563457854
-0.830550946513195
-0.797676323926488
-0.664520978780586
-0.707676700177681
-0.700205362987315
-0.592489655580405
-0.702326269666707
-0.799283714125899
-0.723757164732799
-0.68202997389032
-0.76445828068412
-0.679816030028266
-0.608899821373115
-0.76939381317311
-0.740763023588444
-0.738579945255019
-0.858403000619075
-0.643545867194661
-0.641276539443502
-0.691958955250262
-0.699323206702514
-0.674844432107772
-0.718287546517324
-0.787997768959611
-0.855330737351661
-0.86332158610095
-0.754406575691123
-0.665234486452931
-0.615125054553665
-0.665411084572098
-0.783526752789325
-0.785546708397119
-0.627556693026913
-0.669284708362804
-0.769265638969637
-0.723456129950267
-0.832929633511992
-0.616745493839668
-0.720238435828649
-0.603350034491346
-0.694242975365423
-0.67893600478944
-0.735181949452801
-0.666277656062908
-0.644718244173742
-0.585863697013675
-0.659994589969461
-0.68847501577085
-0.758422085462899
-0.57345537630584
-0.596677950992004
-0.860712286075027
-0.800318013018168
-0.851979601952247
-0.702592392899207
-0.630503648206157
-0.801955327473592
-0.574457338221522
-0.733363385586442
-0.652031368851094
-0.749402632680112
-0.517732345861557
-0.617344361376184
-0.543981945399186
-0.678184319420466
-0.616149233141901
-0.653784077068463
-0.70835903648297
-0.687451094675462
-0.551627967186785
-0.601274540402001
-0.646503760493214
-0.517098079333998
-0.688290915553952
-0.627728762350673
-0.758254404503832
-0.618712924808663
-0.681111552352026
-0.622790781577526
-0.660427031805537
-0.650947039789561
-0.60054377917043
-0.707875421021627
-0.690117867783934
-0.671735838460597
-0.598852514774969
-0.618028178290607
-0.639874669048522
-0.727955742578948
-0.684389338914913
-0.694345477496172
-0.71053119851186
-0.689780102736567
-0.649820259919433
-0.522030389063892
-0.686851769358817
-0.588131323831746
-0.70543586337696
-0.60085142417941
-0.639084964466831
-0.541400223548469
-0.688956026530101
-0.54092844650424
-0.641297977100297
-0.506020872081335
-0.693532082530942
-0.520118628626835
-0.558709396146022
-0.414353527742649
-0.377089180558943
-0.565874623963195
-0.585592199780624
-0.47974844417982
-0.539258299041812
-0.676906703816157
-0.494273220444571
-0.583629991335825
-0.487746377511389
-0.403052179454643
-0.41524265966393
-0.388761763051099
-0.570548000187838
-0.252907374667547
-0.567765595031444
-0.538007283773774
-0.768970759611341
-0.61948399949553
-0.423114706566607
-0.504194426119295
-0.508768035056758
-0.674396765052333
-0.468500864816602
-0.591330415844132
-0.55086119677606
-0.647043095699372
-0.521731483168312
-0.456037917448369
-0.45784706582842
-0.467051390930902
-0.49290322272657
-0.512173129808278
-0.412379567706677
-0.463905107244883
-0.599969594088114
-0.493982309724382
-0.622654854749875
-0.543128100023059
-0.510405866593531
-0.343223176178877
-0.505370307110655
-0.541616856342353
-0.431945328300771
-0.361338459002837
-0.47771403202572
-0.582092956232941
-0.454993749677449
-0.516950339975643
-0.488393810899917
-0.388276648869305
-0.390316434148043
-0.450124638865624
-0.36981502388909
-0.359551658494944
-0.559557726570944
-0.456690622080174
-0.369125829848727
-0.383430048647569
-0.521882247439603
-0.380829002137852
-0.297006325465211
-0.46575124658053
-0.597208388528266
-0.328274590113151
-0.432183179569297
-0.541624056404964
-0.469709824002087
-0.271909760962121
-0.386977871022578
-0.323663230543106
-0.413080727070434
-0.354891993958758
-0.460036452294836
-0.339844085022519
-0.367351154468712
-0.446516970572219
-0.419861644523539
-0.388476695830092
-0.303368880918297
-0.2470909738939
-0.371791764389503
-0.611340244289062
-0.338134034531468
-0.316938766894046
-0.322196598893531
-0.443830931187254
-0.448269619250446
-0.350071897644813
-0.398470815903857
-0.306987782540628
-0.390834179425324
-0.351620093862331
-0.328825716000237
-0.37242833148617
-0.406059265478658
-0.400010493385904
-0.257026766760063
-0.25226851182414
-0.292600976923376
-0.294385859732778
-0.493765104715927
-0.277114583644472
-0.323114679289158
-0.32449143531127
-0.369173234496976
-0.351380526005062
-0.369797824946014
-0.220117233060757
-0.290368332344519
-0.319073504930011
-0.300290608104437
-0.374470845539695
-0.16986905165203
-0.311142617203695
-0.292020692226936
-0.279422505600862
-0.478420407990894
-0.330238801040651
-0.424307154003699
-0.336896794280826
-0.20222571748543
-0.390087313186933
-0.263575891938655
-0.31540667150393
-0.325047978815747
-0.37045775134947
-0.217636107537185
-0.254005577600044
-0.398094097457415
-0.337698484985461
-0.254523336489321
-0.348982314918242
-0.218492403917494
-0.292111098055772
-0.276887955020726
-0.441527925957767
-0.20111696500636
-0.344311440061496
-0.36825056271353
-0.312671129456856
-0.316667777507782
-0.188572614982228
-0.170093209514132
-0.32889184563535
-0.129718155151812
-0.207216853636469
-0.312927411102374
-0.271396917885567
-0.340382538199011
-0.267941594031689
-0.132413796131198
-0.371640966695332
-0.254783687658463
-0.235024680654387
-0.262549625797412
-0.211590326277458
-0.475244617453099
-0.165677202621691
-0.287765803215606
-0.41133875744076
-0.313497112066895
-0.165493288010224
-0.234178858669719
-0.117364279819686
-0.205782002536455
-0.163182967758773
-0.217122311470864
-0.271279353410602
-0.162581110591144
-0.13314201804155
-0.23340738765065
-0.328260780229237
-0.379842785060974
-0.264925516663062
-0.246521291997786
-0.289164556886489
-0.273550455277364
-0.142350184378859
-0.236531820323527
-0.0960263020505535
-0.267538885357459
-0.345903957259615
-0.244006459751642
-0.10712931047974
-0.146231770473034
-0.204223479472477
-0.418608467852483
-0.327304926093709
-0.163721862797096
-0.0432443861332754
-0.163198194056781
-0.256081021278137
-0.395629548966725
-0.10044576023717
-0.238097154618519
-0.174470505042792
-0.261758788061619
-0.189274590889426
-0.197753098270815
-0.11657853713165
-0.16785935431444
-0.204427796945916
-0.104038005233625
-0.172473929750413
-0.169289410054897
-0.336209308495003
-0.193886654599759
-0.0714986382517521
-0.0939175543578849
-0.183568935496223
-0.0818036894940359
0.0784205754769117
-0.0261558215527119
-0.211218010987288
-0.124556802302211
-0.16443303086567
-0.0983531218851128
-0.0679530723809676
-0.0860565853209846
-0.198891167055646
-0.0990309418322955
-0.191806258248442
-0.0908502465258787
-0.136451931148367
-0.310618035356662
-0.0702711379148989
-0.212844191064586
0.101466713681967
-0.155717774317465
-0.070463403999829
-0.0644814913578052
-0.363329563647633
0.0204537844604247
-0.231953764295249
-0.215572337755984
-0.0790273266101715
0.0591951799825549
-0.105661454279429
-0.131583898120364
-0.0203092226401377
-0.0998488513700929
-0.0165265376482772
-0.00945367053689694
-0.280566681760459
0.0118953996694706
-0.0860375758634883
-0.167517407692647
-0.299663245077293
-0.0831429246180104
-0.0138527742356831
-0.096225533506668
-0.0065098719003932
-0.0948733775374917
-0.102780780278839
-0.0146337447336757
0.0348724061947048
0.0042698272539535
0.088014472416936
-0.0357597718760014
-0.0990920068440489
-0.109896855719803
-0.0105789032588466
0.0863781552473433
0.00472621096225676
-0.0447826789254872
0.0237036885281302
0.0463954262272538
0.0440297663359493
-0.158229181569458
-0.0603634243804837
-0.0493628886410408
0.056345590400893
-0.026294931364237
-0.014202586022489
0.0472033496310045
-0.0813117639241968
-0.0269349562226023
-0.0235044378855015
-0.140835165975148
0.0422653369332013
-0.0713380333531932
0.0061062851689675
0.0313773281193369
0.154932721995662
0.10934578586912
-0.0689478200507206
0.0886560133056512
0.0809764045899779
-0.0514526762232238
-0.0546604647379065
0.229605345134053
0.0673446871722152
0.0338442193250139
-0.0243603809735383
-0.0657126471136948
-0.117107847550299
0.0524103400660394
0.0477866117421281
0.212877983263577
0.0289326289448197
0.17212451596723
-0.0298405765107449
0.0441986971503359
0.0467182984130238
0.127503496487312
0.213565996486634
0.0160698928226117
0.0543409812823454
0.0560722750321059
0.0231217631270989
0.0265801546419193
-0.0246562592998585
0.0995455046755729
0.0467878259029246
-0.0496535568069156
0.12548250737097
0.112471469607394
0.0411796806654909
0.0793228397483454
0.0232738504772087
0.108260219313372
-0.0512693722781288
-0.055843683632338
0.159261825476263
0.0715703357376278
0.041620790046494
0.156869431293769
0.0710778948482612
0.161739153195175
0.0352458458068149
0.0588277057256916
0.152359291353818
0.0579665769164686
0.0882067567452335
0.00748186448649123
0.145193413611946
0.182127924590323
0.126285060226243
0.132033744438859
0.249031409103895
0.112336405850105
0.162933308074266
0.083733498978484
0.20973455547218
0.18798497420961
0.050654181440439
-0.00669141926737934
0.148077622701466
0.0486786556889683
0.154993637709667
0.121383992790416
0.246596290742729
0.027699917064058
0.0296537252325769
0.0673952899235282
0.0220116875962723
0.0747625118099784
0.231855024119682
0.147603645050525
0.0784512582872495
0.125429830796941
0.150720447284836
0.136890437382556
0.0328361322535486
0.230099302182349
0.125108692266243
0.277613163614148
0.149980448896776
0.0949471795332693
0.226339594131949
0.138542478483822
0.155317128420611
0.328615296616505
0.225458412803278
0.269824017534185
0.130925153198525
0.240535887906048
0.252404122079635
0.254672744339547
0.179659148286192
0.0972244187006505
0.262347106868394
0.293139348426282
0.20237567001725
0.178683533256641
0.271847033606877
0.314366161662282
0.300032143034617
0.351680788196029
0.20955929300979
0.35217066876392
0.210995604990375
0.206902142828296
0.0251694458505072
0.196039983326778
0.340302413725773
0.284591032264301
0.138539693093121
0.142954056496567
0.199277001542028
0.321790477787308
0.249210324777149
0.442025782092583
0.174632993899765
0.217554674813642
0.244002704824643
0.276459355416172
0.236966488472488
0.18820268822831
0.175864267920938
0.278667315190143
0.328876408396955
0.06751815023431
0.373394622275231
0.303321747731413
0.307666906505253
0.32251826423574
0.314354928447237
0.302297967510704
0.0952044538653832
0.146453790825913
0.240415738271199
0.311350292092197
0.205756944993694
0.321942834793972
0.248648151361992
0.357148984677424
0.394533818099688
0.227502112909973
0.490209636998189
0.28058298972531
0.213165747876702
0.303044843507282
0.276892038825177
0.157499775091096
0.354503953884111
0.238310376669789
0.31297891195049
0.223594708985601
0.415241410189911
0.270618943346714
0.26588644179627
0.364615467231639
0.265577893356046
0.289166615966927
0.444030449105488
0.317081843000061
0.438777433297362
0.224601683981098
0.237783114831786
0.307973756883611
0.323718728733029
0.317221169676666
0.348628610829221
0.337955644104144
0.348395718808359
0.346325507391547
0.196435770638456
0.368320446374675
0.293681632241622
0.446819761884212
0.42992078416606
0.42115780589723
0.343067367521651
0.444280172851798
0.311096755113429
0.370996372137336
0.26787335372496
0.330493706795226
0.460867026434467
0.334686178658972
0.360736574726462
0.402397128003285
0.34021093133932
0.453222996856904
0.418691050089672
0.261770624523559
0.25698665347239
0.495519691659838
0.257776451601898
0.389450035850331
0.388835174706967
0.3125495635403
0.351864679925942
0.443249706299874
0.36804831123042
0.30531342582617
0.406845079724781
0.390802461368323
0.40325087562733
0.356260023004781
0.414808300281068
0.489948336814209
0.501484811444676
0.405948103625669
0.391110422470011
0.325492045344579
0.464471686333176
0.45495696548861
0.538292528967359
0.454052467484145
0.493160776887517
0.385227792930225
0.5009482580351
0.562059671275994
0.565659062928963
0.42008381907131
0.416471698004846
0.451959348467539
0.595747624491243
0.509969673825827
0.447045743331889
0.530131522476399
0.4063669844734
0.564269873987958
0.379942580285102
0.496036100238835
0.505856624475118
0.319041694834586
0.478891722983382
0.470605578205219
0.492860714197856
0.675862752327832
0.383672256403651
0.48070161048353
0.582487142188901
0.376807828084436
0.521783502775803
0.438970575644331
0.61378635202785
0.456665450551766
0.634852523701467
0.434459067668611
0.600862544574394
0.451497218843618
0.528167352622934
0.401821821032109
0.377729006543097
0.533893236932432
0.449977595630834
0.531503118634803
0.520021298129045
0.608183410708042
0.459426519400065
0.542852645239133
0.544207545239261
0.528355033990007
0.67707283258653
0.572293289315975
0.573813763438379
0.589083155156306
0.4727596149188
0.489222044384965
0.570240208834887
0.462775305035058
0.47268202468203
0.447446648274254
0.578123367915268
0.470698201505205
0.645720755386461
0.627637240470661
0.473232102800597
0.532553566810644
0.700460038800201
0.496340944029857
0.637204831847381
0.426020640887709
0.57535362586526
0.677692425513989
0.638499999701907
0.549344758938305
0.637472731239482
0.429705498320067
0.561577889588979
0.609139565214054
0.600045437250855
0.61924275907345
0.466514444159675
0.624733116083079
0.690416745681287
0.652333278292787
0.59788113923726
0.741855723298119
0.60366090717712
0.609947213935099
0.613832477904264
0.45165759417522
0.653206644219864
0.511744942665253
0.640570547581684
0.645176843836821
0.47209397268661
0.712629575015399
0.661265317486525
0.56004722124841
0.61792614532529
0.553990942990604
0.63531617261341
0.706549153458373
0.528820254975065
0.614759645444302
0.600960241478162
0.594909391443803
0.563555961451382
0.612743343549573
0.555149974302672
0.633325283464022
0.690401056755014
0.726916537482054
0.763774222760885
0.575664648834748
0.756250748446868
0.711612859039113
0.502777279980821
0.656687071650004
0.553331571699505
0.709651666614406
0.796732755529898
0.59429461569015
0.664066044043025
0.610191738860132
0.61660291721674
0.811401755813952
0.633875681287165
0.484285180631969
0.796966959086569
0.564175761110775
0.684522959298068
0.651118246653496
0.678074437510782
0.597376213094259
0.728118452344529
0.798731723163833
0.711018657361475
0.689387490478679
0.749555059773035
0.811533772138693
0.720359344938127
0.796694932541766
0.72364185108101
0.736872074624845
0.734801942219711
0.713487975880258
0.686102580365021
0.833532188867391
0.747056132254123
0.633172631884704
0.768133041761605
0.677474890467171
0.642586313284094
0.756046006993946
0.793402357363353
0.680632971564667
0.792373686314215
0.807775036002019
0.779263137816602
0.832710734769025
0.818162747109743
0.548030877143239
0.79325064128017
0.872511619865859
0.944566420114947
0.790629391884951
0.820590706214496
0.812627906353304
0.795903525629174
0.7842560310178
0.718906655410056
0.689429569760546
0.822698801015818
0.628919621863688
0.701636957555874
0.797520508013167
0.673654946415746
0.803546562497395
0.644158548699546
0.796876436885955
0.75882369698474
0.68643323975854
0.783730358576561
0.770584523618324
0.82590919329887
0.761882480148963
0.632113425970723
0.737802824087877
0.862627259116181
0.972916396375819
0.800389845603226
0.798870492304329
0.664262905870226
0.878030523813199
0.921461061671868
0.91128259649993
0.745517973565248
0.755901212546036
0.840034156410167
0.838799611876997
0.687910274002599
0.903227735058134
0.833617331241753
0.85487938345962
0.89864074415684
1.00814695804455
0.875637439518369
0.8854992806483
0.783386510404544
0.771629836618114
0.815291695250363
0.80184374266736
0.796726974673295
0.915887480486366
0.826420848594628
1.07789577229723
0.83142715648314
0.815973179142223
0.905034338802308
0.843968570870676
0.912840258215131
0.832661621569137
0.889823923386645
0.860222601687283
0.882982990632581
0.973301887245782
0.830718839982481
1.00779144045177
0.850925212397945
0.962626709920509
1.03500410545531
0.812834301375521
0.972804600157032
0.990924115255798
1.01087703475072
0.843896951066941
0.934932763937767
0.855573385805173
0.806438191823955
0.926396547773501
0.93119060110333
0.986906878592658
0.971092062533411
0.904197481360296
0.919716275448119
1.00950270010166
0.802779318814411
1.02572859730183
0.846330517386932
0.801569597964708
0.759829849883532
0.971177332018901
0.903506944426256
1.02680716234032
0.786749216859677
0.904860287094748
0.824880777359935
0.956144244270202
1.10504642225236
0.934018268379727
0.985485144142978
0.927645102695031
0.905791470167227
0.873953400169823
0.907434435732334
0.956845324171812
0.793284918732439
1.02351607190923
1.06078515521986
1.18954271581684
0.948996883951789
0.895148061790367
0.860491270148271
1.03466841887094
0.952171340683863
1.20172971454317
0.929234178050987
0.968545471049993
1.00207457544921
0.954708327237218
0.946257715723899
1.1418078688958
1.02761205729973
0.878809641728243
