0.0191294516667254
-1.00813930411294
-1.10917301544808
-0.942038174222704
-1.06384858719837
-0.972298738593306
-0.856212568959026
-0.954591527952841
-0.916369502842876
-0.946115960492232
-0.993927495771518
-0.921285433164232
-1.08359314090456
-0.812561438213231
-0.845497081694212
-0.999794777981822
-0.960440319124531
-0.85950793928695
-1.01117352901226
-0.951141906276261
-0.838878101438534
-0.833410094290834
-0.867958558077183
-0.925891145807735
-1.07943330494325
-1.06168468260263
-0.795337413972778
-1.07172612268729
-0.914688494335936
-0.805474634457687
-0.860139183593448
-0.936060523210075
-0.833608129362521
-0.848317444213575
-1.01780780259368
-0.979850914932036
-0.96029288011959
-0.991068296045584
-0.893855153986929
-0.809004415040767
-0.908739867193512
-1.00356606011717
-0.853368779720375
-0.813768771295071
-0.947103975031886
-1.03434625409228
-0.744150615575461
-1.06872582485852
-0.928414678226769
-0.838980997222585
-0.849110767107772
-0.915060335706819
-0.973504029596522
-0.91824615444024
-0.854199176560986
-0.955913354427806
-0.772379833641814
-0.930862472427395
-0.841405072920362
-0.861600227610086
-1.00700399892452
-0.85150875500231
-0.915295731170515
-0.951995460010638
-0.72166054302218
-0.869304569225775
-0.777876227730975
-0.716771880801236
-0.777356657766694
-0.957880613696367
-0.815624219603079
-0.923252829418405
-0.949970162934818
-0.802055280139612
-0.801994820861643
-0.868982483847498
-0.79087584440456
-0.846362259995602
-0.846908880681501
-0.930405328666112
-0.67668408330474
-0.791438476492657
-0.918420904413303
-0.958390759076238
-0.992809965856416
-0.871642670612692
-0.963982559710326
-0.73941728192798
-0.737323585458384
-0.977295743322561
-0.828259173670968
-0.705667223092373
-0.81447939627396
-0.883978106306893
-0.736956579305131
-0.80500619841795
-0.718066399268924
-0.931774859406375
-0.733786877743587
-0.859218344090783
-0.638610785339585
-0.777745826554913
-0.77391648063354
-0.792184586594074
-0.641113609576434
-0.768909909112087
-0.712192937157787
-0.881163733520461
-0.744058981135459
-0.86126839986465
-0.765558631663876
-0.752580007536314
-0.868920968771173
-0.838362154546565
-0.710204597445659
-0.846597230120229
-0.853252862149786
-0.783176538966936
-0.799995283413883
-0.857989369835501
-0.680092408107271
-0.773591736288945
-0.825392026521343
-0.759797520534947
-0.793436486187675
-0.675172615411188
-0.716523490992752
-0.746184173927315
-0.875663369386821
-0.695227565445758
-0.797119712029708
-0.744119094925223
-0.704318179862712
-0.784717943144452
-0.836446275593358
-0.764807213786147
-0.843298560741156
-0.669186556800113
-0.744953511246265
-0.890171176077053
-0.656305051212933
-0.829371834819587
-0.640206578911398
-0.721250899562255
-0.639847434517411
-0.621430338666139
-0.721598640862056
-0.649513605852849
-0.641200056224515
-0.756576700254553
-0.585841744566736
-0.686576538429763
-0.711674685967716
-0.806766022978234
-0.798853331480975
-0.6260507984231
-0.674919451346385
-0.745801573175642
-0.65499240435267
-0.811146359316269
-0.729504569814922
-0.926576249292101
-0.668842582955859
-0.530485975576258
-0.669180841187895
-0.590153453954684
-0.655037124731603
-0.579899918041854
-0.641651989968276
-0.611864459070492
-0.508544280231862
-0.580081561344659
-0.639451296305862
-0.524457521247677
-0.60285326812145
-0.625680628373387
-0.537441509372419
-0.588940476867717
-0.710844658940261
-0.586613144481933
-0.825709852037041
-0.7816704097565
-0.678120120649239
-0.567051175556383
-0.576746310500696
-0.527795127159439
-0.626182813965589
-0.545929069912283
-0.640114877171478
-0.490159190864021
-0.609639158879652
-0.637239292366814
-0.701545149831269
-0.687547735157448
-0.74238186179028
-0.685764163608069
-0.692190051670798
-0.655867814138574
-0.625567952713086
-0.537683717733368
-0.771596876341745
-0.696225264304363
-0.669888055778502
-0.533218968261817
-0.470365278213781
-0.564919994147965
-0.629629674998119
-0.686253539555766
-0.593741283938252
-0.547908667165585
-0.439229906873893
-0.645305457065602
-0.571722644491843
-0.487079709855198
-0.611557371802399
-0.610944245141662
-0.612624969721784
-0.539246390668231
-0.65378760065524
-0.403871198094708
-0.525708652250521
-0.603996371435907
-0.575728354409639
-0.559087438278297
-0.591264405526515
-0.485323488843034
-0.556670798415083
-0.598737143778941
-0.514423880860075
-0.633028222192231
-0.589398765309195
-0.62113794788256
-0.548643911520644
-0.367798850074937
-0.664502283078381
-0.582397376359916
-0.403251091417844
-0.604843168993985
-0.481238510448005
-0.515785642074938
-0.538478382569811
-0.535444923708189
-0.694219633580788
-0.38494304290289
-0.56064681756062
-0.405312886499904
-0.560971506154226
-0.601501940851298
-0.598113930821543
-0.569574681582684
-0.462114821544837
-0.538483030680335
-0.694224573826987
-0.37918491681793
-0.445543773708608
-0.313418215716513
-0.479622979922396
-0.540380791807409
-0.519704421269279
-0.462204161956409
-0.502480416935022
-0.520900062972439
-0.684203628180037
-0.602698048629039
-0.525888109606293
-0.447073868348708
-0.540814258414964
-0.439311957216698
-0.448048774210002
-0.510940960031803
-0.525779653083973
-0.286198582040817
-0.335169971610341
-0.396489182838522
-0.484236489711569
-0.347954187278948
-0.546959907126365
-0.433857817617052
-0.446824987939694
-0.493843631286943
-0.356278026535578
-0.420816646636374
-0.631915982900481
-0.376413599843183
-0.640804667873139
-0.526847054921246
-0.566939772712742
-0.35554261904315
-0.356776393767999
-0.462186978170434
-0.33643533763494
-0.367309076517217
-0.438778901108629
-0.51352462360652
-0.360983401598459
-0.452217772401061
-0.442166080688063
-0.481032401442781
-0.214318967307024
-0.477206499201628
-0.386636704317858
-0.412045749574215
-0.382872635394176
-0.387176872060795
-0.32552574827221
-0.401695549236745
-0.250067386720907
-0.561828013130289
-0.426274449250085
-0.388883325883419
-0.436284499830833
-0.268617968737484
-0.337232569236077
-0.458272263936776
-0.299467524473739
-0.374514571188826
-0.374062138213945
-0.247075303811516
-0.366339373944315
-0.459062786618339
-0.317767128496002
-0.32279780752265
-0.246704140331894
-0.266505347583556
-0.390058843420052
-0.413031653907909
-0.321708231161384
-0.379076731216852
-0.38634164816031
-0.353254102357985
-0.3802134043705
-0.340259492857074
-0.356674920638304
-0.16138427477545
-0.221875358796522
-0.40221448242325
-0.349103664343076
-0.277007499353972
-0.321962546121991
-0.233715543955546
-0.43481764569375
-0.223731955022049
-0.30003474534324
-0.358151300020753
-0.358551871048979
-0.447899457747015
-0.250330646837495
-0.326788356722729
-0.299978196439309
-0.327382597684965
-0.134267165934993
-0.363544438078714
-0.413679405985167
-0.31451514248858
-0.333387961416618
-0.337163253779292
-0.263580537666707
-0.398170268045277
-0.413422874215896
-0.32904539659352
-0.35293092152602
-0.371161267775714
-0.275907346795141
-0.551664071855431
-0.265226210768283
-0.186841801051519
-0.231262229932964
-0.154638228378248
-0.298522765586281
-0.315850149398593
-0.294818478269136
-0.303464996903003
-0.072148302187658
-0.256209922553771
-0.174962746313451
-0.329066374213131
-0.301290414979812
-0.232876515442711
-0.26933407519488
-0.391584690017091
-0.283528595207194
-0.186048813802962
-0.0456379360416305
-0.1224828840747
-0.187068828045573
-0.271971335317661
-0.216422258379178
-0.172297734403165
-0.274601560889377
-0.308476205678142
-0.132283136522647
-0.238390837964114
-0.18166293614886
-0.115979711421003
-0.195335485025634
-0.2901584729895
-0.267312784700268
-0.102178670281591
-0.0687500652574237
-0.13635383572019
-0.276445939273225
-0.320091054911019
-0.164214297058857
-0.165607155904043
-0.337175278983033
-0.116834160266791
-0.248503820689041
-0.0888127507935824
-0.207357211732374
-0.149388712157537
-0.203860671029748
-0.167483630641858
0.0548754715339465
-0.181069382442386
-0.0614060932855846
-0.261087873724787
-0.118282510898787
-0.0955623083364394
-0.0789735458309936
-0.0954367965884486
-0.0645113536465853
-0.168232055079343
-0.174524667061445
-0.209289313980989
0.04722201400077
0.0210680183202652
-0.0835156772699559
0.10800648838292
-0.250774291908527
-0.292815399121586
-0.177890286952932
-0.0321234572082224
-0.0288050648383138
-0.101198421575583
-0.0124541280020475
-0.139083759975998
-0.155861060777215
-0.145550358918287
-0.0368432359026835
-0.13036642717628
-0.161742804239496
-0.119133712980074
-0.0965442201102257
-0.0721913268291252
-0.101955988393159
-0.299170757159277
-0.165171337637769
-0.0362005080669467
-0.084130393570794
-0.106394199628866
-0.0945579215077164
-0.230042824695293
0.0803093501080376
0.00692372281202939
-0.122493088846946
-0.13007796916957
-0.0997272550890373
-0.14925004282094
-0.163685786758481
0.0656068298177277
-0.0719841700471293
-0.0856337825856189
-0.0402772939906924
-0.0867812232026362
-0.0166926937246669
-0.214572886959042
0.103206773386747
-0.199864227686773
-0.155995235852641
-0.0381837049708981
-0.147787095544554
-0.086412591251727
0.00151943447923743
-0.0984955977287727
-0.074508362722459
-0.0366505441698626
0.10479417947908
-0.179478712616956
-0.10621646151552
-0.154414302560037
0.0660709830914061
0.191180746286651
-0.00868345851611377
-0.13825992386767
0.0290664138625206
0.0590840846552643
-0.16997642950451
-0.0164825270974014
-0.156396111189101
0.0424416319948931
-0.155112716419819
-0.0129999599666902
-0.0251891484769102
-0.186246282695087
-0.0569097951959976
-0.10601134911275
0.0300900524118513
0.118380791489792
-0.160804177497618
0.0825278376252318
-0.0795419671297255
0.0224949936590342
0.0657022320374022
0.00746164784812648
-0.00787838704503252
-0.0440193033919712
-0.0691263321353945
-0.0890438489799754
-0.0836609645158142
0.0593267456729077
-0.0215425936253972
0.111649031153911
0.0615653827002199
-0.0538298170365771
-0.02270966708824
-0.00891597638315054
-0.138200545171528
0.0377618228857627
-0.033115061233202
0.0474062507639474
-0.0590022814535424
0.136090765532554
0.0192693364450645
0.0627765610547315
0.000676850718325136
0.0570389053377519
0.0330497795990896
0.0787985814222115
0.11651836708277
-0.0613120534437031
-0.0328426937964346
-0.0415690543905262
0.13697249548469
0.132627499189055
0.00936975949764374
0.066841119334829
0.0457207742254497
0.0673516714857275
0.0464976708664762
0.0466717879733938
0.101278363244112
0.0774008862812278
0.141767567917326
0.189118324596907
0.167529416614961
0.129494306741219
0.0824837684071726
0.00564550740185585
0.132169347750751
0.0985718593753937
-0.0242015586770465
0.154847219171499
-0.0204685773726786
0.140335714746612
0.23644617805599
0.0977592946182582
-0.00209749686596891
0.0638224975864701
0.0392191311552448
0.14317086017369
0.172034461892648
0.139560393433902
0.0935617127234974
0.119220973518552
0.0259163416629324
0.264885325907268
0.0710530670586
0.274022876908148
0.19156055471484
0.104304160818289
0.266669321579719
0.169198757764254
0.154670131160973
0.110016078027452
0.187548038147168
0.0327522469970247
0.11903174902135
0.047397068712521
0.149403548249507
-0.0219865284249428
0.119182329760129
0.0894997443908924
0.116982368568208
0.0752860240626251
0.0733821955660404
0.0545706802216563
0.165124983315824
0.120447239828901
0.0891514989597755
-0.0287965644533163
0.182156467922332
0.191260110807916
0.0598858350991948
0.200995631557164
0.29337160514005
0.0834667429424805
0.259003057407584
0.177632716746068
0.169026314654622
0.155531531936659
0.275976826444626
-0.0180559067695151
0.301798159100984
0.238531967912404
0.0669771749135112
0.173296823222487
0.388826115109834
0.343605576018631
0.164428250675032
0.116156605095695
0.3283136151641
0.289808515463031
0.263721778436642
0.152317214639393
0.137849361392358
0.306580141169599
0.176508410385089
0.212393102547287
0.370440721657248
0.443124870434947
0.302948059521123
0.160136322698426
0.244753651687244
0.322157325974995
0.185822093053192
0.284975684022338
0.269234146373329
0.410923978659056
0.242971189155079
0.215458927180218
0.193939462538289
0.403468888046338
0.331668490641433
0.315289145875882
0.323676563619368
0.106268934134152
0.154268472216988
0.252969835519374
0.278588051195606
0.272379588797141
0.226263601414885
0.233123066489676
0.161107840816343
0.2601431650732
0.317389656290129
0.28964735102291
0.385833091512607
0.122179228210209
0.330716304588167
0.333656275123106
0.357445977263946
0.247553322936949
0.294670338442617
0.339794770413096
0.35124397433957
0.221745975795945
0.247418885126733
0.361115193570161
0.316975315452183
0.380750061123711
0.292084546967792
0.281158391109105
0.308035309704815
0.381762115102233
0.19124242099061
0.24124383453049
0.359798333390627
0.325902015501906
0.217880928334866
0.3745084208951
0.242859341835705
0.330528894661732
0.325472144562669
0.34376009470577
0.342058176003635
0.292780560464153
0.428097809095922
0.264048395117955
0.47226477772536
0.397651926474235
0.514356700941663
0.42958890961875
0.333276927043105
0.382567972743406
0.342792759153691
0.403118167167298
0.262709353425675
0.377082553862824
0.400937051967883
0.360869348566503
0.204620294953326
0.265433965502867
0.362802067632864
0.294184994612842
0.324890378828333
0.551922308701009
0.361259335208267
0.397411132406609
0.421637277383645
0.362985679083097
0.372545519907837
0.43486119008747
0.358741179793952
0.324139595555841
0.430982962085944
0.412009138864082
0.343768690669378
0.41739754529465
0.360541171737178
0.402613488989106
0.541181495172888
0.327259024312497
0.307582231638331
0.469875249520253
0.377360165861669
0.44771800839102
0.534945773123257
0.443852249255362
0.578790567609927
0.521242757944796
0.426334271277209
0.458202093141197
0.525680148687671
0.336367345851061
0.550709453065129
0.412916084256358
0.3982687315687
0.542152415695852
0.501542667388132
0.53202706696638
0.53952204013721
0.689031683992289
0.428663280343615
0.317822532303161
0.432861333089675
0.418400303991792
0.532517496517842
0.453925212956326
0.528700300003946
0.4565484281403
0.308189180070093
0.578179810554853
0.455251061517033
0.497102536516033
0.508074267514901
0.44777823331682
0.585037925023477
0.447240974067277
0.382329946939606
0.444464028012917
0.46517130383059
0.481814287107594
0.554311080979509
0.604399460858582
0.602446628423086
0.389108728082548
0.450145821101059
0.372712646826784
0.454758818894853
0.568123984682646
0.529138605547569
0.585315446278778
0.469209533017957
0.636546426173954
0.473405338667798
0.468105706031657
0.50804613206829
0.483658789556694
0.377675420953458
0.50953942165101
0.461008252248999
0.607383893851193
0.529429583268214
0.695988403312563
0.646817951281886
0.514593051221762
0.528618169150384
0.494376866227897
0.70817022583821
0.583171746157197
0.673637435508613
0.520179763360126
0.528090321689654
0.444881039010937
0.540134207992954
0.657065385426291
0.422257198118934
0.640068817705745
0.55563461572526
0.616086383962752
0.631717320361461
0.536901265957915
0.53593772901273
0.476958983818394
0.638314627313341
0.276001941316086
0.72917128447292
0.591966654227201
0.423784785121583
0.286961681057923
0.647573502906187
0.492161518541229
0.761469648064828
0.479541609474402
0.723947757680918
0.52581333968629
0.475766291583103
0.52916514646045
0.697225922344476
0.692521293408975
0.79389375748421
0.621180612997789
0.802111996226314
0.535137416434561
0.693175421159315
0.64121794029871
0.593926866192923
0.611159366647323
0.538026032543776
0.72597370619169
0.628984669651314
0.598657701636341
0.585493520128838
0.68151439545572
0.714222390890814
0.540410099601986
0.587759179911723
0.51403640240068
0.767524688586393
0.533949662887691
0.655683601719788
0.608062488877454
0.529319612267409
0.578253362761607
0.805847943901751
0.723717540373366
0.614820206935081
0.749436438753765
0.633608434968267
0.775245423938759
0.622494787960101
0.609194887187884
0.760662913754094
0.590011068096284
0.860753576748372
0.72012284997018
0.789608218172018
0.786417129661918
0.590629766327926
0.692437322582004
0.609311611948222
0.593076096834208
0.770693363246996
0.800416419004564
0.815799353403261
0.848950248661412
0.646617195717195
0.596420930520328
0.715173447084363
0.71142333348647
0.71109654532935
0.765264415791318
0.715201961229355
0.763874040154436
0.62191620780756
0.756736278326898
0.755394456051736
0.785036783781508
0.806649219213181
0.78399504163057
0.8316059290637
0.681470735301492
0.681733942738202
0.725423749749306
0.739649057746595
0.743007746104154
0.726832508628836
0.835013593960011
0.796903338396847
0.608218719551574
0.843928119904609
0.695182111596522
0.893931535078955
0.68825885261258
0.637262604247454
0.767297548688047
0.843726468979887
0.825206652089182
0.748356037376244
0.836319413987397
0.710457875362018
0.765424402347197
0.800031967712254
0.838196036949485
0.763075923411894
0.766263516383993
0.864837350935556
0.528084975992384
0.976225585304495
0.780475565203131
0.956326488910739
0.715477310732051
0.803963598049143
0.794124847016875
0.905160858387403
0.833723984494955
0.735176800283905
0.770190996234657
0.905399402819392
0.799436057691161
0.782004460782348
0.690656007107878
0.707997606354596
0.935225756374622
0.902977838607703
0.813385625377814
0.904272826885746
1.01468120154817
0.902742548466711
0.875780267227759
0.642351343319347
0.698838424392985
0.711560496789093
0.828295634002817
0.839993514242613
0.85673513447837
0.846409956022078
0.870788312493067
0.749152314584275
0.850261781846652
0.83788778893753
0.829584344582944
0.864445745098805
0.829229336142347
0.810871466482372
0.712735929625462
0.832195800404322
0.943081030642578
1.0633804346516
0.891559573956935
0.721744211329921
0.80386046308931
0.824138687056133
0.85339341395383
0.810664058840287
0.856569768853139
0.883844537137063
0.962346955237192
1.04984470131853
0.856881954613278
0.851284531213248
0.890095980948482
0.873380332090492
0.940746150775246
0.860006298169254
0.986975071037711
0.831463935096571
1.06564968701033
1.05038282229963
0.985977757589471
0.91573128749693
0.953778167330911
1.09191530675342
1.0065404164575
0.852292183906316
0.940160675557487
1.00597521434556
0.94950583160678
0.98441187183417
0.957200233439615
0.856853839265123
0.861293551305119
0.974634088985292
1.02713104115521
0.944878382615621
0.919839901237856
0.897716934198623
0.946213173481119
0.866703777838722
0.869865872861455
1.05728061813183
0.794026541930247
0.965301822339388
0.86677005183196
0.858182730826222
0.864116746320397
1.01676230653157
1.00505776829955
0.802493493244679
0.945758121374397
0.996942174684317
0.874780981971224
1.06950564012807
1.11698566148634
1.03455271938007
0.840993271421202
0.826021482982629
0.920904593605243
0.954226083237697
1.05694061312637
1.02757646425863
