0.0345334923959731
-1.00124943480069
-0.789155618668245
-1.039996801158
-1.04668875095125
-0.971755389423756
-1.05636994389478
-0.968678087861072
-0.835304599006967
-1.06073079823293
-1.02767689861455
-0.918337862500563
-1.01675474338416
-1.06323127878431
-0.981032383277917
-0.99387457102547
-0.901791829480273
-0.934083518387574
-1.07987903671121
-0.937855324769089
-0.892629351961344
-1.09299179034562
-1.01419758896179
-0.951513709388499
-0.780468437608859
-0.861703639535909
-0.774075650981265
-0.846489032809152
-0.846777779396931
-0.85219383723463
-0.825247470454465
-1.00324283585751
-0.934256964368463
-1.08391059179725
-1.09218518509376
-0.849363486046951
-0.864999291419835
-1.01148992936486
-1.01237967542007
-0.915097810151354
-0.800439361222422
-0.970294793170854
-0.827252768683136
-0.904197773869607
-1.05620357960886
-0.979518950453614
-0.946096885681642
-0.98317190602514
-1.00798123677647
-0.837857220713944
-0.869282132456577
-0.837984111087224
-0.860729782639696
-0.888293266674889
-0.903360587460636
-0.828680347881713
-0.952987437293479
-0.952962486474083
-0.995124102333032
-0.940602641680837
-0.982831838662012
-0.817181559202233
-0.998686693848127
-0.808266022991689
-0.734635231193144
-0.79174688060092
-0.857553048055145
-0.835195988258028
-0.88604208770265
-0.806329721084084
-0.915250902744304
-0.859031880532913
-0.980891195710529
-0.849226347197015
-0.835792444513096
-0.837911744464674
-0.863045375572127
-0.893087286444445
-0.805874200478653
-0.788686717200503
-0.850155443241488
-0.977580011051815
-0.685722844735911
-0.789276596633086
-0.693089125205519
-0.895980366906559
-0.91956861629517
-0.790620653240313
-0.721035203676727
-0.77876643255657
-0.775544131184283
-0.941685274873901
-0.835866301618824
-0.804976845765453
-0.816277493217865
-0.823750925436146
-0.872194431696284
-0.707477808229804
-0.93628866092956
-0.744727430569169
-0.714654477732264
-0.739369191574892
-0.779285797646384
-0.829444790294547
-0.928523859685052
-0.928297554677874
-0.809089266808338
-0.842637577028968
-0.894896949366432
-0.834336633500542
-0.866159431053748
-0.849946074833133
-0.932621656992962
-0.751444633861159
-0.653550582469713
-0.656893951858973
-0.62909450206738
-0.745546585763805
-0.820212369097353
-0.747503840102414
-0.722278250027327
-0.511121961214611
-0.780041286931982
-0.767749018369033
-0.85382643087016
-0.594785983287656
-0.833475988977584
-0.786801676376536
-0.863104482888103
-0.63783288259407
-0.757919363809362
-0.821903200580887
-0.803361025949455
-0.614321106172303
-0.787108974194679
-0.692562616364975
-0.79793070777109
-0.7057118209431
-0.640580812742883
-0.711048554489208
-0.716075605024556
-0.609753877994729
-0.601246453713507
-0.575954005519391
-0.796196872786792
-0.86338049483564
-0.773633572935591
-0.721417253119724
-0.728421317139144
-0.61877997901514
-0.778622322703178
-0.664119652675461
-0.621825281844259
-0.631612700264482
-0.70784534759261
-0.721710191352381
-0.65617607066054
-0.723979547081098
-0.665186328531655
-0.696109144826001
-0.823829688666917
-0.781320802107454
-0.735863687693102
-0.739993839405021
-0.757963181471207
-0.712136162399303
-0.727393286336935
-0.634528577518003
-0.638499709534586
-0.554749828247796
-0.720922225790339
-0.647287694199121
-0.783049441613062
-0.675456178586876
-0.784338760736483
-0.625003061678562
-0.604078853730726
-0.477586261865367
-0.662389332499091
-0.751850510285275
-0.622476917008185
-0.718016772107988
-0.601516410504302
-0.575442034508597
-0.656445549585862
-0.73787536634493
-0.664992278429201
-0.45320674425612
-0.446712175517799
-0.55040222192944
-0.695184540631123
-0.514232231390999
-0.561722990797336
-0.699478665577817
-0.608054747562521
-0.57638034436054
-0.617924023930803
-0.613197895882038
-0.502300648127381
-0.638355361756305
-0.648377264916518
-0.557083822133574
-0.595169432721127
-0.635373770275922
-0.644765845336219
-0.544895004531831
-0.575621077331072
-0.756422149360608
-0.623397223115802
-0.680811389117524
-0.621855328682768
-0.56206257243754
-0.525375746605254
-0.488737050986063
-0.592030215613002
-0.645957442458669
-0.746979241671043
-0.419029597283012
-0.532226805482305
-0.646067741349959
-0.648898248156347
-0.643224412097145
-0.499602305932669
-0.490352723815745
-0.657485210135983
-0.540334300145709
-0.624995856837371
-0.55774631927392
-0.595851293833573
-0.453015620706723
-0.601084359482862
-0.682115195232629
-0.499849886047242
-0.670386312030904
-0.576120176370657
-0.578242557104194
-0.598695656602675
-0.435073168105585
-0.482854695115201
-0.730081156216767
-0.532606434503203
-0.427695889534252
-0.576053660677852
-0.581103017383671
-0.536682975862654
-0.579307675531114
-0.547254391618891
-0.510317211454319
-0.524111738875846
-0.575772442389257
-0.536541577235001
-0.456275919807428
-0.556785913061838
-0.405441274786447
-0.520454697948073
-0.493826360035493
-0.577062120440224
-0.422137588804084
-0.588954568640776
-0.654969112881441
-0.438293808986517
-0.416255459824602
-0.4344060192199
-0.385512275461706
-0.46503672793053
-0.528665006025045
-0.316743933704058
-0.572422017329455
-0.459071732177543
-0.422894208865337
-0.359189225224003
-0.576178505535634
-0.46708519044582
-0.438583578046634
-0.393327907748256
-0.411658967522617
-0.504799532115962
-0.41029517270057
-0.331101977965501
-0.500983744068969
-0.508804787082442
-0.455867368450443
-0.50622277082047
-0.301910286622278
-0.408426242988425
-0.445892625884217
-0.427709771608556
-0.413228611959518
-0.460483186824799
-0.367630127391068
-0.387420688614085
-0.467190476650703
-0.352021294770406
-0.516690223593505
-0.51058846165611
-0.403741255844409
-0.383945379893465
-0.422556928929536
-0.44802831913074
-0.373789579486129
-0.453917469693049
-0.490187011973263
-0.31306521397951
-0.421302149508055
-0.483267821475334
-0.428672427531623
-0.413098794118725
-0.353123001842282
-0.439304096910364
-0.374318609381984
-0.365920744124415
-0.330790432830913
-0.26889701260719
-0.299246768642011
-0.341454250038262
-0.489203319112423
-0.207136206768408
-0.409281328298449
-0.354673935316656
-0.208776769557253
-0.211057290827629
-0.20860185673851
-0.369638635665487
-0.456427103126527
-0.351959828096483
-0.311444353410723
-0.395636803658366
-0.31063517903503
-0.296196961835257
-0.47723364829143
-0.231526979685013
-0.272399819036793
-0.386873506470714
-0.32367210326313
-0.391033236034418
-0.230882394875242
-0.330439445205157
-0.359859145368058
-0.392763783223037
-0.455555982570185
-0.429798950984072
-0.255605249660218
-0.359454127644924
-0.262098711044964
-0.469177758809521
-0.386715281308592
-0.433289846382718
-0.286786512793612
-0.275846967269076
-0.221247726582843
-0.301558738555506
-0.261529784868834
-0.148932235801033
-0.289398814342701
-0.274434545228475
-0.342660416654609
-0.335591817653007
-0.0676355284376331
-0.25730164368712
-0.438861937219454
-0.289465027406507
-0.197014551052396
-0.415120384208759
-0.272270604052256
-0.334187758230493
-0.057889704434098
-0.30501220741688
-0.191746114998699
-0.334527807406612
-0.0940990759552131
-0.318856498971301
-0.162818866582362
-0.231078202642068
-0.223636015254743
-0.256694579096366
-0.20286607638423
-0.116880505460472
-0.123049955614492
-0.203567503403626
-0.169027404130925
-0.20712496736387
-0.324742897733854
-0.281173368191422
-0.174179833023539
-0.313289811303437
-0.174282261139588
-0.28417632915689
-0.177931987226135
-0.12537354556443
-0.238424979333053
-0.293591393679654
-0.155263425551613
-0.212990570220793
-0.226718777495624
-0.298932846823023
-0.283463190486268
-0.283933211978152
-0.209535595421839
-0.0541048647384696
-0.197713124475506
-0.364792940231187
-0.211826285352451
-0.248309373197733
-0.242231046797149
-0.176655658977739
-0.226601091062047
-0.221631908819308
-0.0845533685470819
-0.125498266587611
-0.261791639582124
-0.0521654391368976
-0.0995859785975148
-0.233168596335062
-0.156292467510375
-0.143780607964738
-0.208820379268502
-0.233117680445356
-0.0849766613947274
-0.198659486198388
-0.087856643027381
-0.141033979644296
-0.0394324222836181
-0.147164017708833
-0.0220973676160654
-0.227285430310692
-0.118710565796059
-0.0698928998789854
-0.0492643635903206
-0.41329904167283
-0.137589387634564
-0.093594267372229
-0.0272124343981045
0.043637997158095
-0.125554259283207
-0.00552773211548768
-0.164492441017564
-0.197577769217507
-0.160596518635471
-0.0265088051430563
-0.190633470411936
-0.0805029215291829
-0.336682361932892
-0.132278624110943
-0.0349197322757903
-0.134824908787275
-0.0623989362083253
-0.130970262004627
-0.08394794171314
-0.030306629116377
-0.129567326778142
-0.174615829342141
-0.114411860735754
-0.203133379229016
-0.0395940576562276
-0.195201451277524
-0.0718986749029575
-0.193156014065995
-0.114827154969907
-0.0730232813706281
0.0219060959111877
-0.208828444691538
-0.132406084817401
-0.169909784038128
-0.0560222810562904
0.0414682658535181
-0.165056730201307
-0.026364880200575
-0.000845635391703979
0.0237396720899152
-0.0817616032760724
-0.133252297380326
-0.0476605247133996
0.0319511765035049
-0.000366081724366963
-0.0827170833402607
-0.0563952468122555
-0.117048782598611
-0.130999154085515
0.0158250825909687
-0.100838653053727
-0.2465393245062
-0.0840750152049964
-0.0565596965439157
-0.101324267731955
-0.0336278220231891
-0.0430825273103845
0.0355790763510278
-0.054078568887174
-0.0152014735518528
0.00276985464092144
0.0537469882594206
-0.0674424719300186
-0.0880385507128463
-0.0906430656727554
-0.0433147926376049
0.00115202502229083
0.0200108037680948
0.0148585543454341
0.0349444941275552
-0.0218864632103247
0.00259781478645266
0.133700079532932
0.0121764346478929
0.174687320747587
-0.195058099628754
0.0258393622398572
-0.0622163727737564
0.14121141340782
-0.081217528167578
0.10209928136442
0.0238944520885666
0.113639242713798
0.0772231378095165
0.0622486977189182
-0.0571661323838174
0.00104773505164658
-0.0364911037474141
-0.0616849544044708
-0.000966092685438711
0.022960721959211
-0.000557561837915835
0.108959080853672
0.0284906974148725
-0.0422520207255497
0.0383195986721971
0.0512227420015689
0.0237079833109023
0.108512788638452
0.0148287963547473
0.137568424428181
0.0673118645169129
0.0328688548409787
0.0264913837885739
-0.0229624769246156
0.172321078363281
-0.0291202475953284
0.00653780772488875
-0.120448834702387
0.0770103795944369
0.0597604196263451
-0.0279363438571104
0.0811187685813109
0.150197253115875
0.1441961867867
0.0287599092627802
0.0925372692043326
0.33312385681535
0.0390238108433026
0.0492592487267051
0.178597683593409
0.198846588400468
0.103153890445219
0.126916054096836
0.182411818244133
0.066740870195942
0.213080505007796
0.0757806146701078
0.081801816767743
0.157596780291208
0.0733076875612349
0.256444967088317
0.105629507406278
0.0281145460267381
0.212118609216131
0.0258490864502116
-0.0712716324499081
0.0293270497970493
0.0658300708171568
0.134159184488599
0.268801468918593
0.185998700791015
0.136185005578973
0.168938180768451
0.0265568757442442
0.188671455984061
0.165946618842187
0.102805059858956
0.190888199698438
0.0776180714786654
-0.000354989795206271
0.281651894078865
0.168328406371047
0.125934217061916
0.188163228884483
0.29072428710973
0.0345948095737549
0.271241683204321
0.0475392361257394
0.0241101673886066
0.10148144102682
0.267820593883511
0.229539246417897
0.253341615348748
0.195368063898821
0.233150732892837
0.215105986760535
0.218108186165101
0.239638738245818
0.206816045634591
0.164049542799666
0.131462114881928
0.115836822677773
0.376530516342372
0.254748059899905
0.183427143263856
0.205732404283435
0.270043967402668
0.186228855709469
0.273708444786478
0.154448948871594
0.343899045634349
0.126148755894074
0.211668420352879
0.307820961975968
0.263990978470078
0.29262922805336
0.219373783040421
0.191979769804756
0.208365744053411
0.140132155864839
0.206302697936515
0.280892326161554
0.269679219984018
0.18456428824716
0.277389947059327
0.0747077439368053
0.297485185488009
0.283521572452329
0.236919802100398
0.333904424359066
0.127186737478374
0.314657542199084
0.200256114530261
0.31467296316391
0.273260747857637
0.23137289239324
0.321371303677338
0.353581985599606
0.361552515984838
0.258294378985957
0.308969337403462
0.329552685430038
0.383775750821975
0.125388688440802
0.199191982957405
0.345988672171606
0.22993543393383
0.16223407172825
0.373171466102381
0.285571069050509
0.284155887396137
0.275310587692387
0.341529290587191
0.414593593333821
0.24370833241432
0.232026583780252
0.22464554325365
0.339366480727691
0.526101750117014
0.321782936658731
0.309767568250308
0.37122629398126
0.20010434391739
0.408441774776694
0.345532750296519
0.296907912288954
0.389060386255119
0.381603204508525
0.488102663034252
0.360574567662535
0.247509809704742
0.361669641423397
0.39133940952014
0.338525785539849
0.254088514372753
0.362793796926884
0.326967424950961
0.361873208397067
0.296208961873078
0.332810449991693
0.405670340149809
0.327705142025551
0.239628067838204
0.312274566471924
0.460061974481853
0.432962393176204
0.231765343943686
0.390930240371904
0.457765962134082
0.466642074804004
0.349876260955147
0.381496552981412
0.370646674199769
0.335074522364111
0.318073733412745
0.342894528700758
0.353445127702941
0.302567242932493
0.6177633473252
0.553172908688304
0.291370899243482
0.38013659719486
0.296918534235696
0.403140555728166
0.306989918465218
0.413843377917412
0.388590387204058
0.438546618631412
0.457248207004948
0.375649082435668
0.415874012581044
0.333540757545581
0.418837265028256
0.359056150583888
0.378902322650281
0.466654408297513
0.545604721650194
0.522466899501443
0.395076568215021
0.460414319855561
0.423626555805606
0.361835786147382
0.521384007613385
0.461621054553674
0.553552282857473
0.479870277674739
0.384177900098638
0.497935040869533
0.575688214716596
0.525162349124696
0.556163891411658
0.512974678485663
0.464232476628244
0.455736609654514
0.629456392405005
0.536925902777203
0.417066264649499
0.441549290439584
0.438241182037458
0.335488954584351
0.4020265478001
0.556738205755925
0.451554626299794
0.428429023883011
0.513144254439762
0.476281566463748
0.438602733543325
0.359223502090323
0.58763297799665
0.47524364446414
0.602940375260481
0.484458538235462
0.439573662487489
0.420302704769315
0.503589873092494
0.50192633145171
0.529092529833096
0.380885715124963
0.502893754943935
0.543969816712124
0.341222949587078
0.410496119859959
0.474139756129293
0.521266871802395
0.488446921054005
0.445658125098358
0.339942212556645
0.560173398088738
0.640348077984581
0.611955884578112
0.550921128102903
0.607669009267095
0.600323761815714
0.639158419246517
0.494030955923053
0.558769853554834
0.48744732322185
0.573082445992186
0.381469458447615
0.544433763132104
0.716048303367698
0.619881076626593
0.550671127206882
0.645367537562384
0.658447124312796
0.696200539448737
0.490095194137067
0.685124638867007
0.46050630763308
0.652509080689658
0.675050933063847
0.486695882281481
0.674680928709586
0.368522501321116
0.578467349099636
0.631651101642802
0.72664124819881
0.555313968833027
0.519932596452832
0.626426356622462
0.593095136278572
0.592564704707886
0.528795643046845
0.655014328007874
0.63663901043659
0.569338168182415
0.562495037920949
0.504983226994384
0.657531568361174
0.706557376754053
0.76523424574122
0.658279206385116
0.714115184762172
0.645856401722107
0.748605500832796
0.760856209470728
0.62680507931315
0.796663176692685
0.539212026263846
0.708968702432015
0.489028214205943
0.547305891284138
0.779803473184095
0.649420335130319
0.840881914807487
0.662542660647638
0.561027958437666
0.589565410560744
0.674541032446494
0.576660152788581
0.550855510123383
0.558733933648405
0.663701519614207
0.755998255878251
0.638396313549338
0.690476851266026
0.742592219058989
0.617426306237663
0.703403735089691
0.616565009390998
0.730562315154226
0.666855849021435
0.704963114786093
0.594811567611759
0.6607214961211
0.584226204511695
0.667920235338255
0.741964111748226
0.842093563567497
0.699584541920104
0.653403866526629
0.822540258640333
0.706378518009836
0.742303410913393
0.811390641256951
0.572317317196166
0.724327742314039
0.695051218552273
0.72783370644781
0.663506187107677
0.717112903406692
0.77376478425105
0.98160400332757
0.787777911223283
0.676788231271948
0.743260770339889
0.889748287019075
0.80017391153492
0.744961909686764
0.667344990560448
0.827164756647039
0.737178547345205
0.783779954517859
0.72503583278573
0.730522102770581
0.874304332341189
0.699395976767217
0.755350427223818
0.758493758332947
0.787754123849615
0.88588105619525
0.720109836398495
0.783910212267197
0.667309174137212
0.735585222138159
0.867027246489761
0.899096104849365
0.697778577148894
0.787358633423524
0.746439397335402
0.724999644716087
0.722175193418713
0.718851031237
0.712785661395437
0.708236638467774
0.91576569715144
0.678508240671308
0.805713793840799
0.78720316932997
0.706639150778927
0.70173155536952
0.906090415936518
0.724813037247726
0.812280961124353
0.913107464807156
0.776500271148807
0.691354397406649
1.00390584336582
0.793921718881533
0.801687096484901
0.78015680879515
0.826589648362534
0.835981892478403
0.841131610649122
0.779764474261571
0.891713751012615
0.783059945542172
0.949859925272027
0.854371714431317
0.844380484156252
0.80879521321323
0.793377600533883
0.943103674039531
0.833391295246791
0.838144533776706
0.985700630776251
0.771466687227603
0.97812808883108
0.892447432200761
0.859602304430352
0.982172267657523
0.902409558493473
0.850786811950991
1.00043175079129
0.769665772974453
0.780838839341289
0.788552254655116
0.874151449987402
1.02999488366645
0.897694899248561
1.05009910671874
0.80694746497795
0.897811845107361
0.790782229255953
0.860126384253815
0.908987328375855
0.817743173611408
0.798980150628225
0.883806436754574
0.930849905213952
0.996895782742026
0.900424174355279
1.06287787927381
0.84085490503955
1.05550252313962
0.826045998165825
0.86463788471406
0.892002068490341
1.05610034496367
0.999566162003625
0.765159467103201
0.97054505686319
0.922173708513858
0.872251306508073
0.942730593096649
1.09015182359498
0.910297290699643
0.903089308590896
0.90748334559485
1.08440796212061
1.01206061352104
0.903589244298431
1.00796896806982
0.981506397426091
0.845462233060105
1.03933821181763
0.924805189985873
0.966766927811831
1.01555097946184
0.907666859761291
0.976701517688706
1.08184461791486
0.983495713152786
0.981162770427012
1.01251688042576
1.13023884056642
1.06246137664783
1.1081298502174
1.07107742038582
0.96965919822534
1.01856749715931
1.06882402635236
0.986901830747813
1.01884523963741
0.900161070275359
1.1175097472636
1.00461601441433
0.916078187689448
1.06828665630134
1.02254631129501
0.974467102281279
