-0.0198274977824296
-0.889591859449554
-1.05177701919323
-0.911586144693307
-0.918899036308375
-0.97903869759097
-1.04230470695432
-0.999323690860966
-1.01199070897597
-0.897763763221027
-0.992480453604134
-0.978271296162021
-1.08262449449918
-0.993677685954698
-0.925288668631377
-0.973239046672807
-0.955138558437934
-0.955949910658579
-0.945013480908191
-0.811605794465801
-0.978870711662039
-0.874831125032503
-1.03589767880567
-0.854695531091016
-0.921652670824682
-1.01228243963432
-0.897774080538515
-0.981519219328996
-0.921378681332535
-0.951010791530773
-0.891793187235327
-0.768382669116689
-0.877035630045159
-0.961235916545465
-1.09546258912771
-0.994241930840116
-0.782647056067763
-0.842681289201289
-1.01263829336272
-0.742075843868237
-1.08677263149115
-0.863489735868417
-0.780363061018364
-0.919079333557668
-0.881875068224388
-0.940341213888589
-0.939819762466216
-1.00543632375372
-0.767907232698983
-0.723227998612528
-0.957732969033057
-0.873244299151167
-0.904007374961015
-0.853786938093644
-0.805924588485174
-0.829160527035947
-0.896516649590637
-1.05426663767383
-0.812934016256889
-0.950004067863836
-0.961484852866353
-0.82723148125822
-0.853236487831359
-0.826073174444976
-0.799171905262019
-0.889644988551368
-0.746071185342436
-0.978716012673431
-0.854964395721753
-0.877963657908177
-0.827218062122824
-0.765408300176888
-0.703246487853988
-0.879106642201023
-0.911933371211344
-1.07000640619294
-0.823438322630233
-0.864401101575008
-0.838469837701974
-0.820446604944234
-0.795165649233494
-0.848543643001214
-0.811305570441986
-0.95409811141593
-0.849887444258995
-0.824053998111194
-0.745175733747427
-0.807038644152897
-0.806417773180374
-0.816293136366448
-1.0584407110923
-1.03032207382739
-0.892311144349998
-0.886402934409747
-0.824244092506503
-0.661917626495726
-0.644200806074667
-0.869622504759711
-0.820265656613445
-0.691981668006768
-0.807401381278603
-0.86354262879837
-0.749574262318419
-0.947965327520559
-0.749679009930616
-0.809537213437213
-0.91117626277377
-0.907636792201998
-0.83734456014575
-0.759184883754612
-0.838924270029854
-0.744355189307128
-0.767048213687239
-0.664992186579149
-0.686627380355226
-0.759252497710166
-0.848306860374855
-0.719792158194004
-0.670877280337071
-0.756030978499392
-0.799435585301499
-0.950500618879261
-0.759376686836563
-0.58797538252437
-0.929754127104762
-0.672706632966233
-0.781987849006726
-0.883026067828745
-0.81096796229651
-0.773170128937672
-0.682271961082612
-0.834706516904562
-0.66970463200838
-0.698446849513961
-0.590107120894034
-0.720900700781123
-0.679210361198622
-0.867551984023094
-0.616226389958171
-0.740172612145221
-0.629443532617336
-0.739759811194249
-0.626353706739388
-0.756703454323406
-0.722634542196874
-0.553155606016974
-0.610413965305437
-0.776551968248867
-0.732648987879785
-0.746015865748314
-0.663703863896308
-0.625763365749823
-0.790111755369057
-0.708609041865377
-0.701074157580833
-0.539995076689376
-0.730663467719935
-0.812517312253499
-0.856701807794328
-0.687988525932387
-0.755654334565999
-0.651803432739695
-0.525087537411413
-0.616779962570279
-0.869200967541033
-0.7191723090208
-0.762121216669084
-0.55145716125071
-0.667461663354753
-0.725585339361109
-0.735235439970334
-0.514524529457471
-0.61588844472385
-0.576060468017085
-0.70903810165527
-0.664098184971184
-0.576200849007942
-0.581319786720989
-0.70306150011162
-0.764272213104048
-0.738315988525264
-0.663802989874392
-0.669599452205882
-0.741860221770689
-0.639552665765666
-0.620764306183742
-0.575744378101362
-0.638685729616376
-0.61926344918947
-0.541884734649555
-0.72010848370067
-0.699491591508088
-0.497414486933565
-0.627836767398998
-0.73351192456732
-0.702071896099138
-0.515510146126612
-0.716685200748533
-0.540940019531599
-0.735674383669342
-0.575017817595943
-0.664652214541372
-0.742636649631702
-0.575697591234441
-0.55313504536501
-0.707751302203592
-0.539114443416484
-0.515267427744411
-0.406355984142382
-0.865322958269939
-0.494826068018264
-0.681504386967577
-0.611160239939965
-0.582933322525281
-0.572880894193891
-0.615429491441555
-0.57944748657861
-0.451342048894118
-0.652124840954509
-0.61613425927351
-0.592320487055624
-0.457285040900315
-0.40641524412449
-0.638810310060856
-0.582693756122964
-0.571545219744223
-0.420172612140507
-0.619288385160261
-0.585219599099887
-0.368011844593173
-0.365387748741
-0.519648382131915
-0.383709582915745
-0.452859937679926
-0.3943499934708
-0.39926749171897
-0.437863829091695
-0.475019566531743
-0.498027129223562
-0.588475257536998
-0.66543842121806
-0.50748241439686
-0.510357847740724
-0.53383872904601
-0.561350100930392
-0.388456438773781
-0.528838927524707
-0.461594680534933
-0.528599798328352
-0.595052835135624
-0.532234665825754
-0.476419350863179
-0.51286291924062
-0.530101690839389
-0.51388652866983
-0.598488081339044
-0.523080106974162
-0.567736610712545
-0.540166004764006
-0.456154172613115
-0.663697314929656
-0.606566195959401
-0.561764099766188
-0.398431514693929
-0.565545004541622
-0.473764706505625
-0.605343545028226
-0.470022460980736
-0.463074140262644
-0.485425992284075
-0.508238350596289
-0.377054704946366
-0.513451104907271
-0.410047907814622
-0.310185446801684
-0.447018108146327
-0.473827191080286
-0.506419780428204
-0.458276235989665
-0.474278281852641
-0.512813994306786
-0.430466404486091
-0.439118067992115
-0.397956455435388
-0.483610299622479
-0.542497714134098
-0.480505558303716
-0.385261977173421
-0.498407217105282
-0.343576093789899
-0.408558543298227
-0.433820061467795
-0.486419362202656
-0.416792491622433
-0.533056971963865
-0.473685948872989
-0.476590566589595
-0.346571330945459
-0.189220157991572
-0.223973284815963
-0.41762765957362
-0.520650281418527
-0.345539634491035
-0.466523766465943
-0.390806795836711
-0.340886468808836
-0.326687004755141
-0.470794330436895
-0.394561649945897
-0.428696307443205
-0.34984578475618
-0.378920801243221
-0.451127446521168
-0.38843321084333
-0.51126697861966
-0.232501541572369
-0.223318559948967
-0.344017121948611
-0.36424038480634
-0.374378567353801
-0.208811822887784
-0.40868945042879
-0.32097818009081
-0.433741065581991
-0.427060353406104
-0.305333433891082
-0.424890653477679
-0.497647668140775
-0.30328029308611
-0.373362806003224
-0.388235256873299
-0.346294173019933
-0.4143645706699
-0.161353450124193
-0.304068957281114
-0.283041321752476
-0.218496868646353
-0.40586025635959
-0.449747500002323
-0.367782382493194
-0.407804842275436
-0.302968172554245
-0.250739778855367
-0.180208841594312
-0.352701816858944
-0.25668753617098
-0.318401173704117
-0.438837396109369
-0.36407143253754
-0.21715825853765
-0.216605515731879
-0.241617055692225
-0.399928372931593
-0.269861727300209
-0.342154918329133
-0.16401370067374
-0.308375063259821
-0.397086445735062
-0.308382072180515
-0.366636709116706
-0.33067804357982
-0.185628609001911
-0.319786458715565
-0.317556831909624
-0.2952546770761
-0.389264616497628
-0.347331606743624
-0.270274814305912
-0.242550900892611
-0.172620906712177
-0.484138351943529
-0.157308710179509
-0.228509245195529
-0.286484932810084
-0.274434899086023
-0.348836833402997
-0.319053151422951
-0.222185061675753
-0.1888180923788
-0.20389823032985
-0.249308668085569
-0.191957620140199
-0.344460260360693
-0.261514413190897
-0.221117328069184
-0.116157792731828
-0.379234488168676
-0.361147590278709
-0.202298555405326
-0.258736133068157
-0.123038679182628
-0.165179089460255
-0.241514625375985
-0.213911437107689
-0.286333726468239
-0.259248135514742
-0.0632753691303518
-0.287810231965538
-0.290285731116822
-0.109503245037222
-0.195064420097012
-0.267517458495607
-0.268680618544711
-0.211658483946392
-0.232192321671196
-0.163074756160213
-0.0736824601922407
-0.212403583222901
-0.300753324049554
-0.117455735648481
-0.14745139143484
-0.317783315049095
-0.0719815923822863
-0.252565855589452
-0.140429222506842
-0.040766260658498
-0.164270615350264
-0.355442973397583
-0.217071093974115
-0.167925331020848
-0.218835575633723
-0.134937767015235
-0.0960218474838367
-0.0221823099598995
-0.212064029678753
-0.171076569764652
-0.15973005467036
-0.232318806192693
-0.0280288492519096
-0.2082732547577
-0.159363661641212
-0.063285644505778
-0.0435418470127278
-0.022835197135964
-0.0522531780031752
-0.249649628718901
-0.0763997830076103
-0.201858261884871
-0.252597699544669
-0.223409679649349
-0.119701406018991
-0.148339680832566
-0.20505000575904
-0.0500533679210765
-0.100393275923662
-0.0847355659186936
-0.194254746999125
-0.0867723109950906
-0.181586737230831
-0.120278103728
-0.123124295661902
-0.085374788367496
-0.0332229125470491
-0.168699370224005
-0.172056794651127
-0.159993365562727
0.0238122153307475
-0.0675732076113726
-0.0592821668562195
-0.166974865627312
-0.108557535280037
-0.180866064417492
-0.0720111549962318
-0.131510159984429
-0.0393979208472837
-0.0757528119899894
0.0312290044494795
-0.143684575993667
-0.11222828318434
-0.147458846857682
-0.0294131146458023
-0.0535447495802076
-0.197020880895747
0.045564468068681
0.0272679307222912
-0.0242997643440193
-0.0333200031782399
0.0754027638771313
0.0508045979519828
0.0270616844405442
-0.0596800299546434
0.0800443183221223
-0.17284432996333
-0.0719598697978473
-0.01405982297174
-0.112756239253339
-0.190881264458179
0.0688757884357496
-0.169776843074669
-0.141930086368165
0.0159164682711812
0.0182315857044509
0.15427343849387
-0.0444273503324996
-0.0433755220803389
0.0863053348284539
-0.0977612123386384
-0.0744274553255066
-0.108383883310122
-0.0910954626649004
-0.0183082456850698
-0.021370895674927
-0.0770213272451835
-0.0361337376706925
0.0178321036843802
-0.0377647661802396
0.0352746179823481
0.0176567386898023
0.0375190942573163
0.0072050926603575
0.0976781807609737
-0.0187735278840743
-0.116359249923583
0.01285089370925
0.0426479132609956
0.0758191456690288
0.0679044402438057
0.0792583588951097
0.0963178632182608
0.115260552012228
0.060701445999018
0.0510590153623697
0.169553003335667
0.0686533340565565
0.0500357881614926
0.14346537219597
-0.115867079995242
0.00291078450197077
0.0870944023677138
0.0763996704472364
0.0352732046887381
-0.0458725033509339
0.137263765181717
-0.0771183257583631
-0.0284460551606451
0.0776245033091033
0.119478545469123
-0.022283874285214
0.113241286206761
0.102454630242849
0.078471643343401
-0.179777070055792
0.0700041490691999
0.099214574490418
0.159592910862788
0.0838477403960927
0.137958787825612
0.051921054653717
0.0625088947743485
0.147652333260675
0.0567291100806463
0.200526638111159
0.0688604452345776
0.0772694046354822
0.15224649880196
0.042972877588992
0.142512048554775
-0.0543494812518346
0.0889865326957455
-0.0361102179304631
0.158707605002146
0.257990395370449
0.243481933084011
0.0400442601400595
0.201384916603998
0.230817278474938
0.0683906353943873
0.196264291237216
0.200980891187099
0.0512107180796107
0.239864003469935
0.133988720891634
0.133295754243274
0.0771652272571259
0.199773145016956
0.213833494500547
0.231084213404945
0.0603189309291903
0.212768210986483
0.204931103409031
0.30258785066667
0.0885442099406809
0.391712455444371
0.201848509716352
0.0328336666208888
0.232968216854005
0.0811420466045318
0.104595030650022
0.216377685168681
0.230210261255949
0.186945268432426
0.162096451184023
0.192622633246786
0.366019124285291
0.135532279234082
0.182161499719852
0.169699727315724
0.124842501503321
0.0946244722134444
0.357794334799433
0.237654688080672
0.319567262494943
0.19346618615925
0.27741490939471
0.345552964226864
0.217458739341257
0.195696661956407
0.162204872484174
0.281878982705968
0.181133843077332
0.0558453517890457
0.217041603496681
0.186564669738701
0.185646629846528
0.213179923108433
0.139606812113933
0.279267827565439
0.18008912578104
0.216426664994491
0.317733959629541
0.323176435702866
0.240469229043229
0.130939772706963
0.162639136029336
0.234440545196857
0.23656638822316
0.234036884995567
0.249478830755778
0.295736415783148
0.357034736930566
0.22674236473752
0.177743646185042
0.244532892523678
0.288871030968542
0.247239499338997
0.251371670019022
0.321976172824761
0.166233867424439
0.298888249844653
0.389639305547156
0.392751313986291
0.398462778266917
0.263602222385809
0.314656818072263
0.199569674483703
0.242571231306328
0.186825275009784
0.304434681621883
0.335360325943537
0.297322448621673
0.460296854780226
0.346360004346965
0.343870822469242
0.310722394946534
0.39410960599219
0.410118808841858
0.335778309143013
0.49585775188853
0.436629973500987
0.217664997840051
0.418213346917269
0.324978200236654
0.356253751605161
0.299027678119077
0.416944706923906
0.317330298710567
0.340591227037553
0.406044984890453
0.30899719516692
0.197523185218346
0.136307982190448
0.316055226022812
0.361794439997646
0.251431007650039
0.250249866425873
0.471584837082924
0.434292192902179
0.333992236359178
0.506422606848644
0.494574944187974
0.235246750203953
0.293572613400036
0.36419698060292
0.439774534106183
0.493643826531819
0.345243865617049
0.423738636527931
0.2994545262605
0.390783209646582
0.388756634229371
0.280035085637346
0.406179667054811
0.483596367649299
0.398086116963806
0.404253536689131
0.336029974374985
0.25614371955243
0.348238771802666
0.57845973743831
0.4449751012617
0.316923882122897
0.447522807839962
0.4519931052192
0.358510650620518
0.436640691338883
0.275270091260198
0.57570572006925
0.492667728749951
0.30808690106745
0.572525992815439
0.432333860075334
0.415636434988928
0.389755436246787
0.51883173331568
0.535043122377845
0.437774973569352
0.382381190618067
0.295538554912134
0.472408200373835
0.433214475303432
0.446457283722303
0.440629828688844
0.443261919085894
0.58150076073497
0.295606836999164
0.464053684359583
0.371363906068427
0.52013385303224
0.340255488934676
0.483244056511579
0.495090548603868
0.40976597410429
0.312042762610982
0.676266340134821
0.438655518955954
0.400504099582102
0.527910445104026
0.300560249773373
0.40791885124297
0.492050042166241
0.472605265000644
0.471003489559726
0.45185989190277
0.233280172751972
0.496841807273073
0.516909328392834
0.444074426737193
0.490667913759713
0.419428551128015
0.50895006988102
0.45991330155136
0.484341844567464
0.529597730178094
0.538151805955516
0.628006612441233
0.529179084620513
0.579102112447527
0.627715659116453
0.424074428014373
0.449234870418574
0.689373978766027
0.493011036276256
0.542764535553516
0.509933936994974
0.422952826333859
0.419685255979025
0.564118268520654
0.564185287424861
0.401253410274687
0.437427831149043
0.553208306553663
0.629030503454477
0.547199379955742
0.649043236032297
0.433614193534028
0.681213875453685
0.568915196213894
0.392637633871898
0.571322465779031
0.470996799275789
0.505796970389706
0.569313491509797
0.582265099599827
0.602158590647091
0.620846939305937
0.592301958513254
0.593415152484069
0.508301709011299
0.49818617198512
0.67338289482219
0.522637343568921
0.522623452462798
0.546801618225621
0.580116802228818
0.702882256807698
0.573700272513406
0.468439951921298
0.522499594982175
0.686972752893777
0.43913678914756
0.801639826446575
0.628801007752135
0.499898993140222
0.51563135450575
0.53562599782996
0.596549080147825
0.58050517785114
0.616968706745215
0.623711063358179
0.765951068581187
0.695029730460713
0.616488986682287
0.669940793159868
0.691935715838977
0.616162608266995
0.525840678701306
0.682947169360906
0.539651489197195
0.606251311817782
0.702663281353672
0.61145474131376
0.734029750398486
0.600882081518632
0.621309252293696
0.605582613382251
0.765633668923965
0.576342119961505
0.647790992627948
0.680032704461545
0.732937330163361
0.687416452096856
0.675724804909248
0.646891439749818
0.48813557514288
0.648861836051882
0.688831815684458
0.740633236423065
0.730471142110924
0.732997381985563
0.826656207808648
0.797431483903678
0.674081627049099
0.794932396732178
0.69177417222079
0.602474388642202
0.614132642545733
0.623044918616087
0.708751185222588
0.665027833416806
0.717947867245281
0.735627889750763
0.687881140166499
0.683851123324741
0.61287483940556
0.597955258906033
0.655164114779584
0.85689077274284
0.612978401588854
0.74618037031366
0.608411161659686
0.830052011808045
0.747937556085618
0.568509495872004
0.696850739960364
0.609749114873684
0.709013111226122
0.909171756720027
0.874680652830126
0.822730282464815
0.729816966531165
0.707849223523051
0.768471755660847
0.640136117401211
0.697377989170497
0.614455906472181
0.661212200309584
0.749750782295245
0.74575075684212
0.692131335332796
0.753774398160213
0.672036204281599
0.812296510470187
0.636148991113978
0.616369641182524
0.781623350462393
0.761855523110015
0.909003156143323
0.752113489581216
0.699482254553753
0.835390957806192
0.683951265133595
0.763087802441015
0.843129501676293
0.75427455737843
0.709416692856828
0.907747477095826
0.858468665884357
0.717334903002172
0.816510077125298
0.729990619096091
0.767389091746849
0.909730926969227
0.820062884818964
0.843212817507212
0.753077906452962
0.685776787357525
0.917826210612808
0.966688880977346
0.81884613050189
0.750553361434427
0.871394788796465
0.894172120403366
0.865438039384773
0.879146077168557
0.911398983373901
0.629733459450579
0.582510069477808
0.851187628861596
0.774850288858746
0.671489305501259
0.645573788030642
0.755689755880213
0.963739856740819
0.741150183787315
0.828533434736658
0.842050441757806
0.8215147759943
0.762173923330783
0.795477505009639
0.654358128068522
0.87195990380342
0.758403243483948
0.806946877767644
0.850386864127717
0.81723825150213
0.690809104903778
0.875990014235248
0.837287983435265
0.879418019074449
0.847408096209411
0.805246162661039
0.936749155841466
1.00803501175154
1.00666166329714
0.827397917663491
1.06076336905673
1.01933448578579
0.810150055641314
0.915881415903645
0.775742777038614
0.913842164695564
1.0191836777341
1.01968400619062
0.919053226388688
0.859074721148066
1.02294354052138
0.806423073144831
0.722455689741319
0.938149628427081
1.0408186881956
0.880119314738932
0.933157897290633
0.867102430462963
1.00729142502141
0.919197634988789
1.00926135864854
0.98355494211297
0.820618898074025
1.02651248663972
0.782742602651459
0.854687047535181
0.871450040620803
1.00245572979744
0.996737702656395
0.991039014684756
0.822715758478892
0.960683318924657
1.06195708439326
0.894235248925312
0.886898252160175
0.892908250277714
0.873255946749479
1.06107770464932
1.02840404052884
0.84173477592472
1.00704786243836
0.982540442095591
0.996897696919913
0.93186346933457
1.00483811366562
1.05138078158771
0.800031214258692
0.94064069658505
0.998921290100589
0.970306122006744
0.959721631410733
0.947540620373863
1.04398673791961
1.10706418277989
1.03529531012908
1.07339450293918
