0.0835734784000517
-0.955904494072254
-1.10760150556366
-1.04128116461514
-1.0006091336632
-1.0707655635431
-1.05896921119969
-1.05092306531911
-0.939395314585766
-1.00590065582808
-0.809574332930911
-1.04625450143548
-1.00571367469084
-0.981807633076725
-0.912731534902395
-0.949818390610381
-1.00068423215034
-0.957120108428721
-0.867983212138928
-0.809239415261952
-1.03348271405501
-1.09412041531451
-1.01571968048698
-0.870492217089757
-0.945416834171264
-0.985113658778886
-1.05854170658844
-0.932300095307299
-0.961360276691309
-0.925064596096524
-0.850410440382335
-1.03070153399356
-0.945285760103363
-1.06303150673694
-0.923541955048218
-1.01704771552259
-0.962779412117589
-0.943228928037328
-0.943903362482853
-0.769573949426279
-0.853199885165884
-0.729302261688806
-0.949144296557223
-0.779466195557084
-0.927861872996496
-0.902277007205475
-0.906198110353214
-0.943142643802263
-0.847726640913443
-0.996243441773879
-0.974892464585147
-0.880315742843306
-0.776720139215322
-0.913780612275268
-0.935513529462991
-1.01466667911611
-1.03627121448167
-0.811847759978075
-0.850859662532725
-0.868875216567777
-0.993276520539897
-0.823474742451261
-0.855516266372607
-0.996964716807609
-0.789991939187567
-0.853574240168182
-0.737055503542021
-0.883112089002274
-0.871358274704906
-0.939873588183314
-0.796171128574152
-0.914295567635605
-0.887150119680021
-0.824830233060748
-0.906332389632361
-0.767343927255297
-0.949407140500075
-0.627186657932027
-0.920816119271561
-0.867178946544378
-0.712334819585357
-0.753190273300904
-0.852956908674669
-0.709090414927842
-0.900138766343593
-0.795840752209148
-0.899814259871813
-0.873759007866546
-0.834965755233199
-0.709021631155033
-0.853696196338341
-0.852972193366145
-0.816824739495958
-0.838761198417582
-0.876182012973588
-0.585227314076084
-0.871678523024707
-0.893836672827574
-0.866675568505985
-0.739093556886802
-0.774755898746301
-0.935787521422806
-0.846872961042484
-0.746577067127959
-0.906897363717554
-0.912159547912976
-0.82654040305963
-0.808685810259765
-0.64709712702249
-0.95701956720968
-0.882901010547404
-0.683972422448825
-1.02537629328613
-0.823961927928198
-0.576820695602557
-0.738100499124989
-0.636092900218515
-0.770414292045516
-0.831539198801298
-0.847301193278698
-0.624426838646776
-0.706497801653446
-0.858283811896544
-0.649120566267306
-0.589031435621911
-0.71126763786517
-0.814151724076529
-0.941563957662322
-0.807095569031711
-0.633501261052468
-0.7486601307278
-0.664332090443796
-0.642006541057084
-0.582395831544581
-0.810752885225886
-0.78283325231969
-0.833303877617799
-0.661727199140177
-0.764349053983252
-0.639011795251752
-0.684762996230055
-0.828806931774377
-0.666077087562314
-0.691358770320807
-0.572206577575737
-0.759089905376271
-0.696157803015798
-0.72011223098485
-0.62159974169033
-0.708631237132473
-0.80521724077696
-0.729588663785777
-0.817177918915318
-0.708870570344156
-0.691598971513854
-0.796072276442484
-0.769027647168236
-0.664063730633409
-0.681261664738262
-0.53106309082029
-0.782558893529854
-0.713700118473829
-0.724435148293676
-0.681765341102498
-0.554260184969918
-0.753132527176385
-0.741878336436629
-0.724522607388978
-0.64232132012875
-0.632274393568515
-0.570084426476526
-0.558406223546114
-0.793279670391994
-0.662571482306949
-0.727378331855058
-0.686423946768601
-0.73947785017004
-0.589716409710439
-0.776576526366053
-0.689624485020605
-0.921917275351829
-0.556642856089306
-0.712683428068514
-0.673297539846341
-0.657723571179318
-0.653566433952949
-0.565346510566523
-0.71929389272706
-0.735149062159784
-0.608646521875206
-0.596510256731694
-0.562043597761785
-0.615725217798874
-0.58373269619769
-0.683491759441412
-0.726499189466049
-0.682014569589769
-0.714461415742669
-0.605333089548366
-0.818650437084678
-0.704265853464713
-0.698335484862716
-0.643738216312497
-0.516918310272923
-0.63777785466642
-0.55625706573141
-0.536511685275894
-0.548815136805918
-0.656046329325718
-0.549971122399785
-0.572999955908956
-0.570762344691865
-0.522872204847947
-0.607626453673671
-0.508668302494086
-0.563774839597247
-0.552671435128562
-0.568520524030142
-0.48176310096655
-0.526799427025107
-0.570541970007483
-0.595320096680933
-0.659408003741318
-0.576635937227478
-0.585657275659043
-0.626663693360878
-0.581661204111936
-0.664703663720437
-0.580392088556759
-0.505405658778706
-0.541156588652553
-0.606399004320319
-0.590521970082422
-0.515735703094332
-0.442151004816037
-0.54384109885289
-0.617462605734891
-0.527611508619671
-0.620105952879498
-0.361154674073858
-0.607997227410151
-0.583217764491007
-0.585588209874552
-0.514631050210378
-0.552254947406324
-0.538291761211586
-0.512726069026012
-0.591710795969733
-0.405827050127026
-0.682231158172659
-0.600201086197083
-0.437390748679701
-0.413877451868943
-0.604433728404752
-0.538602918975568
-0.602444759815177
-0.579491792717267
-0.598930342580387
-0.463315619197618
-0.461264853380242
-0.403399798491812
-0.500581411124908
-0.409459364653043
-0.454663215377627
-0.441267862931897
-0.355466687540631
-0.435593732485421
-0.572731480181545
-0.512107785804048
-0.494969397570885
-0.343824804970749
-0.411114033670847
-0.428247566422062
-0.40065208929764
-0.416171684926005
-0.50597405027602
-0.415028114793232
-0.413893353177197
-0.441138019122692
-0.287973549974383
-0.521535232185716
-0.526598445391768
-0.61688053959804
-0.274100565518328
-0.610455433256063
-0.533145723623982
-0.329419575047793
-0.442346546446032
-0.382482218935819
-0.371176156945204
-0.328977218042896
-0.437943022702785
-0.467206548352615
-0.475532799975527
-0.420194206496983
-0.404221212533728
-0.35599802499407
-0.403183776921787
-0.360415932437265
-0.430639651919502
-0.43235962172167
-0.387081318546577
-0.462325330632235
-0.293867733979342
-0.443394313029297
-0.419186787546869
-0.40813696080309
-0.288192398294142
-0.265091849290897
-0.382785444976423
-0.315614183528263
-0.480108324655745
-0.204451980690358
-0.371759792081917
-0.515300491839391
-0.298522871831343
-0.279877160534602
-0.39559393278599
-0.376524714009867
-0.505995330777923
-0.301620316792448
-0.294218651864265
-0.274787982978925
-0.343719605200375
-0.187502605511446
-0.29042280299384
-0.360544007772713
-0.355406664306091
-0.316310871395308
-0.25206495725436
-0.337021511606841
-0.275869504313897
-0.553773043457484
-0.385162834818612
-0.372203344753307
-0.342669822659399
-0.382524084957776
-0.294750276021014
-0.350357158630762
-0.420385398270945
-0.327943704789964
-0.399427909980949
-0.476969662670137
-0.327695948094426
-0.293656661340427
-0.327990230200232
-0.29804984141502
-0.23995137358418
-0.331300986932039
-0.265526351665018
-0.365646433466851
-0.177034872179896
-0.133993352654132
-0.107300508637542
-0.319630013651426
-0.307021307513975
-0.306840591663645
-0.427374327594219
-0.173456270198202
-0.191539786429142
-0.37670996458002
-0.298848095172474
-0.226185707529776
-0.316133660086597
-0.234849066132383
-0.168923425008498
-0.29456856205988
-0.391335568370746
-0.163889287892012
-0.376069968099559
-0.336746070583169
-0.206170607242671
-0.333806847666661
-0.271378760266617
-0.165483710148033
-0.220168583596823
-0.203144260402461
-0.33454060973302
-0.317712211893633
-0.35927189578176
-0.0668425317252453
-0.418651508586986
-0.218200304645597
-0.344359322733319
-0.268726824288003
-0.322617322934982
-0.208077027142702
-0.308743084144419
-0.33195329010341
-0.260213622909453
-0.129942727472507
-0.07496726353844
-0.201300776059105
-0.222577718981824
-0.0483149230475932
-0.288925415496282
-0.335615081924214
-0.180967452262368
-0.152956867947742
-0.141149312052634
-0.23967819148798
-0.262526235254805
-0.138368681613519
-0.233027526481917
-0.367399278661676
-0.0829182521993323
-0.280860201495749
-0.0964415254412112
-0.199752336291139
-0.0625466851247861
-0.0187890846808058
-0.180112133512894
-0.0145951157295052
-0.0742281933835517
-0.0828008161423953
-0.337416843381184
-0.225790830242614
-0.0324773624435123
-0.210350212960904
-0.221166599209765
-0.116971344346447
-0.246902897724252
-0.212580542780424
-0.1294950435752
-0.277380930521385
-0.115491694402932
-0.0606315091808346
-0.0512202830914911
-0.0324370378624456
0.0367629695760065
-0.181323025810111
-0.173117160654894
-0.188175349061642
-0.131735918488386
-0.197911901116642
0.0321236495334303
-0.204247394232312
-0.0932428297439661
-0.189119808430277
-0.139635714948948
-0.102770044264934
-0.155299546555124
-0.0330574667281575
-0.0652795618978019
-0.244672899326809
-0.171962057492136
-0.177232545652227
-0.0350633416897333
-0.066822606635145
-0.0248957687191784
-0.0403739880960666
-0.124102560712018
-0.0288989101646359
-0.0306593128541934
-0.14953011112443
0.0154611937313338
-0.124739626204614
-0.0357277992493678
-0.181777130336111
-0.178210895118348
-0.106414780423739
-0.121880004239036
-0.0788064342501142
-0.00215565536361155
-0.143351782123118
0.0513207514465391
-0.0449164257705603
-0.0715318551828557
-0.00757468022216411
-0.0023298234437248
-0.0872215051479492
-0.15492257253219
-0.176724999329464
-0.0788938962752262
-0.131136429722351
0.0446838148804956
0.0109583842043685
-0.019564483618479
-0.138948815603146
0.127935313598239
-0.107552300171078
-0.0514833828752737
0.0843043500228751
-0.0396499786589946
-0.0184293379503921
-0.0125012840541648
0.0601915951840023
-0.0642085499285674
0.0809067662827295
0.102404964071865
-0.0167995626441316
0.0562467884647767
-0.171700980328995
0.0794276754218076
0.00298032091841572
-0.00963751820577509
-0.0329188048351138
0.0780026606318857
-0.0552717573383294
0.0828962673140899
-0.0315124096164172
-0.138050830871724
0.0845534720155186
0.0535199367510318
0.0609599886172522
-0.0380629382131889
0.0878725407831507
-0.0423550269824316
0.0400024681949268
-0.0493963302942237
0.00350314782863976
-0.0885447953088921
0.116722170702841
-0.00185914899880418
0.0080393307378505
-0.134657802357333
-0.00483218379070894
-0.0244024396583162
-0.0563003482238456
0.0598318790814504
0.0108664051015549
0.233547010340472
0.111308002845151
0.0121855604162117
0.0613309772172359
0.0604798697721817
0.0261838531931168
-0.154901517680553
0.131504339691524
-0.157248381078385
-0.0185839947356217
0.140566204785682
0.0609760260980403
0.0586643627188809
0.00853863762619032
0.0650760229593785
0.113877691798176
-0.0141144665291715
0.0061837914082853
-0.11567133337958
0.06607323129835
0.142933790024432
0.172885208626448
-0.00883893992744124
0.122264146047705
0.108678912112658
0.124208020480658
0.0939326945173828
-0.00497441631471766
0.151945893097734
0.28160460095509
-0.0164242230478216
0.0440105908513821
0.0168833630672543
0.0346163028768341
0.161833594893851
0.0854161577703911
-0.00327599972296245
0.0711777431714618
0.00802884061219384
0.122469715035108
0.0394577204018016
0.0395935417480397
0.245468735719079
0.017306963707747
0.207973257749057
0.117009148509116
0.167342263421199
0.157544566823543
0.111317074018246
0.130286676339355
0.0590494680378118
0.279666989916006
0.12540619207345
0.201312515557209
0.162629024925485
0.0529015540116145
-0.0342481366810796
0.113188968733127
0.180958048300883
0.149303858818753
0.185370640571183
0.142354771109161
0.0168349299603609
0.306378365302651
0.187327764824044
0.143093125853671
0.151657080681338
0.197597642735539
0.116791065070776
0.215189935522232
0.0797787007827507
0.295614952084609
0.171174971101448
0.21544787724668
0.168484989773209
0.186995214021476
0.235282543115066
0.239392509445483
0.264518127912415
0.243226812444911
0.303714465771136
0.00465348136880795
0.114073804238915
0.221361274451094
0.22443790933136
0.293530664769365
0.230170497077432
0.222436919701569
0.274864239830243
0.195368450955731
0.192596592221488
0.308444693052102
0.186225961174431
0.342092571125248
0.156592964283292
0.34721683091412
0.128825200524004
0.272130400945747
0.271977255644822
0.344902368247083
0.2436027193665
0.202335599397949
0.0799304233655963
0.262632321985965
0.217950698275243
0.314091570512169
0.502112621257885
0.254999065736887
0.172100576275097
0.352523378865284
0.14492022777398
0.35373402460752
0.347787422152314
0.261030568968259
0.299788028746866
0.408243881410377
0.213712468722255
0.20828318953677
0.263102483051588
0.384656918315971
0.263427379481415
0.259955324409081
0.395543539135241
0.327461696746532
0.272430573891495
0.272499524265999
0.25814002517631
0.225629967779233
0.256834462562974
0.370213203305923
0.266828929815653
0.363352389100105
0.472662656000516
0.391678923785377
0.195251417861363
0.199842775252615
0.16315384689886
0.132364339354722
0.426011213260854
0.253810054287845
0.198734202786501
0.317640667281939
0.242213520420626
0.382371828379851
0.23296274402944
0.193547599782395
0.317531096525477
0.353034884015996
0.331578538574295
0.334803664040015
0.326530401182726
0.350240454499738
0.250610009071452
0.146255953050785
0.266669384676257
0.355171558870559
0.407319187921825
0.41600071067495
0.345143940830284
0.252640194568944
0.273324242821251
0.435696860544739
0.350501677537145
0.359887763616487
0.338373171291846
0.491778114532138
0.208617359738263
0.28015406601384
0.355171809449804
0.314286209301466
0.409034320250772
0.297334612811704
0.304954099254753
0.320449466806555
0.252619574551123
0.399734380980614
0.316504452853449
0.370639100219613
0.279434380165158
0.532276971856354
0.33110440125013
0.358262271805734
0.390289794885237
0.573957960264571
0.426389577940231
0.513333366258714
0.427237799971326
0.463011515600896
0.614585965168275
0.539791073308611
0.408748121014076
0.49801958901069
0.382644086075592
0.451392364605401
0.501013413559587
0.415927339990381
0.378967546057202
0.484048009155822
0.431869640845642
0.303481170043858
0.368562878066032
0.557083829871368
0.398563404716567
0.511678383416156
0.452972307677302
0.447368749586223
0.422896013774445
0.531770560352052
0.509269371110599
0.542287080420721
0.352832922558093
0.414198504902779
0.581785162389752
0.384573385465994
0.394543502807866
0.463830574350352
0.405715343010799
0.513980555669398
0.491352111317241
0.281786407980543
0.315481396077876
0.434423770043316
0.449151713893102
0.471822947869639
0.580131015608445
0.363033198953836
0.477386819893036
0.404459197323078
0.473202147549374
0.475494109296331
0.453070739287353
0.525235659468971
0.498320855751912
0.500229897585024
0.486775019124185
0.474379659234981
0.464646624739817
0.61407853453521
0.569012659186661
0.637774856851433
0.542209494439333
0.460353639615085
0.584518043341258
0.500580675039896
0.697627550562038
0.718442166314467
0.55926798143122
0.564204656182018
0.417148334230343
0.431220585265604
0.504092211217657
0.5124811268783
0.526672472588926
0.564489116233972
0.598940769497919
0.536460388763238
0.508937547756569
0.495918452255443
0.508983488579107
0.578770248468097
0.523446418628483
0.417353368732486
0.594015290315249
0.611163229187975
0.641632158050556
0.486936417535378
0.655532425683537
0.615189849753019
0.682726569137341
0.624352258314596
0.588723679382587
0.569654335249784
0.580279131970095
0.619062089184771
0.553322207556054
0.532004637362222
0.537580017065812
0.675227544341928
0.578783141301916
0.638920098406664
0.505948250605613
0.479125717243634
0.58824273433844
0.632539189660839
0.576237689269112
0.561428522791064
0.50183387732146
0.580746805511194
0.535053185456392
0.644972810615776
0.792444078215461
0.674103080388995
0.627703076808699
0.599921319032592
0.401005472855518
0.602553733570313
0.612547626731422
0.769766130137446
0.669224903251651
0.633573593088981
0.745775436114662
0.631941101697662
0.575014380441746
0.478905352419709
0.609067391351781
0.631559187072249
0.56608291307458
0.609694891953362
0.684502679607278
0.705325120382522
0.627699599691341
0.590418074882009
0.622500665429323
0.456392567830886
0.739140005155089
0.595286534322198
0.772362391603764
0.687205288748582
0.747606444587412
0.625339538413814
0.741296474601677
0.703435440751347
0.546076105754454
0.573774270557908
0.618133313515265
0.548394053681453
0.739704933365446
0.808744035270899
0.71612252920004
0.640470423101538
0.666155153716925
0.659469706081126
0.665344736385025
0.800998026867011
0.795534772433337
0.555310988166301
0.680898164576137
0.672401576024936
0.633227346886918
0.763943214380565
0.673012169628688
0.706341318934158
0.775549104786423
0.75900163708667
0.788164772142588
0.747926540465395
0.724875719927243
0.781310903645025
0.75738882904993
0.814388019655898
0.61193097610328
0.839112738849585
0.626769504842977
0.813784964515299
0.931107633012159
0.737364226281608
0.632636027112907
0.739489759271121
0.811184543804597
0.561479891089511
0.72639746798907
0.886112278145358
0.716134336517934
0.783713706660433
0.851367841944982
0.824962654473249
0.723808878087028
0.670876252109389
0.784494469933565
0.731350581485349
0.800560564875961
0.943756841552746
0.687110724820629
0.658531445756628
0.794513508312208
0.839127720082957
0.832693555320199
0.789337396872826
0.803894231363647
0.796805452632157
0.79206838692741
0.752929937134072
0.788793999918593
0.686763823471411
0.754148093817364
0.771191663208574
0.824232967881369
0.963340169242352
0.839180920811223
0.901798163755448
0.851163602470938
0.670638360500568
0.854415705141222
0.889935952060624
0.877916663603243
0.877940053762094
0.957297754901288
0.891366097360337
0.739827723312715
0.892088558539288
0.917226807853047
0.87925475066203
0.822834665353294
0.825482685602038
0.735343722076164
0.932827961634339
0.783489952083532
0.753757422871289
0.906011630428914
0.840777659622855
0.891881272010002
0.892940250440208
0.909253260605201
0.892952925814861
0.845754952516585
0.832636530888776
0.797203573391482
0.921992610975628
0.959132395366708
0.868286881347041
0.910691584700134
0.969174875428389
0.758665945120502
0.971611879759246
0.830150030902237
0.852796293796746
0.942783659645412
0.860263815631768
0.913279697128531
0.837504522582731
0.919119982749878
1.1137318343199
0.87916949284864
0.792604706290772
0.906021687709453
0.979344210319313
0.763858441271379
0.92646701334428
0.92039280004346
0.749431853192371
0.761490517521387
1.10250044385367
0.90658796026863
1.06770610558843
0.952259705990573
0.994976576308417
0.909734803477842
1.00753736046483
1.065269634561
0.903144921831113
0.912438979163948
0.89401492131797
0.959795677698775
0.925726098153506
1.05873895858705
0.88725127505464
0.997570715405639
0.847829157163299
1.0439676473829
0.93130762612381
0.834307976001381
1.0187343265005
0.942736579598197
0.904236219056145
1.07824364278353
0.917581796710419
1.104672866772
0.872140266206767
1.03616423636694
0.978365862445732
0.832071426801731
0.812500930785313
1.06193388629528
0.997089462723799
0.937247322582428
1.10553808270525
1.09709210911594
0.921543573247385
1.2220589221406
0.898814658695737
