0.0666891130657199
-0.976407717807992
-0.998718449402544
-1.00020897506272
-0.871561653996273
-1.04771876882585
-0.968336402924332
-1.10213154377608
-0.900763122213532
-1.06653130130676
-0.982656815473261
-1.090772105179
-1.12970940070634
-0.944793692443675
-0.984726142975659
-0.982381853616894
-1.00653318361836
-0.949109509005767
-1.00066792298937
-0.852515337131639
-1.00378808583965
-1.03286940475078
-1.05362595104372
-0.91593441445598
-0.955821303433159
-0.824349221885684
-0.939428370687592
-0.946797919510866
-1.00740917495564
-0.891503458940105
-0.863365414031703
-0.897517556266067
-0.943087007880457
-1.08475927431913
-1.0331849192497
-1.01820962827395
-0.876131169660703
-0.894483718066156
-1.07386147203493
-0.922610414410939
-0.87479632986315
-0.993077497586093
-0.7916951595902
-1.03878954666388
-0.788137949565673
-0.926735531240667
-0.921584000853222
-0.953100138482262
-0.921659994307904
-0.843928997032173
-1.01454910759118
-0.821983787515432
-0.829071666521375
-0.85027882135882
-0.961970191296744
-0.916004107471181
-0.875868489714518
-0.94815539393047
-0.8460754228625
-0.92711247989485
-0.902583507483488
-0.92655746501106
-0.639746918259874
-0.940864274419025
-0.909592160735186
-0.799256852894915
-0.819905056446035
-0.923708479804151
-0.805910633851532
-0.854889157933492
-0.930549353960116
-0.80077354104421
-0.959134607829967
-0.732800327732403
-0.922320646214594
-0.820551994002933
-0.887209881557316
-0.812047209310398
-0.745980811491944
-0.771732710683565
-0.751087495214951
-0.881983046811459
-0.831043397959931
-0.79850354368345
-0.709999167603597
-0.868058233875614
-0.912116647681737
-0.721426308138295
-0.949956555061737
-0.813945878940647
-0.881768755114998
-0.677650532688285
-0.701100183715543
-0.75963517429333
-0.778251035081354
-0.643555786272582
-0.660703333409288
-0.922648576139234
-0.813805257137704
-0.867451003898367
-0.720361078178471
-0.764678455961848
-0.869242163861677
-0.828554083946439
-0.834004185749722
-0.678188363534765
-0.774295973112638
-0.762883200547424
-0.865466745488672
-0.83336389589851
-0.811245221413858
-0.831670926974392
-0.775156086712184
-0.677674098052967
-0.880733146774717
-0.912357761775267
-0.815722914279862
-0.618493201271889
-0.867449846028228
-0.824616493536362
-0.685074697270951
-0.814136235473268
-0.801662098232333
-0.683403443219141
-0.720424411683285
-0.695859121276792
-0.716428848011802
-0.877777335985038
-0.555307460086425
-0.781830811495291
-0.732397746749711
-0.653500702227871
-0.729283462568283
-0.618408650918167
-0.729022785672668
-0.661958224428123
-0.551300672715693
-0.78696597545236
-0.59210671042144
-0.81918805708326
-0.717974853710509
-0.576493159111175
-0.779067598696586
-0.614649106426319
-0.784592505774467
-0.685303492026375
-0.687073423590702
-0.667130831633885
-0.788787439944475
-0.643995834314732
-0.799873002640108
-0.66361547696351
-0.632755678800807
-0.771612145844435
-0.561186470416178
-0.77529053546051
-0.729752024933938
-0.632306045560762
-0.692458578084843
-0.640558711723113
-0.631834795776771
-0.724159699507211
-0.503772886243767
-0.70331233971202
-0.591796509587872
-0.755560120968469
-0.667350198452246
-0.739325837971451
-0.557437325680628
-0.595990299286001
-0.683552178723985
-0.542119722861485
-0.709548732582828
-0.617285816836984
-0.606106707581029
-0.625093983380829
-0.569868394845658
-0.635833412444402
-0.721419981017452
-0.691882941745109
-0.427286757536638
-0.56112724128403
-0.620064999075417
-0.748542043466619
-0.745570105458652
-0.623461428558159
-0.688462913704499
-0.607828608755689
-0.608834941664645
-0.596971311504457
-0.57328031084961
-0.553601626981421
-0.697736450160448
-0.660820033366082
-0.563724901483368
-0.619137318076597
-0.65933949216291
-0.68745794504222
-0.623141709284204
-0.570318595797067
-0.661293965559008
-0.599458356037703
-0.504608637888317
-0.568486442693999
-0.513603176720694
-0.680879833608536
-0.521103549332606
-0.460926013188028
-0.573129069583884
-0.551300752520203
-0.761494673899394
-0.887977952185578
-0.642542778912778
-0.661090425693238
-0.502806683240338
-0.644044759822259
-0.479630091960355
-0.659163650332211
-0.708559398912247
-0.404844759123713
-0.539658449088703
-0.63055024892812
-0.452838379932403
-0.5850030056095
-0.507644308080776
-0.625049212566858
-0.646704644149006
-0.561404300683283
-0.401349042113449
-0.544579306350296
-0.641201739886344
-0.514971192053264
-0.461517215639915
-0.373642883589643
-0.574278023653797
-0.507673071710658
-0.427008293903463
-0.560129509072644
-0.519378448209405
-0.47431120485339
-0.5699562098553
-0.315371801197965
-0.53282569798285
-0.563345507700197
-0.557926410814222
-0.664586182676917
-0.532903738202637
-0.445029179702898
-0.474321034948262
-0.508842883902069
-0.526023275721983
-0.518995792833891
-0.559461143925732
-0.467841212218075
-0.588876972446484
-0.514067299276022
-0.539595628752758
-0.498132185754521
-0.506199306810321
-0.388875833728155
-0.582657902920745
-0.416652390903015
-0.516138626776275
-0.455501675780153
-0.344889070767118
-0.458611124782178
-0.423309348232841
-0.546856484633929
-0.376808940042997
-0.662587696179558
-0.298449686503473
-0.443606106235817
-0.360737929279447
-0.571889684042858
-0.537307933157921
-0.547053406536331
-0.366609713535034
-0.585256944092627
-0.280267784601609
-0.367334746110333
-0.389179451074351
-0.480578043761393
-0.515928729813896
-0.499945858766538
-0.229313767187304
-0.451804581243579
-0.583297834867781
-0.438176908796073
-0.397384999353755
-0.348187972219525
-0.506097455647508
-0.4676036043136
-0.500007598134983
-0.331898894362277
-0.611245430070468
-0.355374240904836
-0.341245737796031
-0.48261921249
-0.328602364698073
-0.465118070502357
-0.391265275921757
-0.499190290065369
-0.5095414976496
-0.402896327582566
-0.386301532639429
-0.410679496263417
-0.533605725424358
-0.233353302448073
-0.289600683324002
-0.36468786515205
-0.388697045970725
-0.303649908579499
-0.42280561697889
-0.418683228249429
-0.324051010145763
-0.286845887592985
-0.475368690966422
-0.356894351584872
-0.137431814236322
-0.408702476039829
-0.457521477735127
-0.436842738426651
-0.395250146163136
-0.291138509069125
-0.427507205039449
-0.455437877382003
-0.357358120630745
-0.445878248899108
-0.334627629295471
-0.24271138092348
-0.493754915207915
-0.217886725714555
-0.201197243314494
-0.46527408244186
-0.357826847569358
-0.435133119093988
-0.238835755482796
-0.376612385478169
-0.373866929257354
-0.384714095167858
-0.268169838137564
-0.371474322617788
-0.273970042181728
-0.337017593622749
-0.204036678407699
-0.421905075559975
-0.42667211483638
-0.255351412507464
-0.264055481640661
-0.259093058083659
-0.394601565533241
-0.223192704980616
-0.159876518905587
-0.329341276461521
-0.230763562777511
-0.382219375688085
-0.389105315393127
-0.294227617812959
-0.277387471030166
-0.322796573226456
-0.328851065035598
-0.247522190664586
-0.171167220778479
-0.497678623363869
-0.302673518331083
-0.182157367428673
-0.312541651993648
-0.318505819474013
-0.323919108318114
-0.219438044177876
-0.317776056230235
-0.000401335796676975
-0.203901281890707
-0.219583338980184
-0.245254523626418
-0.35690604636116
-0.36149395644386
-0.23582170300255
-0.191991294156362
-0.180947055309137
-0.234467655492714
-0.13000783597664
-0.228705818125054
-0.319465691690486
-0.313168876675187
-0.234127007900336
-0.0183882700492102
-0.363962108710207
-0.356120497481675
-0.315934811709558
-0.110175272737534
-0.303161089118923
-0.214532800525174
-0.229670691908136
-0.229235249967392
-0.162024506310964
-0.248931150041437
-0.153641726496726
-0.370408298080563
-0.235461333814766
-0.196564267127852
-0.372315032874417
-0.261145600778848
0.0504282545930742
-0.140704872736505
-0.241933957741329
-0.175472831938594
-0.00875549308084823
-0.0971760968885032
-0.23381674175596
-0.177654807642302
-0.197198870591944
-0.156946022794217
-0.0726203117482347
-0.188124840540469
-0.258577711804059
-0.152485507612766
0.0362838296603598
-0.324420136793033
-0.30779125445036
-0.236434834965721
-0.170639869281879
0.016608862456498
-0.270541326741682
-0.248288185559076
-0.234669858460566
-0.159558974496838
-0.0707924085615253
-0.20593155081881
-0.209133836356961
-0.185741307495469
-0.149384003266873
-0.193506843402249
-0.25502480174899
-0.165122785331325
-0.157053987816059
-0.0852523316168495
-0.178770828023062
-0.112361106086983
-0.219990366125234
-0.0553342002722836
-0.204405838652227
-0.181287381327143
-0.155157989936154
-0.0782894447460313
-0.118315675499052
-0.0704028178116424
-0.116413430257896
0.0170076460594529
0.00935628804704292
-0.15787771309466
-0.213213472855275
-0.204385366444571
-0.193380488408106
-0.180316436758299
-0.0405282821829028
-0.0372595924525327
-0.0692598438285001
0.00926785642681267
-0.114630783960822
-0.055522423003931
-0.104536707082526
-0.108274226142079
0.104217412481565
-0.0316284955177684
-0.12404463801743
-0.051568726558868
-0.115428938762695
-0.178135998819958
-0.071010769438549
-0.022537003086015
-0.0158807817778204
0.0177437208826937
-0.0508080686228918
-0.0127611311602382
0.0347991326745324
0.0127470369089149
-0.134366847685339
-0.108411488255785
0.242035544220586
-0.00382311303839883
-0.16415209525532
0.121926359190925
-0.0842307708826902
-0.103296695430889
-0.00438213809913659
0.027284040491265
-0.0899174558593966
-0.0835228969274407
0.0810651105201473
-0.138877517410364
-0.0209874529844157
-0.0765796036896556
-0.0265396323079433
-0.0749175803379493
-0.0411455188461718
0.0934402329204232
-0.0713269980260045
-0.113618629091899
-0.0893509908555759
-0.0052142195088532
0.0172456942128633
-0.136724938625027
0.0638841709677761
-0.0179035941181472
0.103602744383848
0.0480749437130635
-0.099581781022394
-0.00432947241277977
0.00649073150970035
0.240734149955128
0.0365227170155687
0.0394397202605212
-0.0717438628051314
0.0995970575057145
0.00589094614991951
-0.109336701766535
-0.0748756202413666
0.0924893921192306
0.0140989854582463
0.108398900127529
0.131830367452472
0.0671144055897501
0.181740623158468
-0.0188876223731884
0.0244891323349959
0.0841276595045627
0.0101317386357611
-0.0999643855699704
0.180083488271305
0.187046407520474
0.0938525131015621
-0.0300358793937456
0.0842654821849017
0.0480359595801627
0.0483904787386669
0.0768397206790454
0.128041058665693
0.0626438543724041
0.0953118460983271
0.0409688154947693
-0.00457210658007691
0.0490635112503815
0.0583823471940475
0.231504333540267
-0.0153044900017274
0.109834459118661
-0.0253976854320184
0.015770554945293
0.0291655891272843
-0.0370340540763315
0.0512098245746348
0.222858599927065
-0.036762776243033
0.0800863511681143
-0.0620159636643388
0.0183062193694472
0.059284392614879
0.0722136912918826
0.0733362184787223
0.181450961878651
0.274855519083529
0.244876137660488
0.276661652579648
0.134093585132749
0.0847725708661697
0.243528420330138
0.125924335535947
0.121509321600241
0.0724800121599495
0.215690100045021
0.109481514687891
0.113848628375746
0.239151876706231
0.266392554542474
0.0173950917185697
0.25027596209332
0.187413957113734
0.202274127266785
0.17323228276237
0.101369334246615
0.12019151487617
0.167497483900434
0.196808770194714
0.104627225207515
0.173445514237529
0.145674642467613
0.0135591243073125
0.314310483306829
0.149090565222459
0.243223332387068
0.113549198649626
0.0777303511725995
0.16504690679557
0.11758029850631
0.275529932557172
-0.00790396287633507
0.168514160529591
0.213012334720436
0.289785353876425
0.169349940145897
0.287028375493792
0.23867636389684
0.0749742664602508
0.156160103317906
0.124281503501906
0.107268227071021
0.392580214814519
0.17451770522171
0.24250808362168
0.315951628815003
0.0376839224534703
0.257643969671661
0.171490826164713
0.193345548817609
0.0838092307996641
0.269197282904528
0.362348083735848
0.24700645172038
0.0834776661638302
0.278612561615416
0.324803432483472
0.145667420219046
0.30695460918586
0.168971937035842
0.270117887339325
0.224679492643875
0.347012446067126
0.242921537466197
0.130658950093013
0.108227389459809
0.146270731869473
0.0304332354189224
0.148866954506738
0.171634054337
0.302711076306831
0.343543534342876
0.283501252069648
0.127518655854114
0.335776645624679
0.440738457235288
0.311757119509264
0.182817410772805
0.362309695698315
0.280145527859325
0.250777732603172
0.387215277213887
0.273055998668165
0.329961884617238
0.327613825329591
0.335676632520445
0.313858199393993
0.374873580177862
0.23572218318576
0.362045248544117
0.374952592439703
0.313075298882749
0.370648107763817
0.29006940942019
0.339563610844323
0.1717789475494
0.296359678707571
0.334520719806371
0.400587939853478
0.254108078076586
0.309631638284594
0.247498254942902
0.28390428832415
0.303445723173568
0.364838569247032
0.195588161395027
0.308472398428878
0.28011641085685
0.397888535290339
0.277275445303015
0.298347089804921
0.112457439728065
0.251273001754314
0.343195485573732
0.366300268159142
0.440173300375017
0.409262500845809
0.474287568461951
0.416846304779655
0.290274398919937
0.427006385852734
0.414696314751511
0.218229913582577
0.288622632026158
0.386494770044843
0.508437220797956
0.372334792337128
0.401981664787426
0.204698877257709
0.425184999069158
0.538263375580109
0.314748770357737
0.625034837476104
0.530353576045523
0.415832747603873
0.384420071031999
0.33965477115501
0.37482521769918
0.274456461915369
0.449882586974138
0.336148679310615
0.398790122736624
0.371363681355503
0.493152086787051
0.260263461128342
0.414970160028317
0.272091425277527
0.302469865777099
0.483998689441397
0.383026605363182
0.413549891033259
0.516265171904323
0.322403379455902
0.439080827050719
0.553227264490258
0.41245730070538
0.622121834540113
0.510468950550618
0.463906159300917
0.432815964891188
0.476713230316909
0.538800188099172
0.413124783845424
0.521444110343331
0.417574870646235
0.436169207572108
0.404649615667434
0.497834420495164
0.323699690464787
0.462988770100507
0.439389606296369
0.482325320006243
0.479396720032054
0.496665063327068
0.515540249607976
0.370193840320077
0.568446600693517
0.316478108431784
0.576837348913292
0.58351247309101
0.518729561802161
0.651942202297942
0.534136230777565
0.536905366419576
0.498774258157355
0.529425938220396
0.572742362724714
0.540435231613503
0.39560003015437
0.553841024151913
0.45076163921604
0.522654600121263
0.441225433967689
0.487618667956745
0.642852250988723
0.570180531083114
0.448278109125932
0.477592162800739
0.510129627984221
0.525768372966849
0.369967554193171
0.449804493789616
0.440929678262379
0.428920975185414
0.459812418000503
0.49392219036337
0.456533086626698
0.55401155499659
0.609573708243686
0.58326541914606
0.549554598560295
0.593659374385077
0.665964298325923
0.630241535268431
0.697365446602614
0.568542651399846
0.533664423082468
0.535377469976015
0.413245169987775
0.537727170929388
0.624081267336784
0.510765234074826
0.470347699778467
0.614831317162843
0.48920090536273
0.702754595784464
0.581367005901675
0.493082099859213
0.551987520282782
0.609390402760562
0.623532641412501
0.404685947132791
0.661331481347414
0.589035994242724
0.532137922136167
0.609142058692473
0.728985043156709
0.695104142567265
0.600262944595649
0.629891143233343
0.742932641307757
0.510436883837169
0.550182764755994
0.559112049071627
0.697707769992274
0.498655840931412
0.59015284007377
0.614220393294925
0.648842473994636
0.694556462836932
0.665873257604811
0.628865537891125
0.627134279833378
0.577527897062984
0.563855767697229
0.784225040056886
0.52111325990558
0.67259976272906
0.60348183525985
0.679615426999589
0.670828115733057
0.662571272092478
0.577731343131995
0.697088513367107
0.672979006968022
0.763672640897779
0.661995423333976
0.597359786890714
0.744041442418256
0.80459186670646
0.655542511250313
0.726829112917755
0.567033852314642
0.728557363413622
0.662638831078371
0.537275988314108
0.757443357261806
0.707878196749522
0.685557816988253
0.450831533620745
0.800404187219588
0.761798435898362
0.666421072967801
0.69966383044054
0.680081790825101
0.676175496555198
0.715966849885096
0.725485161015777
0.697601627837481
0.705299358929318
0.65922866248826
0.677956329580195
0.757340277254621
0.888387835511035
0.680966075317686
0.758714634658498
0.753016328617545
0.751718511325484
0.819134957225078
0.839861821771441
0.573155691465145
0.78447612077766
0.7442753718076
0.689698807463417
0.768949379541144
0.843098342400972
0.761262832950016
0.789626081920553
0.661580191685336
0.654084109332228
0.897896222682152
0.908097251344759
0.720571224136621
0.915279912888959
0.841541713451793
0.834525647197299
0.78386191011132
0.774546369505653
0.736402879968955
0.760413794648252
0.862979638347463
0.760413279809409
0.817910341867745
0.704253439510005
0.661061831894767
0.714801260413361
0.762642781023777
0.741854596762857
0.791103720739285
0.742331390427812
0.800613770089104
0.851991509052082
0.893858110801512
0.659309656739192
0.857233727455828
0.888601942352419
0.735863245335422
0.698255239613576
0.816874994795495
0.774740608483189
0.843072176986114
0.947204596486115
0.666931325078532
1.017884486628
0.659979152033437
0.784464358549177
0.689049863265207
0.836905938237519
0.674779345214874
0.726902127707716
0.873993023573276
0.772186538496146
0.829809713586831
0.958266926687596
0.900532678403526
0.802403666837972
0.731000466664697
0.759060090142202
0.905150486795474
0.764765437091498
0.849567633695058
0.662756443222368
0.803741182719289
0.795191345475632
0.882527788167325
0.800291280260412
0.73803065221643
1.02329181054995
0.923839037029222
1.08474119566461
0.838599201615374
0.894589416951844
0.831350777037676
0.864377737732376
0.91974608547038
0.877489429009565
0.799606440946672
0.881471224045296
0.857061107812843
1.06333013602773
0.918269217404551
0.780097613028002
0.932292295957229
0.888137349823128
0.916636663195378
0.902000178002502
0.92843910745519
0.808677167653422
1.0813472526182
0.967997218705155
0.820967171569923
0.950088208273916
0.899591172193923
0.826095478803366
0.933946771500435
0.80387390192359
0.799861674706462
0.982172843644838
1.16789328258241
0.807100024519204
0.996840814747836
0.977360677063536
0.965652158984587
0.84216906872526
0.975282196513886
0.984294373941239
0.927513493811206
0.945333457436618
1.02649584331058
0.881583622647054
0.874575594611498
0.895975757176647
0.927891988043119
0.766657215604024
0.986567495505051
0.968490291196277
0.892010671851027
1.03119466646322
0.944707572257592
0.82569876646811
0.947264914782259
1.01447633279846
0.974390196765486
1.03101628147246
0.926580199032283
0.991702973499258
0.885789892301145
0.93926477850945
1.01687545404224
0.996943174198341
1.1064719777527
0.97909130959111
0.981062386835621
0.968689200893124
1.07251468830996
1.01953972979171
