-0.0215314699335324
-1.00785453246231
-1.09195472545991
-1.0528169980155
-1.00667889399773
-0.799376284879733
-1.08508475128067
-0.962162846603123
-1.13384308893173
-1.07424500422009
-0.98903555830457
-0.798972900519585
-1.1899613295203
-0.952529362050529
-0.885887103795033
-0.822727748598957
-1.07476090600349
-0.986442625735392
-1.10431212479644
-1.13755938474421
-0.902566335941357
-1.07631838333362
-0.907526979791139
-0.959270626784398
-1.03181231139534
-1.03020466424551
-0.943788119436885
-1.02746817834086
-1.0296070500736
-0.94952114978059
-0.944856615310709
-0.841389131305957
-0.89694207456529
-0.866105476962361
-0.887459747230678
-0.934671803017817
-0.962736096214769
-0.812991995878217
-0.934782160118666
-0.835402463989223
-0.940296062601311
-0.980832870908059
-0.801803588214158
-0.998887761479335
-1.02987376270386
-0.957180517082565
-0.893204670963273
-0.957840376220086
-0.879476312325673
-0.904364273885496
-0.770606734162555
-0.948498740518255
-0.958636372476017
-0.895799258984779
-0.79864966107743
-0.773643331924037
-0.915407746396076
-0.827552699549585
-0.957948888640814
-0.966177218565053
-0.830402365374152
-0.948231683378985
-0.832967365852429
-0.914287363340046
-0.810028075807593
-0.828629368423446
-0.913394449186991
-0.890412985549782
-0.978624144636172
-0.844492458126889
-0.822625093943793
-0.819422594411154
-0.820211907944954
-0.924591825844871
-0.943412647659178
-0.732053889006158
-1.04042613727349
-0.873803737085911
-0.99741718265659
-0.87202857248773
-0.847297186954859
-0.811282128696127
-0.795486395529786
-0.98067622319874
-0.753703000923733
-0.861490146587988
-0.710172304906532
-0.810883559588657
-0.840216871238161
-0.914183578409588
-1.00953333993228
-0.961546705769606
-0.913277644080428
-0.768114162091014
-0.779405330857375
-0.976916133948791
-0.709821541207018
-0.740654318481765
-0.945098091746994
-0.767035053074704
-0.755632140831383
-0.727033271932026
-0.689847970561667
-0.840536610331743
-0.831599914056998
-0.724960196953249
-0.861797918505714
-0.780856378778079
-0.840848248302614
-0.702167438653564
-0.798196567708859
-0.781819373020666
-0.74907965102139
-1.03475157975545
-0.779807715788029
-0.74944130779738
-0.721440061115846
-0.912388500901151
-0.776794965800212
-0.866954349726141
-0.876216381854954
-0.750219075742778
-0.821704443548495
-0.498921442960205
-0.789626820600301
-0.735865375413477
-0.784046449703546
-0.832621628455998
-0.698129518998033
-0.827394058509498
-0.726082715979592
-0.837899694131727
-0.6100209617626
-0.749553896301109
-0.574402020518309
-0.771854407023211
-0.797768233872461
-0.917016060878987
-0.731636870704139
-0.740153272344069
-0.652717471614947
-0.750074978293885
-0.729014027241095
-0.890753954504644
-0.607287459410891
-0.671850737217665
-0.831012603202146
-0.731860391555122
-0.722823135784313
-0.605485294214185
-0.614735537736589
-0.642303651160935
-0.794333059989804
-0.744271348170501
-0.712241797346148
-0.648952456419191
-0.591628636791855
-0.626276508060669
-0.695514063647308
-0.730855917055259
-0.843669215410433
-0.844096457396278
-0.819246518749747
-0.746613748090967
-0.69059847926243
-0.688492311141953
-0.745306866661574
-0.570841274596122
-0.8029647695699
-0.693018739252208
-0.613870708809056
-0.793879646104278
-0.641770753891208
-0.568270155620117
-0.650029927274686
-0.714382138685666
-0.609186160344279
-0.677246258714198
-0.6255759712525
-0.61097391545769
-0.646301534551325
-0.630838011986382
-0.663523383020231
-0.541547979216228
-0.792436708644977
-0.670924099670797
-0.626997435796457
-0.606687692987726
-0.429977050911049
-0.759307130913138
-0.731354901509336
-0.552144528263783
-0.596613506523179
-0.539283967691453
-0.536194280886396
-0.693472062240047
-0.755834388217542
-0.545672206808434
-0.647836610714456
-0.533709642547977
-0.659380369499908
-0.644387157056807
-0.519862904182036
-0.515029553689387
-0.633721467771015
-0.718094364749174
-0.607560451115666
-0.651870125230612
-0.587107982921461
-0.398532404003027
-0.389656923271676
-0.668461727062711
-0.709704115740161
-0.419054679789947
-0.511556196611635
-0.487152718436004
-0.667569942229381
-0.558351768587611
-0.524150524840828
-0.565989662559092
-0.554512847001478
-0.6271416692406
-0.595140528780782
-0.557225507061525
-0.511923307778878
-0.542679470777484
-0.382699823280169
-0.576455244667265
-0.564241862627063
-0.531615872853138
-0.444469460357123
-0.450862151154845
-0.513143766296806
-0.577705082064899
-0.59453933000294
-0.585599144486945
-0.679517857430061
-0.481780139803621
-0.56870631260228
-0.507229274683752
-0.478448013338552
-0.621958263502779
-0.682634684473403
-0.574225286569745
-0.552667372102489
-0.278210429077976
-0.595656465614862
-0.604016627311829
-0.340668847391196
-0.641282804813468
-0.465355469028979
-0.535009955009155
-0.397546105684122
-0.53916147837043
-0.364176790449538
-0.692010017793699
-0.561399078433177
-0.359171593358186
-0.388909496574596
-0.476953941175587
-0.553937231582339
-0.381264067932647
-0.510892236449579
-0.404613199660148
-0.468815933738976
-0.576026950738357
-0.470303120371564
-0.552357062398965
-0.232002582789717
-0.598108873333381
-0.549808832466402
-0.343164993825796
-0.431532164753915
-0.502647618305267
-0.451502411117573
-0.485941761785536
-0.364056080328809
-0.460282158637869
-0.544265780252206
-0.572012355723469
-0.413105269803279
-0.391470774667494
-0.454358847920467
-0.400240054497784
-0.410717496886943
-0.508202111263838
-0.388595101095118
-0.5219472745339
-0.422888725966044
-0.421661039398307
-0.397172483140605
-0.361477002804561
-0.454869734357962
-0.404526249438747
-0.534597355936888
-0.290922964673617
-0.476575720178906
-0.379918380846699
-0.338281587450818
-0.367267750397972
-0.573452902252142
-0.55142520331909
-0.404190826240962
-0.491248079211092
-0.391270167226631
-0.51712285173623
-0.332400836780139
-0.372886805575967
-0.396296968344893
-0.344426629948174
-0.259537439343958
-0.356072826307769
-0.290284011072648
-0.501293329241178
-0.443229479403096
-0.373018482755655
-0.41486304865956
-0.34603143767736
-0.35368188981942
-0.421894873485457
-0.337017007803297
-0.338665706062068
-0.243450002697905
-0.355503982958042
-0.40663525895458
-0.432194580556732
-0.383506744402587
-0.369446803867703
-0.408384132015296
-0.449654809277837
-0.25960774672072
-0.502300788336989
-0.425941503853151
-0.331459308708461
-0.452814501920118
-0.247369548371284
-0.352635763900618
-0.334735424885883
-0.338758498671276
-0.388701866870232
-0.38663673470183
-0.314404582457709
-0.230227182514447
-0.260124027070423
-0.318652555533725
-0.303787817508466
-0.37082913102718
-0.200702903603172
-0.410774282010224
-0.302599313877861
-0.315102604240496
-0.452458274128545
-0.272668472825975
-0.360956659312055
-0.386789978192173
-0.217110250814447
-0.231158092387097
-0.230483603686382
-0.256631905581701
-0.325514488587258
-0.279026596019061
-0.33339048106226
-0.450210573277576
-0.312803945139162
-0.218148702325642
-0.344124619834432
-0.198711032077099
-0.328086617668335
-0.209795563318863
-0.180128571397195
-0.266261206156133
-0.22870061381732
-0.246110256940149
-0.370618599109372
-0.233302091263609
-0.269784787211772
-0.15262444228908
-0.38807154458774
-0.183310676563802
-0.24158436918946
-0.229581744406154
-0.307093016479519
-0.159153715903638
-0.247846007925696
-0.337679245532749
-0.147308497411726
-0.268808931510526
-0.298112431340146
-0.25895128811231
-0.2272315230327
-0.320157851493445
-0.0913552992321103
-0.0855008933937448
-0.186066732394205
-0.173619934572519
-0.186601537770545
-0.269954746988131
-0.18941748467323
-0.4476727830711
-0.180301629946831
-0.142276215341424
-0.0778178683378176
-0.244651884713543
-0.190418427200133
-0.169930191144109
-0.101298852860841
-0.198707633333109
-0.089077472125983
-0.272386991273825
-0.0585630486892616
-0.238226507150569
0.0143874090221385
-0.246189502336857
-0.0476596540352595
-0.336148897387004
-0.212379059074195
-0.269321192494544
-0.0646595931698821
-0.176648775840354
-0.172098500440877
-0.204408501711203
-0.208677978998472
-0.254164019880276
-0.0565809163351088
-0.202560423072249
-0.209135653182679
-0.170673455618433
-0.0308443519442268
-0.0510952367160789
0.08875790748736
-0.16958899420975
-0.137135790893308
-0.182729757907565
0.0288226788852593
-0.0656770887148759
-0.150551810122672
-0.0981648370319269
-0.0839567353674861
-0.171499750796708
-0.15689890905023
-0.108821332638196
-0.138066926725864
-0.0924075854445044
-0.125451399523434
-0.166503809130821
-0.0578138875760469
-0.0624560491474593
-0.173454661129455
-0.169066169506576
-0.189091636011441
-0.0141580187129462
-0.079501630711438
-0.0646076585106701
-0.265687866405244
0.0637987208264588
-0.12578077523841
0.0147352611537621
-0.12267458270769
-0.0477412126764261
-0.175986566024242
-0.0133614680806685
-0.0681524715171986
-0.0698513370928091
-0.0518185767077344
0.0108375162314685
-0.220134916536104
0.0439621034457682
-0.158261973208839
-0.0351264335508661
0.109354968468356
-0.0596954602488218
0.0623438567383126
0.0483795013861726
0.0801016170026652
0.077948042999702
-0.170777475087229
-0.130647620288359
-0.00198344848551392
-0.0914171369885232
0.052657615474695
-0.190509654450691
-0.0623114123912362
-0.113193400260403
-0.0854568963863723
-0.101258260729821
-0.0432237574971901
-0.0499199002849387
-0.0211205756122127
0.0707709297229775
-0.0736440594515398
-0.129566114491807
0.014735286199279
-0.00900340075461034
0.0366758526526649
0.107476559008757
0.0413629264398285
-0.038721165064745
-0.0405668175248769
0.0671100119334764
0.0511820583614773
-0.0481183488484196
0.012148853711065
-0.147522086048122
0.0771990879000501
0.0324363779806273
-0.0607581523835108
0.144757743098549
0.0843543248473822
-0.138406871636526
0.0508915380331865
-0.0817747526332483
-0.00951317338166218
0.0349463659704084
-0.00979039730773706
0.015311343965805
-0.109092027312581
0.0198041234259198
-0.0703322576594105
-0.068593619282665
0.126437509664548
0.105432119550845
0.0790497208262476
0.0336525778453852
0.00205653328210783
0.008866118657892
-0.00177295150260349
0.189168011106169
-0.0224311346629055
0.0483573571124209
0.0486027745207321
-0.00596080916570991
0.000305071706488307
0.0549581668700232
0.0695757417365147
0.124811356329193
0.0800162333045784
0.19058840162289
-0.0221444889447629
-0.105615596572686
0.11705992290073
0.0448598938377916
-0.0126866971468795
0.243585508127664
0.251217364851603
0.0547711515660726
0.0959675412208483
0.151071015588852
0.0479093523216414
-0.0636385751410587
0.106543794643139
0.0991524495646235
0.012299525246822
0.0815719409429331
0.172057999687347
0.124246091608816
0.162349616418443
0.13341929762836
0.276384865709787
0.241887255271425
0.157172691352347
0.0110159294923895
-0.0395969355255035
0.131219194371141
0.0841790478412852
0.126796731040215
0.0404771648246091
0.0529358504636522
0.0535480570523923
0.194609777778517
0.0165629021135305
0.226487273516436
0.168925060167987
0.0268946031184922
0.0616081632715177
0.117572641010048
0.15867221227124
0.224818928513232
0.333246794518528
0.258178759098167
0.0897215855978062
0.0674828789328534
0.0542870475083509
0.308590310370343
0.0899818087759317
0.154703808006068
0.191825509915685
0.242151409032238
0.228829449013222
0.108886810518386
0.133636254176225
0.254091136823601
0.294210163943271
0.27616581985915
0.151756308378931
0.285854651449647
0.12015479251742
0.186624213590509
0.202011668487728
0.163323666343347
0.240116470387666
0.435692300520239
0.19386100897073
0.245644527985081
0.163808166689146
0.149268485185078
0.15501762295651
0.103345749878018
0.209616634659565
0.328622142407127
0.230355430445814
0.149437776371332
0.279862112053945
0.404301435310343
0.0803739452106728
0.292183228963824
0.102189413678091
0.258131747490993
0.0880919377287113
0.303496535197412
0.214412134039809
0.281447857756929
0.212600539341691
0.116249146475237
0.143214215216241
0.227089591978944
0.114045854939766
0.397747882769298
0.172672121452158
0.241695954563665
0.236440931201709
0.315924721546074
0.266882984825784
0.299216750684282
0.294106205225047
0.0796764151439613
0.465041247617843
0.255014957307089
0.28158750452874
0.434301558539381
0.14783291118168
0.289804817384418
0.340591183919199
0.178827696420602
0.125803814217734
0.310600084960893
0.305095005826315
0.264366105484646
0.180933738271634
0.321048185364561
0.189979062712988
0.39977532397281
0.309479969633943
0.233307987516689
0.338972425006998
0.271875240672874
0.332222652276811
0.33082150041292
0.347818858336875
0.248947456662694
0.246225082712521
0.348361766631465
0.385821261639386
0.381422153687531
0.2857637248438
0.41245981014329
0.328515956261349
0.329995567073069
0.37476000928054
0.295432971484027
0.239716240389349
0.323373940903505
0.433319782616601
0.358892849171076
0.437663432670247
0.326993566910078
0.38515793636283
0.22647926547172
0.328881410475366
0.318860198961087
0.268805231649849
0.383573891024777
0.273929611042025
0.383585665296955
0.441182042308793
0.2487535159829
0.511499380803408
0.340413358987341
0.313474929239235
0.472720808429711
0.373165275045497
0.409583363441558
0.443688243488835
0.332144708651615
0.386415637837335
0.372320956479568
0.390837202728841
0.405355514039945
0.321419764680282
0.328428277870775
0.431208102258716
0.203413783554236
0.598845324634994
0.443401264830232
0.568625274780111
0.489967653739277
0.187887960484413
0.448356443047766
0.429805917914839
0.368014482822722
0.237238014054933
0.451862073211228
0.415440247735997
0.392641141008549
0.455201065236469
0.308259215808666
0.392315887099012
0.415343138246936
0.425770770596837
0.454261670927665
0.498360477387434
0.509518506389526
0.223673062986852
0.454233959220803
0.473791404013182
0.341945582302265
0.405439954335318
0.525590994705197
0.500059665653201
0.461849349719507
0.576461019331002
0.442108884395555
0.437915792851778
0.605897429720796
0.360484952974728
0.494811556826008
0.427627365081624
0.55951552569071
0.402630480876503
0.444852258527085
0.48501818004837
0.349707823249107
0.489794464863586
0.386682514378606
0.439116535279246
0.416683212622717
0.51458749675441
0.446845932710541
0.647817873541222
0.292811172578181
0.524241950356429
0.636389826847862
0.584164925116362
0.568541710723213
0.460660440029577
0.498268916709292
0.470519639439174
0.513468358941472
0.442520690952976
0.563339235990861
0.450125321094993
0.566365189118805
0.591554090209703
0.490959676803871
0.684402776411802
0.531848865111125
0.457400890044909
0.551498577033505
0.580408121190158
0.722658587728939
0.368218511589143
0.697354268088368
0.662036486494683
0.619317222465338
0.688439769625404
0.655363932024872
0.538547472162071
0.594802761131716
0.546319410011398
0.473220365807342
0.438162052321248
0.757525779341813
0.428359440303582
0.559501063140031
0.526401523100936
0.817775030118757
0.592183695226948
0.442064563884407
0.493455000676094
0.552535198910333
0.441894325477458
0.753563633861071
0.623011106828132
0.609138320950674
0.746790235609957
0.683195448998198
0.556516916794017
0.536743633280016
0.719568430508287
0.645437912201451
0.576966988217759
0.715664866506402
0.507725860014327
0.723162323265689
0.506914423407582
0.622355456799871
0.560939803763658
0.619712250521066
0.679212894656529
0.598657707017501
0.62217359958884
0.599041395432546
0.638833667224148
0.660519246111845
0.686816586123804
0.60066157354474
0.694725430800337
0.621228148327488
0.582403060657594
0.592564316840143
0.604453101978579
0.608812444276246
0.601128396224008
0.526439505897171
0.850462235422696
0.640290405508813
0.706194627159101
0.633539766809073
0.63327904493146
0.657066010675347
0.693452358932951
0.671338585583328
0.686369884344674
0.521662025807466
0.886477654236761
0.844375220231504
0.701149596888802
0.658619783901614
0.688127303641309
0.694581862399569
0.727397100058383
0.716003740952272
0.70547116284649
0.788310496488758
0.605055440006178
0.729664196166924
0.663293616605096
0.761435034312875
0.563341131986292
0.613136899034377
0.563938395596034
0.577661231149669
0.793661744422066
0.744256624052759
0.649551129752212
0.625912952476565
0.633364558670204
0.661944124957588
0.699165884023855
0.859454654007901
0.686229616441348
0.712690324921761
0.70636212133997
0.746663395791863
0.643187484637877
0.724628124155546
0.665390989117389
0.727301838367615
0.798856287028967
0.656142576375711
0.710134355824195
0.763895714659151
0.797752660011965
0.58389867178639
0.676452873954231
0.903883937550691
0.793180372704485
0.658719687635935
0.66742479723716
0.67633382095039
0.817047549067805
0.670713348101216
0.86524136606833
0.59324697243436
0.788855353239272
0.826351899500582
0.864318106956356
0.841239162558875
0.549680380867964
0.71195420564064
0.8810579793097
0.685537177740229
0.757663313993195
0.700703076418526
0.79212684062586
0.807392460168173
0.746258450178538
0.789448957803792
0.736456813032837
0.713985736109496
0.827679880220418
0.762760321241343
0.776796023033142
0.85788030614636
0.921901917118878
0.742298155486634
0.76646735596352
0.89773361089656
0.80141371142678
0.842850182405347
0.875338492345277
0.854876066970566
0.761171916492426
0.81191967215676
0.890678889444549
0.839749061229487
0.817376562848581
0.886442679534091
0.972830437969416
0.936129488103492
0.672302511118982
0.850292381009238
0.805464035714216
0.782328933505287
0.923024494419424
0.654185692335325
0.816105688753542
0.68563873853874
0.855451672397946
1.10072834186884
0.906439130856186
0.813242725627379
0.797845772958262
0.821112486337832
0.878001266616208
0.844580867350466
0.798735939057383
0.953645142107834
0.868493278511588
0.871094447692647
1.00149825448723
0.844407058730165
0.719507984081485
0.992786984996222
0.874513691144579
0.861957182131581
1.03865727930422
1.08790985575195
0.858268282039012
0.918458620090645
0.818732183261231
0.933352791788901
0.726528591261071
0.878062651512917
1.03830955234597
0.743264053749922
0.853763252643865
0.74358507558921
0.976954706924968
0.932506795119545
0.966753228867431
0.783812857548131
0.976797506035792
1.09245203932205
0.927914270032511
0.898800203950604
1.01843911606041
0.900335662539254
0.949196271803437
1.06902151374669
0.859511465905728
0.85640221959912
0.857809903557254
1.04870279935969
0.857100822157346
0.910983295177254
0.74496637010012
0.989998709458434
0.858330235590481
0.94629024381931
0.925456601287694
0.903308898645838
0.95781971634453
0.87360985881151
0.945709620646015
1.00466562679308
0.8460650949023
1.0678659155104
0.897326205599333
1.16769388376066
0.941870303932797
0.939973101154591
0.852088790795779
1.02172892165253
1.04987024555422
0.899167633485684
0.918050702399275
0.906302712651461
1.13173254489251
1.04565976530601
1.11712867374315
0.95025428772782
