-0.0699933613203171
-1.0796316740184
-0.867584565297589
-0.915894821225887
-0.999436094729411
-0.987913717927534
-0.99363703445975
-0.996440703261431
-1.0595685489014
-0.944424549250972
-0.997755522747121
-1.07821968714606
-1.01251673704191
-0.871212781407855
-1.00613993818043
-0.826422116927643
-0.851431033732415
-1.07493558117248
-0.890353784261253
-0.942662614017018
-0.850223581806597
-0.924421832528271
-0.851546060623302
-0.910946070617404
-0.82383660220329
-1.1495655276821
-0.97958544592641
-0.971446743996946
-1.06742693206643
-0.933668226477513
-0.980686149709001
-1.11198425327435
-0.900754260715517
-0.850028808156389
-0.947027083348441
-0.94511943056211
-1.02668222516225
-1.02209334360553
-1.03539151870882
-0.904679271695644
-0.970249173335101
-0.940028946912464
-0.958645538112286
-0.946532204491956
-0.797227655811433
-0.779403909606288
-0.992495045727867
-0.890672946790304
-0.867734397629561
-0.992462589672332
-1.02208383564288
-1.03455311362346
-0.989528038236547
-0.763296545873405
-0.890288740375202
-0.870415014724157
-0.875577159856009
-0.854914342978457
-0.823345462548203
-0.967518600179686
-0.988091274204803
-0.92184611277608
-0.93090927898631
-0.946732345340861
-0.758515282855644
-0.877460897984444
-0.840899548224874
-0.949944024907939
-0.934478913575341
-0.719279066642849
-0.801246788407008
-0.844429732793354
-0.770341014562172
-0.891832964233406
-0.75717648804849
-0.823161746105987
-0.956285536339175
-0.87255706487181
-0.787485538040007
-0.854997419148574
-0.787594761144201
-0.913565671717492
-0.74127710273747
-0.788286101443848
-0.772215117729456
-0.814051012670907
-0.878934594933781
-0.708057907030021
-0.873265435469377
-0.735174502432172
-0.769506553834017
-0.8680876909488
-0.720333746526312
-0.804421157561008
-0.738537021923698
-0.769260341713146
-0.867963340858499
-0.738213764073756
-0.618647994705951
-0.667736320285429
-0.786171698007884
-0.762617061212642
-0.816681204620325
-0.741067511880945
-0.824520652449825
-0.7932279422026
-0.858448626604325
-0.771334120176475
-0.931227438625353
-0.831653671518523
-0.718076730613866
-0.83095155252221
-0.832459297407556
-0.835391394311731
-0.668599862669556
-0.707701022916243
-0.844880330459565
-0.625568243601956
-0.863792980911175
-0.629766423263284
-0.813392860644017
-0.712006876981357
-0.594824944078098
-0.698401809726336
-0.740518886317722
-0.578627616640529
-0.667942328984135
-0.775739707489414
-0.62663902571509
-0.698906854569148
-0.7464477167369
-0.682320147740394
-0.838513116241995
-0.784878635008403
-0.76720390652985
-0.732487533112893
-0.821485553749917
-0.771197444818644
-0.778595938809123
-0.938784146130117
-0.616130883830371
-0.679871330874629
-0.679517125892212
-0.709268596538968
-0.754649442366875
-0.789624225768493
-0.608134252553581
-0.689825597211796
-0.771065296406202
-0.779307499135232
-0.762530438135442
-0.683053359050556
-0.778933586318383
-0.703614339766632
-0.54487749612861
-0.770465271038695
-0.614316877045683
-0.767338471409502
-0.631919570431453
-0.501988467496146
-0.726440383741522
-0.798169693526568
-0.619515249317435
-0.718022885985679
-0.751620825503744
-0.78384473419685
-0.594159033392167
-0.736836040063179
-0.599223545039191
-0.749484060243688
-0.668494127662719
-0.79056962030942
-0.568079059940973
-0.606372188622308
-0.684621162000045
-0.518969398859534
-0.797326976093685
-0.581691497407388
-0.644884183302757
-0.65035868297439
-0.621073042365165
-0.659375316325341
-0.680631246386833
-0.630668515164024
-0.663970440108725
-0.569601483384649
-0.605554909953746
-0.479504762123807
-0.643172154621267
-0.736185883698118
-0.602601713057547
-0.628663666212723
-0.646416538352689
-0.559124747115937
-0.663847766905571
-0.558643453979514
-0.542271085626197
-0.552981021010582
-0.741238310708732
-0.706925702870208
-0.643339984193308
-0.613163321057821
-0.651187727855795
-0.638638334650149
-0.696738204003632
-0.488026423746185
-0.738197555976051
-0.573225708800624
-0.628095472713408
-0.756370317979802
-0.848957653768547
-0.459000752947733
-0.53384890598787
-0.629818088990443
-0.573268749066338
-0.638848023460085
-0.674971588057022
-0.477588966473063
-0.656200446042061
-0.606561905161793
-0.514320645640735
-0.637551238874053
-0.528264813577615
-0.420444825458247
-0.504520200557683
-0.575619115151729
-0.537405831696209
-0.612912137402742
-0.481422286580755
-0.489886156127661
-0.67015257809566
-0.633990147699796
-0.350273034310126
-0.524735453964099
-0.528049142835325
-0.567976671248504
-0.569394508113331
-0.48000512353496
-0.422967613612921
-0.529080072704556
-0.571151721648361
-0.581168966525569
-0.448983112151808
-0.553800812409887
-0.380777088407178
-0.479339245009122
-0.402998908892258
-0.444689394453028
-0.648915854644386
-0.583349958262751
-0.318964058390256
-0.386279968283362
-0.710214063763103
-0.497308908262019
-0.548820758492381
-0.445810136058795
-0.618368126641328
-0.622824432140437
-0.459959230870579
-0.446908212658385
-0.608447253125207
-0.3228635868356
-0.552670645939082
-0.306233603798778
-0.471385799562149
-0.493951205630985
-0.602626008257646
-0.415263318865946
-0.532253867659383
-0.474392232526875
-0.547393339087161
-0.413770454514691
-0.469722653011316
-0.4389036048079
-0.348878018338206
-0.240239842836404
-0.399828816651852
-0.598089121228495
-0.421767635018794
-0.538489767097728
-0.410933101736588
-0.641111772822112
-0.569667001219341
-0.528745578340429
-0.239594848741513
-0.641664641157644
-0.537095238539164
-0.369158838924608
-0.342837376964748
-0.535065674871312
-0.469854719141186
-0.368191260622887
-0.480299083557174
-0.270418902020726
-0.547285131096428
-0.433190369945821
-0.36160492544162
-0.351617287804673
-0.233719940299848
-0.347205629928582
-0.520785892353306
-0.472086095287573
-0.347201643866145
-0.179336731567962
-0.296662077898148
-0.554847451790811
-0.496501500047312
-0.596744864107476
-0.367970840684263
-0.416910012126736
-0.433962584824668
-0.455632482331438
-0.495489431503995
-0.492228107766201
-0.564506233106586
-0.325530732525208
-0.578620772554559
-0.419749884322937
-0.324605550395776
-0.322530611628368
-0.38395786045039
-0.340730636863814
-0.399004258150134
-0.428779170049341
-0.370754657701239
-0.323355849698356
-0.315834706386523
-0.449715436553066
-0.332111305291822
-0.291283137102214
-0.242769335133488
-0.3575903348765
-0.403061682187351
-0.268097465664354
-0.313173572787258
-0.273889843379884
-0.360966744004895
-0.292695869361671
-0.467150717194632
-0.366751709799006
-0.412874696920524
-0.267678835494016
-0.255207196134405
-0.419496819089334
-0.363984566666065
-0.268513242132918
-0.171933631983516
-0.323884347775553
-0.227840555219395
-0.354113140875337
-0.436254006264792
-0.389397746759487
-0.436355572156821
-0.379395011159621
-0.168084888097695
-0.374598938487458
-0.28797274594841
-0.275973350389299
-0.489442461910876
-0.278953992730178
-0.31445895265145
-0.336715919412105
-0.149518812961439
-0.131515896104197
-0.310809040990436
-0.241322401232776
-0.413402461522247
-0.332687577346216
-0.3766228780641
-0.235666936498949
-0.353786270390539
-0.149028858772879
-0.269616646216823
-0.342904632353042
-0.186977527864794
-0.409678974369774
-0.244966973330392
-0.244318940307207
-0.25459085653664
-0.167303035579747
-0.266634921106204
-0.270151196310212
-0.162112083722597
-0.356125828663686
-0.304466718268094
-0.187201485843284
-0.315897986268901
-0.212906424842637
-0.218514966378723
-0.149756126421456
-0.293846550966856
-0.146036938822551
-0.326209562302794
-0.274320014585887
-0.320191243384575
-0.228729227683265
-0.311890321962731
-0.286295383883072
-0.296888058656539
-0.262037799094438
-0.220359273133661
-0.0380209528287061
-0.206232906325341
-0.18927656572065
-0.109684433729271
-0.0627467294026762
-0.0807189371227837
-0.254302705369274
-0.174258006557032
0.0120153967374845
-0.255990115059981
-0.0951732216234941
-0.328356449372591
-0.105089029508862
-0.403592592138432
-0.214259296241591
-0.185594696616835
-0.254448082568881
-0.267349783640074
-0.186629108486221
0.00130790919524382
-0.0663086751301617
-0.117282303237352
-0.253877251011216
-0.123920160391517
-0.185967669195044
0.0417795008627907
-0.153296691533414
-0.101967406475965
-0.155004345462894
-0.286622849667892
-0.230790268418496
0.0100177083592569
-0.120723791426297
-0.114465953103866
-0.050194195681612
-0.112479545294853
-0.219813350177855
-0.119903729061614
-0.165614035084267
-0.180189299627227
-0.0697149863886638
-0.132501336865867
-0.180014716786547
-0.143825546116129
-0.084338676455108
-0.167445175780234
-0.197068404415594
-0.0774177553722272
-0.106246367307014
-0.199326722420054
0.0203959247671975
-0.212384645943083
-0.0790445877060596
-0.20075645127241
-0.00752627660552679
-0.0707973363263762
0.0364041691860447
-0.212312012279469
0.0349492758425304
-0.109747229660317
-0.0608704621247871
-0.0434481100857896
-0.00291930236180972
-0.0924528506713948
0.0559105889756336
-0.0537637910016548
-0.0327832812057303
-0.0648255715803629
0.0908333494362678
-0.118346795952176
-0.20625686552395
-0.0328462233211332
0.00904980226144478
-0.0448999437259906
-0.160234160632569
-0.157763527449257
-0.0476710452164928
-0.155408547055352
-0.0738443530647969
-0.0573603157824248
-0.157790964678027
-0.0872078533332479
-0.0266609370731691
0.000366555050148706
-0.02159171488257
-0.168993473180099
-0.012143449874742
-0.0687897845400953
0.200590607357026
-0.0181679913446145
-0.0172168046539776
-0.0815716362038742
0.050911380439622
-0.0817122398774037
-0.149260031030454
-0.036064922745403
0.0531200925010489
-0.144778456575017
-0.0487315213153544
-0.040937926585688
0.0142967870778858
0.0553112158630584
0.00308934761401108
0.0197174877491102
-0.0278714672482673
0.038100841845585
0.00442808372284193
-0.120108742971275
-0.00725564420312903
0.0908224871767638
-0.0348023903496407
0.048423659150467
-0.042332177515034
-0.046028152076185
-0.101629901786742
-0.0350723963539673
0.0215941472262166
0.0767170931976343
0.0917474978352301
0.151664161215591
0.0607212376877174
0.0664431062454154
-0.0628492187110662
0.00927578488736493
-0.0247365613331811
0.0933610025124055
0.120372794503847
0.0909653569180762
0.020481571464392
0.0772504969998404
0.120130826484435
0.0451264996692945
0.0265193769160283
0.106464983265955
-0.0624052290742334
0.0880374192853114
0.0452997384118194
0.210664184913655
0.014426246825926
0.193161978490183
0.100092954558982
0.051593781285844
0.20954007270631
0.106948189520137
0.0229317589105872
0.115106653118005
0.044359147571583
0.110004781885448
0.00358522562802734
0.0680710592655352
0.180576455050002
0.199407707961271
0.170126906830476
0.0712658729222584
0.176220855138942
0.136323532202048
0.096476032343641
0.0879699747552026
0.174029620301887
0.207554669538756
0.117783611697207
0.0583766911648651
0.161067031467052
-0.0239794213254906
0.271337743789742
0.13363803822378
-0.0598584095890405
0.218641800758445
0.211334756355163
0.421484761686783
0.0864199642704219
0.166979678614337
0.217482347105654
0.138396345068541
0.1521736031221
0.185213850066227
0.154925179673043
0.214411293895862
-0.0319168207022591
0.0764572244410043
0.268326675483474
0.132795824904001
0.151468494149921
0.197255604193668
0.144212479266038
0.0727687046011062
0.0193898023946812
0.00118367160711101
0.114098854257414
0.327614603297686
0.198315585278615
0.250419474993901
0.296564390998697
0.279456811995611
0.229999181863767
0.0599307653390886
0.293117749525083
0.10377939727069
0.202117834571279
0.106124871558664
0.249256965988929
0.337048358974315
0.171767936152632
0.203508872643555
0.230783738373116
0.166235732479541
0.28821155227198
0.256494898308914
0.197485946356399
0.157930881280083
0.247266559369755
0.128312076832281
0.274471588520973
0.194971132123085
0.249449070451643
0.176963922112649
0.330223828071245
0.2273801650642
0.185198682040606
0.220116671121194
0.314541648988043
0.190324094761405
0.244503967781968
0.236291278314263
0.228052132669981
0.247190791958487
0.213887669281901
0.418960633450347
0.367284760401699
0.259973435632822
0.155619625713672
0.258569687341335
0.26542808222137
0.207393020888153
0.337018131686743
0.414572410425392
0.332426610869748
0.233785273442883
0.213981983089413
0.34397061392841
0.311741815541384
0.252962596375657
0.376344721346825
0.247845992798745
0.2450435623116
0.315169340299162
0.182124678622341
0.173239486041132
0.241654464497748
0.230721220057641
0.245757059112113
0.242570933251459
0.361943044361014
0.341348063670082
0.402756970990827
0.467768681479126
0.424756511586343
0.3893136980141
0.268745664748643
0.495081406150429
0.318137338409225
0.387313050367532
0.231961944418462
0.253337032455944
0.173814552797006
0.30500357939824
0.404203070859313
0.146233784923375
0.128184134831971
0.460958421986327
0.381475016035088
0.303349669422363
0.274949459051655
0.242259499159527
0.261473303707671
0.447300949380246
0.293879713425982
0.374234447642653
0.298178569609636
0.419736353559193
0.220910714614613
0.499803425537245
0.508153975541776
0.272626840434949
0.490071560397801
0.347099676385053
0.45630702403791
0.381749757709782
0.473141467769117
0.434376284881882
0.368052474071957
0.28013695490085
0.448175778280201
0.293586384859331
0.465379578411198
0.477748532183256
0.396211036859773
0.518550935448295
0.376399206968517
0.363346218239258
0.420704264418577
0.417260815236423
0.510067173729769
0.28258134573026
0.53035026568939
0.52853330268873
0.483610273302768
0.354407701814117
0.538040820942663
0.392573326291618
0.480778279259522
0.472984717217106
0.405749451043081
0.391789269774585
0.365338565405342
0.545511967298318
0.434603887821026
0.529968468053649
0.416108177918901
0.446655736172497
0.423047912612176
0.356459267795601
0.546075597845518
0.509836016552286
0.445483229835064
0.620476377493531
0.38285053589444
0.439945020925757
0.363195768912867
0.426622732310799
0.37028178071026
0.336081513302513
0.515349814613194
0.412345388390947
0.382956693371739
0.505126595971321
0.409769997238704
0.41063372900214
0.419130225100354
0.335954809429119
0.464961445053666
0.583514205676155
0.499331312178257
0.552287416269292
0.373264727230959
0.518240484893268
0.425850217435476
0.557368174368671
0.538403339349201
0.39685002177499
0.545668585818819
0.5561104216119
0.553090305562087
0.402825930063055
0.34890006579393
0.636820576088805
0.538297843343465
0.484678944850458
0.434455155856737
0.547072611890381
0.534247923770125
0.614091138890925
0.481334592139251
0.50993881114913
0.540411050904943
0.537641698919801
0.480394165128013
0.433966119896203
0.742453186619285
0.538128612635232
0.523138474560388
0.627434392094824
0.388457998303569
0.513969282077711
0.457937846905572
0.482026567944616
0.517409764762015
0.533054934654683
0.588089487271118
0.508592730626221
0.487395542192777
0.560150129551497
0.580817315561848
0.44921677501379
0.626615276941579
0.538951926493564
0.509938412901333
0.642409001048682
0.515926523343952
0.648802963911588
0.484199114516866
0.503194404271402
0.563718644545799
0.573309429102981
0.498787797873889
0.64006779733878
0.649111272128074
0.447705312274905
0.487962418249771
0.659548070140071
0.70461057990615
0.644678693062256
0.618667041563358
0.529473839139473
0.71314453191406
0.653783550542927
0.56813371523388
0.685301088861584
0.646531963299802
0.809418501050016
0.58512033347516
0.610035112635274
0.686211672244846
0.681223390396119
0.591737943798193
0.525895904880528
0.703643988009607
0.661224728837303
0.660036965186165
0.597397203598924
0.690096377231632
0.574664597623274
0.70457335040782
0.674133338958875
0.791281285364535
0.536312132898001
0.771820670092886
0.733486475517508
0.503741201461802
0.591530715777673
0.766126060055881
0.749674946467317
0.693139820855801
0.685613623227548
0.639570795546233
0.785629779908581
0.604142368133831
0.670190333147493
0.710153305978213
0.650060506057117
0.661686771670244
0.651553104555566
0.59419756854308
0.776256310825475
0.659969221307305
0.632514619345805
0.578255118021723
0.727731435988738
0.675031185867084
0.693397710386113
0.727029038100672
0.598071406062392
0.65078483249471
0.77703997027348
0.748067709135147
0.756958470224783
0.830019258354951
0.738918602956651
0.851766454653367
0.702583474038345
0.664916188598786
0.699843208819639
0.586312586734508
0.773295328142515
0.762243080398851
0.770256141028471
0.567054867248465
0.687172104070658
0.748051457495966
0.734660775611794
0.672378355303012
0.852183715384018
0.761325312651434
0.663860331950963
0.710422967595354
0.909104909718087
0.768895781832715
0.528409886944706
0.761164664948948
0.869961931174206
0.841940617620698
0.766104206613294
0.699435107303706
0.718594922990349
0.842207466468596
0.77078356680838
0.829081430196633
0.766502642858365
0.715960857895048
0.806649148739704
0.792758448830426
0.710880343361001
0.820661862809233
0.713698882981879
0.752306194887501
0.976246229551965
0.876683007859935
0.793973327834715
0.939660612266858
0.825020221125832
0.792247809944873
0.764782831394977
0.870804994759292
0.941576021135521
0.801682556919963
0.801394270082172
0.679493500697694
0.821279923413448
0.847216957749111
0.88714929750315
0.960143454643018
0.883891764485519
0.875996121773447
0.624547862775035
0.833309170086197
0.839041549244502
0.801392586360661
0.778115300710517
0.838573606350575
0.964226102082001
0.690330986517409
0.769434117744894
0.789488729321982
0.83702613400548
0.875627379609198
0.783436029024067
0.842210527901776
0.805786955196099
0.895210722923854
0.973058714957116
0.894883124589278
0.794347634575952
0.900248546093847
1.02649013724995
0.87926256407521
0.852528610735827
0.868283534302798
0.849520260167951
0.911530122515142
0.749186997750633
0.856537151931409
0.940302915391773
0.976476656222078
0.962226096340073
1.01263142947608
0.898015800648856
0.882882477037001
0.87221577738342
0.946434668599057
0.96041620389797
0.916336464736905
0.922324925228699
0.875457558713677
1.00859891895304
0.93713761506678
0.883206166288844
0.98296864152249
0.813844233953526
0.930776483211716
0.819727611847724
0.840385618819457
1.0146071423405
0.901959092092723
0.959319739904566
0.912898493729756
0.937197577341362
0.961395467646309
0.778836867803579
0.964448212138784
0.812596623546489
1.0071215011761
0.786673330765921
1.01438048090643
0.823162434904399
1.00578573614295
1.09742505690059
0.980917240197887
0.93028253390061
0.922069356343729
0.905381800802168
0.898829823674525
0.847614323128802
1.07199524854135
1.05489621442223
1.06959087695455
0.808460049984776
0.86930533584097
1.00926994035474
1.00192196793344
0.908410197963189
1.02428724010476
0.985488540286564
0.992172551688622
1.14716025231222
0.894448479187024
1.02293723796956
0.907947129886802
0.92310404377309
1.08305682501122
0.835763577913951
