0.0297280408139857
-0.97648237316942
-0.950706038896135
-1.05408292291042
-1.04081425885927
-1.14461845855153
-0.90120902615065
-0.879057941443226
-0.949083129711397
-1.02178129683036
-0.787884596713336
-0.868135673273019
-0.955244322289595
-0.93724122022236
-1.05922420164876
-1.00360399777986
-1.08151158677366
-0.868367295962615
-0.978663246558339
-1.03841575349528
-0.889047857858815
-0.915395537443458
-0.915824907080298
-0.929450201756277
-0.936922419817167
-0.793035852383668
-0.943880650645201
-1.01357252098418
-0.995743218353575
-1.0583619804387
-0.932913332647817
-0.923895096470986
-0.932520497833683
-1.04415120998459
-0.88686594527608
-1.03366095559984
-0.839201455694991
-0.965846461888786
-1.01912235341162
-0.905508503981592
-0.93163046284236
-0.850410318591522
-0.829463935285261
-0.863950437595288
-0.792619683566143
-0.930298247540489
-0.836748326990795
-0.863497151018274
-0.918363809996013
-0.961703747181494
-0.927509450179153
-0.888331163589192
-0.91192983267766
-0.886774488464983
-0.922222915962888
-0.866353075375221
-0.828581552565338
-0.806593814442536
-0.87843403951432
-0.882730181952126
-0.991614654639719
-0.866164354203253
-0.975621391928437
-0.834153481340499
-0.93217194894115
-0.693494982822918
-0.811667797839607
-0.798658217337558
-0.770040827401229
-0.868689415203097
-0.865384038922192
-0.88031372785131
-0.815957974615907
-0.933349772099211
-0.982996684418159
-0.803949773572356
-0.84191195832673
-0.87420810443141
-0.907019036498662
-0.864055053278235
-0.908278071120801
-0.822757437305117
-0.729507751684787
-0.913834322170962
-0.866095057206508
-0.918454869208144
-1.06172107309504
-0.758932647824503
-0.745048081251773
-0.817533028194494
-0.848320314818453
-0.89376274309112
-0.923692937406167
-0.777845026964479
-0.738636038749411
-0.825588172554036
-0.726178425399049
-0.783385623473021
-0.796089988199226
-0.81391183539204
-0.713046020327705
-0.898003710506112
-0.866068647730263
-0.699900413241787
-0.66956816252592
-0.817788961298186
-0.770592618747006
-0.840870932812888
-0.757866132381804
-0.7111303079158
-1.00690500784873
-0.926173635215116
-0.798231258150585
-0.797730245830859
-0.757177412032626
-0.658105172605369
-0.795024115036159
-0.867844829244047
-0.811465929552702
-0.77136944906295
-0.746386181683505
-0.631135355057068
-0.924218355083832
-0.63920275477367
-0.780370837458296
-0.730842611954868
-0.667951531627679
-0.758626959653273
-0.758336893762419
-0.717924318825628
-0.590891867233901
-0.64521192186188
-0.684985229411011
-0.756143712691102
-0.609289210691775
-0.742400937522937
-0.646725199089811
-0.575210823170708
-0.554582143547364
-0.758260086328922
-0.770822877308959
-0.823612796136765
-0.688077014604725
-0.695611302709041
-0.758984828358047
-0.63289281202869
-0.570866130907759
-0.755213090439057
-0.710422699044194
-0.817132531582107
-0.620115554838271
-0.775261404829136
-0.622229124726585
-0.795586529288222
-0.714774187655651
-0.804811968749641
-0.483891334319317
-0.702201612438048
-0.813878387090373
-0.715093799897977
-0.674066505878153
-0.752124917822173
-0.625650953419311
-0.698455629354823
-0.773928850994732
-0.73853548323482
-0.422161199170338
-0.740274632416869
-0.805480536862905
-0.608198102382502
-0.645948121909658
-0.65993037991993
-0.608614427636273
-0.689057721847671
-0.556582086066061
-0.6901142109363
-0.587540116967769
-0.595974294030245
-0.685805925523868
-0.667838787265772
-0.568481269239928
-0.572645292217908
-0.478024888117776
-0.558272487956524
-0.64124372826462
-0.56015787318336
-0.608442707550916
-0.59477553378288
-0.546785161140142
-0.612436833558153
-0.598962092529725
-0.54341415806359
-0.560351028868961
-0.678304133874255
-0.713763431167819
-0.649489720311959
-0.712825159343563
-0.603081026065166
-0.703979799983792
-0.703325003165643
-0.474896609654411
-0.47200210355225
-0.594252313620886
-0.472760798334674
-0.578687449934656
-0.47815762047875
-0.688922316077056
-0.599160652717891
-0.66273607220285
-0.707898098327025
-0.559674421300298
-0.602553710002308
-0.611469259807985
-0.718828059520864
-0.531840406007105
-0.597779649863994
-0.543083330851999
-0.604696431276912
-0.587942299475756
-0.747722284103818
-0.443261728867885
-0.573952995431841
-0.557319013052186
-0.602582821553903
-0.545080983929802
-0.345832186810648
-0.486208321266263
-0.453304147264865
-0.778194096801474
-0.612341777281608
-0.607918486569904
-0.437701527143476
-0.487453668298276
-0.472271347253872
-0.64724886212251
-0.60792765782387
-0.440943296356601
-0.525480748987915
-0.671805737628569
-0.530489874666733
-0.44816653185163
-0.498221896080481
-0.518099888599953
-0.569159983442214
-0.460642811746576
-0.400510192158993
-0.536086916637198
-0.559744004263003
-0.480329946651341
-0.677023473979212
-0.623898349827809
-0.478799133700304
-0.3759259151552
-0.535557940387302
-0.394922345606624
-0.54428156712199
-0.407346190390208
-0.489844999495321
-0.538360523973612
-0.540328982386401
-0.5484841337829
-0.568747593853789
-0.518802223477064
-0.411303017255585
-0.418212419791252
-0.489059779451968
-0.472454797207321
-0.475647902450667
-0.400269262991873
-0.405884139396204
-0.478321255036341
-0.54700956297192
-0.351583720566901
-0.360928716630605
-0.41868660240643
-0.445353628207573
-0.550502391391313
-0.436934582864078
-0.433120599480811
-0.270253819973659
-0.3410982902907
-0.452941458458022
-0.480126887671219
-0.318477867543008
-0.352293117726668
-0.502116887560994
-0.484916779989783
-0.309925134934957
-0.417365836105934
-0.476544109084912
-0.352254782676623
-0.187735129319257
-0.292525374100448
-0.336765278881267
-0.383253653092609
-0.452878219776764
-0.451187600642499
-0.418074289644188
-0.252406255026749
-0.356442541548237
-0.447319590478749
-0.414997417343911
-0.36412516615914
-0.461193326940641
-0.254021029120781
-0.293897088965345
-0.392709583750512
-0.490476942675877
-0.501107654717526
-0.45356435281794
-0.588438017920568
-0.502407558460213
-0.334951465694047
-0.318272974134906
-0.377344742855407
-0.345987787610522
-0.376026027032179
-0.423997072022925
-0.278851244425258
-0.306537086515217
-0.441349988670943
-0.328810828297381
-0.28212903613079
-0.452496606127571
-0.239671915028353
-0.341959438552033
-0.349189896624374
-0.281274018887511
-0.41461172264524
-0.331721844599711
-0.439205449353507
-0.340151151344759
-0.328978163182663
-0.365526494944298
-0.272645347551722
-0.300191083771993
-0.357633201037362
-0.407879950427283
-0.373573443170304
-0.345822987389622
-0.377632081942537
-0.29609328908146
-0.316883210555916
-0.52323271690058
-0.243413214648612
-0.291405102123747
-0.358276885902498
-0.328836555210839
-0.322403215651868
-0.247054967710794
-0.31122355501712
-0.336451579604244
-0.297441656905029
-0.258995902192168
-0.406637529775955
-0.295190222399576
-0.221188234668281
-0.262871359560206
-0.261052161586163
-0.382769187569826
-0.394027571242467
-0.365508506317408
-0.0796935783688051
-0.261076604156272
-0.26740182312425
-0.373483165178804
-0.482439919253431
-0.360529971417284
-0.249659645412006
-0.207152475270829
-0.142858165719057
-0.248527776957395
-0.276621085328228
-0.385870443650211
-0.29157864954482
-0.306409743734183
-0.236324665387309
-0.251345814712085
-0.275209396935301
-0.287562320704259
-0.180103354819497
-0.269047912341452
-0.20351754129029
-0.198781067165097
-0.176605934602947
-0.243331536835311
-0.201507108064576
-0.233017263659653
-0.064289441856468
-0.330249145092863
-0.263455502137549
-0.197754318015027
-0.202641935230229
-0.170175104218525
-0.244094868244431
-0.212491671291013
-0.0519937792967944
-0.111708423140594
-0.0969247548369063
-0.105211155210956
-0.145138446077456
-0.218486382752987
-0.126538571401342
-0.238296143828986
-0.170917515595248
-0.166626782390324
-0.230791282797852
-0.151501993826656
-0.23918030213263
-0.259195460716048
-0.268383321502905
-0.174437867991214
-0.0239213512577742
-0.182591530673248
-0.184434651919728
-0.298371593422912
-0.00510340579978739
-0.211114058742835
-0.126959352260867
-0.216896265924226
-0.259866597320063
-0.160736237823649
-0.177226552436736
-0.255218144840264
-0.160526077921365
-0.218449287259966
-0.146038048976127
-0.0466940714943062
-0.187170733677786
-0.032517272143247
-0.096600158186468
-0.0241497797767867
-0.0984586820785948
-0.0954013689470033
-0.074387688981333
-0.0773722037151502
-0.173502247165417
0.0203708699963011
-0.169059275272937
-0.253569256620214
-0.253589324760965
-0.09551613438783
-0.0691467134864623
-0.139145676540982
-0.187530524391435
-0.0580523754053524
-0.0819287026316956
-0.104952013559158
-0.195403898780334
-0.116058277389371
-0.149154563290785
-0.0924711459903965
-0.167046020280583
-0.0677749027382691
-0.0235781483064176
-0.178386415745346
-0.0170109656451934
-0.0328857302696356
-0.0242570398850241
-0.111197959328602
-0.0914683917665766
-0.0973929534658033
-0.150288309007535
-0.23481792976241
-0.0709694289538471
-0.176548459881245
0.0298067561816825
-0.0161203221068819
-0.0557750956686598
-0.0489377416645346
-0.0491935639550736
0.0143270220815824
-0.0790474992504616
-0.0710907321150976
-0.0849004185294293
-0.0447577966680597
-0.0192101124918982
-0.169610867639748
0.00994846629870919
-0.0423423475491874
-0.141083174114377
-0.0205440315542184
0.0722208715674874
-0.1739350450459
-0.0850799352940677
0.0426479220358939
-0.0737485944431365
-0.0634572182547437
-0.162619845482032
0.170886415313986
0.0787575195433989
-0.0120476254249006
-0.0669278592245318
-0.0860383938222119
-0.039768231835052
0.0423014461846733
0.0339025443041577
0.103666175164641
-0.0508315084327762
-0.0172531892808065
-0.0123556716219768
-0.063942727831619
-0.049964572216302
0.0294783862694381
0.0430100152699984
0.031417980287254
0.0163162445024034
-0.0718571962110422
-0.0153418290048032
-0.0502891032714955
-0.0868703647223064
-0.0234239168050014
0.0548517693289112
0.0453108745669227
0.0234071495180924
0.101841570634114
-0.00282158206906385
-0.174642187474791
0.0336634925630223
0.0796255844288391
0.0582821480109328
0.0496070522653063
-0.0357899179339471
-0.000532271990523328
0.133492795655334
0.0850508437434548
-0.0191301350402654
0.118816522942199
0.185557562247935
-0.100260830144829
0.113987565539297
0.0350376100706689
0.0657044092325136
-0.0269973266116028
-0.0641818811217849
0.135839373008016
0.0480833792475292
-0.00518942707558024
0.0785339707486103
0.0108874257116745
0.253212148066093
0.00980369133527809
-0.0172687194159697
0.101540978575
0.0957892631034942
0.0113820848010005
0.0711763310225551
0.266133051228895
0.0340644451980852
0.0933998615768115
-0.0368478347694103
-0.0391910316579887
0.118062285698611
0.185429976545975
0.0915265190495932
0.0397361887332916
-0.0454250073949274
0.0603794316212353
0.211851943314031
0.304522013152111
0.275968375509291
0.0927692015714775
0.159611861419547
0.14832333952045
0.170502181503901
0.130675552116145
0.0214458882685133
0.144451017269424
0.0741997749574994
0.0810139203114457
0.0695691268452499
0.249570086402199
0.154289283714231
0.164357764045086
-0.0383896081745803
0.345081194880821
0.249100058035466
0.148805581122223
0.221035489942347
0.218405680717938
0.274549248040416
0.0511580046997771
0.260437809534442
0.162292728660683
0.147728076716432
0.181269979621338
0.141054676506088
0.0660327666073925
0.121408860133149
0.225782801377186
0.239438012842358
0.146359743622922
0.225581143736611
0.0426224828965428
0.200605353087818
0.180555533615582
0.219412476764791
0.0585776376033667
0.221857447549788
0.0933190033875133
0.093723227022048
0.0762471338755761
0.211263241449052
0.316047660749645
0.0844410131493045
0.114209303367113
0.304950196694039
0.19581727643435
0.286962117205594
0.0209447249401454
0.147909944756054
0.376873075825062
0.399464425888156
0.20105665062473
0.0307242409577157
0.28009534772526
0.183087745101782
0.149260318762761
0.36384978012315
0.207177898213971
0.185200660372833
0.274712730641527
0.338051195668149
0.229732797101892
0.335297659203028
0.274786034648466
0.336390078707454
0.382350637140733
0.303894305010518
0.328124053549144
0.173752769610336
0.39517482854772
0.332721027089609
0.368370876054062
0.247539758736897
0.246560268153688
0.249731473137864
0.290147345009793
0.224357635985108
0.174889582879386
0.201043522793994
0.257754420323041
0.380104440622094
0.178295619459771
0.262417211860652
0.258180014735837
0.29730324985779
0.303774984995065
0.297598237691858
0.31213073879848
0.377639962875581
0.23722912103279
0.24738280677651
0.29959246176251
0.230718834843315
0.200910412132668
0.343720525971965
0.298617293800309
0.391170300504053
0.378284565083101
0.359963011691331
0.258182129993749
0.383192402245288
0.454333138819974
0.312391998979665
0.391523032006343
0.319339718631122
0.314144118307325
0.197034447944192
0.26003566953991
0.252380709892394
0.322078499080397
0.285136525033883
0.207901742554018
0.317450022014224
0.518398583971675
0.324891571174905
0.442589325784492
0.373652086126603
0.414455301971281
0.375719386936595
0.370810722893143
0.412204411788801
0.265904579857531
0.337682949454111
0.536472194902622
0.377662919857995
0.338293665344171
0.262125962435328
0.315678209513688
0.33386738274028
0.207991502261212
0.412431946316277
0.408776603126635
0.47454391321401
0.269651595385876
0.390319144143574
0.293802209335785
0.485431825488371
0.514956977230381
0.267154458975321
0.372283279902182
0.319861482435417
0.38208766931318
0.546027010769787
0.462004641867361
0.333312048968698
0.415564102185017
0.437872692724252
0.42472693836773
0.394613253501986
0.364668502326999
0.257301417414093
0.369559404782303
0.471756840057025
0.478909033889174
0.496725322390814
0.410995114291193
0.389568090504604
0.299848891803649
0.557180974858151
0.452851282992371
0.430467218286537
0.553685332951647
0.616114361445584
0.462986383880085
0.509054618170531
0.28783979188374
0.471272194394675
0.45005035911874
0.46425341189081
0.409911110416454
0.445930628933963
0.400091697044543
0.459111880126412
0.50740364129194
0.474690609876513
0.45070634430032
0.564531424630854
0.538761228561422
0.552096525462846
0.590399075628616
0.4993613002558
0.468687482931387
0.385123181895957
0.591031823322254
0.597615489516591
0.344466894648021
0.522551329916644
0.425112337464388
0.39398657026921
0.49413006896699
0.497401360370162
0.458436208946118
0.34226879176998
0.53255702822935
0.355650471791727
0.644779280646715
0.301052089657504
0.599468109872155
0.530224534565848
0.539277493221697
0.621119444057944
0.580661333484587
0.649258410509235
0.480177864064763
0.511245008822363
0.649258242648757
0.589089225806266
0.507608203325533
0.600718163472199
0.483169658950465
0.586099221622479
0.607451849269594
0.63104644992684
0.565189991798006
0.542351600041065
0.608072047907541
0.615732637633943
0.493052010287792
0.487937389870642
0.533031533254184
0.57920720368079
0.596863165629213
0.608048403435864
0.490831710870177
0.705958073209592
0.676481396925846
0.57332884330963
0.524381312935124
0.638188669983394
0.558008815748638
0.508361208301688
0.476338524110171
0.590772506188085
0.719388981798591
0.618986249096634
0.626420245422301
0.550913806932721
0.691503701161123
0.724925264561777
0.599835516235755
0.557134861836436
0.675235967222245
0.552304044160285
0.516435309670722
0.710238414735986
0.628082536503013
0.540785204197078
0.596379699933129
0.770358715035109
0.608419470722675
0.616969991184762
0.589075048768151
0.691030905074543
0.608812365498805
0.709617998289026
0.672133373424993
0.737233562156511
0.618031030288633
0.69710470772848
0.688818753212522
0.623378798945965
0.89801223278677
0.707055190926541
0.647008679855212
0.7326515172558
0.699931999868746
0.632015364608121
0.595028404165757
0.551933247903214
0.610273942451606
0.711620245571308
0.740293576110063
0.588640394092975
0.70752716280064
0.818072586207076
0.750977885617571
0.657920682447698
0.755449616938217
0.797540339304645
0.61726306560743
0.67272154276415
0.698727186297564
0.63158316237325
0.656693477438172
0.634097170412541
0.638909718624291
0.538725023546281
0.666564396791822
0.632322829594692
0.732760273402311
0.771192905032294
0.881196623742605
0.618992905738085
0.607557844932678
0.702915853378852
0.606060040065127
0.737888010434693
0.831233738695167
0.823799300710437
0.745383971077712
0.709616423858817
0.755439596945751
0.800209826888221
0.681242503919865
0.795610097274986
0.529109634408001
0.782136472198724
0.589741173791706
0.758405826932326
0.749686042962573
0.764423768913846
0.870083891174932
0.690736250798664
0.642718896339149
0.918885684513505
0.773778556851493
0.903155624811913
0.748539941937181
0.785357690356709
0.753734844111147
0.823267936281478
0.810832986372738
0.646670885576303
0.783195992659139
0.803798477101466
0.818681932979906
0.818161717524484
0.842243865800636
0.649344309639726
0.8240682596551
0.722346588706094
0.87557307336389
0.722611184709891
0.879161803305984
0.872007136527554
0.818147285433808
0.81592499901021
0.832871016568137
0.809603754638552
0.841134078305324
0.740777040466416
0.884007097585052
0.658549919886633
0.838985335268429
0.738096841703504
0.856136056293046
0.837373409749829
0.771257825772498
0.752636267922648
0.828702345968612
0.752001317719248
0.834141958284631
0.791405286588346
0.929058540231309
0.816192124075507
0.799050768680545
0.889942506651251
0.839008191921387
0.856822045734541
0.829232386074037
0.87560686985826
0.902999138358579
0.644858860529875
0.979869728112788
0.861823030117942
0.803527962253018
0.804716793571786
0.889823870662808
0.792236600256046
0.904563932461048
0.843585167069626
0.814080630871221
0.835621459624608
0.830004570741448
0.728656770528354
0.891143104639938
0.923475948264863
0.929470916485964
0.902570795401832
0.949854339622673
0.95179220678037
0.777545826214683
0.881659327882051
0.992545131604178
0.986338111630524
0.942347246070537
0.96999944010848
0.872140217460891
1.02569082843514
0.938959358367538
0.96878224377729
0.949601373923932
0.902590511601346
0.949272205009577
0.895641281702096
0.811996992349571
0.874308107854367
0.974337722674939
0.819101288131284
0.853837829395216
0.843729570640633
1.04914986503463
1.08992974897677
0.886791245194204
0.890356896698855
0.966248716365479
0.972985941503068
0.889066959820492
0.82502858725433
0.867322748616816
1.0805004132622
0.95431900092179
0.955135531189538
0.837917894564216
1.05482976863088
0.941401469193901
0.956823957520733
0.893450063748286
0.964393087385734
1.07965001310923
0.923495434176934
0.947232604151514
0.856477672668853
0.96830693399445
0.757155171348083
1.08008873985715
0.857535053224918
1.01911251183159
0.809112759211422
1.14701570699874
1.02787118679275
0.944780386369312
0.951410580306827
1.05829272907127
0.953834898292831
0.962494096006916
0.950241347163151
0.90808320935861
1.06878789077081
