0.0214620112739752
-0.999683214148488
-0.908801003756028
-0.988352016515113
-1.09040898345365
-0.941379316825312
-0.91357894491787
-0.913341890542018
-0.867691764225232
-0.997256312010372
-0.917598265079077
-1.02410181319597
-1.09666615205287
-0.980704645273947
-1.0949417346783
-0.990031294321762
-0.948181936187644
-1.06588585045492
-0.964991971873543
-0.94614430984618
-0.912486516994558
-0.907422889485235
-0.934633779914935
-0.812969469711915
-0.941466994727062
-0.872308851583663
-0.870861547816211
-1.0163162956265
-1.08201300842771
-1.02248581920102
-1.03248128175442
-0.900089686691322
-0.871799356436206
-0.974860843129779
-0.910312938848021
-0.92693015849857
-0.964448034140513
-0.76320605414961
-0.978973023146082
-0.893374638317562
-1.02493378112613
-1.047582698563
-0.823407599154124
-0.831279830062389
-0.796219490285792
-0.757285358614598
-0.913508755041581
-0.881672726908595
-0.982476032026034
-0.891829572236648
-1.01128954092076
-1.10291186281085
-0.978058898596167
-0.979743151973388
-0.817227168016346
-0.77270521995764
-0.918427016019142
-1.02474606503505
-0.849562969140782
-0.915629890807684
-0.960434114895355
-1.09278870338832
-0.852629128095055
-0.808757072820528
-0.936579897202284
-0.978225912682706
-0.916022642284933
-0.909017839742588
-1.01806629714872
-0.846932486187596
-0.779362674893206
-0.957849593549023
-0.895805462753738
-0.821325177782037
-0.78593252348929
-0.788154507944383
-0.807770390145679
-0.94586247468095
-0.7539027758837
-0.83616478033234
-0.770749234711741
-0.804412714292377
-0.941422619803158
-0.72020387440965
-0.816318358712691
-0.811511693193474
-0.834891437272307
-0.695777032450453
-0.935300290210662
-0.860264359462803
-0.763122201981792
-0.735992270954767
-0.774787377022705
-0.875830758948811
-0.838415226229969
-0.833929143519688
-0.883098781105688
-0.865937162519694
-0.79690070141227
-0.852016584294744
-0.863430828861453
-0.8450763382109
-0.798423867460515
-0.764777845618894
-0.727982848955784
-0.66740312881681
-0.759298106887034
-0.841652645511458
-0.688248627595964
-0.599822433744865
-0.82174873543602
-0.845712029956164
-0.760878055146225
-0.983673226182852
-0.780579019615127
-0.754972598402047
-0.855335372100617
-0.769019338208073
-0.773386911236941
-0.549888594832737
-0.677193285139179
-0.815962900606471
-0.819582940792762
-0.686136143205111
-0.55676043775717
-0.757423165454338
-0.78567941103297
-0.61482938898327
-0.615152215711813
-0.687953220183999
-0.665191668840615
-0.858907052897633
-0.762328987883645
-0.765851819527144
-0.885288398735516
-0.699584681466269
-0.704385975951955
-0.744174998458436
-0.646073102682173
-0.650198737721338
-0.65307822822347
-0.708541124408776
-0.658642677690249
-0.629571529827513
-0.709647537902767
-0.750449827360603
-0.703354683374634
-0.573941216202157
-0.64830531264166
-0.725249579413624
-0.775660269943313
-0.728670439767372
-0.691423106614509
-0.568656757141047
-0.687961894629321
-0.590056709234113
-0.710370352657381
-0.702812157817149
-0.684775418202877
-0.654308002954
-0.637663440914904
-0.689677959501369
-0.737358650320487
-0.628770752437699
-0.664735189593295
-0.665116567062755
-0.64865198168852
-0.60953493834878
-0.614496109446047
-0.686867511436334
-0.6874678821977
-0.60034090773142
-0.712234563521572
-0.544156967041921
-0.894231146146287
-0.616427118346172
-0.557500043806777
-0.697690007341189
-0.524708411093185
-0.824118244485502
-0.72060065953343
-0.638774226808696
-0.5921123692928
-0.52407276620234
-0.673743182238472
-0.606073494065952
-0.684930065974519
-0.677913894897718
-0.616598435644529
-0.531051113793579
-0.712965512493134
-0.538673111198459
-0.538140048239738
-0.660932862446093
-0.577646107837912
-0.542365818307959
-0.552160567410592
-0.546237412659972
-0.746543467670733
-0.583534905497422
-0.604879992500387
-0.641912158885248
-0.609571015268583
-0.457724786334829
-0.769731897775459
-0.564063586689366
-0.587122689021493
-0.392592020686406
-0.586426463920877
-0.638331177617478
-0.532335318074598
-0.582209227647082
-0.527826916194097
-0.575315310527099
-0.573779133903461
-0.580543744646757
-0.564527627635378
-0.586283761626113
-0.527494405021778
-0.604800045789256
-0.509028083656173
-0.580325416007684
-0.464850957596772
-0.483708991252458
-0.486938413794534
-0.571210700209972
-0.645420492059612
-0.525631476748902
-0.46212583749364
-0.560112476823574
-0.534520808866014
-0.551869793166743
-0.447913289308847
-0.488206862238342
-0.555499256070037
-0.632399931370382
-0.558003404663231
-0.535419748300556
-0.543502177879858
-0.413470169298433
-0.510430758556567
-0.421044615864215
-0.644993593180263
-0.490027402405189
-0.496619181288622
-0.64191040235654
-0.267377230304138
-0.67144767895457
-0.612606626816095
-0.408886088823139
-0.494584108350118
-0.569342401846254
-0.498182332591904
-0.421182482424886
-0.666661863758095
-0.671786871317736
-0.443726087140646
-0.606495003763844
-0.603696528338867
-0.479180605156813
-0.532994633009471
-0.578703642082946
-0.517080580964614
-0.366890387543385
-0.496777708974508
-0.446203695959795
-0.347050663391968
-0.433636871645138
-0.404139250883811
-0.375693274315318
-0.560791550750962
-0.437688071670665
-0.348651527082001
-0.551247486005526
-0.441030415612963
-0.462994189133549
-0.467725279513666
-0.484026621746983
-0.275241227970178
-0.452454953237799
-0.351577522760401
-0.391854411317941
-0.326249809241563
-0.390610422262552
-0.354317599823897
-0.475722096363935
-0.487454198338929
-0.279375108761862
-0.37548870614743
-0.485349990975909
-0.378283443828325
-0.43554522439087
-0.455946171530518
-0.436864304956331
-0.441191531918326
-0.464354071401441
-0.558877193642331
-0.451868345637265
-0.506686108380935
-0.458516867688539
-0.377230432823865
-0.288280815308516
-0.336045947263947
-0.19603463981669
-0.272980302049404
-0.398308044748023
-0.294339980770983
-0.411980131604482
-0.419554717099252
-0.343126900918481
-0.466137760958106
-0.423516724167411
-0.363706142574978
-0.368373170373138
-0.361062831456262
-0.359611630519359
-0.178373608288241
-0.402554548140328
-0.365487133677853
-0.391738822540794
-0.408101536890077
-0.368378031753463
-0.262300452064572
-0.272039274578559
-0.131547255265561
-0.353538960885628
-0.434306217305971
-0.227829209707799
-0.308994020213128
-0.290876053385649
-0.387994413135961
-0.349180063917852
-0.388647336711151
-0.250675946134974
-0.450317938758095
-0.363702105567871
-0.599692582345685
-0.382114241844978
-0.222781612433483
-0.249270850078736
-0.170436661402857
-0.340012997297098
-0.372642725978933
-0.282323931915882
-0.220422116537133
-0.308202238753738
-0.239761639447899
-0.411366671819595
-0.242463211432694
-0.183779003596876
-0.288391857506054
-0.423799142418736
-0.284065442439023
-0.189377550821179
-0.170567762950289
-0.32826093877158
-0.199995950819195
-0.293161680549909
-0.385080422461166
-0.50487787465077
-0.326911656352829
-0.339347848733829
-0.182163294093324
-0.188375963710116
-0.333048372929098
-0.175283522683404
-0.286507893489703
-0.330284390441067
-0.323710142659683
-0.203848334570559
-0.136191820288988
-0.283555618362343
-0.232716691566102
-0.263408937730277
-0.32355622235077
-0.206985363386258
-0.219626645199644
-0.242250975742508
-0.213666732975108
-0.245804266488568
-0.23009300393411
-0.193827279724597
-0.226895446229422
-0.175817312185202
-0.215686864499736
-0.21715944381955
-0.244881302201508
-0.202812412134329
-0.0787281203985566
-0.331197795071487
-0.276528931811591
-0.344602843166826
-0.355154279609758
-0.263421507479372
-0.218633059879745
-0.242710949257564
-0.148934380637613
-0.272519768561934
-0.221652075171438
-0.147052051132995
-0.37391475395079
-0.194550607219316
-0.27508960228312
-0.230654901631149
-0.25624531708182
-0.201707768218035
-0.140163479338722
-0.147909282054414
-0.102573757222591
-0.236784739202874
-0.02043389154301
-0.192580176931691
-0.254658818867706
-0.146755123540709
-0.0623720146733239
-0.348162606202201
-0.126498959466228
-0.23866445253038
-0.221151277119626
-0.0180089159677912
-0.169919412839437
-0.112559551236139
-0.282249588757045
0.0321918975735591
-0.133938198298486
-0.294103825803952
-0.138032108798738
-0.0896828832940822
-0.258897582322853
-0.0222662263535637
-0.0265847687383981
0.103754052466949
-0.195049699044451
-0.179263636835298
-0.111754415175742
-0.11135593518279
-0.271313475877796
-0.166596456484743
-0.137951480703254
-0.282623171034841
-0.229874070363273
-0.218165130379327
-0.145664362207759
-0.0119524674345431
-0.0726031368452602
-0.118748699344473
-0.18845385009748
-0.280908691738987
-0.240224082773695
-0.233236707955326
-0.161516258119471
-0.121562920684241
-0.0369626461036134
-0.161814513918121
-0.11648056317173
-0.14742908582228
-0.128675381452901
-0.0206353938422729
-0.0142760913820937
-0.203301356660907
-0.25443715337884
-0.141140272671597
-0.0533103718439765
-0.066141743884945
-0.0734845498580488
-0.0870373483816299
-0.166014219766087
-0.0337407810703074
-0.211703744977835
0.131316393035589
-0.0124129331053441
-0.0993026937585334
-0.0208447459186786
-0.0799359497506243
-0.0388028508360899
0.0571960816050918
0.0231117062670906
-0.148358700806314
-0.0346043774121298
0.0084109438040572
-0.131314825010855
-0.0464934181356208
0.0851933296040697
0.0125683984615923
0.134109301357864
0.106583009578526
-0.135808554118438
0.0457841096932039
0.0893337287715236
-0.00753566922762142
-0.102150838020566
-0.00602585673606518
-0.055302412925739
-0.0400056978528384
0.0183633187110787
-0.0287870945633853
-0.120972340091412
-0.0283249223648728
-0.082290438063983
0.0574963853802474
-0.0591552943080492
0.00889417033476083
0.23120131498729
-0.106184826328214
0.0056865344987314
0.0115100996341856
0.0585741981393155
0.161388473629184
0.0519251500434132
0.0203623774397328
-0.121611471878383
0.119230068948884
0.158552081397127
0.0669296521506021
0.10954153234464
-0.171901003625098
0.0754007131421627
0.00531768016157959
-0.0738524493058733
-0.0111063927385136
0.032692908924575
0.0290413071855786
0.1700940813039
-0.0101278696373928
0.112268476291812
0.00214097071854056
0.0497233244654446
0.136912924336274
0.139934845734973
0.0107967730570751
0.0945830397317992
0.0356651733014966
0.00418617892557179
0.0465296321179934
0.13958341185186
0.00783131723679365
0.0350873398039203
-0.103962190350363
-0.0102886484459351
0.224020395514479
0.0516359612377106
0.0293868015663658
0.150134921742164
0.0738349876402123
0.118668548970137
0.025932728747831
0.089166585276121
0.0203540933377648
0.12764519171487
0.0635422173393832
0.110257174890332
0.00183435557801942
0.0578281495567196
-0.0123563756202865
0.16032250942342
0.199717780803517
0.125196190411499
0.0951445784311
0.0876606715314123
0.121922178005044
-0.0190281320374572
0.190474913551479
0.133490435031447
0.00339370360462958
0.132368060124006
0.0483172185832592
0.170628427248594
0.0295971176843683
0.22253960042059
0.210570025199863
0.229951989838957
0.22555953692119
0.142227318299598
-0.0506725556989518
0.0956467602350041
0.132877337485389
0.252841804247521
0.165465345016783
0.234044305844389
0.0883099733410976
0.138875869323526
0.132458930564337
0.367835418509311
0.171364283688701
0.0593855226964633
0.275223691581968
0.175388294448887
0.177498016462092
0.151961848611691
0.10082058345681
0.142751081051732
0.228762785833274
0.24961602777801
0.231459245398188
0.119273394550713
0.135466326314531
0.120899443673709
0.105145068689721
0.320325981829923
0.1492870659887
0.114922990673344
0.124983112970567
0.149629219556231
0.163845727512336
0.190261927594845
0.252094049216903
0.32202447829588
0.352357688634953
0.183508504434472
0.188469938005833
0.20955146004782
0.201099358425952
0.18340480005705
0.379938578451038
0.295382372527595
0.000781663535030673
0.213444815118041
0.189493136601984
0.223234411260199
0.330765005395512
0.0863187625708842
0.416539395710311
0.266589386422668
0.203522946578368
0.122091586600646
0.179061020739613
0.217829881417822
0.174181572923205
0.183844439075039
0.189470477058527
0.206563727548161
0.251518959313765
0.23430985912735
0.17454136505196
0.215833090593035
0.422725801166277
0.241354061157329
0.39273034287975
0.383149105269674
0.274524113267806
0.293088619902687
0.389212414792134
0.359533898314313
0.41754118344741
0.257488402280204
0.439188909787721
0.334548378578953
0.405380072916779
0.213931513951222
0.349254298858158
0.271918325537267
0.247668238079295
0.346011912511532
0.350284185915117
0.294275656054338
0.32009261409897
0.368960094914051
0.423346620507881
0.225529247682984
0.389747766500816
0.279603085017136
0.349845451275827
0.325394877794018
0.314911609435397
0.522053458674557
0.345909798403677
0.332084390874306
0.283324327563776
0.298805883334849
0.26317731490328
0.225039057604907
0.404363031862123
0.388806960287158
0.300617785282063
0.230857038098945
0.364592546713268
0.291444399981816
0.227148704462693
0.258687919923315
0.367608149268176
0.394730896064409
0.304701667367419
0.40433065112729
0.343505845667958
0.229165005944726
0.308340357060164
0.438847586958605
0.414507244767474
0.443906412036521
0.377571908158582
0.270093591377033
0.326810245404518
0.414652589154977
0.336964763709279
0.305851479838378
0.445546300125941
0.470390498556332
0.390131390868035
0.462393681389666
0.63358850796492
0.425040491278396
0.454385635409505
0.442344055859777
0.439018819342289
0.4299988266887
0.349572811554163
0.428142589065955
0.382887890519206
0.515620435099866
0.478854212688667
0.35942086819501
0.420732938957717
0.555951003709001
0.390745576057905
0.551553079993481
0.462818089093935
0.353142539042163
0.492765313670401
0.447251856170447
0.60364297740831
0.379271262507318
0.407129189405633
0.499290000245836
0.42822981525893
0.496918493710501
0.455734735109137
0.429581684124482
0.312830821317808
0.29160363528425
0.47188879697062
0.505855275286707
0.562372417447817
0.457098106040752
0.502481293406835
0.543036724057301
0.495039286281023
0.312767426357394
0.434275928759082
0.422156177228549
0.36136053678557
0.407176014477151
0.487232370908475
0.537690486983842
0.358830156084784
0.518783976701482
0.561249780279614
0.388579276030584
0.388311674452232
0.406557958146247
0.460413064973659
0.385316751106991
0.573565789276749
0.552522892088554
0.556039327985628
0.408023152914331
0.392959317631356
0.294101843845774
0.585511918408613
0.522249420107569
0.38521807648238
0.645158477235282
0.482740743223775
0.428185746043028
0.494786344014656
0.489914923416642
0.497607276389507
0.583755998527522
0.612157371976696
0.581188234161968
0.471444745201972
0.485622182161519
0.544725710369792
0.642427460933342
0.673684912384733
0.546981248115973
0.567114112838359
0.585046421833865
0.4437184749192
0.337175310890797
0.584100840517262
0.738230875151752
0.720395145077588
0.575875190661376
0.605522391737268
0.581729552188651
0.484135401771608
0.632483218063021
0.563807963149463
0.587413321935465
0.543686527626388
0.669091981846281
0.641577354235333
0.538415470615524
0.59084674910926
0.703228798895221
0.520949271134831
0.558005863908834
0.447176213046563
0.531720944160196
0.714586108080183
0.597566128114901
0.726518567493054
0.673058041501642
0.489898919228533
0.452900244423917
0.446374874238691
0.69242864137838
0.538000767926419
0.618559502695448
0.699177630042988
0.735134033779888
0.551290464695458
0.718019481934977
0.620708598684757
0.755091022929766
0.656954248654789
0.593352872587433
0.645181769423489
0.617745483840196
0.627201628445831
0.705046582874212
0.595319440601174
0.668662339081882
0.657058568261412
0.536759283660004
0.670343803514879
0.554548379626715
0.767122442112463
0.771371583257834
0.758280413583691
0.813841314217039
0.550669892706329
0.662222979441234
0.690466657348495
0.496622745308783
0.636725440441303
0.717344697244093
0.685090149750048
0.704158655456631
0.669403728997922
0.642861847364866
0.469168033406404
0.707414398571482
0.774962578840193
0.71297777949954
0.561365734198775
0.718378507512463
0.646445359780804
0.656105214129381
0.734577611859369
0.677152881890445
0.756369237500175
0.887888217250034
0.693062897082992
0.646658362765119
0.615751375397343
0.710913383814426
0.779686729397438
0.637113659352435
0.644056132136391
0.873438446882123
0.61234190484478
0.613538574855303
0.705772720885903
0.814042811594262
0.656918965306148
0.661559176181336
0.808381352817153
0.853076806675394
0.786635857008562
0.83371705095487
0.726455909922509
0.78816567353274
0.758547938249817
0.747541328527328
0.756521978697434
0.741139798158186
0.813567418841114
0.795005668938516
0.801087830427158
0.648364947075734
0.710197813156304
0.718994234296191
0.82283317213641
0.713293610589717
0.696334939021267
0.871492683380996
0.857468786127498
0.750428577609729
0.639966891277282
0.903235848528828
0.819083724037017
0.677596520414088
0.694742300967131
0.797409006945753
0.811907443316604
0.944407465571638
0.786208601706874
0.673487750813709
0.786476883597976
0.837281051128655
0.885456534008134
0.895914248156574
0.79479759408405
1.00156211675112
0.81749714557836
0.883334523532781
0.84306923977186
0.979830521929486
0.847046899047261
0.782491342636328
0.708027303446909
0.824056313577552
0.649478180740354
0.875914145692628
0.843765497007577
0.736321226300162
0.837407299324455
0.948096334161903
0.792114634273621
0.823429329252632
0.973157242760736
0.879632246044996
0.982630417367168
0.937166553948905
0.929895328307137
0.81389751296089
0.852814296873812
1.10599107664888
0.834439614874642
0.883610606137129
0.81552651954227
0.921832776379022
0.784452668705499
0.882324433168568
0.982002467653405
0.818512097799782
0.841408839830154
1.01229152206966
0.824161763546842
1.04325688231475
0.879904670922017
0.755863351120051
0.7609273782325
0.914187085915331
0.804566652639036
0.877981615969666
0.770333745528008
0.93917046617243
1.00091420004625
0.728722109534405
0.969146424350428
0.98960167406041
1.0256142412723
0.942370507623434
0.993175718519971
1.01733366386166
0.76047385278329
0.943184067831884
0.937756076714562
1.01454096332134
0.945937577807996
0.863374236583151
0.884422199254483
0.989059756424124
0.809565774901666
1.13638885150622
0.998086738739917
0.891996149931986
0.840945502259255
1.01392914208283
0.89787658012597
0.862685821972394
0.70433920277412
0.907501651519553
0.864420029606037
0.939531955178403
1.0120654276617
1.02250404092655
1.0608790199604
0.917379400797967
0.827899669159821
0.839477429788648
1.16789004888458
0.881727693206568
0.927642567681347
0.968944224244312
0.962010033408449
1.06999836992274
1.00876641560513
0.931186616961291
1.00037103935601
0.89075967279406
0.985547767376918
1.06164444650544
1.0012287722143
1.07694239100098
0.966695640786733
1.06926946808076
1.15900101106341
1.11057178699329
