-0.0416704355681471
-1.07044475296491
-0.896639138826748
-0.840591451915653
-0.890903939708113
-1.03224958767109
-1.13082093544765
-1.03430535836813
-1.0956487034929
-1.02745885480525
-1.0559843041762
-0.961218415643054
-0.87781909891954
-0.983486580420818
-0.983486227210864
-0.978671914253499
-1.04388867606592
-0.919134422111391
-0.965492628129269
-0.916530301966315
-0.954893674120232
-0.914972723800224
-1.03097510756814
-0.940682382052071
-0.993210088703239
-0.972061065814106
-0.892573392424243
-0.839343893918902
-0.740243531726777
-0.881287509432871
-0.90439198841182
-0.849860555650395
-0.907226479682765
-0.847775853580065
-0.929558474022544
-0.935567038216766
-1.04435120898235
-1.03166912517239
-1.05576363205724
-0.89000174736625
-0.869007079896661
-0.834664956909461
-0.908992413720511
-0.927254494833214
-0.899302263188873
-0.931270475703673
-0.958743123365371
-0.859105792069131
-0.877236978802622
-0.887097041109461
-0.828890876703674
-0.822169355750054
-0.830195060777002
-0.83834927112837
-0.923508470225498
-0.931956177960719
-1.07565541596472
-0.949273634133556
-0.890062529860175
-0.958006075254564
-0.828318939307593
-0.908676814516475
-0.79467648946546
-0.981846709923797
-0.919123108427861
-0.925500027456366
-0.76859587644508
-0.836356585404747
-0.803448425154219
-0.811728449502139
-0.771790329153892
-0.850049190099726
-0.739050070854678
-0.907586825819621
-0.848250633091009
-0.92258690718606
-0.799273732454587
-0.933212933016239
-0.833540449565657
-0.906809164733811
-0.865554879190817
-0.870788188567881
-0.858543198576299
-0.8555570154097
-0.913241161020906
-0.803180968511267
-0.874619406073786
-0.841631160390952
-0.833107710381811
-0.736380492480946
-0.984773369170143
-0.865308834399232
-0.793074655924515
-0.8331460247702
-0.69378817629344
-0.776988320833899
-0.731627030608189
-0.901231943135971
-0.732041997770476
-0.753768682868275
-0.70649058960811
-0.832578026195408
-0.878454736588491
-0.782231045343651
-0.82958332832282
-0.724038457486906
-0.703359808219501
-0.801915723474621
-0.715139678377953
-0.813663770536719
-0.849215278103737
-0.743109840970943
-0.668878496326941
-0.791455153010642
-0.682366474706637
-0.787109212140648
-0.717377885126066
-0.812122633241625
-0.785752921073713
-0.727367569113191
-0.878129081325544
-0.600102881678322
-0.82525232975726
-0.822093439873641
-0.789404461396532
-0.780412797112763
-0.640757086653308
-0.646924821842395
-0.908073123916541
-0.7965398469252
-0.73014676949494
-0.781317780779321
-0.802412780820613
-0.70790952001081
-0.850889808709242
-0.773003395185283
-0.730166184659975
-0.786051080389549
-0.700645864538281
-0.793869219462237
-0.699518006372182
-0.687759926386842
-0.581512578563061
-0.733791146789459
-0.838160089703507
-0.674707997022001
-0.672868621674357
-0.79233724208979
-0.791261139748009
-0.67393212366082
-0.672391326653802
-0.858534427205293
-0.747498858626099
-0.692678894619415
-0.777057035162646
-0.544549216072289
-0.752138434198949
-0.739239770771907
-0.77479395875844
-0.753070425047877
-0.753863046559658
-0.738744048389073
-0.766331787099018
-0.589002597653469
-0.519403844658004
-0.739988889211109
-0.61764535744518
-0.571093130192239
-0.632789758240449
-0.586619111008536
-0.740193025965629
-0.490694510389846
-0.676762694451394
-0.561371471290382
-0.588483681662664
-0.633405805031556
-0.6342864668633
-0.686386788030301
-0.69295548184741
-0.614775822904098
-0.56578596188902
-0.631779886511256
-0.723045424748393
-0.644713061055468
-0.634004639917846
-0.623434642313133
-0.647075806666415
-0.544545466502429
-0.591844228697584
-0.449795465521275
-0.664153645224274
-0.579753423719686
-0.56925494745591
-0.559443204077081
-0.533221044410008
-0.680663175075006
-0.534702007406333
-0.409035883859355
-0.534450625754254
-0.739013671015698
-0.502105213223516
-0.588398716287022
-0.768686577648419
-0.65504954683075
-0.581318486856984
-0.600573463762617
-0.564488249237064
-0.586420986888171
-0.584554986204095
-0.601707909551891
-0.384568844661678
-0.563192428544759
-0.529770375727096
-0.403666239904732
-0.517809803985889
-0.682433698431104
-0.508213724321434
-0.792440858057172
-0.463228317855188
-0.684646945564375
-0.572108936291146
-0.746894654866401
-0.543135999524729
-0.56231417892294
-0.542379108974436
-0.506097078472139
-0.47432527704097
-0.617885787721308
-0.469503061560277
-0.574941680277966
-0.503267145751032
-0.498346493720724
-0.498635104047817
-0.556791318626363
-0.690395486577995
-0.532128284526799
-0.503747515137443
-0.603093271032051
-0.528726416943606
-0.588012079661759
-0.447317065834107
-0.530195403133903
-0.485156059292454
-0.553181992653669
-0.658965221574109
-0.449586589706648
-0.534967891134942
-0.52371761860846
-0.516397833412469
-0.528170088845102
-0.473729038889284
-0.398489337201533
-0.411756383729194
-0.430501505985697
-0.49683302104083
-0.562598303592242
-0.50180569390897
-0.585416109056495
-0.448953243038229
-0.501716700772842
-0.477900316652263
-0.466869644338678
-0.476594692148181
-0.470971450568419
-0.507803260429804
-0.60693808185143
-0.420136803638498
-0.389706031480188
-0.514208268529984
-0.40518207460266
-0.449579739603585
-0.420123492547279
-0.376037346760135
-0.436120174348171
-0.458505194172521
-0.470223228860909
-0.556395501322097
-0.555620206954192
-0.452080769592789
-0.492677710684373
-0.375730197576553
-0.446710117217199
-0.460349044862497
-0.373447009505625
-0.510205991352473
-0.448024992597139
-0.489490269230171
-0.368101764331759
-0.409405589726787
-0.6741980197975
-0.319058385789174
-0.427436787694754
-0.488562334839908
-0.31905345750042
-0.387638276414225
-0.439553925330738
-0.510026609513123
-0.36247429032491
-0.364072751899074
-0.294393820908066
-0.359704184889661
-0.37998248600661
-0.331056863244635
-0.339585461715894
-0.494543012431663
-0.256800567772527
-0.408663319945073
-0.389468411348391
-0.450033738342635
-0.368495938455645
-0.443568679084433
-0.318991507792876
-0.467792696121141
-0.295652867906522
-0.404130626370163
-0.347790554317492
-0.339053864512419
-0.372204111746689
-0.478636242841438
-0.329055053040791
-0.394795737317148
-0.236955373243533
-0.308629068536754
-0.435561591888828
-0.43486044225372
-0.347441323171455
-0.264053615270563
-0.413398733894636
-0.373637795512223
-0.329321912093905
-0.372238207211335
-0.238719996022036
-0.297316276331298
-0.502863804097991
-0.430243911745704
-0.294430300654237
-0.369626041413211
-0.355204707517744
-0.465899556564824
-0.389926062115313
-0.347920568929279
-0.308190621158127
-0.315898472915096
-0.261139070742281
-0.158370959161044
-0.302207770003419
-0.301770053217877
-0.252836974876709
-0.292659977018533
-0.431418138795501
-0.371864333774335
-0.27636000277761
-0.286952702455986
-0.27044812869058
-0.314526098530616
-0.27816416423619
-0.342649316705544
-0.184012507673838
-0.155582894438767
-0.138146922098751
-0.285972043833433
-0.196014437750376
-0.185336103298512
-0.216848172427627
-0.104215658031318
-0.236733806696984
-0.294114341633567
-0.242114615265534
-0.0597235916099147
-0.415835461716037
-0.384838902315728
-0.12836571846858
-0.154997297700645
-0.352825161347078
-0.0997821862296275
-0.347983958565492
-0.259308933183637
-0.205100951989094
-0.159381715616634
-0.120091240219385
-0.290668154299885
-0.355566607010441
-0.252963038118479
-0.320115121136818
-0.304153497255043
-0.229101562999615
-0.181566791393363
-0.130636449330487
-0.288562578149992
-0.247737388811278
-0.253086634413952
-0.338721129479804
-0.0472417827312232
-0.137131327235926
-0.275287814786368
-0.366042019571854
-0.26606525280247
-0.119902430295384
-0.245376874782405
-0.160920348979234
-0.281103066947163
-0.376206456197346
-0.332632252251549
-0.153384726304364
-0.279294164082574
-0.193207209780991
-0.176698193664223
-0.132418560621461
-0.264142898175734
-0.159581504555073
-0.0932470140631099
-0.255929585574049
-0.218966440194277
-0.0987022891833503
-0.0724068084252812
-0.300759444897428
-0.178613345604354
0.00167668068188858
-0.160606705225231
-0.15633539578677
-0.158047077300873
-0.249820786489402
-0.114539865413176
-0.293421470727492
-0.0976175218180652
-0.0247656047440592
-0.141366492380001
-0.215619746069628
-0.0750057280612753
-0.194974256961278
-0.122587345047526
-0.144495747374441
-0.027313359905732
-0.154214280354337
-0.212907377890842
-0.23253202565998
-0.0214124087717469
-0.175779018817435
-0.208030819257209
-0.123910360036999
-0.338302256003127
-0.23849367885401
-0.215639712084588
-0.000684049267969639
-0.0813508381998218
-0.100314583791013
-0.206621665033763
-0.0517652487794902
0.0821352152590645
-0.149854538928371
-0.0142314696459127
-0.0899108047210551
-0.0866684890615483
-0.10179049873015
-0.0455930395046154
-0.0310225700249017
-0.14680572396733
-0.019462507020484
-0.154814920703341
-0.207848812939933
0.0619673997890076
-0.0895109172451205
-0.138382445841397
-0.133230594287373
-0.0698068453439876
0.109835083656443
-0.0880849686795121
-0.0409080416652677
-0.0159742941020954
-0.20513709350653
-0.0392752737547344
-0.00970449962549842
-0.082138180002407
-0.159049686963956
-0.0608067381579232
-0.0755580595065889
0.0084454642886579
0.053604455922733
-0.164553383406427
-0.0260076542803922
-0.0796346313723407
0.0999250977155321
-0.035976201932809
-0.0529764242486248
0.0591713886081516
-0.0127808479402077
-0.100472598491921
-0.142445191078739
0.0489802555132695
-0.115552336470856
-0.0697667353446659
-0.135435294366021
0.00713584541985082
-0.090139078817354
-0.0975940309524842
-0.124950960704361
0.0807706995121167
-0.0384955324890776
0.000845836614415359
0.00779940246280543
0.087750086679772
0.0392488859089728
-0.00213987518234198
0.00972607467810418
0.0499515838691953
0.00465188986670385
0.0198936048510993
0.0198600514770519
0.0419316356188198
0.106905433651585
0.061815191151865
0.0933501627696472
0.0319257988144352
-0.0799883163902544
-0.0178055296871553
-0.00659783110178441
-0.0756188600438354
0.0286670909930777
-0.125272084264963
-0.0582371289065988
0.0295372436059473
0.0754726311351656
0.0480824888219771
-0.101554306928186
0.0376571976988039
0.149838388683495
-0.00936887823197093
0.0861246954738008
-0.0684858328293218
0.067364890052991
0.0476418786843053
-0.0122607650628404
0.148493612988086
0.109707674536294
0.127533818072088
0.0812376203877905
0.0893718353341577
0.107044241352942
0.00335010956492245
-0.02071591536801
0.00392483044312033
-0.0333509817490519
-0.0181284802043413
-0.000486435755618372
0.0834985213282785
-0.0130415439392119
0.1109076718024
0.157669704097964
0.0914518810280227
0.0573393265109446
0.00649718747217709
0.0780117453488547
0.127048378378556
0.0719184462983745
0.0199883672622203
0.0970099794130278
0.197902648076583
0.0549499178238636
0.133800936821619
0.130262700513854
0.241204545332286
0.182309648178307
0.106831205899846
0.08477031243354
0.141580130868864
0.11527253132096
0.194177270208645
0.177977819029841
0.151740130702941
0.0890601566629139
0.102586036707404
0.120598032473421
0.273085971119358
0.170353164275252
0.0431666961832504
0.103549368048592
0.169576945444163
0.149337825703528
0.0893416337826896
0.131643889529702
0.170013958089542
0.0695780389757395
0.107184897287693
0.213428184142439
0.237302211518091
0.0659110585341388
0.0612627586584058
0.157538971882193
0.226064394644727
0.14651297599808
0.104115984044632
0.158063961434596
0.246909582599046
0.167466014801481
0.15184104319104
0.20423305281826
0.172808435569149
0.0811419353001562
0.113200512701797
0.277907075594468
0.180101709905077
0.215435841146842
0.145228005040681
0.123229967368403
0.171756394648328
0.309187437763226
0.125482701247821
0.368207365332213
0.180998942969075
0.167454430422962
0.224136195165911
0.172287318597865
0.186411128983095
0.237044126753125
0.149688992797378
0.238251213770348
0.227324020615325
0.176883201488168
0.209343097011509
0.405772413811019
0.340930699544631
0.288775774286272
0.392268555250379
0.344181321552273
0.347122599367716
0.283695053599085
0.152173716718754
0.362338672431697
0.28716459777705
0.211379464023756
0.247863790652774
0.315675169905474
0.454516466579741
0.295667033742288
0.142447995732636
0.345776618468453
0.443332438213929
0.183523884612405
0.170490541444404
0.318092341483927
0.284289802097147
0.344650380216053
0.35284702791007
0.141189230474117
0.372975378987133
0.134864395305575
0.395182292946248
0.235933745957921
0.135082080106136
0.32940177659702
0.179024853752195
0.242900850381619
0.313235421339246
0.389938900138053
0.340663282411999
0.250308052490813
0.310295480615517
0.401537338194137
0.3002208224875
0.154952296672814
0.351832487606674
0.229104797452672
0.535894315521089
0.206054020923389
0.551972761547438
0.357596417122348
0.399835990842798
0.323625687574716
0.229758279862801
0.302778042243724
0.345002731228747
0.431060012519304
0.340135258976048
0.254924882443637
0.325129744773429
0.342615039480237
0.253851789690447
0.486066068350603
0.268752804329577
0.300319644584634
0.236490481994503
0.358358669798455
0.444608519697475
0.230593194824848
0.42758565359432
0.493867905827051
0.475015639381754
0.401093306197369
0.396961161827432
0.598097546384328
0.323939335636661
0.378507604218378
0.440190411712044
0.361881016930304
0.331465645863412
0.271132052035651
0.394960438035452
0.436580612332304
0.422345829571621
0.266817524337692
0.360638372361134
0.374683562788706
0.441063593070648
0.195787741653809
0.574310609334346
0.332150933340503
0.383309811635626
0.520367991794691
0.312705194304265
0.367001278581442
0.45392290461668
0.294805952024069
0.321955663654859
0.40399469903641
0.41846559757728
0.351455378431076
0.487763098113498
0.417654581490294
0.53308078478449
0.442282530937184
0.388801628465784
0.348904437610207
0.395242938993541
0.425683907743856
0.329684522947732
0.511322972154687
0.562436875227178
0.555974813770147
0.426286600651862
0.407691866617947
0.447830761839992
0.442525439839104
0.47054275785772
0.460758230330908
0.593443469643427
0.39398874942325
0.396624042359335
0.460084585520012
0.441503987881812
0.420164770054952
0.485999956765145
0.46034598471901
0.460204125679094
0.355112258169312
0.573391373470713
0.475505118619741
0.539140811840941
0.590257302042773
0.50352174315094
0.676554434534035
0.565599045180646
0.567523932766883
0.561727797935662
0.581477478256935
0.45573541020925
0.657302690040662
0.514126722372587
0.501874061764005
0.337566743990671
0.390376779896059
0.643640914034196
0.470250764206249
0.432366931009445
0.590656648604427
0.447785867205876
0.589073753953014
0.640254783193901
0.358322734736619
0.586556072954511
0.345041028520928
0.438807900790775
0.452679726865891
0.458871926778644
0.620796890175298
0.575433155257778
0.550929331804599
0.642410114241904
0.515933812116574
0.644479818756637
0.700224305069393
0.508525837333054
0.670951573005187
0.660005137981953
0.61880033209918
0.533071476811179
0.568898561791531
0.644391028176844
0.775664564402419
0.612335900549313
0.570316930650146
0.633441364582229
0.556133534646154
0.58101888075619
0.473239434979046
0.537582636876348
0.516008662653223
0.594561217968991
0.514828680397997
0.520041588324281
0.45718538810293
0.505327320971508
0.749864722924692
0.589425517207646
0.742065812923143
0.623632380374316
0.599731917222391
0.720945569564829
0.570236570982087
0.697578311008263
0.644165951746241
0.539794065695618
0.617019756462832
0.546121677050639
0.532038702749395
0.672763835959604
0.709725444810928
0.592709131844129
0.827211436860692
0.583842271469989
0.563406255172138
0.623404020126151
0.582373732644634
0.678804357907195
0.57478255573905
0.565723877428245
0.694058914640824
0.630650991846104
0.669850347649658
0.680896328289539
0.676483320761072
0.587024576010815
0.803008590453047
0.597868211478141
0.715283866792947
0.710970286052006
0.6099850915796
0.810338622018721
0.593795961358794
0.822616427684647
0.698052057745554
0.671568885735002
0.639501890809499
0.597930918674257
0.699725128657979
0.67215026601663
0.595356888466529
0.645877788497794
0.686034698259365
0.557523023916289
0.574861522109106
0.786937336906021
0.599635741151613
0.792346589563055
0.777684348279354
0.784938936496047
0.641259421009313
0.715135045384771
0.696617611697168
0.740910924280598
0.731779494129914
0.727883705950682
0.709178729347291
0.748855991935846
0.67991934823069
0.785687616893721
0.662241456524102
0.68493089818736
0.89444875489903
0.674072402780301
0.800092360064479
0.668766094130153
0.678821156685908
0.856764631722694
0.717418893040818
0.770340630788201
0.731963005558448
0.821129146899122
0.756845422163013
0.701834751167472
0.691241295490508
0.798885020138084
0.770766259252737
0.742879367239053
0.73356090978083
0.874720837296902
0.669457061860781
0.672092700068169
0.747765569646282
0.734372383721969
0.833346276955582
0.879745465191284
0.681187502801125
0.794680650284678
0.785667704468753
0.78866657749423
0.839877534740244
0.823600765076148
0.850862792866533
0.654794491102722
0.691192377660842
0.872061267208041
0.818720319270119
0.890923413307414
0.834073020507883
0.810511035074081
0.896058301237139
0.747586308146505
0.826862317867899
0.832691872215842
0.943442219160576
0.897282354230143
0.876643254961763
0.850993515458682
0.938602421915057
0.613573567100257
0.867882913659859
0.848447022618439
0.881671948244559
0.73504593519724
0.802364180548455
0.752320569458105
0.88741931589733
0.868345258148174
0.73417599942823
0.903481514510554
0.903341683151076
0.851407087977263
0.718270764141692
0.822978690736039
0.927221869339424
0.716809306654008
0.886329324284849
0.860404343749385
0.869540052527808
0.857355298710287
0.829232509605473
0.810775824407794
0.810083853372566
0.947640676524544
0.857897231242617
0.94716443561203
0.886925621908833
0.842190092153272
0.890154225235582
0.953479360774112
0.913495801386548
0.774770105619695
0.929091684653195
0.987434453253337
1.05676927982504
0.911112147071915
0.988345037205544
0.916626546422554
0.842376126112152
0.909840490625243
0.814585018660368
0.881543503481041
1.01877943426059
0.931041479375235
0.884162607858047
0.865812600761045
0.910386266685463
1.03814710142625
1.02413630861043
1.12242033465178
1.22969826478969
1.02975936901061
0.942329690083615
0.974299022672657
1.07436247658561
1.01449859169666
0.770958790766975
0.85957707266033
1.06733132597342
1.01219550020197
0.986709992808663
1.02293785678459
0.986720167835597
1.07078881243006
0.981723694486129
0.887598253158813
0.939115801267525
1.02860785039014
0.958655443355858
0.96539270750154
0.982108450957149
0.933028063127623
0.967838005617198
1.01786454489793
1.06222465552153
1.112245781957
0.98285062693765
1.05917225641412
0.865330348953117
0.942602253954827
1.027114665223
0.847647739606254
0.918484072007548
0.967715363748007
0.907977090459666
1.14177020233671
