-0.050399241621562
-1.11706620793683
-0.884726052963472
-0.915545285906477
-0.877497186743712
-0.937590953196211
-0.919994355365132
-1.0422288515957
-0.85397745431778
-0.97216542281073
-0.843787501263867
-0.872282626012764
-0.947553090674133
-1.01421129588702
-0.820196553791044
-1.12399469209095
-0.977297777388745
-0.946651883469089
-1.01838292910875
-0.951387333091101
-1.05290965510947
-1.0199447869864
-0.965542898864987
-0.832652590754275
-1.00022507628042
-1.15502788166495
-0.873367884155468
-0.935928571845655
-0.846780390863551
-0.871776634022433
-0.872936420583692
-0.840550609322808
-0.789343430331631
-0.975769869623302
-0.916469744311384
-1.14044741126551
-1.02411480476468
-0.877028956183465
-0.90288176406284
-0.918096214561862
-0.813119104301066
-0.789296765949638
-1.03943873252384
-0.77332423956664
-0.869149403969228
-0.832100860532416
-0.91620791951809
-0.940920479625171
-0.950290452704938
-0.793442518000219
-0.988193315576575
-0.867118433672281
-0.879470689011441
-0.847504687929189
-0.943064991645402
-0.938250533087959
-0.982952236513932
-0.8801119102704
-0.768778517610335
-0.757288696959229
-0.768351075502485
-0.855383311326881
-0.797787389399794
-0.957544099476405
-0.911651960436406
-0.827607854431723
-0.808788539858517
-0.719962981468265
-0.789715792707773
-0.796863704106911
-0.897254108366193
-0.993304412951465
-0.870452332621819
-0.747362122179388
-0.861666942999752
-0.794750592571647
-0.735715922789586
-0.899664703191818
-0.846074033221838
-0.812485548211133
-0.810002412613082
-0.804830997548224
-0.681180318125344
-0.750750685111733
-0.930643271772108
-0.832770885686967
-0.795761577662047
-0.736035097840114
-0.935433324708345
-0.886732085232644
-0.75024684927981
-0.897762428995612
-0.769861985570994
-0.820415944141636
-0.724566098904092
-0.806479677838101
-0.719297491058336
-0.837626524357433
-0.894716976422934
-0.812927935260961
-0.866240041070243
-0.853364833811256
-0.821949201351109
-0.820221461315235
-0.756110174580512
-0.859524035501388
-0.847291030490067
-0.896211019383992
-0.733288786264005
-0.795599664974085
-0.922206246980722
-0.675431014686155
-0.777735586162744
-0.777090888533667
-0.847172824436581
-0.66795800253639
-0.773618984328202
-0.91009949345526
-0.688655929872906
-0.772881445901111
-0.739904932808741
-0.783861187566848
-0.815481566866132
-0.669599983454316
-0.617099643302869
-0.828393799232416
-0.782548260190846
-0.773665889908315
-0.658382547132625
-0.707140922985109
-0.703685208892121
-0.80696921555319
-0.759765655393275
-0.595400299287762
-0.605162073292201
-0.708410128448182
-0.788786140519915
-0.675109760012501
-0.843981543417328
-0.664053125063316
-0.704342269336924
-0.747859862565549
-0.591039630163471
-0.757448178628941
-0.780327617986995
-0.676982992656758
-0.622820369318899
-0.666679388082134
-0.917265316445907
-0.76037239176246
-0.694251940979068
-0.812295943503293
-0.78232012142838
-0.677323272789924
-0.741447119759359
-0.65167264045178
-0.775739610939127
-0.718287897489385
-0.606523133295218
-0.507313021478851
-0.78506098804745
-0.776789619058455
-0.640767920625726
-0.737049277592129
-0.631017849346118
-0.824550871163194
-0.823390179704668
-0.647812280581635
-0.58685914162953
-0.694045236857248
-0.640687555457531
-0.628712188299191
-0.619940475276614
-0.611900195703335
-0.745217239951805
-0.592716944245479
-0.597940216781121
-0.770659267762568
-0.703975476738145
-0.65676892365556
-0.826275826532111
-0.517492899863433
-0.607476017758647
-0.583608140182816
-0.441733999844037
-0.598876491213068
-0.607228540582934
-0.643489622641883
-0.608218998817554
-0.640609381107089
-0.562737871542138
-0.509316272832773
-0.577339585379404
-0.689945170513504
-0.756037475251802
-0.574879792168312
-0.770957819770656
-0.675072617473661
-0.720837665027362
-0.6678948788081
-0.482808406995822
-0.479948379305819
-0.507562865286993
-0.51110307404401
-0.621333256939282
-0.534029999846469
-0.640780848116597
-0.401163904477049
-0.508891236779886
-0.572161061043013
-0.600194097216276
-0.62350713377202
-0.60262263271
-0.637472554809017
-0.543609111087843
-0.499124517446155
-0.698328935218818
-0.645768076578282
-0.530478134915065
-0.682498410092753
-0.530657038264091
-0.613795938631796
-0.459301635179549
-0.629550703637369
-0.3888890665955
-0.592299314055268
-0.512489074686557
-0.473387526643537
-0.506360870483187
-0.41303409592185
-0.730365933259593
-0.569467670302858
-0.575838171894512
-0.541721260049918
-0.578699151260559
-0.591019015677425
-0.664873903871222
-0.453755583838693
-0.403209586971545
-0.511781218185477
-0.440995544098625
-0.633504309716597
-0.528028202853027
-0.558413308222089
-0.453487046477931
-0.57405513468825
-0.499329911751306
-0.495893876986285
-0.497776355776472
-0.53211155949877
-0.408062021327689
-0.355598327720351
-0.623823853895857
-0.452928834254098
-0.460461752635252
-0.542003740205029
-0.443215002426701
-0.360534801625545
-0.540760247460358
-0.378536181439321
-0.473653143678351
-0.449468797733027
-0.374985722679086
-0.477341763508996
-0.408369718991857
-0.49819754487514
-0.257831772630518
-0.397328996865496
-0.356733962373189
-0.441421881308935
-0.53728094469468
-0.337368538464086
-0.291478532983378
-0.596234869642673
-0.476472930004671
-0.487717553206452
-0.37306461343877
-0.45344361036075
-0.506392769314291
-0.454888680046007
-0.457101550950829
-0.416080369269893
-0.513399566407696
-0.501077309891161
-0.493063401845849
-0.430709714158506
-0.477198531645179
-0.404339005142414
-0.430176264067805
-0.484673874010273
-0.496037734624103
-0.533886659177971
-0.496336250643151
-0.592921789704666
-0.52579022834897
-0.513318754210645
-0.365600341081057
-0.414196828505433
-0.450373924302318
-0.38681013035096
-0.433072766295544
-0.572115807019707
-0.338910833556247
-0.383961317783673
-0.387819050712455
-0.476484115593786
-0.521014534037277
-0.516958379235737
-0.333175083255305
-0.437874380865547
-0.508704620269756
-0.303441070610706
-0.491391900783207
-0.212984862723033
-0.341079538976299
-0.105387523491374
-0.486758376645312
-0.500611691653247
-0.248109185322022
-0.389300894691781
-0.499045995197141
-0.255455094259545
-0.400022440480971
-0.496286192827048
-0.189931625935526
-0.441363143191111
-0.255945670953106
-0.367006856457672
-0.457084759857018
-0.418535513602603
-0.309764770078061
-0.349366658819019
-0.365125509319505
-0.283374557111539
-0.321487679867143
-0.259801767597524
-0.318074075433457
-0.282833926010016
-0.359967859731177
-0.149379333754852
-0.318563866431428
-0.402612924471283
-0.167880779290029
-0.371309634783316
-0.437588442746494
-0.287063354786105
-0.33346469240167
-0.305600684032836
-0.278257610913673
-0.298539574022723
-0.30943856149951
-0.298145820175135
-0.0756270232521087
-0.29099796823251
-0.28431756470801
-0.278090935269438
-0.410042821962287
-0.308210575056326
-0.365586004876862
-0.171375126948158
-0.342120883308006
-0.34389111575592
-0.315054221154799
-0.394914890001198
-0.557904045510472
-0.158677216836894
-0.272793163961927
-0.227605994609514
-0.173099049082039
-0.214894757891285
-0.195799240907271
-0.228581523273887
-0.212866432132068
-0.203724906186537
-0.304056276908854
-0.274769520551906
-0.344505537878187
-0.304314092993816
-0.228421613075208
-0.131083744066327
-0.0717243772403208
-0.306351706034041
-0.255302215123551
-0.282570966185921
-0.280302878364203
-0.458060667823671
-0.378332863801321
-0.252071364344434
-0.223124010493525
-0.221426854852645
-0.217158556092363
-0.200373123662645
-0.272311451890845
-0.23659025936511
-0.178092878503963
-0.411080440324134
-0.127577017774719
-0.265920701542043
-0.202001794704997
-0.146995449594792
-0.177579470551847
-0.241591649073219
-0.26265402274049
-0.201070710127261
-0.411890345117516
-0.240929783858043
-0.248610748018225
-0.314458749795784
-0.305541373559553
-0.23102738369139
-0.290657452353754
-0.171203642091573
-0.264848684996808
-0.211551682523189
-0.253144705804579
-0.11132349239941
-0.024888148488344
-0.256970129692522
-0.213281986045973
-0.244996884187912
-0.271225523329147
-0.394022623536837
-0.205695456416733
-0.206489911402809
-0.184631563150437
-0.184691546538945
-0.144841659045182
-0.156511155896666
-0.176431298561133
-0.096163902954472
-0.193470114248173
-0.0725866458568183
-0.16304815975348
-0.0735105224224043
-0.130011339834373
-0.178612514431423
-0.232081716492309
-0.160064412431696
-0.0943398885312998
-0.210945447757104
-0.178780492519351
-0.192187710544862
-0.129368184848501
-0.296289163888305
-0.189453141595339
-0.0463645259315442
-0.194584629771612
-0.0360631729680761
-0.0798123398213254
-0.151746139425099
-0.171166622572786
-0.0982186880231262
-0.126809716664893
-0.132008349984132
-0.0685370837874163
-0.18769953583804
-0.0309039837210167
-0.136134084933121
-0.124639248866822
-0.160142587443684
-0.00199379178309987
-0.227004902144736
-0.170357905926325
0.0110688646618467
0.0207120904718682
-0.114384637011014
-0.0273469270991478
-0.073584070486168
0.0382812174640134
0.0280663464509421
0.0373167638538781
-0.0745316442019408
-0.0157101995714805
-0.0259533096428109
-0.187286030952669
0.018507765461772
-0.141165391902233
-0.0353483314640345
-0.0549955148074736
0.0804670264127541
0.0400130173154231
0.0563508630871369
-0.0144495555084066
0.0220922747485459
-0.0336861331519867
-0.147214378499281
-0.0644264614845441
-0.00706569443182017
-0.105272334119183
0.117829328466436
-0.000693349599840627
-0.044990752556192
0.127013781400641
0.15964932894715
0.01327721521891
0.0207758036564398
-0.0269394617432258
-0.00112642768912791
0.0221076942765605
0.0701192112698846
-0.07205172319717
1.68197028555998e-05
0.0235631537169958
0.0441275107690109
-0.0747384092884752
0.0216964756642589
0.0557979166976519
-0.0864941544679991
0.143930138161136
-0.0424773967236224
0.121722025155258
0.121088626597888
0.0496239490080226
-0.0180064738754732
0.0924590649728741
0.0218975657988163
0.0764286302151982
-0.0397748750520644
0.0741255602219039
-0.0573438684084175
-0.073751407540115
0.119072663682641
0.020895969653025
0.174674399952348
-0.0118555052619551
0.012188086813192
-0.0551003515298055
0.215564158415221
0.01875543563945
0.0806208919317391
0.0821312605785349
0.177584506214658
0.0637245678829222
0.0842086145455709
0.101302354337077
0.217227243624228
-0.0150556978764286
0.109369800549252
-0.0633154716049272
-0.0035805838818149
0.0380752883627321
0.198075901484006
0.0145979921441803
0.155735429604248
0.0968919887769328
0.0491878610731292
0.116435932724144
0.0963089579718041
0.164926036644063
0.0838881647629114
-0.0427462018831055
0.0223460385894456
0.0812462400809099
0.162743567306175
0.022802796960922
0.222749703104433
-0.0282884401129115
0.191724166317407
0.122325136324466
-0.0129441673125114
0.100991939842669
0.0643684801929687
0.0497718846368202
0.0867249424375044
0.252124109817373
0.114089852834602
0.179897801021329
0.124739848078631
0.133605574429217
0.0688233208842978
0.137469696784452
0.139510345917599
0.263377347610678
0.0740984089328478
0.0811483396341799
0.170578668748951
0.0708233618094443
0.165657408129978
0.21404440059285
0.256480942641806
0.0207405831283569
0.0160420035592753
0.159884760896222
0.141646944306858
0.179527208967468
0.134677927322258
0.0214590237505267
0.100116483554526
0.153499092501598
0.277817183421046
0.237923100107696
0.10685475360194
0.203020518985442
0.160881510339475
0.241735275938763
0.00232290179203735
0.115132773980148
0.106077150167657
0.206327461282907
0.215666159074973
0.0450516339340194
0.199367171159371
0.107679987904777
0.302512366065711
0.190170754264777
0.185691701975282
0.281658716774379
0.260979019124409
0.335521844444126
0.210675106486272
0.0907529783847784
0.221849071333047
0.123835122088571
0.216844751303945
0.358727306395193
0.0901669472168581
0.241959139412525
0.219451709061904
0.276359897605161
0.337858049403869
0.449178420112922
0.255368869047449
0.319151738138316
0.173742892392324
0.215472817624814
0.193859465506953
0.231561737932116
0.169127936835327
0.428622311869842
0.287804851984524
0.31366132796107
0.324529267296872
0.21708160897572
0.122420294002655
0.175741311113531
0.30075538382721
0.19540685047001
0.342022724473789
0.297443601996624
0.359637074989806
0.261989741668234
0.213416777460952
0.382234031908268
0.293675906485536
0.328430515809838
0.261153319695636
0.260609357230214
0.147395696050172
0.147985015088223
0.270123354777251
0.319863500834121
0.441185272708592
0.270619831467288
0.354832041758752
0.244031464833238
0.232599843714858
0.296258773827376
0.280615777162353
0.34254967840475
0.243241183853044
0.303825704911372
0.438293515174488
0.482570554028563
0.346419111203038
0.273419129596278
0.422955498500738
0.313240037979728
0.283655423682755
0.285320065620925
0.370460409811229
0.317998645284816
0.23854549511733
0.31264675623034
0.288104643113034
0.275943040225486
0.535537987548694
0.452844621052819
0.51230746467692
0.430873908553606
0.452868663405948
0.286784708447732
0.324656688284915
0.391620385747451
0.325575175025592
0.468007654812436
0.195854466392065
0.222753005882227
0.235025309895909
0.398224773780566
0.461567089709276
0.2412790440473
0.274162728315122
0.298498591583443
0.32751423292447
0.406266949324589
0.377949739133004
0.379904552405291
0.276976344032489
0.291360484766612
0.373189723896981
0.206812479210586
0.407871913587881
0.22223834193855
0.256858443579948
0.381678088299558
0.322531545663049
0.400481136779991
0.438036530974396
0.448037090454266
0.556267055670731
0.31447554087693
0.446702891835645
0.410823364562898
0.355264987848602
0.359057685645623
0.407738752278634
0.510725524565297
0.294456213609444
0.373938602408901
0.521325404904173
0.384822923782017
0.441284975408158
0.528603224223225
0.3800138918473
0.337896677223348
0.425293994079621
0.459984918789005
0.395997316961278
0.503110409126639
0.453475312797655
0.499496460255502
0.58853144876029
0.242550752624207
0.35461264179343
0.351100434304019
0.375640372091006
0.450551734109588
0.474931759715483
0.477557620960247
0.720642088751715
0.466375733427889
0.435884769863618
0.59157375720513
0.510894020954176
0.490642320905738
0.534084745503838
0.53235467122977
0.440088078522432
0.517631821444459
0.376409538637552
0.40181011052437
0.652796280969288
0.470219658013268
0.497221730943285
0.482328938872788
0.55387135182486
0.454960243784444
0.611379331392964
0.481849462018702
0.480552553079497
0.661864815220796
0.485077492610412
0.420426648868654
0.503166326205906
0.413122457063373
0.518459628615266
0.470355694011831
0.52420769452425
0.567105374582859
0.438420485253936
0.508471236085467
0.575005952384187
0.511997820780708
0.620494540621239
0.517651789275424
0.605658693982906
0.600403549598024
0.647887695650343
0.578575697392844
0.392179317152959
0.63238732954698
0.594766014096696
0.372622617876133
0.408807611085317
0.494230001543507
0.51803947550025
0.560213831153329
0.70371822888997
0.539242945291214
0.542025077976262
0.448162287120114
0.559813518852058
0.50812721600585
0.540208837520988
0.581196714498058
0.664361288588424
0.524150877502326
0.46999508382633
0.756377457828959
0.622753936104156
0.616175704996255
0.657841445585208
0.763972870578322
0.741775278854707
0.766641585615932
0.580222273373688
0.51942842642444
0.701967195766959
0.674830561348283
0.684030775832174
0.691301013231567
0.641513752626818
0.639132342198678
0.523625978424658
0.614345038550777
0.914570784458541
0.592337206621489
0.561349969024194
0.510038292276754
0.601908650648813
0.604901939332342
0.541069696938897
0.520826221944016
0.821404810503785
0.724140916733225
0.554451864329016
0.589081676065927
0.764753209046592
0.797525256028878
0.633037466374808
0.650833016578145
0.757688798762863
0.712503662457082
0.626699967593385
0.773292886658456
0.772691578322776
0.605585582038219
0.720625349291007
0.736487482775154
0.765524960698195
0.632493311327806
0.703984402192941
0.576392172037219
0.668420839508526
0.832293244422239
0.639450433638027
0.561999119135842
0.614613298452581
0.827268561713469
0.733111953706515
0.598309092617782
0.686081181379251
0.708906886948966
0.631711736698644
0.779609342710413
0.749897693517143
0.68885628160364
0.632039550256889
0.836493540695369
0.729020200989084
0.789119506906175
0.695342468247242
0.734554434865242
0.785700230440376
0.873245573334069
0.574894970828906
0.589126828726212
0.748327012929776
0.939444016322364
0.755694322346629
0.765080046353405
0.787671604003137
0.659041320902658
0.865975749593235
0.721519830011286
0.844607594765888
0.732955743734434
0.719949941770894
0.793401710019274
0.671025750591269
0.636036947889179
0.70492913248886
0.672964265792404
0.729693849443913
0.774851410321154
0.840036735409675
0.805901952472284
0.81799472626217
0.858421380411846
0.794524790987387
0.850249684820485
0.751427183636316
0.628377077962374
0.740351099735372
0.916693872866133
0.902847948621628
0.713617427907725
0.683591030001765
0.937249917235119
0.789933939420597
0.974289837976639
0.913819771068368
0.867070760215848
0.902474162576953
0.732842506410713
0.766321970187233
0.935416380257585
0.772919000420657
0.823782230326115
0.820875776442522
0.900159347174213
0.930065555773842
0.906367210748541
0.814399515520234
1.08438721328968
0.784493697586802
0.839866603865337
0.930614035676113
0.927578173808838
1.01227751540475
0.785668307259581
0.865481686841682
0.817653489608083
0.945772790406388
0.773089483346135
0.767429995087914
0.754953686328282
0.895041089923865
0.751842174798107
0.895647120913725
0.9308620919686
0.819869140118248
0.850077362624473
0.883112778756413
0.793434313304686
0.901194897450097
0.797142999303165
0.859577323104571
0.847508396263288
0.9849992916142
0.849403706983724
0.934334511135098
0.958063904704023
0.796070118869324
1.08426796430858
0.975895532025842
0.690279543980381
0.925730845283699
1.10428055224335
0.853174883631516
0.865225434766703
0.865739928860073
0.852611847837546
0.871094660466816
0.880492756951916
0.905962849593897
0.922432076591374
0.814283394463942
0.811763887451581
0.837062571334357
0.958558711641432
0.912113127860181
0.982856737086808
0.905664381378557
0.901577418648157
0.957445849003457
0.865081986553491
1.07887076936038
0.872242183749684
0.926001938812447
1.0328853407646
0.919899887994918
0.945148238889987
0.936421727366405
1.0629919034317
0.842645323094791
0.893740200439044
0.986960248095549
0.876610843183888
0.980471160688565
0.990171105364563
0.92492784593679
1.03901831609214
1.07960262325682
0.931223796698043
0.868631334316103
1.05278060671787
0.970956364695941
0.920604962451013
0.929761012733747
1.14226178774694
0.988608697986807
0.846104239361472
0.939956640367634
1.13576825621663
1.1086582773598
1.06261565215491
1.11836973200685
0.908576192221003
1.06680799866584
0.929458736106699
