-0.266549646120304
-1.1672688998504
-0.840333880281367
-0.977228068462784
-1.09850220338567
-1.0904444126219
-0.72176508859391
-0.911886143518932
-0.781951481677001
-0.915747147410275
-1.17951319671661
-0.902068276021861
-1.00605133315514
-0.964308628501783
-0.947269712195051
-1.01887812635233
-0.990290792772961
-0.962188602143497
-0.863107414835168
-0.995266562042999
-0.889574231359108
-0.691146696353698
-0.735793061239194
-0.923654986186492
-1.04050930954584
-1.138005549037
-0.896542048304038
-0.9969761732374
-0.955208135052471
-1.00567977975971
-0.921504273660566
-0.875375403280478
-0.965905612440103
-1.03324487504243
-1.12446200088828
-0.935518598793698
-0.933515949622886
-0.80998891338034
-0.928553807289792
-0.856712360920963
-0.995657122848406
-0.876375309174046
-0.921741846575735
-0.7767745841186
-1.01221811769699
-1.02142552678814
-0.988165988613433
-0.957273557051428
-0.934325805706189
-0.931993173146912
-0.839494957988904
-0.798673371821026
-0.965769536814337
-0.751356298445435
-0.842100357837362
-0.893240151280704
-0.903391735298675
-0.950658750661551
-0.876862215460077
-0.757607098716059
-0.901687044846675
-0.985560534887937
-0.982609111024601
-0.783053529132973
-0.896068691288634
-0.813555878736154
-0.721443182759423
-0.946977749678881
-0.818042289404708
-0.964276277829657
-0.821504248414065
-0.825858344935597
-0.999569670821882
-0.787898933073768
-0.893594730906956
-0.766942161966995
-0.921498337688737
-0.715859926903883
-0.877221804038428
-0.894537936166408
-0.994169322766115
-0.675651540812136
-0.696258614360571
-0.811742278793681
-0.901070248243976
-0.987805193853092
-0.951760076549086
-0.744751382263901
-0.966153536958984
-0.630301740163869
-0.93441638308038
-0.814864634363221
-0.777884284125897
-0.797001713824308
-0.809652851381197
-0.835515262514512
-0.777120799839674
-1.03990403166742
-0.677087099928735
-0.839467036164154
-0.6492525218463
-0.807235188142023
-0.80662171074514
-0.795255801036785
-0.644973650745078
-0.901948937108454
-0.80598092210019
-0.777993018428708
-0.725134779701174
-0.587005686472502
-0.820903105420922
-0.753915524867856
-0.728517200351302
-0.720298074261165
-0.768940819083674
-0.679076002531479
-0.83790675432279
-0.65523501561798
-0.850694959918272
-0.606117930951575
-0.74531218055248
-0.744968397603696
-0.74374792830954
-0.658535230000222
-0.73307381641315
-0.884340233123153
-0.84325654943184
-0.750449893984161
-0.759461331587237
-0.665594730138022
-0.748808034758119
-0.70439864096374
-0.778749621047889
-0.744709399260366
-0.732339993521036
-0.711767662991114
-0.760937079790284
-0.612292212260847
-0.685174698708594
-0.774899040041146
-0.783309484808439
-0.62897105448837
-0.730500011727671
-0.781604601681186
-0.668231371789579
-0.723497034899548
-0.604429553436797
-0.722371099274642
-0.824482838000645
-0.805226445307518
-0.592856429430728
-0.593633966051248
-0.694635127437055
-0.820463339111419
-0.599536501879895
-0.575021601691496
-0.719967187457417
-0.51038573808169
-0.84979115251461
-0.714444582263356
-0.765318438181673
-0.703251059107645
-0.590025429981264
-0.561807571519428
-0.767223610956726
-0.798858820127199
-0.592662570112138
-0.601713125430564
-0.739814111374064
-0.712829074171839
-0.71520088456812
-0.720854819827525
-0.48786549519891
-0.790340136928304
-0.715016921787508
-0.5807458052302
-0.670134184999315
-0.689273439398349
-0.633724927853937
-0.725430176041163
-0.68002717487166
-0.776389377993005
-0.563019600554381
-0.572665446838762
-0.748191257980778
-0.70144330915718
-0.584127363777531
-0.765115863594784
-0.549862220742923
-0.567362704685467
-0.657464974389101
-0.593425800472241
-0.57341381439049
-0.70705374223104
-0.646415157611012
-0.66509574698169
-0.568783118153366
-0.50238913213052
-0.508423349113584
-0.583129533537863
-0.484797107546137
-0.576584503039642
-0.611651360161492
-0.457149396786823
-0.656127309417731
-0.656327450346062
-0.537440884846481
-0.578234510283189
-0.687203270492763
-0.520702761566638
-0.46066790558537
-0.652594106500511
-0.651443217632912
-0.508056271279247
-0.568650342101072
-0.544986012485018
-0.631050167240005
-0.560712104096909
-0.483382111185829
-0.456623724790466
-0.531789276445448
-0.647029258954132
-0.624297056619634
-0.367050438148913
-0.695582809661444
-0.39697898870051
-0.538354270508043
-0.438854540932597
-0.573034843392266
-0.549662183861811
-0.542987517781742
-0.706396856147233
-0.508897653430548
-0.662174974793391
-0.592982032037963
-0.561051380348134
-0.542027083573296
-0.639680607560967
-0.496800633460822
-0.555865709171219
-0.568068041049788
-0.458181424107051
-0.541041823821752
-0.492239962321791
-0.523157473081616
-0.644742066588586
-0.435344943982494
-0.375328143715149
-0.50479228751093
-0.513684075533012
-0.63209801861803
-0.569893482548216
-0.586607029106336
-0.389438828562095
-0.330802920184281
-0.446587433599121
-0.438248452063073
-0.295191467223635
-0.507938116814753
-0.56055711024082
-0.619577181621393
-0.451372940135844
-0.537265484738753
-0.383405535009407
-0.445964954557992
-0.467694889730505
-0.430171428294272
-0.572352006520772
-0.400818492987582
-0.408425947845062
-0.499925718017901
-0.45878164080474
-0.360186986888456
-0.461531645618853
-0.288473869533594
-0.494459409272129
-0.378623007742082
-0.543397903658207
-0.508166588531293
-0.343599897356758
-0.403118899545281
-0.379355398746927
-0.540738870249279
-0.433039480680662
-0.40296201184485
-0.441812571428957
-0.316179888405104
-0.480534243953316
-0.42927709202313
-0.439238718370248
-0.479182814950723
-0.456400064030189
-0.372837420221059
-0.410154385006836
-0.487047651308578
-0.409945398326507
-0.497952123315333
-0.316105628337116
-0.53067338087615
-0.298981246969416
-0.336885470371222
-0.477255667093093
-0.436604803165866
-0.4990872272576
-0.536991826048027
-0.358102983200017
-0.375088898240983
-0.443788231004836
-0.338647165850222
-0.34428280114007
-0.331792118709608
-0.471060129641193
-0.393278658415913
-0.357642765807763
-0.520723761316461
-0.372836333555939
-0.448780330696073
-0.429522793418993
-0.348510736812257
-0.389455494289522
-0.426590499631895
-0.336764498656768
-0.350252950594474
-0.301477931599619
-0.431267314027692
-0.3352039583596
-0.343080697557501
-0.309748222601427
-0.441436021285955
-0.342001544951199
-0.293532777039467
-0.409439323256348
-0.379304084410823
-0.326045127633375
-0.186415765233446
-0.326309586004973
-0.275249615957981
-0.265492541609124
-0.218891972056715
-0.260560457265343
-0.229930104179356
-0.341841215824602
-0.397747768466215
-0.303898426934973
-0.40986891728511
-0.204566437809671
-0.335403759076311
-0.274139861738168
-0.321489392012278
-0.389746215150048
-0.280875746737252
-0.210642423957564
-0.38793895497618
-0.415413717434316
-0.293841444057
-0.220122391377534
-0.177452106264904
-0.368639554425412
-0.26817259832331
-0.176517846882562
-0.414113333217625
-0.310989883856473
-0.257290823119645
-0.336374325463598
-0.197397261432755
-0.0719963678708669
-0.212510835059641
-0.206256890393374
-0.242768360261567
-0.263267962132486
-0.320792832098789
-0.310639979981572
-0.299638317028537
-0.251726988930349
-0.274255002411671
-0.205432703791043
-0.152032624438881
-0.296589839977567
-0.269766963073053
-0.152673852724016
-0.176791599866827
-0.268872524425548
-0.223623122074152
-0.210397504560074
-0.286778335286706
-0.121559185397099
-0.367900086473066
-0.201575735948972
-0.229780274421986
-0.265887387756406
-0.111562226536144
-0.248660055160345
-0.25157257927578
-0.280448854186429
-0.33237872137432
-0.179478760369043
-0.0699357631928426
-0.158782101708082
-0.254509170100968
0.0574288464119926
-0.369944008781233
-0.23188179358555
-0.186952686719006
-0.24540701612843
-0.0792570618223905
-0.1549623709119
-0.264922274411939
-0.126914182207928
-0.177802955562242
-0.0772971782388271
-0.224940211717858
-0.0990676855727263
-0.181758364043248
-0.266365563290711
-0.191965647055739
-0.116803235100116
-0.102320628471319
-0.353623874880614
-0.078915023797053
-0.0879466834766803
-0.116167042546158
-0.209161276240163
-0.195601357518108
-0.180236346562658
-0.175158103495567
-0.330764746506319
-0.17242850586156
-0.115191694332106
-0.241542860580919
-0.125486267988847
-0.257589393489624
-0.0460389225058793
-0.137420432452929
-0.0554208442533717
-0.140420761785407
-0.144978955492465
-0.0681744532394134
-0.0560268445117599
-0.0969770772988806
-0.23476568613321
-0.0927488594231364
-0.165411661937301
-0.00573491359527917
-0.141013760370803
-0.157049083255619
-0.24918961129895
-0.220341370475302
-0.0918143575351154
-0.0662152460355255
-0.160646223094644
0.00536482127008311
-0.00779961181817257
-0.100326688943882
-0.138219074939551
-0.0891167543968388
-0.0846594386545362
-0.058756884777206
0.034373215795683
-0.110284513070207
-0.0628805019849562
-0.171669011093812
-0.178541782748212
-0.0816067065407948
-0.141237285738759
-0.207970213062427
0.0311264734254704
-0.0800317430633031
-0.197043100092013
-0.265844646483843
-0.000109266765131236
0.0204205704641239
-0.212559292607592
-0.154069252244151
-0.0120463291619482
-0.182486325957513
-0.0808386145609273
0.0351906135372721
-0.00446709207501966
0.0526407952779935
0.0188204656794466
-0.0876652813880392
0.0011412559701296
-0.000102307188894814
-0.0957064929829093
-0.0658651393281699
0.029090539727172
-0.0482413699042843
-0.0375377347628442
-0.145786993108159
0.0308547863144818
-0.097677442567638
-0.0020279369130678
-0.0230762276393061
-0.038712468794993
-0.123772878863888
-0.113472715864392
0.250135146878083
0.0734650513618446
0.0559986649757562
0.0469726675503099
-0.013601859283172
0.0544650815708259
-0.0392514744934473
0.0397358953702332
0.163574379193725
-0.0587354659274889
-0.0308970488802289
0.0396273610432924
0.0534826531985985
-0.0186546727204808
-0.137991263267459
0.279211744511378
-0.0533816700756424
0.0453199424009265
0.074567310855513
-0.00564172302360926
0.142559266970679
0.0598495392300455
-0.109451462881712
0.0465263966976458
-0.0376010035078833
-0.0966668827726015
0.187743460825222
0.00940589767759147
0.108601872588564
0.0229348716115823
0.13370697621951
0.170539864898727
0.00273487263702942
0.166567513180185
0.123464022990646
0.144007207308936
-0.0511061430259434
0.00361239947788324
0.160062963807913
0.0537125889260153
0.213804703392972
0.000810736178220771
0.205717279729887
0.101446543573328
0.010403810292792
0.213194517021555
0.228962899593494
0.061288157717982
-0.021475633884795
-0.00517733746131836
0.00500798175953858
0.112331546522247
-0.0124689958592576
0.145871067927618
0.0984146238889424
0.133012801335606
0.10287723318039
-0.00541131425640252
0.0922880419094839
0.103834507663191
0.0519957043869272
0.104369314583315
0.151989503433358
0.190431621018603
0.152592164824789
0.230196032791279
0.0873886140250066
0.265839986789415
-0.0385583913386715
0.137866802478172
0.218195371438281
0.036872522221702
0.151473427186561
0.0875829433991839
0.342845467792233
0.142585307831341
0.0916355606082024
0.225457935342507
0.115035133208838
0.187558199034002
0.225507257450561
0.192564960618725
0.124424420724574
0.172719960457133
-0.0152276133293209
0.301560597444257
0.120403075160385
0.204008628061174
0.233380975384965
-0.029519293435796
0.136298307861621
0.1851697956819
-0.061737961036706
0.00429697196973315
0.124355822408283
0.189611776981857
0.233745785692186
0.306442024045686
0.059150539497253
0.175615044025883
-0.0228647910693425
0.223984409631373
0.067538705717687
0.038970353054829
0.183968280380828
0.300537658517236
0.107133886628458
0.169823462889141
0.208720165396478
0.031089088030021
0.201786175322567
0.286979886556673
0.235240827956829
0.246454784082008
0.264796750592631
0.24519600457861
0.180979912645592
0.259697880998382
0.059492477688913
0.152308506143584
0.185273521282796
0.186220823205358
0.119199516996574
0.282364396353462
0.346692532386102
0.186519503464539
0.257644426458443
0.319759562455658
0.238115343848695
0.294754936191732
0.234431444882189
0.167230232666891
0.151313662581009
0.240845114560793
0.358114907732434
0.154731584277421
0.37216960742176
0.322323434655605
0.14860115068768
0.357654787476906
0.312907742782851
0.446898351997339
0.296857282908599
0.309027784177764
0.456301061438265
0.302227517767264
0.389495807464657
0.254081976761548
0.247333906308265
0.383526602347078
0.18442470069683
0.174010898680395
0.270327180488565
0.271372380868232
0.371090661863547
0.318696200437043
0.364892755639527
0.303414187099355
0.504026944286861
0.464053152818914
0.366742933415552
0.355621668646837
0.412764828025697
0.436190831515196
0.360139123244234
0.347512970216673
0.254310511217698
0.497289897973159
0.440324335540095
0.320833914999056
0.3145566815107
0.227880765020667
0.288407769361154
0.401475229830374
0.150065113592464
0.418245481092312
0.479659796939589
0.3249368180588
0.397290372890804
0.40105415492282
0.432360772239033
0.445234705607845
0.347909645442278
0.365986604974105
0.178758298113474
0.276037594272168
0.378322108375714
0.531693219489333
0.276490154795134
0.598748608906915
0.481180737865014
0.348727148727507
0.457994169425922
0.381015681141232
0.41858864165289
0.230620610408978
0.214432518178994
0.377650369576613
0.36222162943729
0.3466502317185
0.391084838697333
0.372734155474644
0.502541111015029
0.435736375364276
0.487285879413419
0.300268061186323
0.451425563129078
0.229470494541463
0.515714553234277
0.335161499917244
0.273403556405638
0.389869280315334
0.434058712358223
0.514133657365554
0.331455770424386
0.333304350089827
0.33626174828539
0.407003735721522
0.530920649102985
0.40993248901764
0.32348482661848
0.457183707483241
0.423543032611949
0.445904859700499
0.301791087567356
0.381768123614083
0.43507866109195
0.196800567334303
0.355480286642494
0.563355553481384
0.511000702638395
0.42609926017934
0.403548342451151
0.527552420316492
0.537386303498888
0.466110700184354
0.534565727932437
0.560755601727052
0.428028437886841
0.429119912346214
0.31020426196057
0.451120091422065
0.511545682481178
0.481148125072594
0.515680919609215
0.550056255597865
0.486978470187944
0.369445770443324
0.375786809257378
0.336233828223142
0.453600389113797
0.376808108296954
0.414917013754
0.455738788164869
0.684033228199485
0.629544456585042
0.513841088503599
0.453888935549825
0.613643486870774
0.462006313475779
0.631512288543427
0.520113641081843
0.330666624311123
0.48633718856476
0.51638628608091
0.479245155054686
0.694165578281078
0.376905820794315
0.445209459572771
0.507718687394393
0.389067847025416
0.459891275518599
0.490934596081513
0.531600958628813
0.660252232025166
0.609608694570188
0.462176924501785
0.661324653038682
0.509748251029076
0.731234296703098
0.619965424809541
0.561114239853171
0.586490234027192
0.582302708604271
0.565337161269474
0.694907841268717
0.52740377139139
0.499184941576203
0.560712755912817
0.579806352261418
0.475233536194724
0.542954805859126
0.493318126857489
0.592000772821624
0.615817016285071
0.636494096726681
0.599110488082292
0.601960584736225
0.636344324393929
0.54847738273678
0.623520358225446
0.615485352544639
0.483084755331308
0.488646106309764
0.611922339480718
0.750379729857105
0.579538561049933
0.513255755666076
0.581686548086559
0.791228421417941
0.571836495281788
0.679173553025446
0.600610599897339
0.588773295643088
0.622098057330535
0.766254383589208
0.633163781401296
0.569186189089765
0.801944574650189
0.611459415401029
0.681298347360139
0.614249613185602
0.828465439078413
0.667751133474792
0.622612003116919
0.626048241191834
0.684367093711683
0.632110865301975
0.531070120704928
0.54513567665939
0.563022802723053
0.746817486082895
0.575436881588971
0.578461505276711
0.607511290810136
0.698703247272364
0.787667545591821
0.815896843750044
0.58600760782379
0.727016357119128
0.649583818265017
0.570225283394305
0.745830329690105
0.739679467475721
0.685336819004284
0.779265676189133
0.669752967571563
0.742238317850965
0.63957206302457
0.713069179309925
0.584299189283567
0.747195474743754
0.676326855422197
0.537379821523245
0.586611168788604
0.721512634479237
0.653502137127613
0.574943469672321
0.797810535595058
0.752738296447662
0.739574859299729
0.735586102581442
0.613679393684564
0.594390450106076
0.695902378077054
0.655314839501909
0.600982788327332
0.674777610482666
0.709488700405896
0.792348622338545
0.704812952077608
0.717175821376518
0.589653161567828
0.859281525163888
0.698157223307268
0.82833820640094
0.622309538807319
0.839165217271851
0.569221261525119
0.67933432032144
0.753588825767769
0.772106226727391
0.719684039776689
0.745426062365223
0.563389833276994
0.704852590550947
0.822110716694072
0.889055120358751
0.672459135015336
0.784759325003724
0.85427299106791
0.673977273245668
0.796978549338184
0.78454406853861
0.603429286121898
0.726595076178027
0.717087488981823
0.939063207140622
0.803847849221855
0.798431518521229
0.756005143909375
0.829081890364978
0.778459125614746
0.632197387852302
0.804192493218875
0.723779564732133
0.888043887078319
0.769445225483077
0.665822569213031
0.723192399128324
1.01482208291844
0.730913805181255
0.853992326034892
0.755202553553631
0.921518683659402
0.947362597588169
0.655598321933912
0.734199106113818
0.725360334956671
0.777477255225298
0.794238672339157
0.81759574385724
0.768139988941366
0.887276655633811
0.866519598876131
0.866205991151457
0.705364650433724
0.914346892714481
0.823788453968486
0.870107161342389
0.87551306487382
0.92575858080168
0.819858613308206
0.779185114903141
0.945439150867
0.956774836426231
0.799529878948016
0.904376456387549
0.738466961960513
0.800942288768413
0.815103607159354
0.915016330526515
0.950309453100025
0.946988534234099
0.939809894020833
0.935207290457807
0.920785530470934
0.864180166250084
0.94704941781237
0.997330211159822
0.878557618564243
0.869605618520099
0.966976548234514
0.838360682381969
1.03330095978322
0.917019726921188
0.976363235049184
0.911812280839758
1.01142729027139
0.82999270400382
0.881659755536431
0.809537102709091
0.980153904945038
0.917470095018273
0.969106683676277
0.900906094579633
0.810196615518061
0.955859687442463
0.995773852406389
0.980571204693339
0.99505211178818
0.923412091450283
1.05759377117065
0.86223343550383
0.825469771410915
0.858392405329215
1.02957495893541
0.874532618641198
0.951114047493048
0.85774665363792
1.07820997031051
1.01327488989304
0.823137815244101
0.988211869021915
0.917371254877925
0.991737359512934
0.923549866805573
0.943784823664828
0.906572752910819
1.13244260278315
0.833002779172809
1.00308404359972
0.969381682709753
0.954849729322861
1.00046913515037
1.06241430348221
1.11251206554507
0.941372145058104
0.826438707204403
0.972723465334029
1.05578798527522
0.969100657858147
0.953731481119204
1.01489491428683
1.19118583064115
