0.0276104721694448
-1.02567876018066
-0.942462131954027
-1.04422164460137
-1.02884010261933
-1.06025969290033
-0.909161840940847
-0.999445882853119
-0.953491602883356
-1.0816074976819
-0.93135124229567
-1.01585117681495
-1.05011595106908
-0.815035030749824
-0.987818469217527
-0.997678541842524
-0.920016133808884
-0.87488056223884
-1.05704314278812
-1.06681085928241
-0.968697305743236
-0.918640468510284
-0.746077395985519
-1.02830119142907
-1.02142509488412
-1.03780394745318
-0.958091023600687
-1.03134846699242
-0.717160190453697
-0.923884808588916
-0.862583184685488
-1.05745494124843
-0.940793077409677
-1.06230189741429
-0.825798987212502
-0.991344859266692
-1.01538604606471
-0.96615645276736
-0.931760457864404
-0.899006600704674
-0.798549099586753
-0.759769135433925
-0.829313261722515
-0.957954101526097
-0.907980154654103
-0.980033704790105
-0.850489575148049
-0.857440443223459
-0.918794905332328
-0.86482026420922
-1.02436700822437
-0.970890639416687
-0.879571627715542
-0.79283384633358
-0.835572499658135
-0.932691562770162
-0.848116797777224
-0.932915283688942
-0.954664781490194
-0.956170275125689
-0.953919628978489
-0.823793400901033
-0.82982025392711
-0.816548035691328
-0.762307296458663
-0.879886509688571
-0.776558620801169
-0.862350598338429
-0.829108874989302
-0.880520471267263
-0.835238517972365
-0.85297953197783
-0.831863160969468
-0.870234529412525
-0.829962159468276
-0.938108884384554
-0.877519895543166
-0.822778090099614
-0.793332902511496
-0.710072837515156
-0.796897504445045
-0.823306839000393
-0.752245170978816
-0.81625268363445
-0.766937753834098
-0.729565713667643
-0.789666515227353
-0.93621961281772
-0.81003459094741
-0.821794212963181
-0.709684179353498
-0.854425938429379
-0.917476846642607
-0.829430089646662
-0.71370601948305
-0.881373954319454
-0.776051260458028
-0.769119008800776
-0.776955003842353
-0.819383474768959
-0.737612398277553
-0.760325535005093
-0.822999290860199
-0.814521042133313
-0.822688879082444
-0.77667870736897
-0.782775123131032
-0.662636227939356
-0.858483162797078
-0.766665386928596
-0.874848047497568
-0.898548640320044
-0.749265523095909
-0.912785612635728
-0.648418075844612
-0.847320223740526
-0.805206952272891
-0.783758882864278
-0.888331475862869
-0.716510469789596
-0.792903850363892
-0.853471056229061
-0.767783019174336
-0.695464968941151
-0.818268077281757
-0.746106531335511
-0.966046237021251
-0.740496845053456
-0.904724051454592
-0.704853843700422
-0.670729478533004
-0.647163432380388
-0.828438360770314
-0.772975193356794
-0.675269023928203
-0.932541333526721
-0.687230898217925
-0.644895626137792
-0.672575727322951
-0.725195185018614
-0.525052703698733
-0.619954470903943
-0.628551841500001
-0.634104483755346
-0.713860337850519
-0.662321048941154
-0.722400241820824
-0.906637530308837
-0.68752407166061
-0.698082622765782
-0.681036131011101
-0.682857640991082
-0.672871037698731
-0.750309480853962
-0.765849839170579
-0.657406546003173
-0.802843232363645
-0.594806759099224
-0.733838247256463
-0.788576372894614
-0.719224589053104
-0.742056719876562
-0.730448775002375
-0.796691431439661
-0.590960914944357
-0.566899587053404
-0.763979744458641
-0.709011566093708
-0.665972638222399
-0.634258346157785
-0.495937856105663
-0.562737154546611
-0.66966323275655
-0.598295711611008
-0.604764232627482
-0.673332817066412
-0.736989798361759
-0.684751725980401
-0.702806822576563
-0.584855889581971
-0.680950595612518
-0.644689028889148
-0.464044099113269
-0.675008179369363
-0.563129604379332
-0.628700710965487
-0.81337932065549
-0.638524164598794
-0.518070221480622
-0.702694102202454
-0.598251780345605
-0.710433477316534
-0.604357397382116
-0.668399795996735
-0.518976995951395
-0.609227515709976
-0.627780251699507
-0.528459007482712
-0.746011202853095
-0.536591967343457
-0.634693882556637
-0.595593562450788
-0.589006369463151
-0.615166863927432
-0.643319101908292
-0.556566941449397
-0.625880041272842
-0.598715709045698
-0.541960025140055
-0.562176882008699
-0.518249967882484
-0.663181352691659
-0.661520386155167
-0.589948464068875
-0.524206765179218
-0.624792465036663
-0.541496421508346
-0.399698681120205
-0.566311685257637
-0.503494943813172
-0.555443077403754
-0.521490987756912
-0.511181559317346
-0.402053017416275
-0.628551099608586
-0.529429689680604
-0.514396004043646
-0.699754428151601
-0.477544271079072
-0.574110396791902
-0.598614204178107
-0.605446713606915
-0.606018587361907
-0.690434470392755
-0.678067495906762
-0.473847115474581
-0.489108648702609
-0.545533379138697
-0.44440130712638
-0.414117197065658
-0.498714518420165
-0.674089310554249
-0.56055458019193
-0.577990415672272
-0.53210020000939
-0.480870745227094
-0.589656479407336
-0.573610948438974
-0.462710212750422
-0.372285825520608
-0.446239799775942
-0.317433999063975
-0.413601872714215
-0.640856899122012
-0.591657024787827
-0.464935854398885
-0.500247019264819
-0.42585988802047
-0.410013575475001
-0.528653110123332
-0.499849572877379
-0.443643752601961
-0.609661347943039
-0.371565809915258
-0.545382799778629
-0.491800921505127
-0.263007161439651
-0.448358872153718
-0.463885809682922
-0.535715186129845
-0.563717149434965
-0.529512991089672
-0.481829727665927
-0.540456624467422
-0.573205423164431
-0.352934605610854
-0.446990297483609
-0.501680593544826
-0.371057142648552
-0.320014905954135
-0.445672107828493
-0.395181270245966
-0.400912411944608
-0.451908044270639
-0.383983737552514
-0.504100963314713
-0.555096646302602
-0.414493062002703
-0.539492042403993
-0.374191918089335
-0.434267740781928
-0.304978656995975
-0.476928209744765
-0.465757865699155
-0.34943262510496
-0.371164174448342
-0.322135889387487
-0.386346711764511
-0.318214147317339
-0.430325853288435
-0.557993345598539
-0.359373835734368
-0.336010201039325
-0.425347173775152
-0.475077222688934
-0.28637103783993
-0.450091699119037
-0.348707056158044
-0.460748672048121
-0.338259930641365
-0.312481553606465
-0.411565863126677
-0.40690634466448
-0.381911747411585
-0.352833539916811
-0.417989636277154
-0.437752918033615
-0.383251057233283
-0.406205697993906
-0.337895968777694
-0.402163921641976
-0.234185496169185
-0.327781495097713
-0.43763311131843
-0.362083442157467
-0.524822842937949
-0.322914477179258
-0.430619744662123
-0.45116494754276
-0.461340901031764
-0.271598892121989
-0.327582020979481
-0.237276058607965
-0.441463991909584
-0.370800224125058
-0.226659773212702
-0.211395689309952
-0.307924453468684
-0.306521945155236
-0.337445651626218
-0.393256427444006
-0.463250122929115
-0.337842304140697
-0.345668408365216
-0.256342126840836
-0.324498099132012
-0.32145313789778
-0.208005137449579
-0.114982689178088
-0.297209683490308
-0.266870948686832
-0.196535175170544
-0.306277204575051
-0.387218073097262
-0.120084477236951
-0.294301681166424
-0.260478311844109
-0.278004169716309
-0.247573279452448
-0.290279376220249
-0.263123733832323
-0.27067585359576
-0.270688966112121
-0.313621135712354
-0.341994739912826
-0.300182637556904
-0.32250114027282
-0.26792952851525
-0.212075037820461
-0.32378953227799
-0.210720353096407
-0.12673569989381
-0.329883652914178
-0.290467166017683
-0.269785097785935
-0.202247289703237
-0.4170293115175
-0.0542285923894323
-0.194109986097311
-0.356236111538923
-0.256118799856859
-0.222700295002587
-0.330651640449519
-0.359899048523154
-0.31456444268835
-0.460909061203539
-0.237475723447522
-0.221734394775426
-0.33063421658775
-0.255642565725397
-0.126683609782687
-0.168851924846554
-0.276033319079084
-0.145080131342109
-0.165595686316687
-0.32266391705853
-0.208329470883947
-0.289216646541505
-0.0790654114866771
-0.329167002186972
-0.200535841585857
-0.261261959117259
-0.1574139212956
-0.175099986927917
-0.255466860429424
-0.213803588962702
-0.332474993626778
-0.00229628301115858
-0.283877421059996
-0.128269572102902
-0.296451362191198
-0.0552751625564656
-0.197228270853858
-0.0974529139034303
-0.118709780379033
-0.148379115028515
-0.18048608729975
-0.184525546327375
-0.180011474830289
0.0319205935222331
-0.166663575924128
-0.27381727778501
-0.10927305019018
-0.239641421215527
-0.00205522180430197
-0.231577233236574
-0.122240081165446
-0.263795061980952
-0.0132439711114094
-0.0731981012079793
-0.298466536046571
-0.0730324072277613
-0.0250840630987365
-0.105204977384228
-0.0878205759005447
-0.21730988260258
-0.280975130917185
-0.110485079628222
-0.179014320812069
-0.0907116015029927
-0.149973352286423
-0.221026187121385
-0.115031111159958
-0.12861258262174
-0.206394309540489
-0.147929466304687
-0.223125913111326
0.035812893217083
-0.233356045450653
-0.0423931532267172
-0.0579202433500971
0.0666778086819053
-0.15290901263286
-0.0296505373336764
-0.108700261869736
-0.0669546610254882
-0.167189787926938
-0.138016526330715
-0.0362566309754316
0.0318268813668525
0.0105537978809626
0.0389592425967801
-0.17186762549137
-0.0476622119333771
-0.121073647586997
-0.143573471301807
0.102986301269401
-0.11167308775307
-0.03789804189951
-0.0400571718716064
-0.108054657209673
-0.0980408780973222
0.0295465848081577
-0.14669872586226
-0.118030012340269
-0.112619518754848
-0.125229039360254
-0.0527618232774191
0.0415291125264568
-0.0023400850494576
-0.0200414154078186
-0.0761894382171354
-0.117920860602999
-0.0169183159668774
0.0306110430033753
-0.0171939619042007
0.0592408626035478
-0.0653250607781755
0.0471954273237657
-0.0231422975502673
-0.0597594672050768
-0.0452450208996164
-0.053659791253495
0.0181736054083977
0.0580748476546274
-0.0274237417123864
-0.0057142543992361
-0.131612488889725
-0.0220644735745873
-0.00636281474331938
0.175283961843818
0.0116253943690562
-0.142307521799302
-0.0239609762318586
0.0907299245733147
0.0330421918357477
0.0812751214700403
0.232610559491676
0.024273679773334
-0.0707036523864913
0.12503243271158
-0.0247481790396796
0.00861013129723272
0.0100178645400569
0.040201286727038
0.102706498312146
0.145201799763542
0.0874018404689427
-0.0415171748703302
0.114522610956092
0.126500590012189
0.0395905317933006
-0.0187270682362326
0.0593742970780316
0.240395392505151
0.032919476010415
0.148318496805172
0.0960465764922624
0.0865399287257991
0.0390483144553956
0.0574892915575492
0.0500041230581592
0.128118394783294
0.200793865371991
0.0507278332959996
0.217680798392763
0.0991215584812162
0.251126574846372
0.193053894311242
0.0925833429297192
0.0897173961943331
0.142636805442323
0.0446436712987002
0.0797284462680072
0.0559562832385655
0.144588293743084
0.0526592797861283
0.22049164403498
-0.00710325858329909
0.00911435230847101
0.109081128555155
0.088705472705696
0.185921518981323
0.0819156934333623
0.0991774651528251
0.243086303754127
0.094786113277043
0.0755108460264356
0.21175739108062
0.0869631733677821
0.072228289875701
0.0812678421179011
0.195262361776388
0.0417363882131984
0.179924202509756
0.15258274874324
0.157762072913437
0.175150318974218
0.170770458392687
0.164719721664252
0.187480277626336
0.290165911805029
0.0106521715796621
0.16704442724837
0.227735569363296
0.00514705094435919
0.167360812416663
0.163263472569373
0.261500868548937
0.00367023225840865
0.118630473277115
0.0810476424613053
0.248135761467015
0.0972032168583236
0.200329272417075
0.293304432056625
0.147732136754586
0.127381861477002
0.183775501568397
0.269970815720853
0.228650819771998
0.178976337515586
0.292403523458441
0.236547940289764
0.154648966837019
0.190132410291318
0.184544752329918
0.158645348082107
0.279074140709058
0.257996256628702
0.246013082643161
0.213680305355776
0.228285588255006
0.236736624455467
0.13969219950873
0.231770833057525
0.238462265075834
0.175209980792344
0.214387860326259
0.188501579174007
0.210904363344144
0.265596009598177
0.13098913707728
0.143543576637672
0.250052210709474
0.171726263131739
-0.00952650686613902
0.0611034275186119
0.115100781688577
0.443587009603797
0.321185545991252
0.125358864451957
0.0748672327815818
0.300365321866144
0.372293020100829
0.386844276753998
0.220303031144467
0.170193664573637
0.418596515323578
0.328535298951816
0.35759809276674
0.340370965917392
0.196204542494173
0.358599461414599
0.231411334948857
0.23055261484528
0.194329863077836
0.306550761858003
0.178675896397169
0.478589865501445
0.38541472059852
0.0789295043606004
0.248812483773122
0.325993353433001
0.229742964346801
0.311882098328563
0.183816710477858
0.243034973979067
0.244855910832401
0.311283637287997
0.319089352553866
0.367814633082424
0.345730921242417
0.294761655366863
0.307247309225901
0.436184531425096
0.341679833418681
0.350567869765297
0.280353768434368
0.295043950691753
0.20123350006278
0.399343474139223
0.41661539298545
0.377621853142442
0.518796374618443
0.227160717846491
0.210373433855443
0.336314396605453
0.265992198634696
0.274953322751005
0.304348181187637
0.293186086644572
0.367158630412923
0.477252627748013
0.183531551605115
0.414275735580949
0.269286602924745
0.391686696901396
0.387465410502745
0.386736821808816
0.294989519363884
0.188738624068615
0.304093938845704
0.440853556518331
0.412921821494241
0.289145051608213
0.401109719089324
0.339235139872876
0.462116554153987
0.452383226487406
0.332671458238704
0.255542191230717
0.384199009465013
0.355181491143318
0.307560728824385
0.444370046903692
0.24709745221666
0.369368691795854
0.250362101055608
0.415342522138362
0.436034251942708
0.613803215028373
0.324086845565248
0.396841851058349
0.431169447437877
0.461209093776762
0.452062819513068
0.427392248424783
0.360883110634849
0.202307648519012
0.345112762637107
0.397640565866721
0.461913761924235
0.339964678602647
0.451342374433358
0.511149759496363
0.282271597474836
0.372357498925766
0.394152743376389
0.499744230032044
0.479147449310594
0.479872113000085
0.428566785477309
0.44579201228034
0.548827292844952
0.420808578649518
0.416923340872352
0.364482092230788
0.522971257414932
0.453313310271752
0.38810566677486
0.381535579069628
0.557155472158795
0.512474344979893
0.481588018024741
0.426864148487552
0.455318792360984
0.378434035990728
0.390838208870737
0.538259711685178
0.481136488305862
0.380164050450359
0.540971505950958
0.555626998422315
0.601806393761481
0.530995352038585
0.42191024315119
0.461913155352802
0.576796332457949
0.529979403830119
0.670158161778663
0.433183462594523
0.435509274096739
0.450861967105015
0.447224042281667
0.545251398369994
0.490792662315019
0.526627976746387
0.553354597890448
0.544821407698204
0.497471981597944
0.604884240162542
0.626820093237209
0.56747684123308
0.537062918731375
0.547472705065881
0.502598745490493
0.691729450719124
0.454218965391609
0.491758217390574
0.323477745651235
0.500138351302901
0.599722389267331
0.727680113034673
0.468001074394808
0.507259239020639
0.542397343097085
0.674216894108936
0.439749336256523
0.566272717072227
0.63662073537461
0.676354812209947
0.523189416516677
0.507003841851149
0.474825524045316
0.772972780563064
0.561481105403827
0.474728517523695
0.564101512338044
0.518950017153718
0.529372807296585
0.498337529784822
0.564754954631652
0.613144096530904
0.575147140139652
0.564619119279023
0.687766025075207
0.581545588535413
0.55199436794495
0.711659266998413
0.682282942563123
0.688061405434594
0.656378631806414
0.629680646231979
0.650935078785068
0.539575494317321
0.62986248683145
0.561837480173335
0.444202160701133
0.618110995642262
0.67249882749085
0.697058301936696
0.729045388830922
0.581357736335736
0.697454900064042
0.63113773166748
0.56142208859194
0.768758687404728
0.65933299409089
0.616890053321285
0.643910055459197
0.728801222891823
0.783039642854913
0.612700421112275
0.6036871249165
0.649041339195645
0.575675886484232
0.760092291159021
0.671594246256936
0.649681389383148
0.627708095182445
0.67821799457893
0.668671232926288
0.756277445313886
0.753577246431358
0.643056879838705
0.70659817579479
0.654362355308473
0.575725766863231
0.679743292312954
0.586799503190081
0.669831974117883
0.590031896652486
0.726932235003898
0.738010335012599
0.832934405228121
0.70291926727353
0.686661590333991
0.707378976498639
0.711180473473349
0.752550091624204
0.468636368462179
0.864690279427576
0.731020699382757
0.659613396059795
0.52261064156537
0.708069688636477
0.684838008674171
0.722462810545038
0.741818383780519
0.708763520513937
0.798004667023169
0.688915904422177
0.728392560370877
0.783884751700972
0.647748684125568
0.544181625142607
0.799774356491965
0.736392568568491
0.669715855087708
0.857916053986406
0.727887748375773
0.809069241435421
0.832498527745341
0.801878715300978
0.753765279806028
0.748963850033799
0.921381755451035
0.541141285589747
0.783404464674709
0.834092420265341
0.894415445750086
0.894080662133691
0.769853828997963
0.700683982531073
0.679574023144626
0.77966746812412
0.753139742579397
0.700792299248126
0.737150645896159
0.888257389756233
0.750574053570487
0.70484179108468
0.929215520000542
0.528761852770538
0.817843384749056
0.788123275424966
0.801256394894527
0.988949980156419
0.777951803632164
0.739396728643011
0.959069514623666
0.839476122252772
0.846383143228545
0.876804715584795
0.971562933435449
0.684835233266824
0.865262717443323
0.672215174411396
0.938258521487445
0.908613498940472
0.842687577092623
0.87147994223498
0.863017070197863
0.695737453203499
0.668190156185268
0.945704037190079
0.952310802980261
0.765450971003764
0.787427333439448
0.560104475368202
0.934773128859299
0.756809220787206
0.756719835192836
0.76467094617006
0.824323343480916
0.807836963181411
0.771736733028315
0.826992922812519
0.868458189740074
0.877060584767012
0.814089782328056
0.95630230491031
0.88815208845644
0.891440587537775
0.849332409234813
0.743887381630396
0.994154147550004
0.990405367826513
0.918424129071331
0.801378321041405
0.788107760869048
0.768004439927535
0.938962078229338
0.873237051122656
0.918972476832497
0.855464358377254
0.994258719750775
1.04063334534087
0.933663777789954
0.905276035018
0.980418782324676
0.925449905969598
0.812301865155014
1.04147864103393
0.937999248565651
0.959415829297449
0.815531120466815
0.872349743871798
0.938607296688521
0.757078703878441
0.943650265014509
0.857827401550763
0.879619796446144
1.08777165863352
1.08074198929451
0.697019704678904
1.03219558391775
1.06996066627802
0.743190016955117
1.01645586114327
1.07033215849634
0.905622491261672
0.994443606616591
0.914184713910724
0.859187255272485
0.775770757874219
1.05164548907508
1.03471784132051
0.866858390722005
1.02028589583107
1.0049306468383
0.900543643232935
0.989005290689934
0.896494574829456
1.027758162713
0.829023090362432
0.918721370369799
1.02240354378261
0.930831335909137
0.913364756568727
0.984082956620292
1.02221597604716
0.89511566544119
1.01518963595744
0.781206918188548
0.879551683873979
1.05238435964354
1.11274754123084
0.991949265416456
0.855057239105113
