-0.191039021087167
-1.0556887320937
-0.965444643199541
-0.976565663939952
-0.939077930614477
-0.886367779005039
-1.05356982668811
-1.09464453918369
-0.969385681976268
-0.999629661755351
-1.11228650260466
-1.07761687417289
-0.990467002977489
-1.06494632774465
-0.896300664269788
-1.04043758015224
-0.976552818105993
-0.995835076248927
-1.03438827421351
-0.880079950092999
-0.881657000359047
-1.07940304888638
-0.934022923274462
-0.984055802331092
-0.851057527233412
-0.970395339528963
-1.01852698079762
-0.936078422277646
-1.00136518697135
-0.939077290959591
-0.941348987263503
-0.990165553290202
-1.0836804084178
-0.999541337881281
-0.941701347425873
-0.974473755678434
-0.911236222341235
-0.912851235110451
-0.959983926041391
-1.02242588229306
-0.898733490066061
-0.990819011005995
-0.829046234607547
-0.859355549628336
-0.843793933075077
-1.05477867612349
-0.801924195136335
-0.982823078749633
-0.944963173595018
-0.786936551396712
-0.837273653313311
-0.944234233692511
-0.844528789232116
-0.911706055286775
-0.736139436679269
-0.985462172863546
-0.985380384744993
-0.863803907272644
-0.950889398284817
-0.924822842960685
-0.917930005457239
-0.930799761881225
-0.844763418337731
-0.878226408256506
-0.753585818676019
-0.899719703342616
-0.871481174753571
-0.762938907350244
-0.895054094063106
-0.881573880139471
-0.887338765516779
-0.834297005045506
-0.840506186312392
-1.02750148643309
-0.901008043541824
-0.930500026089255
-0.827462209705537
-1.02433177525986
-0.833972149578372
-0.985383341095341
-0.764633921563784
-0.804167427046611
-0.863352285431144
-0.902363052461836
-0.851067630362418
-0.749381817559769
-0.903007156179377
-0.80339137642696
-0.926484188933001
-0.856845593789418
-0.936629693584282
-0.875327964100146
-0.793074426539294
-0.902272714850522
-0.668379145925277
-0.805706896270401
-0.672726787450925
-0.860846373691228
-0.869665868103233
-0.789689362788906
-0.610161812966218
-0.844231951439505
-0.764907186948589
-0.785037301600143
-0.698871641232256
-0.885222542258659
-0.720348031981101
-0.873971463735573
-0.703700422559474
-0.872301370518558
-0.556171265514118
-0.661777104744404
-0.692983409690891
-0.869904491404195
-0.720010823218901
-0.785589033357572
-0.770607313676973
-0.859295735153822
-0.731232500744227
-0.884571799327885
-0.862195848246779
-0.743056766245282
-0.65933227999672
-0.830728595116536
-0.689968960054305
-0.639515182098487
-0.873733577666826
-0.76071588391358
-0.734265366930884
-0.904818490556268
-0.768733157397778
-0.844182758565879
-0.778633238380139
-0.749685012783785
-0.771173645969483
-0.779806355402689
-0.728915783445086
-0.737536046614433
-0.701296921321145
-0.603761269143074
-0.820729650845091
-0.582114039291597
-0.682608540442854
-0.751733580447301
-0.700050388478997
-0.705818530431429
-0.71620903895124
-0.652953728145658
-0.758447009682125
-0.536314570764915
-0.618457073521701
-0.66952805534825
-0.708718676841603
-0.692288896555302
-0.579197398256021
-0.695099597896223
-0.67287844574503
-0.529418798167264
-0.878112645519014
-0.652161441276972
-0.637338589774803
-0.6366682120758
-0.734143817072215
-0.548379784272294
-0.671596117997293
-0.674120962014557
-0.519320343587904
-0.613691893310375
-0.523831130947857
-0.574076639592046
-0.720733241544163
-0.749446519048435
-0.69915677718184
-0.675150532753698
-0.484995725264812
-0.588375633078418
-0.768191128706133
-0.725356061381355
-0.710513786077958
-0.639646400786767
-0.640230999817956
-0.692028179282999
-0.60495806841751
-0.593646882384865
-0.608280953301944
-0.612615395805772
-0.658817694892386
-0.623042597250861
-0.614049108480371
-0.787616924886912
-0.589983369877343
-0.521789573324923
-0.722860044524958
-0.676974013799354
-0.663628369315074
-0.595642632902648
-0.482657604538025
-0.648493886437715
-0.509059013309015
-0.644675713613621
-0.520039381261574
-0.699318080117805
-0.493070771624209
-0.593336282603015
-0.527249971086119
-0.456578283524353
-0.623487136240987
-0.598707954580537
-0.694166340055875
-0.608825501476805
-0.430229476615049
-0.580829012592909
-0.591491939095189
-0.409939305501824
-0.471966957142157
-0.487178470397908
-0.688573282428836
-0.561417159332398
-0.587358038013272
-0.677839464751545
-0.527863804163914
-0.482572682970773
-0.478274511361095
-0.607451869071594
-0.448806486488911
-0.418736088113034
-0.690666789409899
-0.593406103520236
-0.651946028432151
-0.50666948687505
-0.423992865402993
-0.625349543909462
-0.540041911934384
-0.536016017299512
-0.456391697718883
-0.581882383202433
-0.45732439050325
-0.482217220568997
-0.458954041838256
-0.455722383200389
-0.649115338467059
-0.415459504573967
-0.413503275100621
-0.490296803977293
-0.376000500463148
-0.586275007023749
-0.399515032583464
-0.427080247604446
-0.674110746822975
-0.41696626613222
-0.632002605148192
-0.442862665920248
-0.347526282292325
-0.474052159189095
-0.510730912665626
-0.499109449129197
-0.54033931030767
-0.441162255505036
-0.536850620113311
-0.476010544704597
-0.42552372456492
-0.655229272678916
-0.463204726280141
-0.450587062316467
-0.430022292343132
-0.407062807514338
-0.436957605093365
-0.55127582759396
-0.44489902483135
-0.61737378889882
-0.372969740333288
-0.420352883510678
-0.547745638954379
-0.535850787985811
-0.489444112627975
-0.528525584260818
-0.473397965529606
-0.397821481669879
-0.303056651083614
-0.323788141095162
-0.538672762841207
-0.428271699789963
-0.486353363983261
-0.479560352378324
-0.530913669243171
-0.376663877344498
-0.580918125392782
-0.405706483866551
-0.499568492590214
-0.341686247819045
-0.526437945032467
-0.392436518304745
-0.343238151107972
-0.420184330607452
-0.461441640572677
-0.427206276365397
-0.346312039876902
-0.260607136917942
-0.364690639894793
-0.370883013763333
-0.394691890342456
-0.444863657624998
-0.391161326300611
-0.322650669564692
-0.455754578746367
-0.404448055275881
-0.498938846864114
-0.433983791637537
-0.367138359261667
-0.429365341094483
-0.376839882185258
-0.266690077100484
-0.313337237357789
-0.325441440073924
-0.38792219589274
-0.3553575025663
-0.371524960644663
-0.387084583384855
-0.379856849265973
-0.442311949089267
-0.275080295330958
-0.387467359850895
-0.279764838673281
-0.212064348630273
-0.35055269978904
-0.561846697508209
-0.427200706688751
-0.564794622200154
-0.384855738616949
-0.299757160299327
-0.404321752925866
-0.32293380064915
-0.328200361236113
-0.289050646590029
-0.36152072247048
-0.408720739176235
-0.289572304243364
-0.43104805662397
-0.363581197757583
-0.363906487058155
-0.360072603430912
-0.222786689431435
-0.190752489654625
-0.297917212270782
-0.357202810922101
-0.39681827434165
-0.389748465348843
-0.447869586535152
-0.392305193079005
-0.211847977669241
-0.346780490853185
-0.409476877528632
0.0896298092991203
-0.267631808675206
-0.197149144920377
-0.292376822230345
-0.315558819519482
-0.150144075234235
-0.133775439475234
-0.218370618745074
-0.266394624750658
-0.327180628170558
-0.334823058132915
-0.236861720761814
-0.288048135517302
-0.160141993979594
-0.165940594255549
-0.208729554873246
-0.30328113642579
-0.250009355869634
-0.256514054547003
-0.185634123701654
-0.219307151226428
-0.270588342306648
-0.00935257298281801
-0.231565489186168
-0.129163482447619
-0.293265941842895
-0.346130611233344
-0.177721026075652
-0.17154142594701
-0.335059104308468
-0.198011850064955
-0.177887930472407
-0.312026058329164
-0.0880296196379983
-0.508675239251683
-0.148927116175768
-0.27006728161702
-0.222770230801576
-0.301369518518636
-0.248563712887482
-0.100057743197622
-0.347512500437371
-0.224830275593436
-0.315832378216956
-0.257062634305686
-0.238237450662892
-0.127161130595386
-0.0365616073891547
-0.208499990009813
-0.330655081212839
-0.145977384039021
-0.0277707827421525
-0.286318023713798
-0.126561421080914
-0.128683042459386
-0.151314496161888
-0.190036820328039
-0.183377309041101
-0.171463188395495
-0.288700387525127
-0.286597691903305
-0.17743998678131
-0.119780044876602
-0.135047266357539
-0.267186607734255
-0.129900685230231
-0.146402415340872
-0.0541244880416067
-0.172070561424244
-0.139777300393188
-0.183757588856696
-0.111221743130805
-0.311028875960188
-0.213734892961851
-0.32378153963783
-0.085595470359282
-0.110907766067261
-0.276831264368159
-0.113623331531522
-0.164672337273342
-0.184872656519525
-0.285822170618094
-0.151124179474243
-0.112244281088189
-0.127514657879918
-0.214850416095496
-0.0350441638086394
-0.164996217006642
-0.120314317813279
-0.063756500693407
-0.135674180274385
-0.234303402068388
-0.0906644505402867
-0.0570018010735856
-0.364212363896413
-0.12181443855965
-0.205369516688231
-0.144150467405327
-0.187602833796529
-0.119373137037999
-0.135241678614831
-0.158672922993379
0.0307083018265323
-0.203425963392744
-0.0699551801167419
-0.102878170207631
-0.0088747615279937
0.0221215825439853
-0.104848775642985
-0.0172936029627008
-0.0613996663638284
-0.172132734544614
-0.117217809891532
-0.0469333991419795
0.14818106002859
0.136812003012049
-0.135494845983188
-0.0751754205640389
-0.114201911417078
0.0133988408270898
0.101707147679169
-0.0701497433706572
0.0267073835349555
-0.0938436525197426
-0.215487823290667
0.184883203175727
0.00992938392357205
-0.0399303861596302
0.000329912864561929
-0.0637065061943141
0.0656609634873488
-0.0553132187942406
-0.0607322818862137
-0.0487303089352303
0.0249844840291331
-0.0993989348967848
-0.0618402930473482
0.138645730810963
-0.0550230722120251
0.0764165038702927
0.0231151534191066
0.077089024994079
-0.0430631947438436
0.102367503915808
-0.105086584448581
0.0889074456073557
0.00447477302691938
-0.208815705931261
0.118684411725596
0.036121092097385
-0.0129296392376176
-0.0458581549207335
-0.00894860252180329
0.0622271222742515
0.0528728354703719
0.0507707418873084
-0.0264621948801218
-0.145917756115957
-0.0488742197853629
-0.027800245978692
0.111233148064682
0.0239155144207501
0.107463650354068
-0.128073693496086
0.100802760492494
0.193690357752925
0.0814588397155726
0.0722570368275641
-0.0126406185485781
-0.193616845791357
0.179815496698122
0.022323460853816
0.114088935644472
0.133452134969118
0.0854501023885807
-0.0327331551616476
0.100824501661612
-0.0723403956837181
0.148108523651241
0.0487051205664885
0.143815398122725
0.111878209642498
-0.0052975658451834
0.059712617884001
0.0282535162388991
0.152744616309551
0.020929498000197
-0.00997059016504215
0.0345570016552808
0.0199213267979251
0.181287683508139
-0.00790278484068339
-0.016924786599333
0.22355901869044
0.118370813417146
0.12387016234846
0.0643975759773492
0.128893882882819
0.113834968205402
0.140002455511227
-0.0808542581356467
0.208310559899311
0.0985754613157304
0.21380718376701
0.0799554687362265
0.247262051154461
0.110631565780294
0.0437567004226913
0.0693916942780546
0.124308661066138
0.203543328383012
0.0712289173071571
0.0388985658976769
0.0572156754911742
0.0922972744473014
0.15386719131181
0.0433848162900241
0.168870673244065
0.143438877368157
0.265695049316726
0.113313466784008
-0.050034015744288
0.0712273184324581
0.0926495871432941
0.110626751791663
0.257463751960025
0.217788842467023
0.206384074708893
0.046611972411634
0.234163589191625
0.234408910066487
0.2058276027173
0.0217292371940595
0.268998357250981
0.132585045803601
0.0891859445699852
0.0711435867754096
0.276670244528568
0.143910054173785
0.112153278432669
0.219205799987767
0.246643102521508
0.263900252604609
0.191994982952519
0.0795611302587004
0.348263026135795
0.224630272817238
0.300142132953956
0.07077202778278
0.174937238955731
0.1130623412479
0.0727711533910515
0.362930393240242
0.202236021394383
0.298899042903843
0.14572004696265
0.247600811013498
0.169762097773962
0.218860111986022
0.0735555784295813
0.127829743989878
0.202392977525576
0.393598365816037
0.153745052816874
0.234602382404977
0.238509768150406
0.208842423139521
0.198114055569207
0.0727640206709275
0.233240979106918
0.293123741331679
0.354136034661376
0.143996022367757
0.245027250324614
0.36931744097187
0.215017741366543
0.24462069476326
0.366026180507265
0.28384355020329
0.271102013044238
0.225304844714401
0.28826630808334
0.225942104802923
0.345227878500515
0.152425457994453
0.217929753512101
0.36193591536586
0.204877772453463
0.480284595053651
0.297230754861465
0.335334529468217
0.365425764708651
0.537967212619602
0.202569456168889
0.323004273260831
0.229711066238739
0.238916869299027
0.359093556752864
0.278496416515518
0.309990697302683
0.336035418115352
0.255797462016117
0.219889926435708
0.408205360683399
0.293191634325014
0.403998166839243
0.382096049986212
0.316375669416649
0.348515051968802
0.207271984100665
0.391488709401587
0.301924914541654
0.316828356877522
0.475276592966377
0.325821948168845
0.304036312624985
0.241799612514892
0.366069014117228
0.45369441159817
0.288337256694226
0.19503432035393
0.372131930746443
0.375676973603371
0.370636180846685
0.28962503307918
0.24737552456593
0.223122464866248
0.390614313060955
0.357870282873142
0.284318845993379
0.350082898246216
0.435137822339774
0.276830120045576
0.332957572821698
0.390198134298381
0.221171651239745
0.405118668775867
0.351425151507148
0.321710940515272
0.196732838591145
0.307991423512289
0.371779981433215
0.392828770320974
0.252367320668072
0.480568171332502
0.417435573911867
0.332697105782871
0.330970588900754
0.4637636534132
0.366992277441192
0.488081065382494
0.445131130989588
0.554298866296155
0.426374966929401
0.475372472781273
0.453658823551651
0.448141294710492
0.197451533154128
0.429504779754051
0.368467741171042
0.360436368197519
0.436508263142577
0.552068369697268
0.564920116980688
0.343805590596894
0.379814631209159
0.332445812036249
0.505902221966114
0.524174096671971
0.460528614695183
0.420874524597626
0.575645224338251
0.378669260118234
0.379031335264798
0.443058175447874
0.289115329892821
0.384697039190097
0.434686983425334
0.319187768174111
0.50114837226914
0.474120920732409
0.51877473787249
0.344442607851119
0.443382749266878
0.30652361993981
0.414685502606869
0.461752780065181
0.570504784576852
0.42386974639932
0.589068613879647
0.432514248705052
0.579871203338716
0.509579251394528
0.46392279900883
0.39674193149725
0.589944269887265
0.517792899129788
0.46738837648737
0.435165557734408
0.542130949100861
0.586862085164687
0.557208713003135
0.448582913961654
0.39815796115493
0.570100462254652
0.696296147157524
0.586813164504075
0.474265829435877
0.595717610289829
0.666185157368533
0.580989271705668
0.463583061895427
0.531446936765016
0.456266042269782
0.568788392900317
0.533481043328992
0.5607327677934
0.54486484746597
0.558221397809923
0.620365852449738
0.538067835471637
0.404919560563281
0.605346140419631
0.474583134706401
0.377464645846206
0.717948005147989
0.531048613368164
0.606003654164306
0.682603340240034
0.518644974835573
0.646612330731557
0.4434171488858
0.671593260241108
0.685350070618619
0.646121895794999
0.670742605187855
0.52546734753149
0.599401690702758
0.483854968587783
0.568745921481402
0.596216819435934
0.600222238287879
0.525336536638808
0.586788806989337
0.569539758368451
0.610280978364884
0.537595292534596
0.550614725664126
0.525224042592498
0.546195197165329
0.607439131640227
0.577679869325333
0.506105912440274
0.6933395234723
0.617080626297723
0.487587056635807
0.524661078690493
0.655618769420768
0.578436314036945
0.691518708007984
0.500567085718086
0.687556757368645
0.640964209717678
0.610834826122799
0.690536877504157
0.719506335244536
0.594464245362942
0.674449612515859
0.531359996121142
0.587101061829104
0.683688853020223
0.628998517032898
0.525202056951089
0.721946885405648
0.599803010606141
0.721828055554338
0.631156958518285
0.69590682579373
0.561484958088003
0.693741555033304
0.829635924167578
0.915352347308531
0.669688064339009
0.789310992428392
0.700040724088224
0.621989098628171
0.725295588741972
0.587439836541178
0.698784379235632
0.771654573884338
0.652466040293458
0.708830680236205
0.605528827075782
0.698489216292983
0.751132971258005
0.603858533631097
0.843344070018898
0.600145573596004
0.683331351892451
0.760073971333959
0.682511842770253
0.684923644953189
0.60760204264016
0.670872551598811
0.787422968694344
0.621668470455684
0.832955426653013
0.668865622768597
0.559450950974746
0.551175844589065
0.709086737599755
0.712817692307223
0.570840284123607
0.803330043693629
0.800634325603143
0.810920240000641
0.626410267576369
0.712435723475796
0.606776503503694
0.641737874929786
0.835412070418347
0.66767326778841
0.701419540015213
0.880343232570765
0.658355267663634
0.708249763485493
0.734769999016343
0.796325943248978
0.826810603259652
0.877314088459255
0.795507946316232
0.679055330019043
0.958999233764369
0.69918068639717
0.710177593592073
0.789071055031809
0.860469245941817
0.718493489934405
0.812150784898966
0.970971090305708
0.792369245631633
0.76208177886785
0.816224111275278
0.92031617300604
0.64975132461276
0.83259208017226
0.737690065357158
0.836788605238159
0.824536623616689
0.837803609993389
0.84479211891568
0.875797588372018
0.854534013371501
0.966143510148525
0.934256620299164
0.868286440556936
0.74990414017652
0.877723228218056
0.910546095848917
0.99557628769037
0.881192836013634
0.776054952837634
0.914062825902889
0.94382808154375
0.700876783387758
0.772104882838338
0.760583450859235
0.799338028470857
0.893850893833155
0.907827169894845
0.925127211986501
0.938396613983596
0.886229209135139
0.760292651871985
0.783474109384631
0.806106500712362
0.89270411485193
0.807121193108766
0.91716076130488
0.820936773201767
0.8060301240497
0.910103794202086
0.979689667889555
0.971940854304266
0.949184853711682
0.814652640494379
0.836840979624984
0.986685440300583
0.842322469445321
0.969408662435672
0.883116161406329
0.955313479635152
0.82284572636253
0.964346583724203
0.918480570121789
0.810005711069442
0.888292407665256
0.816386785759298
0.765881083228686
0.897666415863176
0.81390048941785
0.870388465409578
0.848282343349824
1.01953175500249
0.924991207828304
0.992766000792812
0.892177475008759
0.898721396975084
1.08743805012836
0.99717827658642
0.983654894804978
0.955568212737047
1.0374165633981
0.876811866550638
0.974783070884352
0.985129238159543
0.778644431248221
0.956002647068255
0.921880627862766
0.92877805021947
0.961064335088452
0.932396395551884
1.00760309378354
1.04265827689275
0.954788560454361
0.947651077633296
0.863676947341008
1.02903155931053
0.945638586015586
1.06312343969034
0.787520585432632
0.94577564352094
0.895783899709917
0.947482439698297
0.88364489374278
0.969622903491028
0.974894961988194
0.929073217640113
1.04511369083276
0.807239805286295
1.02312891269681
1.03971573903017
1.01832668423821
1.03603047056639
1.17458976560062
1.09261543136851
0.868868697338261
0.98871156266757
0.965248677985678
