-0.0986339837618321
-0.989809578011375
-1.01328249296667
-1.08251177939393
-1.04071426996524
-0.968355232232212
-1.03020781868326
-0.992755849967411
-0.924827992826785
-0.975992131268914
-0.847660560111745
-0.913758784521622
-0.9812913398214
-0.973553666762554
-1.06777805038503
-0.972435068627758
-0.903537720045599
-1.00440289938917
-1.03933975117004
-1.01416040852895
-1.1157196714922
-0.956278757575278
-0.935913384394611
-0.97596143192822
-0.869428021022528
-0.961447528522898
-0.907807325191011
-0.958037684041816
-0.930899790475527
-0.948088737901267
-0.974049877562447
-0.963708010956561
-0.855905731932807
-0.889840108593945
-0.932447769636563
-1.02422051200246
-0.968599975192447
-0.848203696572095
-1.07442840948576
-0.858881904601994
-0.940825901510391
-0.856140552787176
-0.839772773570061
-0.728285477062327
-0.790899478030847
-0.834396915620893
-0.786021837226796
-1.00085441748561
-0.961591619215447
-0.952774916117736
-0.802308966151966
-0.92129228572051
-0.97592681163162
-0.861770982365704
-0.917997728784339
-0.875505621310839
-0.806084584796784
-0.830986924745993
-0.943724596000706
-0.911827781536626
-0.87984529284683
-0.891959024815665
-0.784436179948574
-0.751340811445508
-0.86389318310796
-0.851319601441403
-0.934803656584922
-0.714980262256987
-0.997499245051567
-0.762936828403118
-0.89880701474336
-0.87822698298403
-0.933899396125957
-0.802645426310004
-0.896364993810098
-0.915437859347211
-0.688457257121746
-0.859107118164732
-0.755843755374954
-0.999516393655442
-0.820165172101264
-0.88111242902992
-1.00101743426552
-0.774386910887771
-0.856976288887288
-0.717930340669276
-0.850445898730915
-0.872140280591776
-0.703183936955791
-0.786750860006325
-0.778450854594396
-0.894829183549531
-0.682968006861633
-0.798774140988977
-0.807690170059136
-0.807957204512409
-0.794453569931935
-0.778472663942284
-0.780010964503871
-0.762197523678191
-0.84249740067091
-0.869329810519957
-0.643398440488115
-0.794898237832541
-0.838078642417359
-0.586308595543678
-0.781382464079823
-0.704500572009589
-0.765434895653309
-0.746108643944903
-0.866208818039069
-0.634687164977001
-0.70937873343154
-0.981176671122167
-0.614375100808389
-0.775819487459321
-0.811524900510069
-0.851401366001962
-0.838638399557467
-0.880360694974482
-0.810827362577234
-0.817311544566038
-0.875822526133627
-0.666748106051379
-0.660625821448782
-0.763321478954524
-0.694050580541295
-0.777349142413597
-0.67908651162168
-0.791225336154069
-0.830949219006328
-0.652612083669215
-0.829800498379003
-0.613943081471305
-0.716374194249577
-0.735539907801255
-0.758418302549157
-0.722326053032876
-0.779211201232288
-0.747963485474488
-0.492139057728627
-0.732888931845024
-0.59608816028121
-0.867772984172732
-0.731465107342735
-0.570934313142949
-0.74095528015071
-0.695776255872608
-0.819684625370658
-0.702077443331085
-0.555598944019843
-0.529995380442959
-0.680738964216666
-0.782271260644418
-0.673480005153253
-0.636610012949055
-0.703072936363837
-0.606495248400183
-0.687242255746817
-0.675640924826412
-0.413988297380274
-0.654697375243258
-0.663543664254896
-0.619205057420399
-0.669420380336629
-0.598310677231116
-0.589480574007925
-0.621777431413585
-0.555176102809898
-0.795644509581697
-0.729576221446767
-0.698794489202318
-0.555439775140329
-0.796450250777412
-0.695689169308808
-0.656971181234368
-0.656829569739733
-0.663492392897429
-0.7631583962662
-0.750387511572231
-0.54909456464125
-0.503440824324132
-0.627734973502583
-0.631587434786765
-0.544591130059923
-0.5640169259053
-0.578627532188597
-0.669831621207703
-0.587917121064244
-0.795305111401754
-0.626094612668801
-0.523690569209914
-0.619634819004437
-0.696908095906211
-0.679743202362747
-0.729159650687746
-0.609646239057155
-0.63097001317371
-0.863366401956579
-0.718713391628012
-0.633620547088272
-0.596142056279065
-0.607889996459738
-0.472905248227245
-0.659079165230485
-0.435501947865893
-0.594508649505005
-0.586882416645623
-0.558079921592442
-0.619879522814788
-0.547375236630674
-0.55031201053172
-0.441056289587195
-0.540399122957999
-0.567319188953452
-0.712025718418873
-0.607037737066126
-0.599146962259028
-0.684576136240527
-0.578164157634904
-0.628422556313693
-0.529672693067242
-0.664190122439689
-0.34466228302656
-0.616504355827178
-0.687489554734022
-0.452774447008802
-0.724892461554101
-0.501515543408841
-0.535406983928842
-0.556580930119756
-0.516423945273215
-0.573434374767556
-0.519559465891243
-0.657170412995532
-0.536068448853004
-0.430223843163439
-0.489811214805893
-0.598532468265991
-0.403565420825841
-0.696433459307918
-0.546856219927135
-0.637815726695552
-0.431155728192321
-0.49721338496749
-0.513985424988377
-0.595494347100056
-0.553399613970919
-0.592089167201658
-0.51164402536165
-0.445512814091399
-0.470961688002643
-0.52657136701427
-0.523674403058627
-0.527354868831963
-0.432309502813653
-0.396258165838041
-0.475479343308519
-0.586466414975724
-0.461911025197822
-0.481233251813113
-0.463650389864933
-0.514618612051549
-0.500181456368609
-0.575665741516115
-0.432740096150275
-0.249955755126685
-0.422792738667816
-0.396724583139469
-0.508561494362556
-0.469559919037709
-0.365344613658007
-0.44268835481668
-0.518975362317208
-0.523102941993697
-0.517929044797634
-0.314266618382654
-0.445550830119649
-0.422665696302896
-0.480140980033195
-0.38358921418292
-0.397765349188432
-0.407602689254996
-0.319026878611789
-0.530734323079556
-0.58405423498997
-0.501797527059971
-0.467586904011407
-0.484336326854011
-0.485362909832738
-0.250716237648704
-0.376499308178088
-0.607945033066352
-0.534575436723836
-0.438945387615228
-0.561944893530453
-0.414584741711161
-0.413667075693488
-0.356222843828027
-0.415099064911698
-0.338634844984909
-0.283170844586736
-0.4267824993374
-0.338165242742768
-0.498873260421362
-0.432537333071638
-0.441454909977829
-0.443280426712887
-0.43462206731262
-0.412804395243837
-0.350175937018812
-0.307711645562718
-0.329721739392154
-0.401476067170366
-0.333472855001936
-0.478834586081365
-0.394112133565642
-0.396020520243609
-0.331343723935047
-0.368209129018354
-0.486673463088522
-0.187890560294683
-0.215678494713955
-0.293938517865438
-0.359531691506447
-0.60243404736336
-0.338766535902959
-0.419039308065762
-0.251698921201803
-0.476158681347593
-0.34253696671998
-0.440507016060639
-0.45266703035208
-0.362300712573554
-0.400700481269013
-0.473069392220766
-0.331162004264789
-0.27380642534954
-0.202412208642669
-0.367591343938023
-0.417942851821153
-0.282736512259307
-0.437564683500793
-0.309061765700958
-0.304967710145032
-0.211046061234278
-0.223915473583138
-0.203974532516007
-0.168332314734797
-0.270351095930227
-0.359143396397992
-0.235902971871184
-0.309332553598078
-0.230760636536244
-0.250523982572452
-0.274200787540462
-0.220130996378667
-0.371838676775663
-0.331619484718988
-0.281513876426733
-0.193226917027367
-0.201208989619592
-0.233509595531054
-0.260293820454114
-0.276539336115555
-0.20531480850331
-0.271202156915093
-0.130725707241381
-0.275641693847869
-0.197307079739065
-0.169901458299547
-0.190765469773063
-0.269065424919136
-0.444335996462872
-0.397338388483636
-0.356077772452498
-0.306699310366126
-0.2622673451711
-0.316462245832541
-0.252659942491197
-0.232291602346178
-0.368242825400324
-0.269222949989591
-0.199608890563002
-0.214750758208738
-0.455098841416983
-0.137742656489759
-0.275575117441703
-0.28017296362368
-0.201429981013821
-0.270222007168648
-0.223170244847497
-0.372219710412683
-0.213009132347918
-0.234319358031525
-0.281642737793321
-0.175685257476489
-0.260200687803949
-0.0305119421168674
-0.105976395276596
-0.206332520265056
-0.335307771756797
-0.277229636139953
-0.208190528223731
-0.18384002352527
-0.120229571262359
-0.272614166896864
-0.0679058660341046
-0.0885905854957004
-0.200257116886813
-0.0203793403393431
-0.237777476170096
-0.100208060941712
-0.0825178077353807
-0.109535007450716
-0.191095368941669
-0.126469295426641
-0.233992341184642
-0.255899027136466
-0.0500594965031191
-0.306214508394519
-0.213574986862538
-0.208385985711942
-0.156923479674568
-0.189827995034485
-0.266316703266552
-0.148634620648887
-0.238731313956137
-0.170670726980216
-0.0799467057807295
-0.198935372530194
-0.0918644249014366
-0.210241837967842
0.00994788063524145
-0.130065794112871
-0.0779948133749925
0.0192306809138918
-0.196124428823467
-0.312517240081285
-0.0855301320123428
-0.109699501933146
-0.157095685518197
-0.135972258178302
-0.086239829791236
-0.21679818905364
-0.175367455013894
-0.257763292723365
-0.0950835597296604
-0.256687909411697
-0.0693461206668085
-0.0975261280152443
-0.189110172408451
-0.107004376958295
0.121341036170214
-0.140969301758203
-0.192661093877091
0.0472207225074448
-0.112383594428077
-0.112420352697679
-0.0693184657493656
-0.111172794333673
0.00832411005495195
-0.170325221040652
0.00820128912952657
-0.0790669451576838
0.0298620479487319
-0.0800230947803957
-0.125331651220974
-0.233094641474731
-0.0394924614202617
-0.185699914361717
-0.0707912433300685
-0.0245696165985163
-0.0503947942376932
-0.00385786398154816
-0.157157906763779
-0.106715833318421
-0.0462351298656868
-0.0793109197487139
0.0916109606203245
-0.113989943460384
-0.180730563024702
0.0745034464154851
-0.0132045857595912
0.136617783043156
-0.0315620058547547
0.148204429359099
0.0437117215111747
0.0118473999240173
-0.0585209982206825
0.0380496980959565
-0.0880212886363427
0.0993119997482621
0.067896260462893
0.0465786659782679
-0.0181107369160591
0.11852110055144
-0.0630649332864424
-0.0180296163894616
-0.182060047476245
0.0820481009851912
0.0159410856789201
-0.0664736269849483
0.157873553227082
-0.0936010260069526
0.0363773465441309
0.0479888741485189
-0.0456369469195036
0.0147157833875382
0.0367150773030547
0.0203383341150228
-0.0480630485157938
0.0809988028367378
-0.00380492840801002
-0.0363891811640746
-0.0552675313390133
0.107248687911395
0.133689512266348
0.125075338131044
0.0897862059848073
-0.0336797224472613
0.0385549807309966
-0.108004466350227
0.112102760275457
0.0352498757606499
0.0425243967470018
0.0145948030982988
-0.0927413873683655
0.00767313810826866
0.0284459053352901
0.051807772117654
-0.00275848975959283
0.0732257446022974
-0.0759572500118605
0.127939666211335
0.00247208534346963
0.262736349948246
0.0358044466252102
0.139917267536335
0.0503566568353437
0.244694771391012
0.128467579513649
0.228217845546677
0.0606504790468307
0.105619155978054
0.0794651052242838
-0.00568089818135959
0.0141365918715749
-0.0419184633210717
0.010769508231228
0.0576162080109574
0.106337913407119
0.0847170124816644
0.0927120852897696
0.114583307584623
0.03815888365116
0.170621087609653
0.0668460135365314
0.0174338924692076
0.157171401328524
0.117397493639808
0.170408295381678
0.24604467505914
0.109584289112721
0.119942752933775
0.20081580582992
0.144645839764722
-0.0323197491030921
0.0999105329588374
0.173801826514369
0.171812195514823
0.177347170402469
0.225700261235067
0.157684674589579
-0.00984351409480092
0.165626594714185
-0.0154799531112824
0.240034351246705
0.229399849647532
0.110674601876116
0.19041252270393
-0.0735039944472553
0.120647846994901
0.0698310981033921
0.167371297104065
0.0366118719981773
0.188777631416438
0.254590257970226
0.235145835254051
0.32879073613387
0.291453107537794
0.112118006412183
0.241037809120831
0.133521738610938
0.171571657271146
0.047328524914132
0.0489554090381275
0.0742556390485979
0.221922527612616
0.30748047500195
0.117571855599902
0.230037373527506
0.163472818540092
0.137534391862311
0.344641765725346
0.119841539918689
0.347601638130197
0.292207374361241
0.164925479751694
0.0245109125707767
0.206775296012728
0.0984366739332639
0.292136681410717
0.22520626113145
0.200630587431007
0.217852926824545
0.128572514299375
0.178666919432368
0.176086294254795
0.362687801945379
0.262460797906534
0.403997283246941
0.196059258162549
0.149268872493595
0.338559100221476
0.293195641478482
0.152874194934697
0.132743890241051
0.201098735285008
0.218572434606606
0.375921941513038
0.363456726328132
0.386146976291577
0.108622061272142
0.22875324143531
0.209166943293126
0.24183998839037
0.310096134985409
0.211269083988579
0.068719710027125
0.292090207312272
0.21030436961971
0.23829462956343
0.268787461014357
0.209102670949695
0.464329314289934
0.145054923520945
0.150427737148458
0.150761211849839
0.326160521483821
0.499081904886261
0.172352240006194
0.290328640071005
0.324563381830403
0.416896534617541
0.367169113571697
0.424966880549799
0.248217956123436
0.329327745795125
0.462395682524898
0.395239783634533
0.398565727804283
0.409319898112607
0.446316783843474
0.402297925478686
0.307838024028313
0.304113915885584
0.288267186909583
0.398014405813689
0.291642261552343
0.303199153708525
0.304613344955956
0.422268804792107
0.207705123282891
0.429286769662202
0.440018841565327
0.255942329142431
0.410369122528709
0.421070075328878
0.492680191682988
0.313742452496846
0.283155055380359
0.345397335942641
0.34205588853763
0.233459267420942
0.380568607370228
0.3740202344406
0.505286336066373
0.413827751606311
0.420353935758259
0.367642607856529
0.218813896313784
0.290404423809991
0.568536487698388
0.474663980216908
0.430985301443764
0.287506973189838
0.180767525124729
0.338715797076024
0.472946001494998
0.5383661888205
0.465551754986039
0.309593360246194
0.301920964346349
0.305658827644334
0.325383157644795
0.491766261793638
0.512753963992504
0.252625792784761
0.421715647773847
0.390348228392127
0.540293384329335
0.328178854778412
0.293643086100141
0.449809153970614
0.38528939674314
0.366119207046977
0.353784641498367
0.482665066621179
0.595771750764596
0.347494625180017
0.448208030622131
0.586938587380113
0.392539402526684
0.452426333746305
0.448619817387895
0.440100498450662
0.447767062380971
0.435197437519674
0.544656045120702
0.277592303852661
0.382685008429064
0.460503278164477
0.410608053376499
0.505548247772795
0.44027406343398
0.531729068069067
0.421141943574859
0.494835966144211
0.759279337497357
0.577217319195556
0.540666204061328
0.590555441761274
0.437409130627515
0.341577448363795
0.542290117508691
0.566692554160238
0.593933393406637
0.419845103852646
0.461612036898545
0.504069415422335
0.609086427887113
0.480292454216633
0.521369420080237
0.444839321966731
0.408783366457076
0.509018632842818
0.566416473916799
0.430048904958876
0.417392554859384
0.537006942351421
0.563171211186031
0.44136964887686
0.418361397654035
0.567742157356536
0.590642505508216
0.448150539985075
0.45076402640876
0.695071538738987
0.401348641219754
0.3106864975853
0.542497567845963
0.455723077964284
0.46211886798361
0.494395824385137
0.532762615752826
0.395410373153373
0.607562459198467
0.557372801012524
0.655262541742354
0.585100601128539
0.433063401513097
0.64955275522415
0.576439437905133
0.635953362907558
0.389995187710734
0.489229404221361
0.499383408079768
0.559860562280182
0.590623918868311
0.612624190897885
0.685739247579733
0.62051484919967
0.566885400021843
0.584641257484168
0.485686548206175
0.625809065245065
0.785691895212101
0.615959664085296
0.591754158641848
0.645443405334236
0.529044383227748
0.489212201990577
0.64887134311045
0.47799312890212
0.637087446441204
0.573483740278153
0.696092814679082
0.610017667839278
0.598280758725208
0.693681257707435
0.7661531590736
0.612342957536176
0.58719723252663
0.58550164517184
0.633681439882862
0.578007746395246
0.80269556902384
0.534063395333783
0.626012569589208
0.595352941002094
0.420797648468664
0.726874037945239
0.699703229532014
0.47759285973081
0.805171820922983
0.497443897158946
0.535996606642601
0.661578406304462
0.648206550640257
0.649187248950714
0.673336271700788
0.630311317391396
0.654055425186519
0.677667363557736
0.632643958653558
0.718070983699851
0.680786420567796
0.664669450185813
0.805099301875166
0.564656859567685
0.718953028363588
0.557217454746385
0.699077303460156
0.817089018845538
0.646819276036309
0.694830083316083
0.734523514619337
0.665789620771009
0.778034455410265
0.63050502546432
0.860359248328284
0.639606973357565
0.683261410017945
0.649432083981089
0.679027168956497
0.766202252841295
0.729784947276353
0.78170927208546
0.783032551834478
0.652697157899557
0.58621292125438
0.619926668145557
0.646797070384079
0.719641980537528
0.764261791967999
0.599400678394941
0.86937631224998
0.97526077029454
0.752598786259374
0.680371643496577
0.706505687288165
0.812036130632371
0.662982750098851
0.705724682426914
0.826507876099674
0.806982437204522
0.742319940440091
0.767192687505747
0.791894151587774
0.775903276881892
0.808139723706983
0.809186007466858
0.775881288115982
0.730565810091718
0.579722812968314
0.731047280676903
0.737426401004127
0.703409468216223
0.822862984472667
0.96960402697801
0.692539970931678
0.794609150104599
0.747955533762812
0.641295021956989
0.726705654943334
0.785168991716027
0.893841953885456
0.732278456955138
0.809431511227513
0.866331922496745
0.843398385428047
0.719317347681208
0.709088623700649
0.932492469008099
0.865787827770963
0.840584535370971
0.911724433024741
0.878296945626464
0.726379996292321
0.799596267818849
0.715470783005786
0.773978773968796
0.833942360416612
0.770420309519229
0.905598577883257
0.85183881123583
0.883584305483981
0.944134341083157
0.999900359079558
0.753615702272117
0.781410452855266
0.854894895876834
0.855928201248956
0.740436983089131
0.734158310939558
0.88821449181267
0.796520740756055
0.862691635901518
0.74924871622087
0.891185759830665
0.830175805289204
0.914956445289008
0.94796531969972
0.775685539913731
0.762032968300293
0.793394632810796
0.869748091452813
0.649670682777533
0.925050752983973
0.90109124175027
0.837427554203311
0.885950300361017
0.973383433697364
0.858892274457669
1.02224572836926
0.798932866387613
0.838474427785996
0.929307656564226
0.958984384599629
0.826315623657098
0.94454164304402
1.12338296850327
0.900102935071139
0.871993087415908
0.916322794986783
0.797935588377869
0.80219157334637
1.10668932756605
0.96977319013925
0.931281158350253
0.993349843144427
0.9091225057237
0.987966048787946
1.00821216348154
0.928751356297052
1.04891250465077
0.93023394483304
1.035319357618
0.859426398054841
0.950549606046871
0.847859827973171
0.90470180175943
1.01329627084005
0.872871979521313
1.05089203834646
1.02512426367993
1.0211039070357
0.888290780453062
0.973145254141442
1.06499930936201
0.914547830373848
0.890558584539226
0.981933580392547
0.988770488030769
1.00236907901532
0.934437650762812
1.11057522236768
1.06154911433802
1.04628239347475
1.00508195128834
0.95126674993977
0.955203594696788
0.960588480783338
1.14472082582873
1.11036293775325
0.955657422212464
1.07600358698472
0.956486944334925
0.904505435961957
0.989935076847704
