-0.087454154365494
-0.91946585290859
-0.856116843490731
-0.996844584452113
-1.03430094263955
-0.931636137937956
-0.989129985895982
-0.892091369163533
-0.978339764140082
-1.06077611723531
-1.03060735225565
-1.13093464904715
-0.998291671017802
-1.0216866401673
-0.929017006214378
-0.980923933021884
-1.03848115784253
-1.05857659061547
-1.14263839755886
-1.02742298267153
-0.913375725374052
-0.876174154732556
-0.911799006731271
-0.970817515730669
-0.813298268647014
-0.929771218475068
-0.943886494834144
-0.775674383970255
-0.988348273055863
-0.939966776939831
-0.878103357486941
-1.1524042806359
-1.08088031253458
-0.87150922733372
-0.797587281802947
-0.956386882172253
-1.02905649197711
-0.849210108048479
-0.954362361292452
-0.837209664876984
-1.03472130328432
-0.98533806789343
-0.944273110277548
-0.934136195033695
-0.798086799738825
-0.901979246050847
-0.918726742162115
-0.787966289472655
-0.849677975496853
-0.914586523155898
-0.993070152216339
-0.91546327100638
-0.929794277738036
-0.916239586998671
-0.896873426945657
-0.891939114704283
-0.995513401150003
-0.929276737387379
-0.98031220035828
-0.800041620516064
-0.87351389254569
-0.9061294099837
-0.878139833308491
-0.761227877306457
-0.853946465921155
-0.92573075950885
-0.833353053215185
-1.04934914743303
-0.923942397633615
-0.83770645853212
-0.774972619616575
-0.789492287313024
-0.837663094810098
-0.787211179093021
-0.892272802048911
-0.855847319564641
-0.813162431636152
-1.07917190270288
-0.888342323170582
-0.851940666852292
-0.990711532956964
-0.998073262406618
-0.846833925664784
-0.770593182806997
-0.90294693714274
-0.956348686027065
-0.929018338815073
-0.985976313790559
-0.829105840053667
-0.876218718132449
-1.01021435008728
-0.810480053101527
-0.859436346238051
-0.839236132604114
-0.657967574784965
-0.698761519743976
-0.699394118879468
-0.838836703566868
-0.624224439323124
-0.722695025925765
-0.939504272388132
-0.834524936888541
-0.768278776786629
-0.657035877936388
-0.768804966615435
-0.795274566829452
-0.871229475407383
-0.715485074182255
-0.811814918730829
-0.715819651355101
-0.789657807695266
-0.613099988434453
-0.772560872484237
-0.91388234689355
-0.86965571482991
-0.736834850378343
-0.78534184269236
-0.856925038106739
-0.797539613161857
-0.822112456259423
-0.910252388111306
-0.712407299290717
-0.820605252066893
-0.830950865740125
-0.752364745732803
-0.69064155452376
-0.834251914957201
-0.747407532171148
-0.786267847933959
-0.667948889284531
-0.773782560872835
-0.731563645902691
-0.742418850309166
-0.781599381771053
-0.827147480263161
-0.676119303287696
-0.820757007033768
-0.688706314954821
-0.706453534883013
-0.826917323634404
-0.714302329691149
-0.729887733490495
-0.776106977213323
-0.666376891934832
-0.754458269357179
-0.692300041327479
-0.813435616869728
-0.61769067826852
-0.723477757694212
-0.748612858280039
-0.64548054657992
-0.732639940918031
-0.811823346317645
-0.66691689208215
-0.674095493551414
-0.734268528465078
-0.81820591018055
-0.675340595692565
-0.640863182684044
-0.602982703917053
-0.549652727216507
-0.889123231985128
-0.667762985556314
-0.780899060960764
-0.636713187051421
-0.654995905373852
-0.763815455419472
-0.525236406044576
-0.769041051422853
-0.660025452922391
-0.784382329644449
-0.702293182148244
-0.553453155500434
-0.71595213417435
-0.599364300718045
-0.610625061209274
-0.755511539986262
-0.656710295959035
-0.63338649745804
-0.672204421730924
-0.44455677680662
-0.575022532671971
-0.573138750532602
-0.630836739523548
-0.679405633782588
-0.648662997145115
-0.591125641768348
-0.527459296839655
-0.622940687590074
-0.525842688124614
-0.580295259429726
-0.743263372875497
-0.645398948601012
-0.601664326887628
-0.522301827352598
-0.689639666717775
-0.769433806383617
-0.603639041815105
-0.633449245793177
-0.65895257691796
-0.628068904984104
-0.647937200645588
-0.383071228666576
-0.598117951888546
-0.588760241813932
-0.61278077471447
-0.679429676379145
-0.54103566416778
-0.593125077750072
-0.560541191255695
-0.608706206785401
-0.510956343622831
-0.629890762061832
-0.621096157034968
-0.487605809601982
-0.429908084123449
-0.497007809849036
-0.340215211844383
-0.558732421709531
-0.400409183361188
-0.511283763464929
-0.506940881303178
-0.472830243227708
-0.453448321579277
-0.439338938269908
-0.600238346217639
-0.503466940067174
-0.567299125080427
-0.48624066134542
-0.570338861580624
-0.552227850541537
-0.602538275484305
-0.60785338482726
-0.599392717704381
-0.544194860578093
-0.554817775512406
-0.493454100979679
-0.51148678923413
-0.438903005468278
-0.689494436736262
-0.606508541449146
-0.310700198677045
-0.551709492203204
-0.623815398963392
-0.551406775706397
-0.513497521851336
-0.570719815489317
-0.670593862469625
-0.461797603159808
-0.429998171829789
-0.647535013649162
-0.521171042995886
-0.458046447112601
-0.443960154539552
-0.545048703635491
-0.536219830130105
-0.519455345196831
-0.593413392599353
-0.567148660593859
-0.410416001243617
-0.302294594091616
-0.425211413383428
-0.420030649804308
-0.556965144140682
-0.577829007829223
-0.423809888124909
-0.692615736939305
-0.48340450479169
-0.441963554752871
-0.62679749840829
-0.489476217673775
-0.420812915520344
-0.38559106456515
-0.39239214544708
-0.487008151881852
-0.484825993532942
-0.395092504860573
-0.480035660453203
-0.469935547486017
-0.302314922899147
-0.409867158815638
-0.3278906874886
-0.422928799404213
-0.461317457894547
-0.458354071758654
-0.434822755835002
-0.38861414660696
-0.435964023350038
-0.501074772909426
-0.276288183682894
-0.406247764468276
-0.434745446982516
-0.456408585948617
-0.450319568733745
-0.294141103537956
-0.512349211403797
-0.422194510089485
-0.440286781960946
-0.473947355521681
-0.376056826911753
-0.44915269322299
-0.489158912651316
-0.482928470927344
-0.518605989694516
-0.389729254819068
-0.449166999085912
-0.240576855437737
-0.340846421705414
-0.435101589332012
-0.186478133323317
-0.373358781067416
-0.553677663710212
-0.40674573520281
-0.388530522244803
-0.490082285101986
-0.329890470281459
-0.399052161573148
-0.284511182910072
-0.435866311187273
-0.468710493706842
-0.600873277394287
-0.255420388037149
-0.415200940353862
-0.505590714917311
-0.552629493842236
-0.308066672731854
-0.442318295233952
-0.44679598146441
-0.315235516571176
-0.255377655573378
-0.442999196079577
-0.394098281578978
-0.405064122456147
-0.229555661192126
-0.289496554882122
-0.458964608658765
-0.275308216526934
-0.387982995299284
-0.270430786457893
-0.282566733498336
-0.295542075473546
-0.346161517040967
-0.371355533496986
-0.338354204141213
-0.355194753959392
-0.222645068223925
-0.331100468417491
-0.245769283060943
-0.309457114624916
-0.244533760189168
-0.330898331921344
-0.426056967984394
-0.285484244089727
-0.117610787155758
-0.40167195804795
-0.229893315804982
-0.26664316545584
-0.25076323935676
-0.248413482288157
-0.313364366128122
-0.390233314686884
-0.29188155761797
-0.304453870217231
-0.333274270817141
-0.170273551469193
-0.301417919986666
-0.182043669288022
-0.317181571028131
-0.189324460959371
-0.444974000669573
-0.147043680091192
-0.394629431293155
-0.353776422631209
-0.267890978686165
-0.131586306458208
-0.367221611267895
-0.188696318406221
-0.257333838051158
-0.354950147562818
-0.26947131729923
-0.272924512080312
-0.306644251235275
-0.178312280366311
-0.216959661122536
-0.172779725198979
-0.253453093028224
-0.178280980717546
-0.216054803286132
-0.223115610665761
-0.141393122699193
-0.306089967629069
-0.315007208581391
-0.325124962586377
-0.149945352932022
-0.147047378975732
-0.155824497347402
-0.288147093140087
-0.393145343518689
-0.199625089073636
-0.340572141262754
-0.172754931949135
-0.32216218065712
-0.0943000656405094
-0.373203231067967
-0.421811674543272
-0.284993110435368
-0.204592924888625
-0.283855553426669
-0.272789461948638
-0.258979117834748
-0.164462998234185
-0.087689854773209
-0.118249405375794
-0.0652263330631464
-0.174323463225515
-0.201313298162887
-0.205974725681942
-0.236750543110642
-0.172487629505313
-0.206866140729059
-0.0933636443607077
-0.284320556920324
-0.150511889179724
-0.165536733528407
-0.135434896228781
-0.230111605207972
-0.12861784055916
-0.10964404710908
-0.178607668450249
-0.153615594742698
-0.175328839581167
-0.221000107436847
-0.192050940212788
-0.201260233446167
-0.186693064847629
-0.224023429234827
-0.0686879934779339
-0.0465016888397545
-0.106543342517326
-0.199978639951053
-0.10339387590062
-0.10473685524916
-0.0392189835902989
-0.14213451829952
-0.185677389482165
-0.08155046220308
-0.050951950080473
-0.303816213551015
-0.13490205426453
-0.0936176142561484
-0.327574469677558
-0.0478010360853922
-0.171270403355675
-0.163421637992765
0.0634712198463739
0.0618508385335468
-0.094363985936347
0.0181404383913358
-0.0588288684966358
-0.290813368232025
-0.171956110687404
0.0146426711680775
-0.0969655840480185
-0.130717230612564
-0.100250441716548
-0.131691522253657
-0.193550946553291
-0.109110638403447
0.0366714266481825
0.0254498107930936
-0.135160721770163
-0.0763169022658816
-0.0238693211025811
0.0996697329753755
0.00552579054459405
-0.119391229423173
0.00884696183092654
-0.0750216180925843
-0.0614360535130905
0.0588500265228891
-0.0383113975309982
0.0206289016952918
-0.00637544550096732
-0.0905021357930466
0.0659034386319267
0.064393125810427
-0.0505633202209477
-0.094067348805926
-0.0630325710445351
0.0113755805225942
0.00739493944240585
0.0515867820429637
0.035739340291913
-0.0941915303213432
-0.00439426954343423
0.129515589558277
-0.0881746733310573
-0.107143988867728
0.0262846501192678
-0.0514642039857544
-0.0091176144959335
0.0375044232501848
-0.0133705208039642
0.0265923567303827
-0.0296898340174677
-0.0701840274858219
0.07144787580934
-0.0849278499017143
-0.037379625247225
-0.119299082676411
-0.136914188638181
-0.0265704582766832
-0.0146674461389428
0.202981809619711
0.0384261896681844
-0.0659620258136295
-0.0298384841648901
0.055257849693003
-0.132780817599864
-0.0645321962173599
0.0711259818015711
0.159119857988664
0.00635241451739099
-0.0629002625463335
0.0309655940010468
-0.0298490149244493
0.109621248012557
-0.0391253757586699
-0.0806817336611641
-0.123755211923781
-0.0246552486384494
0.0486489269507921
0.0534280868406302
0.118147196082939
0.122470956176968
0.158777794041866
0.0851450752463107
0.0300910293751066
0.0260502267137673
0.0645437281936709
0.0833243486752689
-0.0329185661345138
0.0647351269425897
0.0428858109368581
0.0410506693921114
0.0884588462109385
0.0890838495691278
0.143589633234187
0.0509705147982495
0.20559510938222
0.162704038832019
0.109145708982849
0.197756828781032
-0.088747745112849
0.0732038485019654
0.0720567488453477
0.167636569915301
0.187071286208276
0.202619836217101
0.155130578804926
0.107945062722548
0.173474552659151
0.117960997340346
0.037997805435656
0.130141571427674
0.188367535474038
0.221271501722739
0.265394037896632
0.234336114204362
0.145975584524982
0.0490394157769967
0.145707286583438
0.187283646880157
0.0291991218390219
0.325541565085043
0.161330306465603
0.252105860694041
0.199484574604282
0.0553699470000096
0.140922553533767
0.144982284361595
0.284548871438275
0.0887083755494711
0.166828766327052
0.235457637452858
0.184694563755779
0.129879814468322
0.169052958332896
0.232366006151962
0.16815129304409
0.10676736439659
0.288214466786341
0.110003344289324
0.198908827999446
0.213857772777445
0.174824920518191
0.0909648813555953
0.262707487150152
0.178128132508883
0.0779933440718243
0.211960888843703
0.340240105081693
0.17372780733066
0.118144990311913
0.322991044444842
0.262108278481262
0.168196706387322
0.226884919875232
0.309314382556015
0.211245211354356
0.127983947685473
0.349594222224694
0.235863647731148
0.202573875334557
0.305170388514313
0.261114732751262
0.242170821124195
0.177523390016038
0.252636633642694
0.355221800227468
0.235735426035386
0.184293680369232
0.231590041131606
0.185734645164703
0.333088177389164
0.148187148798016
0.209636689007428
0.0994479565327907
0.264705588305266
0.332069730109206
0.169042492149262
0.220455562718356
0.351339534659997
0.27427028456716
0.240321343939953
0.338911632507452
0.291177259109937
0.175820607153494
0.362333357019117
0.379809094198945
0.29390312738274
0.181466872686613
0.31843934211881
0.302567307682141
0.241107420796009
0.148648976654415
0.280467267364427
0.240806467902528
0.340684699541183
0.199797919463449
0.323983656448635
0.20699693422054
0.39900045680912
0.407416696987935
0.312989166878525
0.381673677914388
0.190826856576562
0.416540267034786
0.418271010234242
0.396650188147537
0.21572905474467
0.303856391303452
0.291711720040677
0.333106485574044
0.305539694070395
0.560657873035271
0.233693515441901
0.337060600925309
0.315489811427265
0.427605786945323
0.415270935789718
0.317400273471151
0.289204781130069
0.390155487326711
0.139655347618237
0.387295763486482
0.37178920520975
0.446865549934526
0.423037200314654
0.249066725941136
0.448689951946258
0.423343628292518
0.343947594946775
0.332767869811556
0.371024312595214
0.386572949127824
0.453244384311237
0.376701482769026
0.472946385831441
0.494409589271418
0.367796256312981
0.351408993632886
0.359841111516404
0.540987789693546
0.429109241821934
0.473835049108197
0.387651374408979
0.294209448689608
0.467876341457024
0.522960807207484
0.279806304704776
0.428142026645951
0.375015143596471
0.360264478490996
0.282132041620233
0.441478727661568
0.40874859507236
0.393436979817013
0.378123751262538
0.454143242120226
0.393312015222347
0.558250716296687
0.386127498869683
0.364552170528393
0.625998291907173
0.288351450726339
0.377430583442913
0.431973719192597
0.392165254547457
0.300871686214623
0.407083141959818
0.485361728878669
0.409840656430881
0.53355855183844
0.308384649629301
0.42918506635359
0.232231167255092
0.326730998512236
0.553824146959191
0.494118631587689
0.424831648072441
0.486875902255359
0.343774281098628
0.480273026762678
0.54521095909268
0.443404248631553
0.51307040478436
0.386470044968648
0.486907355139302
0.314870257986388
0.323096966060215
0.470880113983954
0.477101724150009
0.321772303856107
0.430929563496139
0.570871359405279
0.444340725264448
0.474908459506928
0.513994169495174
0.653326981695157
0.57652778010208
0.456833453891331
0.610829785678426
0.488813496775553
0.424570465688422
0.463477660788394
0.463988012007671
0.580811665370876
0.521549918298779
0.430964106251245
0.560930853111504
0.399941857923284
0.556896990120981
0.462708204874377
0.646016276522971
0.513358253343716
0.519883077626186
0.401746160733038
0.377246263983766
0.481242821873541
0.485312303407714
0.471128239587353
0.649077366666368
0.523783936209907
0.404066677664014
0.532174500216485
0.537943061360788
0.61757090585737
0.399508931282883
0.4915182513824
0.58900978502169
0.525495847004188
0.688068806330952
0.696373408899143
0.605857323355188
0.511290797297349
0.425789388717883
0.54187208098378
0.660778005702266
0.502000737842149
0.63359736087966
0.488201369135267
0.54494375356101
0.54415645142325
0.540095106971912
0.57709641247641
0.512176445052695
0.60349083887281
0.525991909593226
0.700082680386595
0.659662922806907
0.470392768538673
0.576641813923054
0.493958359842472
0.646771213758617
0.733532453129484
0.592544359678916
0.439907599537457
0.533037497201179
0.530181586999073
0.687373974698604
0.650668303247484
0.55374565512514
0.781479738705032
0.564449748727456
0.609825063883605
0.593914770549455
0.671994343152584
0.598474789488217
0.697357659976421
0.596230652971345
0.475105196289125
0.596753370520235
0.656365483017654
0.558816945763709
0.544013434265774
0.603395709380821
0.656813437593613
0.569956399286554
0.554787751339419
0.631795368631185
0.782700971079384
0.792921152220748
0.713036151063416
0.577469692110629
0.786995606121648
0.63406336476593
0.632139098312571
0.653448502446362
0.769560068027554
0.645023248555102
0.595190438115817
0.664661251601372
0.659952510410064
0.684816511267195
0.654625542658687
0.571381569120942
0.718843718465514
0.779521746526049
0.691819122492897
0.623621631341227
0.776863474670092
0.505931190225482
0.748970899361021
0.657439120531631
0.665735662038266
0.667751734021145
0.687818187440439
0.78125274388566
0.739919695861932
0.742054548594705
0.617252870619823
0.672773873415985
0.63083590186394
0.680115416088834
0.807637860833518
0.646435554987741
0.715873147916789
0.749086903526138
0.861340497462953
0.702375972905832
0.821531102065234
0.671071410657571
0.781244906656134
0.655599499464544
0.664310826598163
0.63759345601109
0.848406745969555
0.728952860063443
0.632623438946718
0.792944911454557
0.797356767412402
0.750704970746625
0.763261051896959
0.700996776060668
0.727271250313718
0.904074925082748
0.803109628131722
0.802796199868837
0.684057068395282
0.736491363997508
0.767929640029099
0.970566638876759
0.670219039255906
0.889767924809734
0.780030207596652
0.846115222032838
0.836513084943156
0.789461136155035
0.883043753605767
0.940867392955273
0.750864656936534
0.695478381554013
0.848584351303198
0.689170874120815
0.83781485359292
0.725185105054306
0.733721054936907
0.841832065177014
0.8211044318462
0.904537607329371
0.728444780303306
0.759145893190652
0.829064674686253
0.783987289905945
0.908754388280254
0.900637156698277
0.812279978372531
0.997104241992111
0.921924775191947
0.852609645435678
0.782179326243752
0.92440375704023
0.838777241166612
0.964023846259739
0.814168012373894
0.850021821244595
0.863534916061396
0.788400723852259
0.807369076324839
0.814291283509743
0.975644467890298
0.945816059860895
0.730323379391961
1.15204405303803
0.797492052630698
0.902975139624881
0.879331773899729
0.849441872153581
0.993885113169484
0.856451478119504
0.981165639593189
0.868906568064435
0.749604228138932
0.922095259603268
0.779973308547459
0.893299736049328
0.935356897873784
0.849575862730397
0.942829857481304
0.858297969289189
0.89896497395406
0.709671216164749
0.801795353663527
0.955400219269256
1.00576349588007
0.838447115157597
0.80799086224081
0.929620887406494
0.844205174156923
0.83272147550155
0.818525272403414
0.951050547432868
1.01556602955813
0.958999280524059
0.86221079836656
0.866868936100556
0.959184913763926
0.998189629231296
0.936274258029144
0.89968730452689
1.01261270345558
0.874893190193102
0.984190976831404
0.893222957944986
0.956189682027231
0.871098348750891
0.909282786056999
0.966553175323909
0.889550879952838
0.868958056793526
0.923688646565041
0.975889117743598
0.837995064199381
0.953775575702043
0.88680988637737
1.01807164499812
1.1543561569178
0.855505247712386
0.828685241701951
1.07888230260719
1.09229743006796
0.990304078439444
1.01416193826031
0.926112008672814
0.961197514069032
1.05240405602821
0.906806844042317
0.889316023202255
0.996540147802498
1.0603363581324
