-0.173576230914095
-0.910945144217927
-1.00863483934595
-0.998042206654671
-1.00801267822586
-1.18029687460361
-1.06682749388723
-0.997618362088474
-0.792784086500417
-1.00269386079901
-0.938476804276011
-1.15926697268613
-1.03880121894163
-0.912131756084576
-0.924882770126307
-1.00635392295982
-1.09664933158965
-1.01915431184225
-1.02073124460566
-1.01319358635234
-0.864892932940007
-1.07138816996054
-0.936157804588324
-1.07646556903049
-0.913744275105177
-0.937666139542293
-0.785803368741157
-0.920941684615889
-0.875041565899439
-0.75318692528104
-0.985293386659045
-0.84994828189643
-1.03841210776421
-0.931330092812056
-0.954626634406516
-0.931600634406503
-0.879376840003264
-0.981980281227644
-0.974821367927468
-0.906943941623715
-0.945549914346517
-0.86689789874772
-1.04494147844075
-0.90021197811685
-0.764480370998498
-0.786717630359832
-0.962657905727558
-0.940311680256222
-0.977117676826177
-0.825854087724727
-0.989676539085525
-1.00678474814133
-1.04701692680758
-0.769251599507082
-0.857823480558923
-0.806530988595363
-0.916743083831111
-0.915943039217368
-0.949875693505387
-0.802102774701086
-0.935193592738716
-0.944168966255016
-0.981344509196814
-0.927804733559185
-0.833826387093935
-0.765934617216154
-0.952096756087515
-0.831121847598438
-0.758927880824638
-0.776808306145643
-0.90683532493406
-0.995898925610988
-0.896486516076842
-0.919017711935257
-0.776582993132059
-0.798709899589218
-0.858418887693811
-0.936459463528176
-0.822837711122486
-0.8375789126703
-0.903716208928578
-0.805323661421115
-0.857677685112132
-1.01972560831881
-0.914350585441364
-0.849217214737503
-0.801165540391599
-0.787396689002951
-0.769085074766874
-0.905820788323321
-0.849736724677941
-0.949430138103452
-0.778698218748002
-0.707614849161283
-0.864896449621202
-0.899560742713597
-0.797796991651765
-0.824605046943152
-0.89303749797707
-0.881238002506492
-0.734709560757992
-0.95041304546203
-0.916142831666615
-0.726908952647008
-0.722614055158255
-0.678502373287081
-0.703554904326717
-0.74127650781118
-0.856675107258841
-0.624985326340061
-0.968926721754938
-0.792183350628524
-0.971957714506195
-0.771856903285697
-0.73796493368346
-0.86470000835862
-0.786852262888071
-0.834691449624266
-0.765726907034173
-0.647018587906473
-0.715966735134497
-0.759095956206041
-0.822554606839302
-0.768202690241011
-0.796095816530097
-0.695350723780277
-0.644299503554584
-0.804021747160775
-0.836777711319549
-0.731689290973932
-0.802376326291456
-0.577227293277204
-0.842396693044468
-0.751601034121374
-0.770493475897606
-0.651940130995411
-0.785909631026927
-0.669501130508981
-0.74156887432202
-0.747112721462579
-0.758897402029846
-0.546868275240629
-0.780688276183706
-0.829672841099562
-0.698613388899473
-0.672538196512562
-0.818912456049513
-0.718504536769485
-0.863386355887442
-0.750171744098946
-0.615203232157511
-0.732092935004394
-0.846086965449233
-0.734587223097996
-0.814096605916091
-0.840465042342146
-0.750134310154396
-0.567139467443412
-0.728664966779915
-0.613830641154911
-0.545351074198836
-0.675594029812511
-0.511045207298831
-0.665455025236602
-0.696710268177661
-0.591017226604551
-0.412127355378424
-0.696997936813496
-0.72628012265272
-0.636475728502385
-0.698537984782938
-0.68423792304527
-0.691307682046569
-0.563227893175517
-0.569025295632424
-0.516745556268888
-0.730202612488681
-0.69209645872682
-0.640486892771203
-0.68246324579255
-0.730436957484264
-0.640415330786346
-0.650174764469338
-0.686478649807774
-0.597454327599963
-0.59294740563197
-0.64354290054269
-0.657575824984455
-0.727993620622453
-0.755495813575654
-0.689327324806831
-0.774393709493601
-0.567381322913755
-0.649726529257247
-0.538574183499133
-0.528199221797733
-0.515064694444222
-0.668853537710573
-0.550492302674715
-0.469771908326616
-0.552808490028664
-0.698146074717592
-0.541907723695552
-0.57373389194242
-0.629039204768347
-0.521535932849624
-0.642493865838243
-0.526574964353956
-0.597991732565596
-0.701340293967436
-0.535468891256254
-0.739959621121841
-0.659099264428047
-0.494973712765109
-0.573178973779854
-0.604301605442139
-0.589648855276307
-0.595093866900438
-0.524287255027843
-0.675544085979515
-0.585142836250172
-0.558806999760686
-0.550959972970227
-0.610759717809576
-0.475042660701724
-0.500091097406308
-0.592254979397809
-0.605048770838822
-0.482557457395184
-0.52189888746209
-0.558602768176466
-0.608572608141935
-0.570223784318235
-0.607506675921387
-0.642904739335066
-0.382007314744479
-0.594411630994335
-0.53096978316365
-0.646914185243782
-0.457404200456252
-0.494078171661492
-0.546955876574863
-0.575689068970551
-0.512528821746131
-0.60196345858487
-0.638079256690017
-0.437716556519164
-0.550006237267976
-0.666268259869209
-0.365303907923004
-0.637699585925505
-0.266830147083473
-0.542522833625411
-0.562238715247432
-0.554153846124001
-0.524600488974667
-0.493097140392403
-0.587845232064665
-0.487735795894719
-0.386976984759456
-0.401409492206896
-0.437224455662067
-0.464034298478643
-0.387960179667664
-0.576642853942856
-0.49691178244271
-0.562076167656079
-0.591941382583609
-0.475845908475669
-0.608940239844733
-0.415332270361527
-0.486174323386417
-0.376627165490531
-0.415920071113016
-0.326187958043357
-0.499547085048796
-0.440310959137703
-0.463271133596995
-0.461398687164924
-0.485190814021093
-0.415727580975299
-0.34701331838339
-0.41152062546224
-0.437156455618468
-0.468028282600436
-0.39754026081406
-0.371602168815706
-0.431798999615453
-0.279373296718972
-0.277272332794584
-0.51985099332037
-0.343643481445001
-0.395850567535202
-0.630217385972965
-0.331152241473658
-0.629803266981318
-0.358276683897774
-0.356985649388258
-0.546586813912432
-0.306474616420167
-0.421625029774772
-0.464845091337156
-0.423512835257967
-0.386931637273928
-0.503725797003517
-0.325710348301245
-0.450299314091222
-0.324576043730251
-0.339878733513943
-0.363350511005651
-0.307836611896796
-0.37440796554219
-0.288861842244111
-0.427750961078997
-0.179598854897252
-0.323475637084467
-0.442725844272481
-0.356100337488588
-0.520462444417245
-0.348521720024836
-0.422839525850618
-0.217085518668055
-0.45977914147899
-0.406969616190896
-0.393177756295064
-0.405177994462926
-0.33683693213904
-0.28471100937329
-0.422657257327087
-0.400607117681709
-0.453952438444318
-0.348845856042995
-0.335586321402084
-0.293952316457637
-0.274541231006249
-0.190490129791696
-0.331670879678671
-0.427613579389476
-0.218452569963761
-0.323972663239762
-0.387771530134845
-0.425293710592197
-0.400834601099067
-0.317779048414685
-0.529139259738122
-0.370968158322317
-0.362733668121555
-0.276773947469143
-0.154858027130337
-0.36867724441514
-0.373239690817112
-0.314069847018997
-0.322553653900126
-0.12178169179485
-0.24828170845125
-0.256642324904154
-0.322491763148157
-0.279133769589061
-0.276021031808904
-0.324994781372202
-0.369987097506819
-0.291554526718245
-0.286915009649434
-0.27183170108167
-0.319639846095067
-0.192902234691182
-0.239093605827301
-0.34909212679041
-0.352608790149221
-0.160671559933944
-0.314484910482004
-0.264983276335186
-0.109917568850917
-0.19636200870767
-0.198182587654173
-0.261888703742098
-0.46417434401005
-0.0383748744152813
-0.34548701056982
-0.330771604371089
-0.239251921720329
-0.288860253842662
-0.128216757767524
-0.298880407270777
-0.183200386008616
-0.239405468669823
-0.00593519448103792
-0.221279475155998
-0.422823449360402
-0.346560865295395
-0.231924237565225
-0.271436993721661
-0.293799590094155
-0.252617266904826
-0.15393069249657
-0.28680112544972
-0.207268811356593
-0.191278089700148
-0.271386435608828
-0.29958940088412
-0.202086603771441
-0.228409331788299
-0.371427817962317
-0.171775337432677
-0.161679646088361
-0.0827655220677118
-0.1018499426846
-0.199168625102724
-0.175357294986553
-0.265876302999969
-0.195921791104672
-0.181363820711763
-0.281204467660454
-0.168658139539693
-0.158325775483168
-0.279246676920571
-0.129338269512528
-0.155026825161305
-0.16450174485531
-0.221905107366272
-0.274922102659435
-0.252086403594809
-0.000666231580891063
-0.156445218025874
-0.201018257154473
-0.0546891551811697
-0.294140313429327
0.0311802988756807
-0.0799545767460557
-0.0539232413388338
-0.163064168085361
-0.0994473821619882
-0.281104069727077
-0.186528766115972
-0.198549270099229
-0.126012566170574
-0.182903747345657
-0.247199270610265
-0.109228860247947
-0.111418478601162
-0.172193190378216
-0.126348006403031
-0.0419381462458223
-0.211338960188362
-0.0773082801926927
-0.184484742569833
-0.260521437959716
-0.166301232049523
-0.13054390026547
-0.143730166156249
-0.128188053836151
-0.164141724205477
-0.0774246884482907
-0.0863506404177581
0.115134025485483
-0.0264829381421667
-0.26435023832737
-0.142523632859988
-0.0483211600727554
-0.0235100014875924
0.0175542715644327
-0.274281851547211
-0.157253636028792
-0.0837972182680793
-0.0618228660044958
-0.0752593437096802
0.138522056033444
-0.157808680981658
-0.0949371837888029
-0.00388610710012833
-0.0344424317704923
-0.189623266179611
-0.292220724066791
0.223188100891837
-0.0332420576320216
-0.106187548817806
-0.225189366725382
0.103434115775256
-0.0147892658573402
-0.121633362269375
0.07325208697639
-0.0771402907126503
-0.0971485900950195
-0.157367645845634
-0.0857869715446805
0.0214156444907189
0.0956601587849076
-0.0522735542024715
-0.119705711529553
0.0116239003934544
-0.0785726935568353
0.0802657625747418
-0.0596973736669581
0.032962447629147
-0.112998560666195
-0.0530601617205039
-0.0798725365899488
0.142191821116031
-0.0820797265862035
-0.0350266464126641
-0.0474623861952516
-0.0553450953425811
-0.0553534908584365
-0.133226679477901
-0.0038123216083334
-0.0175563386563874
-0.0290535740205527
0.0180231712933093
0.110876032334132
-0.0181862621654193
-0.00523911536946514
0.169429077312602
0.134714452955489
-0.0299087333613242
-0.0274002884515167
0.0996208792368727
0.0160106048274771
-0.107445902985777
0.0856373958536578
0.141289919626927
-0.039364505572363
0.0126424501071685
0.104825587552503
0.0379971217550407
0.0932519913204749
0.139047313233919
0.131353460540675
-0.073337780649168
0.0816832150945616
0.106523166034289
-0.0302232415325489
0.0914021256256973
-0.00274190070500733
0.152993361225572
0.103145874484854
0.12901162068637
0.278878993841735
0.0621707734582917
0.0829774240989244
-0.068262794257002
0.0564816394047538
0.131836039217773
0.0980493632066727
0.0578356545991861
-0.0183322644899172
0.211472150949057
0.20215740429841
0.019346517909606
0.104040776011807
0.0491747443913386
0.0532250203659271
0.0768494986920824
0.272391424287928
0.202593039907402
0.152292124904731
0.0777335407823826
0.174831768505605
0.205530385747891
0.168493258894156
0.13199981233264
0.11365955224326
0.0699220811024783
0.177307503944844
0.195830970849917
0.125802570270556
0.171335452102439
0.146029681376352
0.142587398064138
0.00305995523668877
0.0259035947035018
0.167660505579852
0.164223545869179
0.152733016601478
0.0703600599919477
0.303998179714612
0.0791015749465769
0.0925157218362506
0.0982697413582333
0.0119509282529035
0.0886125020608736
0.0916152661516189
0.225431450273149
0.285904985933781
0.227191509099015
0.038344865433431
0.153909508105344
0.157681688119373
0.123166562590001
0.195480467972692
0.174395320154988
0.203112907312772
0.305312839379704
0.19536690492204
0.214880737847558
0.157432051991729
0.297201001367943
0.246670822484787
0.238386562462615
0.173884860238416
0.105262435736515
0.30043089646882
0.267651657362785
0.200993735079466
0.119464462452927
0.191612255634443
0.17857495854847
0.263685142839369
0.299781438272295
0.466435146916373
0.249693244360131
0.213805036151007
0.274746239554155
0.375363413713999
0.17802794503066
0.231518063470785
0.118409395807088
0.274544798246192
0.231097657264734
0.0834711140748692
0.169288334156327
0.34824621033174
0.169475871527675
0.0925781568967357
0.212453581988028
0.265161830696039
0.222181117796744
0.261757188751016
0.203697121326172
0.259191749576767
0.298739157387244
0.37124296374173
0.131490204730766
0.13166165035175
0.432672424522422
0.237210047236903
0.224581309841093
0.156013896098668
0.15687492608749
0.415515709328614
0.164540268041803
0.3255577780233
0.113108838743504
0.22613564174824
0.430659730406323
0.32171868563658
0.23227963012955
0.285902914934934
0.12031611862159
0.316425212416363
0.251757222646108
0.250146209389025
0.326642992223643
0.203732284705599
0.288099381123592
0.323038988177786
0.205404216294691
0.207109496974186
0.379285076414566
0.339466194866994
0.333038706666186
0.262687744617478
0.169994670675665
0.194070350326427
0.305368097175095
0.413869838963206
0.303253968382646
0.233984735273555
0.35188058615383
0.202786457835337
0.258760808464936
0.212278689062133
0.392940264727447
0.273837071776988
0.306109387215729
0.391829084707558
0.510382064384059
0.270867008178491
0.261899537522998
0.38540842324129
0.300590871914734
0.257116728690409
0.420480900700986
0.330265446538859
0.412541155131205
0.341981408632945
0.402369769409316
0.285974770438223
0.401552771989645
0.276832403798945
0.276414550173234
0.647454939641942
0.412304634449659
0.453631773152395
0.38430362778305
0.266203923223427
0.386122856360802
0.549683464852692
0.322324302687495
0.415052750160692
0.444986661901008
0.455395308816602
0.298296561205225
0.387943309555194
0.463729228301042
0.494990963290719
0.474423452837376
0.294347946627446
0.336304810933304
0.39602107189188
0.440467284713718
0.358134255923484
0.392298230875618
0.425553092555912
0.306637383267901
0.388635086301895
0.546211722932116
0.499587391986129
0.348119689811515
0.510013010337165
0.485378615507651
0.339706308727186
0.604511520627255
0.266948740226867
0.343052493839898
0.551267016365761
0.507293725186932
0.460776537364092
0.459850047535132
0.443375570748953
0.391372058437973
0.573181470307338
0.442141388529786
0.461341478344953
0.389910199262292
0.332480488571599
0.404996266782913
0.413641839453465
0.440604385976187
0.628788812266129
0.514518475577295
0.455049086893919
0.508205644130911
0.610200838642331
0.623942274235007
0.446196700818254
0.480765340243779
0.462462050614063
0.474620151390426
0.37750813063906
0.402565861890631
0.486358726435883
0.555690916832326
0.621154854411128
0.498989587845103
0.502190910044943
0.472077014812773
0.495959791032608
0.506559106908517
0.333155397720154
0.637594634782564
0.654541936899178
0.492446079525833
0.627292003466446
0.53631119989886
0.430279633948715
0.449022367956559
0.498717137245838
0.62241382243388
0.436602137451773
0.451339483067423
0.442314267753392
0.506110539161016
0.602337113696368
0.46508426355216
0.592174539242386
0.634228305335306
0.586604719498786
0.563261647303529
0.582083949957668
0.455860553006699
0.692755404981077
0.554506893808704
0.61303568795393
0.530569626014265
0.567824851770603
0.516358899232109
0.548564730021114
0.62361031208175
0.845428809962569
0.621139555030791
0.61435014510797
0.576698714435175
0.524274094088803
0.54254987855054
0.559003226874172
0.591920593108923
0.598823657284518
0.661022910161073
0.70359250981532
0.434313181673487
0.51749255719269
0.641201069623964
0.564475776013888
0.527402039050646
0.556324609069923
0.487948551246969
0.639229874384235
0.591333162497561
0.5499648644899
0.642092479252355
0.691971025723037
0.539359826015922
0.654365295162576
0.735161533686148
0.626481927020957
0.592447138698676
0.590470413791915
0.597407952034289
0.597121660565248
0.705676850666027
0.688153306948625
0.571592532174038
0.552990815255103
0.612034110770974
0.632330140660277
0.650318597545279
0.637739733085633
0.593968231917516
0.490225579782707
0.709046413091486
0.668786247897147
0.711056972131577
0.712641471543541
0.670713701414653
0.664518705205834
0.731100520587774
0.616954781123316
0.62245344986542
0.862940680929941
0.779966887107488
0.681086295823521
0.820973869150003
0.585055333942932
0.695812019914703
0.890618973791087
0.764995713730967
0.598618901941532
0.571306442819204
0.678617723782082
0.764528610875591
0.71194104397946
0.638161813745029
0.796526240504914
0.593780625554384
0.64375934932458
0.839129485176966
0.719984164655841
0.645932696380058
0.615701515725556
0.875311075161569
0.877531650422551
0.838883081093734
0.653831139198224
0.814497955887366
0.632467564333438
0.752693832294458
0.636698619678631
0.754937176975121
0.635519829396723
0.514572818743113
0.723908044284954
0.571709610002578
0.774196003556021
0.721615815560965
0.767354319950305
0.785100528497774
0.791191399221102
0.719681557078752
0.827317345468348
0.842383125471766
0.872868474980077
0.945293466570654
0.644210334439561
0.688704571655092
0.696718515258954
0.715810273674683
0.725914573676329
0.816801236354302
0.800694578790867
0.820642979245761
0.789695768389588
0.8830399928612
0.739066362495831
0.827447036578848
0.720189944378958
0.673910581507372
0.806669775114025
0.855854171332248
0.570766482054269
0.714132123907105
0.778567641782164
0.688278297133099
0.767329574958115
0.810664778028763
0.80910576683209
0.677901049727996
0.763830447508891
0.875863088888581
0.927181815788126
0.786114351204248
0.712529459867344
0.789666270577723
0.737973454092551
0.936040140807234
0.893767535962773
0.873226622459614
0.70425774120407
0.808606483137628
0.931398711041385
0.930464726426206
0.789560712991723
0.899548963333424
0.95744575076687
0.926143264667721
0.855071023085792
0.808734941259366
0.810160490329829
0.893952179722528
0.811890668204724
0.853704529239035
0.797833806266187
0.779401171223991
0.741041102856865
0.961392072829052
1.01149729361692
0.98241366540698
0.993298937556688
0.869879674237098
0.731808110691507
1.04563860827858
0.821982592487737
0.937895502458
0.872894137974713
0.915199115562402
0.964177920592314
0.88228465489336
0.971904135284854
0.939804558748149
0.979547027035425
0.974512938054923
0.819127861353278
0.981700829728477
0.932325307684337
0.89810972916801
0.897994766698419
0.91683824253879
0.80401265423052
1.054434338687
1.00542404192018
0.869472873143336
0.941635369697094
0.927831831072996
0.870922186131645
0.87340678067313
0.775811003101419
0.825240042675172
0.912697833262377
1.001740827121
0.846131590421116
0.854130588502696
0.811708748006654
0.81546404257014
1.06554826532992
1.13632267274455
0.874006161531203
0.948909658077927
1.0066296718123
0.871963120696803
1.03424921522193
0.924519597729094
0.915537973401709
0.847483259586943
0.945184886856539
0.925777790341554
0.769353766930736
0.959831582587836
1.07961491039118
0.985938487314975
0.998126215108266
0.793971143705701
0.865252503640651
0.847088096100532
0.853063647769396
0.939701257142254
1.09548603237617
0.823576104896079
0.987678875801344
0.956888233771084
1.02818450056096
1.1089883059821
1.01693064047221
