-0.0201049249751807
-0.99373778137536
-0.92384006009054
-0.982214566161395
-0.834504393945467
-0.928694123989292
-0.923122895419504
-1.06699324596469
-1.00565290248172
-1.08805855058346
-0.870232391660523
-0.977474630614801
-1.08576648349213
-0.80578692849649
-0.995866565789541
-0.970923395463525
-0.774879745618476
-0.905653851447708
-1.13312762305764
-0.969181420576497
-0.928117173739318
-0.93730076794335
-1.01666003109706
-0.901584190455752
-0.894002501735416
-0.899535960851445
-0.990463249834724
-0.937162682176905
-1.10718391933941
-0.997246807033253
-0.837138290776137
-0.97506035033976
-1.01127830273231
-0.877060914416107
-0.804914353073631
-0.802548716511786
-0.974805877437411
-0.814817487155645
-0.990152809789219
-0.972068621372815
-0.720140630568738
-1.00684375140101
-0.885670175800128
-0.984448189764151
-0.858365916420025
-0.795293334939957
-0.894180033450603
-0.867585285348298
-0.903069247215688
-0.851821858755068
-0.722899722019371
-0.945706272050439
-0.861479654348159
-0.883512182883989
-0.843730826372188
-0.889098960929838
-0.827987068963659
-0.931494282226851
-0.854929672192929
-0.857209144387907
-0.834939507871134
-0.95973990677691
-0.872864566636244
-0.890235944528077
-0.864530051480568
-0.815572651871652
-0.931156087266672
-0.91711400085213
-0.824649142830392
-0.91198372026892
-0.945799172335029
-0.841645334222567
-0.954716368742287
-0.981717568848079
-0.900153979729076
-0.774938768887293
-0.755720834620673
-0.809299089089303
-0.779033546709259
-0.832095741794727
-0.721012695097168
-0.892300679136088
-0.944737934605833
-0.909132899260549
-0.8415436690721
-0.849087610394581
-0.888054513182286
-0.850966153457755
-0.9509561706737
-0.702751690953951
-0.840361028145397
-0.791994529054361
-0.667523728014735
-0.84674964031534
-0.719446113397992
-0.935092972587404
-0.82441807563532
-0.777884848358231
-0.686580606523037
-0.84881355492828
-0.778409007526918
-0.848976359163902
-0.733578301194893
-0.770603950515739
-0.716617592538232
-0.67540078179954
-0.73488533790765
-0.790680747855908
-0.968363631995967
-0.818118120470845
-0.91178197063878
-0.691143938717351
-0.760950126070577
-0.799892140968742
-0.767338396532576
-0.830774523591707
-0.790049566767522
-0.833838858620888
-0.802518426925796
-0.740249810859314
-0.683039924162478
-0.730980845502675
-0.768637647259415
-0.746155484798811
-0.706891105218066
-0.689334358978232
-0.742199540029183
-0.790122188431209
-0.655608988239866
-0.776675214678328
-0.694709519080253
-0.597145042001584
-0.736249676136997
-0.815222933010839
-0.647353515189589
-0.721125822723848
-0.693295673133468
-0.720493468773009
-0.691514303018796
-0.763097993266939
-0.651147298611923
-0.642700003709814
-0.748756198509419
-0.678306024405459
-0.758791557891245
-0.563701270646727
-0.819918598934528
-0.792791482167369
-0.76139878127906
-0.659752904790418
-0.756082093034979
-0.511969704419405
-0.753744768606649
-0.710098317046911
-0.80484676733601
-0.625936896599631
-0.74893343104906
-0.642399564153109
-0.735948790884275
-0.680150764594321
-0.691096730380084
-0.805225393726382
-0.55763839450982
-0.769228369608218
-0.7572291840888
-0.665949090147145
-0.542948689268515
-0.715366888361583
-0.677774780333711
-0.644344153417535
-0.633018745373756
-0.638649589739673
-0.591307909751487
-0.535466024899116
-0.666306111141461
-0.583751352284395
-0.708845401209256
-0.472986520170453
-0.779893050190405
-0.762391720784168
-0.626940372384014
-0.775426021476401
-0.746862360506167
-0.619165921685325
-0.53182013715578
-0.657722617010267
-0.78495321324113
-0.595144369958044
-0.503105099648822
-0.659542147534354
-0.675657649827312
-0.480866423500379
-0.596449780838407
-0.595373619408684
-0.61546318016813
-0.626816812792218
-0.690213289044822
-0.783741318024527
-0.666795724254663
-0.65155559276784
-0.692221133095448
-0.645076934525511
-0.65563300635647
-0.532555303986581
-0.61782266240983
-0.636453066915559
-0.582575797839533
-0.80578653437895
-0.520350878476766
-0.598000158778467
-0.576849952721339
-0.605261330266609
-0.648204426420765
-0.812153507977892
-0.481373392249712
-0.506199524132303
-0.600060158036406
-0.515993560679067
-0.640023068849227
-0.551155887857747
-0.514285809226318
-0.518838774217714
-0.584259158206856
-0.59158409837311
-0.467693403979314
-0.500065524190475
-0.426259463580575
-0.563560678686524
-0.749254749377546
-0.545933914933367
-0.58643997839488
-0.414001283846913
-0.475740940599143
-0.531501510041373
-0.44986687545572
-0.640833618110833
-0.478742213740528
-0.520029934905031
-0.571700890448613
-0.39324886061332
-0.585406448125336
-0.437189958123931
-0.440439223302438
-0.518342469143039
-0.469446425234974
-0.497414476034138
-0.434676178540388
-0.521124747258329
-0.520446906790825
-0.605056619561763
-0.470089614921648
-0.416381232081539
-0.610815757763921
-0.488451122890225
-0.519997949172562
-0.544354637631945
-0.394210598142296
-0.61762904448786
-0.598949590347228
-0.297731138878705
-0.534325462913405
-0.572910430049702
-0.468448289637759
-0.519050997646246
-0.453689930526851
-0.388620093738413
-0.508086439355603
-0.417588366876692
-0.434645168722195
-0.339689127818436
-0.487945019526269
-0.465520561164605
-0.584487234977159
-0.463417348009148
-0.401099101200772
-0.27778757867716
-0.579535588436441
-0.433667908849964
-0.388376654620133
-0.480909721400155
-0.479487269863979
-0.610049274968186
-0.324239323410973
-0.468775827325415
-0.44669896504428
-0.597735557848615
-0.349800037979321
-0.456527004152569
-0.414753788278725
-0.319995825027908
-0.447002770902825
-0.580089425161974
-0.303900054871787
-0.354565101931473
-0.39509182212365
-0.442175531057478
-0.407468208743572
-0.321210663057418
-0.347393451767113
-0.389320611573287
-0.432537407612674
-0.402369626422107
-0.427442237231612
-0.294956444927059
-0.363872559524201
-0.296467525696978
-0.336573177697067
-0.244201249388824
-0.49162105646876
-0.383401753684759
-0.293792847329736
-0.275376403908999
-0.298004041006715
-0.362703754748296
-0.427094708006565
-0.317326192310961
-0.249870196510004
-0.420147629977591
-0.403437858133394
-0.401018693009048
-0.347826796390828
-0.333946726611937
-0.261491059386239
-0.25458577441851
-0.314507621809397
-0.340846073075696
-0.358608429247723
-0.449574284092912
-0.401847293275294
-0.320176233386941
-0.3920168188848
-0.417774195804919
-0.326567527041484
-0.172212496744973
-0.399929075646873
-0.290440479714956
-0.253654681110443
-0.308864625171088
-0.204079658817912
-0.361945557367628
-0.30433261771717
-0.362490076320957
-0.261119220340806
-0.33289308317656
-0.260345872011855
-0.231938628682651
-0.0714728730802222
-0.31601221619927
-0.338354664003555
-0.361062440688874
-0.305098465244994
-0.42902865003367
-0.19737775524051
-0.426949005048208
-0.211310090364139
-0.298284262520986
-0.193216485117464
-0.279249476512202
-0.29955719759491
-0.258739298997153
-0.406488520262075
-0.22342617246593
-0.0434665245399618
-0.368534766869167
-0.256438626145799
-0.26130352488286
-0.217895656815746
-0.29860244162362
-0.271185530897384
-0.307515072428821
-0.263314248855266
-0.259284552685771
-0.220200372319634
-0.309048514354179
-0.169110351561158
-0.184984990749546
-0.359453346022374
-0.366379776121478
-0.216187091233273
-0.314836311171153
-0.304802870059182
-0.385078215881382
-0.264101987370539
-0.409317502175397
-0.268677888224286
-0.163314565939595
-0.20069738642432
-0.235467113148793
-0.309174688836262
-0.393571199795044
-0.347654181836922
-0.250690181362363
-0.392936552524981
-0.315995725170509
-0.210672828872818
-0.33752149075535
-0.289978497372896
-0.244341469574659
-0.247999261846391
-0.212946170525387
-0.104641264771862
-0.261433912833213
-0.328802125002659
-0.265107258674274
-0.0763479733639621
-0.30056561052448
-0.182004105599853
-0.219752532746816
-0.21590350724718
-0.086236080946652
-0.195149930024881
-0.143279084456107
-0.190925000656381
-0.165884283048924
-0.119603425262042
-0.252007338165355
-0.142045806837413
-0.158275933721924
-0.157117779559555
-0.200562209206153
-0.213922611189896
-0.233142714676386
-0.222237132927152
-0.189583008431887
-0.152565104861838
-0.131105790769605
-0.121270384751698
-0.23465682539371
-0.0875744857772549
-0.130709949003392
-0.154865492580152
-0.22937082727564
-0.199682259878253
-0.183120633661251
-0.205297968612145
-0.240445647750592
-0.139852127082966
-0.229336416573596
-0.0696491776177917
-0.0445643007910264
-0.222900034539229
-0.1126629231207
-0.0715782414275053
-0.0832040528878375
-0.11273207228042
-0.0741093744349197
-0.185827565582479
-0.153079027114442
-0.0870835726462027
-0.161418568112686
-0.044710369081607
-0.0235339303545484
-0.102395002357207
-0.136684545490706
0.0421981069601844
0.0219710805788851
-0.087904063207922
-0.121074629992833
0.0430311827076092
-0.0357305225877967
-0.107608900923491
0.0576456972188902
-0.0814821638047058
-0.201612598476832
0.00534492724296864
-0.0964294404201542
-0.153382375939563
-0.0354113361762991
-0.1064879469015
-0.0213873486056252
-0.114450760834305
0.0760774623232615
-0.112883957901159
0.0250952989410421
0.00696311782668931
-0.133240370656843
-0.0180428720553708
-0.0579934144904273
-0.0459861308271517
0.00705396586722591
-0.0175946333719419
-0.0891035110389862
0.0413950390700823
-0.0291952247540276
0.0588969331143098
0.0831244053052878
0.0256327895153439
-0.0945256755278849
-0.000901837316959176
-0.100750825157653
-0.0105412026785962
-0.0126361587870162
0.0877479663372822
0.0694231269689008
-0.013895615260026
0.095117506077472
-0.0285764295822572
-0.186770916680059
0.102201275518053
0.0555774936358015
0.0724739411431135
-0.13476451711738
-0.0228224101829802
0.0793914084585213
-0.0185484195942046
0.101510678849082
-0.0562962531904521
0.000687716354693793
-0.102683127368914
0.0937069737534122
-0.0635124612703588
0.0150753970088501
-0.149253510259814
-0.147425974411569
0.0423679689022098
-0.0184892795607567
0.0145382474178189
0.0978096602069904
0.122198577504511
0.030638738777781
0.0145355586776572
0.125264675527648
0.0610226079234588
0.0569433967443351
-0.0166584550236927
-0.0072184918894657
0.14685208179409
0.102323754472489
0.0225996894220328
0.137817265550218
0.134816813341706
0.311193639637229
0.0820691872170397
-0.00786821501341319
0.110081484906751
-0.043350619118326
0.0860633859078471
0.0990373665480727
0.0611092908447348
0.0635818936992581
0.090608157432729
0.00648469908522496
-0.0312319146340001
0.178469988870762
-0.00890270077875466
0.0907241145354948
0.0416714170378083
0.0547231737651159
0.0187347008547946
0.0871551750118856
-0.074388676040949
0.0251638645857261
0.165404766717514
0.160192515744752
0.0658633304070785
0.0377475810649382
0.0363334116483121
0.0225801128517873
0.178616937693406
0.148608828734489
0.151604472644909
0.135497882995246
-0.0252387399396643
0.00278497095095089
0.116646016327179
0.151717885298257
0.143877892163963
0.274685442543346
0.305074611599746
0.126295753388019
0.171081510341142
0.125959347836294
0.242066398928459
0.0821524821291942
-0.0110031138392067
0.236029614473106
0.123987997148999
-0.0102219906493937
0.0858748271223887
0.127996572070547
0.262615013437268
0.106473955052275
0.213972497865219
0.10691087535808
0.176985824795293
0.14999650131441
0.24467771586148
0.0499427632886867
0.175584798059353
0.291807862326364
0.11619162438453
0.274613409820166
0.245156918748312
0.218591683600133
0.0499006154202519
0.121537355965181
0.145165873099314
0.205188853448274
0.0734384902257618
0.21498823555529
0.0883192329972518
0.135117289100532
0.266343962178724
0.199233428992711
0.0742744959038491
0.112791668868076
0.276103836109029
0.301368663653552
0.138046629086241
0.213956550377317
0.140521363184148
0.173564476030527
0.220014209014949
0.197871761800367
0.344065170454903
0.333409613038402
0.138072303234333
0.196477229637612
0.28454747063816
0.286274855086645
0.240777009227268
0.199735561240046
0.299273914715347
0.28296991075176
0.23992186210006
0.0871785829035093
0.29596291329692
0.249551530157042
0.262734295815986
0.108046406740661
0.291883719082521
0.220623815045993
0.209513007411578
0.401513378151399
0.344678822448847
0.343920915705691
0.212625061341599
0.0877410085995138
0.180538258928955
0.155368405003163
0.279774329447611
0.303494985271612
0.245101433399851
0.286634031947628
0.346585728307959
0.156286853108429
0.236797233259155
0.277880368775105
0.278221235651016
0.38618880519663
0.219584186321463
0.347942886616675
0.339391591680391
0.321320824684316
0.41509097767271
0.441028738259242
0.470590809059036
0.278929866165068
0.296508709021056
0.365516529618201
0.363208400798739
0.302087648748295
0.386358099669353
0.354473131951322
0.265649783827574
0.27585758580684
0.288794774378658
0.357432458854937
0.196977086299547
0.401289254811301
0.404166003697154
0.323478546483303
0.378036931758221
0.282830993837364
0.49208864557562
0.426566286203524
0.34058355454295
0.319562170183428
0.337078592397729
0.469585012589686
0.422829947738845
0.283823390106608
0.295063182449779
0.39176199756666
0.150488262119109
0.291310781735382
0.37973511189882
0.361333856030289
0.417019172996503
0.387838014387295
0.492156028163355
0.490091108118232
0.391165487206789
0.451241901295251
0.422329466993498
0.252259467049981
0.371258753919447
0.375092601986388
0.409722320026348
0.310101066251628
0.433057515217472
0.439154910311246
0.467412287558427
0.439452352692544
0.441756628009775
0.424949507062403
0.340021562540271
0.426235324829455
0.49963895969996
0.251609306003942
0.334295492077417
0.342489173490882
0.395588409853119
0.494456166816329
0.248703185420809
0.268986446343868
0.416034062529298
0.457040758761386
0.562041850369044
0.475198399452955
0.393829734027947
0.391127976933123
0.408058230437871
0.541913780447882
0.251644206846794
0.610129355651099
0.420539668915349
0.367940495830496
0.541630858013603
0.484449678713075
0.499698071907578
0.384728140091211
0.310305308537668
0.585489798601866
0.388544873383818
0.453458503613417
0.581693611875009
0.472621435607694
0.473311674345715
0.455118299727141
0.40171988923204
0.496677555148483
0.448669759120324
0.524344838014842
0.439986348254796
0.507743539158271
0.428095622552071
0.468946288500244
0.479661744147394
0.508945941561747
0.525991546038834
0.606686628828208
0.496476766238393
0.439339846019571
0.431172932999179
0.528888208874747
0.530092734628075
0.46842870565745
0.519438560988496
0.801483714674569
0.643510941374698
0.440564145973676
0.591425465196216
0.398482927228436
0.577512589954733
0.402954771757672
0.447598537569653
0.605723857808496
0.568199216766945
0.456099662840066
0.552574108245874
0.624893201740804
0.501480202459478
0.621501050790976
0.468593987441077
0.483997482401925
0.458235799874315
0.674656734015278
0.421065946193989
0.482299642014163
0.516330845383793
0.708408202500405
0.580802964401539
0.586259374295554
0.690466078259201
0.637473163549411
0.467661306750172
0.68561380325202
0.660962257643414
0.50391986559352
0.503989492359828
0.578840494140131
0.424574394623959
0.673919354298305
0.569821088474573
0.454738261777836
0.666146054877949
0.583198666224364
0.663194061130229
0.611732728203515
0.667478634154518
0.544529846068011
0.517360428532043
0.599847121179135
0.615986343371703
0.713590226340723
0.599530902997883
0.595213982005305
0.556886314995014
0.503402212792494
0.579771972372552
0.620627603171421
0.736525797280452
0.611665682119706
0.579310277680914
0.569318967930875
0.721938516601182
0.799190418471214
0.56351317594799
0.636868697950323
0.575666691784583
0.642908384395346
0.687607377596517
0.774405088333473
0.717505881495885
0.804126777807898
0.603413228957291
0.659797428320223
0.748573803358702
0.637522306303469
0.686059901457955
0.574746163051576
0.659927925488104
0.609698679632707
0.792324142133344
0.801079487539959
0.47964646117795
0.652933490768992
0.63407782139386
0.667422845052802
0.611379556509192
0.675519340120106
0.574844711728135
0.617611944011764
0.568439368354035
0.682703122861871
0.663358173786185
0.756187923350071
0.703206613035506
0.707799211854922
0.65264469816832
0.793844323256671
0.593450521440735
0.602794045754019
0.728182276109633
0.729289164852383
0.644174503220491
0.677824979235259
0.713478791320987
0.708614761070886
0.782392615780601
0.832073471209566
0.786808686096232
0.700276808433337
0.652446803774514
0.739508658952882
0.662022662814963
0.623210501247237
0.724376100063441
0.646312678074553
0.730586544351185
0.793927653927456
0.775519037956208
0.768907772026462
0.779043996096706
0.826479214097322
0.665387436721316
0.690430645355284
0.918148897958545
0.793848917320026
0.709720467942576
0.571063377412779
0.870402207261702
0.812684611159874
0.808674509364967
0.748645663972249
0.796644341784756
0.815627942214486
0.781697678295467
0.7824001918338
0.69238280792938
0.799701477935017
0.733693255160879
0.783830624874124
0.799974614518605
0.798939986064081
0.890610099448071
0.799091382555034
0.842637998150868
0.823981935966594
0.733720861221602
0.870243446585014
0.821016353514559
0.770900343209082
0.783878065824637
0.876990124140128
0.846875052588128
0.760676597953654
0.7863372384296
0.745374629602557
0.946009575892129
0.844884076247551
0.864693739273847
0.895909230894899
0.797648193332248
0.946384335425475
0.83354102314769
0.916373694003525
0.892107896155469
0.629751774589558
0.661453706567542
0.85578815590657
0.98399865963258
1.04176043354803
0.768805291060471
0.932575382774254
0.807904232634039
0.909254288213802
0.810796413941704
1.00391698849905
0.92550022746713
0.910419421007168
0.835787840684497
0.819571642596312
0.978819365394333
0.764409901505589
0.839700197623638
0.866753963712615
0.963225780782257
0.876439901777876
0.765266393267609
0.873664512915028
1.02907028092854
0.933074038168595
0.983554049656555
0.864467621249754
0.90305137889759
0.766431737377102
0.81215261610131
0.76149889031719
0.895821565631678
0.872282969049498
0.897386393471284
0.893702221174663
0.957002122658418
0.936760867151122
0.784726516172468
0.959873525257933
1.01085559903925
0.798499213806259
0.938041812247925
0.971907944480875
0.83780139776757
0.889580696672859
0.802708992975147
0.985385497719301
0.87595847965186
0.811274701249592
1.05331001984239
0.908837887526226
0.85663719930226
0.942398777171481
1.13760128816851
0.943323646226302
0.958617384349597
0.954785200958311
1.01320282032397
0.930826207562564
0.822882252123496
0.988585689925469
0.91492181473306
1.08904058964919
0.974287509420801
0.786471292236551
1.04236483360427
0.964081628070662
0.977667551636146
0.865535336458117
0.911745881827
0.805450988744104
0.84970632707022
1.03269671932282
1.07853932463682
0.885067213904765
1.01977255787368
0.841223507529124
1.02868573759492
0.907219464302317
1.01039646860315
0.987727679319835
0.933066026355412
