-0.0702507275703529
-0.950995186172491
-0.967040389429483
-0.987536583648002
-1.01005385363281
-1.0287442370765
-0.953102502883726
-0.824589936999853
-0.997272717390635
-1.00831373977512
-1.03376671531782
-1.00010408127677
-0.817654108046226
-1.00467281584232
-1.02759429834494
-0.951538939354578
-0.909936016554425
-0.916427343624259
-1.04468453469074
-0.970216563785943
-0.961394004300993
-0.90133788701022
-1.02158904981178
-1.01878311012725
-0.836287145856964
-0.887584189564228
-0.955341266877693
-0.896854012697797
-0.987175143177204
-0.905704480710133
-1.01520478085356
-0.958348221327679
-1.07013407262626
-1.07905910364117
-1.01311402689869
-0.902875892065412
-1.10117952036801
-1.04547795754877
-0.700295780545393
-0.995188148085506
-1.00070328048159
-1.14695994809825
-0.887035652215684
-0.919402370576981
-0.868580374824509
-0.824109406049465
-0.895602841666911
-0.818498311809598
-0.889864559023092
-0.949292284194025
-0.804832920305327
-0.949364900738145
-0.83851509110325
-0.970716335607989
-0.948794545370687
-0.994116387041247
-0.809749653740081
-0.841382212498896
-0.898679831323207
-0.870304848197627
-0.928455103400478
-0.948916894553677
-0.823871152024117
-0.941109774210107
-0.853171465058622
-0.893563270226999
-0.884706725507998
-0.780582693322726
-0.880535862874936
-0.976207547490761
-0.908719755095666
-1.02446953556502
-0.94965247390305
-0.800179689505973
-0.965231566500939
-0.91268938907984
-0.84126158265533
-0.680673090404013
-0.788104707707593
-0.80320274661376
-0.924990633370147
-1.03137229369716
-0.677888795096802
-0.642580545116382
-0.812650039619345
-0.841716600125206
-0.832421639422194
-0.756351347174282
-0.70555442333725
-0.885698770416072
-0.771923480710477
-0.865355984078003
-0.68411749732642
-0.836704695566934
-0.739829667974667
-0.898226390977057
-0.781559427069025
-0.837001945777146
-0.953578193657968
-0.791067375542204
-0.828135565999268
-0.730436046641276
-0.725773112868304
-0.719921345574053
-0.83585350715337
-0.637437617286225
-0.749593081184894
-0.824985376278545
-0.676396894196994
-0.776104709036647
-0.730888523370411
-0.756209305893663
-0.779138381880983
-0.841210876885126
-0.785775432355713
-0.754741698752031
-0.695379331344094
-0.80334700657211
-0.61639725068137
-0.687468741770108
-0.739434052480002
-0.772725035342939
-0.927998846515327
-0.81472921033533
-0.824674375779616
-0.771573695146107
-0.611199664709441
-0.682019181812281
-0.865850235302246
-0.796140308705014
-0.637615462727421
-0.736352283339145
-0.699981916670115
-0.743937936598893
-0.755357624856995
-0.665870137528894
-0.780820673511468
-0.839847539631932
-0.704622577528487
-0.724468426519156
-0.693522662155832
-0.751655056935876
-0.700589449373797
-0.634410232235011
-0.653874787240886
-0.675435737321538
-0.757606762703737
-0.597146080514155
-0.893950219511175
-0.558918655544896
-0.656834807539084
-0.57591423792055
-0.584668332034159
-0.723120341561423
-0.782362868150686
-0.81950717068483
-0.712767554115948
-0.505088633205962
-0.632719216992453
-0.577464638807482
-0.549597501359727
-0.765813930171513
-0.649763615697842
-0.660501334174493
-0.674391556164183
-0.69184033492012
-0.554789952211031
-0.707439167527646
-0.667187473664959
-0.528217365364468
-0.911027232786521
-0.685931835059626
-0.686968335308348
-0.714938246025897
-0.750919332668692
-0.608346699446432
-0.566891796875239
-0.679056068470445
-0.603127153755989
-0.702280622366536
-0.648515158945492
-0.636813850547331
-0.615034888889402
-0.65093962366135
-0.573815809277962
-0.611294979544009
-0.739879182022894
-0.725049405817258
-0.748071067766698
-0.823357959483983
-0.625294619290877
-0.588426531957993
-0.696766358235473
-0.516036782946127
-0.683550655860811
-0.694477803371438
-0.748673761279672
-0.532405608629452
-0.707364163392432
-0.645233830012858
-0.61177519270306
-0.691258412242161
-0.618689979974981
-0.593906019728703
-0.477371654044607
-0.57698898248361
-0.583986402292795
-0.505434317732209
-0.630099951374731
-0.590368041556549
-0.630808983160779
-0.593265857470544
-0.52114335189304
-0.553023722401838
-0.449637689873601
-0.542877630496925
-0.665319409624404
-0.584050801361652
-0.539927891418237
-0.586370884050169
-0.450379383466757
-0.514564703962605
-0.407242360683789
-0.429255452099826
-0.510888100958612
-0.567490603579227
-0.429227161126449
-0.679145965081233
-0.623868409967694
-0.486465909668979
-0.733898375620636
-0.466647406727244
-0.53949299363232
-0.541321764729194
-0.556078637743391
-0.524417504523885
-0.527471608662165
-0.511095990251541
-0.712210343137908
-0.374263915762502
-0.673434189715335
-0.59020487875495
-0.464992606833488
-0.481474141187873
-0.492884746569434
-0.661548519993433
-0.454009168559738
-0.548854895946059
-0.536562020923086
-0.611316816010335
-0.387877339895052
-0.548155211621461
-0.509686534367314
-0.43275392334249
-0.42507166291393
-0.351600353533324
-0.444690332703814
-0.476629417782547
-0.383891727027657
-0.35409292375539
-0.407601221026117
-0.43883261646281
-0.427260462722948
-0.502687363791145
-0.510429184326575
-0.514325038829203
-0.574763121749544
-0.526188139658698
-0.45044479604461
-0.310226061634175
-0.345625694103998
-0.380232416099171
-0.397505874976091
-0.445446309602111
-0.4143536161582
-0.390819618408076
-0.444044797287629
-0.467517810795002
-0.40540985198463
-0.667032514726719
-0.498927361890113
-0.462991718733478
-0.420707832859125
-0.293720759888845
-0.485160696353843
-0.594520585610096
-0.514484597127183
-0.469212484093554
-0.411669639186461
-0.27844892570423
-0.464694297903311
-0.389983191428049
-0.495222756702823
-0.458306711500652
-0.511766380932415
-0.391523193203987
-0.283489436108069
-0.285382491016164
-0.516293140139643
-0.306752883937988
-0.466707587684235
-0.34931061500903
-0.414174180176246
-0.342432315923068
-0.374155963147417
-0.399082272537596
-0.268982978239853
-0.402955768197298
-0.329378738276334
-0.57669738807149
-0.335574343513171
-0.209038270745863
-0.396399419525035
-0.329015469343046
-0.443690399327075
-0.457750565985773
-0.376150858473169
-0.38656545963158
-0.432169951520423
-0.501411213880687
-0.349936696992074
-0.280979145930694
-0.52427321569181
-0.326122266515408
-0.485321277479615
-0.382315115436484
-0.0868069931794442
-0.504868192524023
-0.369368658621599
-0.24519945207715
-0.397795831224961
-0.478716240198276
-0.408174441632828
-0.349545727557986
-0.272807457905197
-0.306644280314931
-0.243081586553761
-0.286794533666277
-0.556835731332419
-0.244422105641307
-0.391308077294614
-0.362454476089981
-0.306096669309623
-0.345580513235483
-0.247900559920214
-0.40463133085705
-0.29572216346048
-0.31754985731278
-0.282514723369766
-0.146597271477416
-0.272165926505285
-0.260517208877171
-0.38316249704559
-0.352848703540779
-0.332766998307159
-0.367993345951373
-0.265894736484332
-0.27893957825408
-0.321213764822982
-0.209490046746285
-0.390426775575884
-0.281251260141931
-0.162883817211094
-0.3888386764129
-0.296786920311419
-0.395254287140574
-0.304456751975813
-0.340454977092443
-0.244419099674995
-0.25941322619266
-0.344401444957736
-0.279299986277444
-0.128785034635481
-0.278688802677146
-0.270508043591346
-0.362141347777651
-0.386173653848933
-0.26449618076531
-0.282750516391376
-0.265630856172598
-0.336921160413403
-0.28480206469902
-0.230020496853679
-0.104136701549207
-0.305534757592589
-0.154069325894327
-0.262451812911399
-0.144590978390895
-0.276474155298693
-0.115702930571057
-0.0550990327199145
-0.286335491006152
-0.246281619705001
-0.263326819504961
-0.0995088292984397
-0.208443811142352
-0.374534460058681
-0.26976968872792
-0.0728177977069584
-0.282544194754867
-0.173294564861099
-0.294717220422044
-0.323517524759833
-0.119532438992132
-0.0507827037427746
-0.267486796477489
-0.0857754072285976
-0.215362200282546
-0.232285603886125
-0.113113733040773
-0.105996038485545
-0.279916505505638
-0.29220817953054
-0.156814029161305
-0.153152248439555
-0.269376863071038
-0.194424809459644
-0.171768454492722
-0.308816914251282
-0.19203097780247
-0.209590530728296
-0.140924828884123
-0.149728177315205
-0.0420345887653786
-0.145797324070504
-0.214518549738611
-0.20026413600744
-0.138188281212964
-0.0198358574832578
-0.146459349258306
-0.107621739973919
-0.155820188328037
-0.0559943652711722
-0.100654062136266
-0.147411187671732
-0.109432273151129
-0.0488743152908897
-0.179887178595917
-0.0956504366810122
-0.143510504539311
-0.211596330729651
-0.160097331398708
-0.082884702393643
-0.177341308913098
-0.113992627133282
-0.155363900946476
-0.122584185063184
0.0196175761373791
-0.080666246562288
0.0202139150897125
-0.207073045903405
-0.123211195646418
-0.133981525753307
0.0130670521051091
0.0435290508285387
-0.151669078025195
-0.124119886172291
0.000292440322876944
0.0185608729090481
-0.0772848517405744
-0.331109681204093
-0.14406277773312
0.00697783289283914
-0.0465623991839886
-0.0545587380106069
-0.125144028738871
-0.0838323020468262
-0.123894103640002
-0.0147332131307691
0.157340818685497
0.12561100356713
-0.0452835777896531
-0.189416696568007
-0.0497433446170526
-0.164476958829955
-0.0972839267776988
-0.0737592726264994
-0.050477902464186
0.0791880958599307
-0.00285087031006347
-0.0305336852511267
-0.0416061631735282
-0.0293116296820556
-0.0331724932917178
-0.108703725132188
-0.0168271197638109
-0.175677532337031
0.0295920437479111
0.165082596011086
-0.00795430608173856
0.0201314159033744
-0.0915313905709774
0.0415506281658325
-0.137214400134866
0.0466713204814704
-0.0182536082468143
-0.106661009292881
0.113340008793224
0.000254866127359557
-0.031125790865073
-0.0328282221390077
-0.110498095484493
0.0440684311212318
0.0220867063789053
0.0112776420392381
0.0178494016689738
0.102615454846512
-0.0405501702527136
-0.0152989074461919
0.0414028758563153
0.0239688498934431
0.0775091469194746
0.0919999590290803
0.0195760502170041
0.0177676068709799
-0.074255849096321
-0.0268325919437969
0.0934383099058816
-0.0331751623844895
0.0530282456896594
0.103745572213349
0.09152148132277
-0.0526295824775533
0.0515981261743877
0.176912159723129
0.197180861065133
-0.113287707200279
0.0703556082307103
0.128167088112449
0.114285177372552
0.0834327802021381
-0.0726306652913539
0.111950331919135
0.129114596976017
0.00363997002892679
0.0323233442211889
-0.0749802182861627
0.026255266012995
0.0778498016617594
0.215586911440386
0.162060559777332
0.00379989797541645
-0.0286914182142599
-0.0137761419810676
-0.0943012504884678
0.111108819144461
0.0556775728863829
0.207703248566791
-0.0187342892935957
0.245459471136259
0.0981633725431775
0.0877466635841937
-0.0141050013291928
0.0921153064246111
0.0576190970751577
0.114287250166893
0.0458391900965941
0.221572394171616
0.222826667525707
0.0330215746188339
0.259651982325369
0.16995646839076
0.0257171564453232
0.0614632047378603
0.147293068174546
0.169766993794566
0.146804325543927
0.130417467002749
-0.0396319123935137
0.201809450961076
0.369239026209607
0.167613169788149
0.12519789312416
0.204155562260639
0.0458880482861692
0.130571401905718
0.0994673125981358
0.160382206338625
0.137185743792153
0.107911957306982
0.221064705583073
-0.110499720531535
0.255515296874818
0.173390860102498
0.00920477952148639
0.179429852955959
0.132816954842183
0.121463248667196
0.203028237602337
0.199118991198443
0.298261746460125
0.189327633977498
0.178040961093701
0.290968351551085
0.382124425483855
0.306950368137769
0.089728923004929
0.245003328165436
0.210525485943103
0.0349764103856162
0.182866233443322
0.0596577219824242
0.124499933232159
0.211965200680812
0.0758279905606332
0.232962602550009
0.245702482046288
0.258767705140723
0.133558973649398
0.212374971569596
0.0855764061540798
0.142153535677962
0.230282212186853
0.187797222419697
0.383802854219721
0.197208830403096
0.339296985671958
0.185615310884209
0.275381728661843
0.246225541043969
0.212476589985758
0.24808267211676
0.196902725822056
0.204998798973307
0.0986077938867599
0.366630186182038
0.332852337504983
0.333590597204483
0.282904959004863
0.245609546026567
0.214272768884059
0.255068205790402
0.16377142254698
0.317809445255482
0.219691850975004
0.183268210114162
0.262557246495329
0.253920050834683
0.0519068885042737
0.107468682452943
0.351413555938661
0.105770664273713
0.35988627506783
0.447225859917193
0.330634226469824
0.342188387111172
0.188515723968754
0.387440774967212
0.276887672397198
0.22932507762923
0.324052920382816
0.28123127323557
0.283625533103468
0.258421720688641
0.412328808932013
0.47799694717378
0.285905635453036
0.43492676420201
0.417730079343689
0.507599444010506
0.29614208543982
0.328285982627896
0.35954484765476
0.390092899480815
0.199761524782447
0.265676344687842
0.370297427513652
0.267894457095184
0.35064712655881
0.228288256180541
0.338806907542944
0.46282694751007
0.370975240658501
0.297374537973712
0.334226064112901
0.532887526274366
0.386001805645464
0.246952979009568
0.10763528390775
0.373456583146106
0.349668780495754
0.202090988977057
0.373643008770054
0.483286319203543
0.356741020998187
0.429515283035701
0.565305120506127
0.373810585451989
0.33995599907522
0.419043241371108
0.373714898156111
0.263733262618215
0.374381865289669
0.228418535025446
0.482712032767274
0.326744278718791
0.33809867532198
0.413970039399083
0.220280363684339
0.253293973302907
0.39129304453682
0.40858244432547
0.397577161296707
0.440221533757567
0.365709616434123
0.363892763708183
0.371279539296755
0.413484583235146
0.32917780685132
0.515323762839937
0.578495102139594
0.46053489701248
0.529898874564057
0.512407608026727
0.386054263919666
0.458105176322172
0.530937060544203
0.331238630283391
0.598956380405225
0.381381225657156
0.32024842895752
0.408368352033076
0.417331030048906
0.487800785856175
0.284046298332365
0.453535184287902
0.397107702546212
0.47701156246897
0.53620517744375
0.496200717102152
0.497072772399804
0.553811179032222
0.384063826423996
0.484786752987661
0.523413231351321
0.457564717636679
0.431964866188119
0.436983601836027
0.558795929791595
0.406083798546101
0.515089272461087
0.441655451668824
0.459945732728668
0.45291432498476
0.509688006625692
0.24060790816186
0.396029877246929
0.515371402928759
0.55472234601023
0.527551259772477
0.527273236820191
0.364018062681718
0.418323518438401
0.501503343916236
0.504535392836275
0.59090895751924
0.479060510081887
0.66911387977111
0.638033707346307
0.455218599368382
0.551043935223874
0.549096286334219
0.502560287115001
0.555915265679426
0.676478191938322
0.464821438174226
0.67309010621119
0.576559407122358
0.56738139758929
0.539431675094393
0.530640266885664
0.526456777272763
0.635116474728935
0.397951798546506
0.444986461781312
0.582514372648275
0.522932050395556
0.651235343686677
0.525397233747477
0.535460703297768
0.483891955504338
0.585794306717
0.555561300507845
0.612157195943179
0.712412588244525
0.553283596025453
0.499536491310293
0.489893976795787
0.524593850590902
0.513746967125923
0.679462663119522
0.513996850536116
0.529189226594661
0.556532583634629
0.534779377033839
0.681740254216872
0.494870345889129
0.584588955811277
0.611256404628261
0.784067552818448
0.658635095468814
0.725031495840551
0.693383526255464
0.430322818028782
0.691967415359456
0.607576319853522
0.65966977336768
0.754964932896162
0.478771315529262
0.622187423983491
0.656884684502845
0.602745823996424
0.611936238060819
0.570964343201671
0.61625817685516
0.602114391377073
0.690200898816947
0.53809777425678
0.653670006310487
0.427090891432123
0.661260357224933
0.521248167841673
0.651536576997142
0.55782442229457
0.551945246965937
0.673721312764099
0.481057427370883
0.646308169726688
0.679638275371689
0.703532136423964
0.778419445690194
0.536432146826749
0.591871953274143
0.601198184478751
0.636363860096901
0.624265830152512
0.742877913435383
0.718020290372449
0.615046449423981
0.820532555293313
0.67147163114863
0.705273186646648
0.604165559465553
0.758463382323128
0.676305986752707
0.771148051441809
0.75389981369175
0.618384469413535
0.937403586399165
0.647147258327108
0.634131490649346
0.742505850204609
0.602242423650841
0.69601288118312
0.623364478599969
0.814891391776506
0.925319522717718
0.733677922354293
0.727336573727554
0.821636404322764
0.655237574680142
0.538271976559661
0.71712011238957
0.63782116871274
0.684965720106008
0.77765554713966
0.669490851373049
0.632142698369195
0.783133912715071
0.6536272389276
0.759868195807441
0.829480888366396
0.695026952931123
0.68229649554394
0.735235632873249
0.872698977976496
0.834223438152909
0.807702162909054
0.691425552578857
0.819870962848993
0.816875527085985
0.729574624191375
0.686553756266641
0.880869436962644
0.733929883353832
0.771136087906287
0.749272747346715
0.915387758789338
0.77657010688897
0.761735511605931
0.794500873583623
0.870699893468726
0.789899519238148
0.843292031280691
0.783615668058467
0.768515057247419
0.90832770282866
0.855399101885011
0.841105749754346
0.830328485353277
0.894034895898718
0.7214477846101
0.820018264831259
0.778434655984215
0.685421467922583
0.826830267037422
0.818859953586173
0.774578522296092
0.713933251715467
0.802436159785812
0.714418568437414
0.763903151861333
0.911200943688928
0.673604844022326
0.742163996235618
0.789012870841906
0.829339466898497
0.783546541458
0.924824176033924
0.763510453994978
0.991425335655506
0.75518356645444
0.744828651711006
1.10690501717986
0.644407185122073
0.757128666693945
0.90304635462394
0.85180428267183
0.896971256955082
0.878445357019069
0.777507894594705
0.930993655863637
0.779531748931266
0.984584367269684
0.796164839686436
0.915009277065526
0.780297770742282
0.845612901858113
0.981794936355746
0.916406719277831
0.840727138814917
0.870848061000946
0.895502201259867
0.832511811498758
0.863678700073135
0.822841493609098
0.898233598989768
0.89357929962088
0.840150199380659
0.938978363067604
0.815159198988118
0.865624818798395
0.791169314208273
0.919360225474344
0.945346594025898
0.89678075105268
0.948011668491693
0.999027037728939
1.02297060792149
0.93110777059082
1.04451304332151
0.82683374107731
1.15983736522797
0.890497087089972
0.840695065647337
1.02822880607003
1.0251103545883
0.916686146269952
0.942983097692886
0.85686602442872
0.963469780957405
1.0832714692751
0.953751169078412
0.997707457504817
1.06877881458028
1.05104976548458
0.913250399098674
1.00264754419862
0.893820586237664
0.839815396510627
1.11228100586596
0.994705059291642
0.977272193728386
0.906005425089554
1.00341313390974
0.982310122083674
0.97572781450871
0.944853094940162
0.922646066604161
1.03428086518779
1.1130272452077
0.965757595015096
1.04701332472949
1.05040632648041
0.975889553066003
0.980850185983918
0.970884682341979
1.03151275766468
1.03791128247177
1.01520509097744
1.06517648245038
