-0.09382311108791
-1.04503490892515
-0.967554161789408
-1.02219340291727
-0.965282040957169
-0.939520154276257
-0.992899196402232
-0.947286395758773
-1.01843515303216
-0.995634539799377
-0.869007772761489
-1.00563969501352
-1.05034315902538
-1.00111950348656
-0.997876152088776
-0.949459731759257
-0.931362409813945
-0.951734837169305
-0.930596086236248
-0.887549087819199
-0.969987153664006
-1.1245784662187
-0.875514627231268
-0.92005693813808
-0.988990810606809
-0.984857284941434
-1.08658315801242
-1.04090751954351
-0.78841955954037
-1.07724660550441
-1.06314885172196
-0.976419554485198
-0.967979834605319
-0.986596429151798
-0.938768790262614
-0.869172363091587
-0.963531575695469
-0.949010111237661
-0.881518152036709
-0.84659118756611
-0.873394340277292
-0.860736815737116
-0.800320770191495
-0.807276682436169
-0.834998866985632
-0.839935900189783
-0.922774748917399
-0.926815070769682
-0.926228761085427
-0.841424768698735
-0.951313635691788
-0.821291493937968
-1.01420659462203
-0.844626046456184
-0.842227449551687
-1.02461540243409
-0.815096235765267
-0.944123148155496
-0.907842048898697
-0.922810632240865
-0.949838843583836
-0.884768977872465
-0.89743492390158
-0.819974927080912
-0.840508724455185
-0.850699172579502
-0.821787144197735
-0.859956008267071
-0.861062820568557
-0.866404775557904
-0.896541127422101
-0.860720029673808
-0.779336995996854
-0.988408677222703
-0.983290853007315
-0.790936156505425
-0.749367395495463
-0.799982377740092
-0.737810019794561
-0.732957691741701
-0.893892562065471
-0.781814560760193
-0.910058527310961
-0.965822800149479
-0.933679551996203
-0.7854284899527
-0.836007049588679
-0.800769298779763
-0.779980381711696
-0.796749003652505
-0.933684960357781
-0.895302074475447
-0.82934503762931
-0.852206900924566
-0.705170346488648
-0.99285042539742
-0.795450105075882
-0.85900209634549
-0.702539187346547
-0.769274736186082
-0.584231307036223
-0.945213911472119
-0.673905445593069
-0.697267690645532
-0.843114011535274
-0.681219905121854
-0.627408473214423
-0.808354428393217
-0.771279575722473
-0.663507222003009
-0.89337981987103
-0.670397978568134
-0.675581894011405
-0.726354116367327
-0.76379845389037
-0.705341105127508
-0.784553430507144
-0.646788255313789
-0.779015370131814
-0.82426639893544
-0.663175756500866
-0.637667195268515
-0.827528823128751
-0.668291811116978
-0.708418143588795
-0.755628833608716
-0.775871933407466
-0.782264197223818
-0.773058719938255
-0.858004798798401
-0.718181888789787
-0.899526194642234
-0.873967674279306
-0.672906734880731
-0.726912976565911
-0.664462070420835
-0.7944857868224
-0.709963890628425
-0.65143956823857
-0.707971055322446
-0.825662374224907
-0.815342968148885
-0.794142992482542
-0.706742221300401
-0.720178891545553
-0.776003337894553
-0.574522405653521
-0.617006237446049
-0.79010940924009
-0.629607532495947
-0.755068329527763
-0.902751738285594
-0.593178623298818
-0.785566980167535
-0.722034523063399
-0.586238668861856
-0.691567675886658
-0.67490567311976
-0.902031957434805
-0.680546358569935
-0.780145316617591
-0.58224673631443
-0.729369223913928
-0.641779971470223
-0.793121055515069
-0.639365703920898
-0.737307155315488
-0.578945834425489
-0.584167579177147
-0.62541972829204
-0.536123248667439
-0.664672951535471
-0.616258937960702
-0.773609467841061
-0.672543753623797
-0.628664432965864
-0.635138256074806
-0.775820092209747
-0.726021273000808
-0.738772018601065
-0.548245544425656
-0.580675231921981
-0.640849338059064
-0.55475275464766
-0.759765180688471
-0.446727775662884
-0.764180224596643
-0.719378420181508
-0.56646071280985
-0.510615547830473
-0.679364593534337
-0.751547216005729
-0.623122351588417
-0.505581013489975
-0.55082621936836
-0.708319313161166
-0.653441122488202
-0.589830873723596
-0.710057296584531
-0.529378878538871
-0.666863115430649
-0.677136284849853
-0.643466231046348
-0.551878881677556
-0.456236299834537
-0.829542548533116
-0.463528493952206
-0.489969445022512
-0.710940837353259
-0.534762360502581
-0.588076024711164
-0.702382481490523
-0.431120434834737
-0.5932950486299
-0.507150745107255
-0.629130742237929
-0.734125991062888
-0.504644044885472
-0.532937760776846
-0.660124369286156
-0.647661790540846
-0.42015843310506
-0.66131239439165
-0.593786660366792
-0.506467058209972
-0.543116230056485
-0.596673628467675
-0.611293531663573
-0.595697978447589
-0.499965303683143
-0.607391945606134
-0.693717016093252
-0.654943344360445
-0.551775186430927
-0.362198127262845
-0.535573411696
-0.567761696986704
-0.481432000870511
-0.473986805398342
-0.655633627287453
-0.423634380750988
-0.452215372598977
-0.492823258663615
-0.520922076173131
-0.594289739128082
-0.468856570320403
-0.420853720261433
-0.564972054877566
-0.469028498591015
-0.438456821319914
-0.590354153503394
-0.389159589241826
-0.436408617550957
-0.554187181753328
-0.413155589784027
-0.616737473524023
-0.508757880714806
-0.442857804452586
-0.549202103598767
-0.419957061342826
-0.464857289505197
-0.543381379300669
-0.316811692989227
-0.242917451228464
-0.586155234149942
-0.345913952400445
-0.501804148303254
-0.385081588702682
-0.484723550607623
-0.513244275060677
-0.452254848810426
-0.590124281689063
-0.368314498112166
-0.400340681697417
-0.5343112339249
-0.521975309036889
-0.466868177303212
-0.368097943883558
-0.501029163029464
-0.527270254023584
-0.560101782426283
-0.431242917719235
-0.44964202415691
-0.535308873922403
-0.419563103249632
-0.331963504300128
-0.312172215818787
-0.451931992258429
-0.462906362904971
-0.315315440625987
-0.550376166763823
-0.505770504881318
-0.352313114991415
-0.362339972856465
-0.471854444733753
-0.37756223045138
-0.584453061497997
-0.338377926764769
-0.33449179553586
-0.381011364888206
-0.30392219010708
-0.36477925245427
-0.249243073164667
-0.341649600208776
-0.539740723774153
-0.3910243667321
-0.428528034735987
-0.383188613505443
-0.519237911887822
-0.328368030514877
-0.458706612828596
-0.430339144573074
-0.518605429867342
-0.297715516549306
-0.349604470801159
-0.294773917533858
-0.334868907304044
-0.460858454476228
-0.259216306630683
-0.366019426812384
-0.434364372106953
-0.360659506777675
-0.448786188700686
-0.313702580867237
-0.408795045166849
-0.134566434310535
-0.349413875549271
-0.336541737724723
-0.368522445280893
-0.557341233833455
-0.28298425478312
-0.516785459349037
-0.435991344525193
-0.316407640674865
-0.363291740444874
-0.460501934118854
-0.354456516724878
-0.406042724883453
-0.502074652199985
-0.401002595039667
-0.40914603162001
-0.265528554178697
-0.40181768869307
-0.286118430837067
-0.44194898935948
-0.366080778919828
-0.225379086575743
-0.182446612468224
-0.112897099504222
-0.211637841763237
-0.332137014880502
-0.331753914754928
-0.185240247800921
-0.180074579965664
-0.195181595259724
-0.222536824026323
-0.383069216540136
-0.254405984933399
-0.275474240789919
-0.258266217780488
-0.358875012982239
-0.300396733252224
-0.361872774936216
-0.253977433638765
-0.416117583939601
-0.204012082993586
-0.284694746836951
-0.344748591915933
-0.374253588948715
-0.0857249728238746
-0.266623786900904
-0.308078578117826
-0.182769395463872
-0.278886279429144
-0.19571536904355
-0.367101061892504
-0.187576452020002
-0.41611370651765
-0.438756412407424
-0.256482577657432
-0.254439044613402
-0.179477959512235
-0.32197241192108
-0.273254632379679
-0.294626074235047
-0.238227038519848
-0.211978266794804
-0.130895772648456
-0.358950710408201
-0.220733084746734
-0.189961279122087
-0.241786390567232
-0.254048745011679
-0.150951987677086
-0.216164807703404
-0.154196984322839
-0.191165917185689
-0.229671310146831
-0.289458064716855
-0.165291168887588
-0.130722830002204
-0.27879749695499
-0.129437746211625
-0.0599286832218856
-0.256584513140966
-0.189201491872594
-0.0636891106648974
-0.102297891810201
-0.179609195413054
-0.177446842478956
-0.198675658021437
-0.248792936222037
-0.260811712002783
-0.194955650528723
-0.208518674450233
-0.0462877438618106
-0.15860411805708
-0.0557995777582115
-0.290609982457231
-0.177780391229626
-0.208356025258318
-0.306994332921828
-0.196770592200898
-0.0614089093129767
-0.127954508439462
-0.232627353553241
-0.267492559158329
-0.00289387688202734
-0.232287135542339
-0.0674738352867497
-0.0915971597071054
-0.145040045314984
-0.00887414545874025
-0.0703523777964005
-0.0101504928271478
-0.101120624737501
-0.201764505245398
-0.142854143696016
-0.018838022420684
-0.121405473343779
-0.0236841925453853
-0.0805011508372612
-0.0907203782138364
0.0103587933987089
-0.110634574779573
-0.163029612052199
-0.164990750657047
0.0118247922570645
-0.157582364395363
-0.0709464217543044
-0.158411407519513
-0.184837478934179
-0.28701014011027
-0.0065889122616398
-0.0102589215199467
0.0511059034066001
-0.0282809468136551
0.0341674669706697
-0.0044179940520242
0.00106628167228413
-0.0389608524531261
0.04871064043733
-0.0589117642982144
0.00555034439969157
0.127170356250732
0.0483303830927546
0.0371479981730865
-0.106531215156961
-0.0197513203988407
-0.0348353662553399
-0.103113668477701
-0.0406687329311786
-0.14913676795795
-0.069635412020871
-0.262950826647926
-0.173868395234652
-0.0339634096463031
0.0776289133442526
-0.10107390791365
-0.0740633424651443
0.176576954508945
0.0176370704666797
0.122083047505807
-0.0933155601895658
-0.180513764475205
-0.0055770112915887
-0.0405525306890843
-0.00451792061857783
-0.0650139099585413
-0.0876665175061189
0.0695815088586946
-0.0628777992430447
-0.00343754075333286
0.102174630264218
-0.102138993942796
-0.112913504843096
-0.261992387860537
-0.132535743730496
-0.0425614636201059
0.218371109300459
-0.0220933370090173
-0.0746690867905996
0.0918139730354702
0.0292474096514403
0.0497489550608785
0.0480196541924805
0.0652857334227038
0.0554414544418294
-0.0398169100203159
-0.0126605791515232
0.0192376228366548
0.123859857901619
-0.0884849665700553
-0.148447221913792
-0.0899715959553183
0.118741196114715
0.142741329501638
0.100040161254704
0.0783343159571645
0.113692772385497
0.120371276595514
0.0532808046131413
0.0285206639184213
-0.0410547418145781
0.0580478434245601
0.0525137915606895
0.0551049527390181
0.0769722658183477
0.0596664545955992
-0.063280102508506
0.20199746315591
0.0265497106300506
0.0713321888784622
0.0976909141488247
0.184039861213154
0.104758994881371
0.0061569169622589
-0.00272625394635753
-0.0518599697905241
0.0471053012073755
0.136821700980152
-0.0126427407571909
0.161865448142924
0.177288695090925
0.0623749400748431
0.0415799604077036
0.00806075177241594
0.0165506803043557
0.228989154921861
-0.0137204369524631
-0.0225898478683765
0.0839425612910541
0.134104379775824
0.162851848064275
0.14360071184294
0.0414836081630105
0.167430148088256
0.0721803848050595
0.237717577918684
0.113356447461742
0.166899611570794
0.14393537850842
0.0207103006851349
0.0682888398184145
0.250417612554625
0.0400505750857104
0.222108627024634
0.062752424352229
0.184416089584374
0.0222732416171047
0.211974023352161
0.123530008132521
0.113449055778847
0.00046827572652705
0.114486320956121
0.281331428314207
0.118707838200877
-0.0263359803160737
0.12413561170933
0.181782429422044
0.218352394732222
0.145802472093388
0.111518627019067
0.115567793336599
0.306707005264564
0.166105186940622
-0.0134498607721243
0.0466375118207298
0.214966126327531
0.124363087275299
0.245852178392212
0.329474523175851
0.107602309074145
0.111481954988398
0.166181714192264
0.364890514660011
0.162628173676066
0.225229167997657
0.142121801609606
0.192034918019357
0.223005019870196
0.291336127229931
0.198949632975533
0.236052248696726
0.127261330306663
0.194331614251296
0.200101436084332
0.222202914005542
0.230010709001292
0.132319229944236
0.363091812449001
0.118315018566904
0.115506613710449
0.170622007737298
0.298081579408282
0.074426578811781
0.166954935089962
0.282754987813984
0.276726926837977
0.353243812881411
0.285801210851071
0.344848590797352
0.233889997151981
0.222480377417394
0.221126013103106
0.206749076820076
0.257719866950057
0.0820988398130054
0.203613775927826
0.263105977903702
0.173092646646275
0.233192513205913
0.17540461662991
0.356303053186453
0.237979613485892
0.181930263722325
0.251656422832847
0.400114254241378
0.314696409818959
0.253742808779636
0.276857041020714
0.409033757471482
0.241455123571613
0.365556305343801
0.318447280227964
0.382935057252749
0.414884546247219
0.342592290743008
0.473186204344502
0.24678520456446
0.450545882870357
0.136420107644358
0.297951897903278
0.228810040854662
0.239893893944324
0.142321264650203
0.325200676218455
0.254271083449666
0.40249970821066
0.433573040335925
0.30646463384154
0.314136792625372
0.243325816004153
0.153159307312833
0.180000712071745
0.276537818703276
0.432220461259728
0.354591020864104
0.255765373868049
0.295589674302612
0.407214330429055
0.370612636133311
0.24764335897208
0.459627865705052
0.30396307746423
0.492272568622955
0.309731109214831
0.310106064337941
0.474862003710052
0.246274614522523
0.442189205390461
0.373636141448883
0.511994767868519
0.374935533410553
0.333978729095572
0.396788397815015
0.292695145625386
0.238187007558491
0.246317959844071
0.352788275435429
0.288338348552803
0.241346173140251
0.295822540664421
0.39603747056669
0.331634609406584
0.500253086995636
0.379577970461634
0.348377945601917
0.416234504957364
0.434894185426668
0.338203442449364
0.365160809032279
0.5091481320283
0.440082387297351
0.450113832290252
0.453869983438831
0.485682012471862
0.447749240357621
0.500956454555997
0.406172609892521
0.509554351665065
0.497013071516647
0.483085188211321
0.590555881350478
0.43971320542941
0.464670418328938
0.486855787345298
0.489421143986544
0.620582009366247
0.404039915791369
0.288622088918468
0.418180907488899
0.409134444608024
0.440246258313921
0.483066039679113
0.538214084747979
0.466489236226739
0.729295426279519
0.442856016812267
0.358816572119974
0.396376045539244
0.589621160200844
0.637660521624579
0.557645278382753
0.505998069562971
0.502458628901437
0.611394722463513
0.418524351569488
0.539431950692679
0.410715912360902
0.476539539244909
0.455396966477481
0.398494336703647
0.497122341271521
0.604153245416928
0.442792602568771
0.672270826921123
0.560075859327183
0.595549756981237
0.489629241245385
0.52267404004159
0.404394574728456
0.644651097715664
0.621496810604667
0.528332775840296
0.553348944332598
0.56407922420131
0.514600975320982
0.514946952237889
0.565524787005708
0.487931802394571
0.461656517309282
0.475137200156143
0.417764367208687
0.477993512116175
0.623214956314845
0.527835711630145
0.556597280874374
0.572859417228987
0.466688695722036
0.522643376682646
0.45689789053954
0.458033096024125
0.445342885942335
0.686712908547795
0.593402261439049
0.425268738059309
0.591145642123575
0.601318228090951
0.594805048176504
0.59493058837854
0.643019281969157
0.578926077500825
0.551654198187252
0.543914483132891
0.590540124517562
0.542027558566793
0.615090342765343
0.480269938284765
0.509475697182444
0.572743725033708
0.515617756356948
0.465837020975138
0.555240457017621
0.42711686033798
0.575859782716767
0.658089727179372
0.529300290074684
0.635252668864169
0.614963936473101
0.638808948248996
0.515989292472425
0.591977224538313
0.655140227714821
0.623401638605268
0.701092479911002
0.556310032359403
0.814569835085009
0.699529480848984
0.467429091888316
0.6640222904791
0.674490320964281
0.533433084518775
0.496313811770434
0.740907978491047
0.687696334824553
0.564348163922096
0.776263761025228
0.648849946040217
0.576795274350191
0.705898219815287
0.615779232543205
0.758450226463587
0.725215576228527
0.561463805227649
0.739837425410711
0.658070640380459
0.477474934671321
0.724003062843283
0.54753915304357
0.632394077735663
0.67467903015435
0.658826804815747
0.644193991052205
0.624706163570896
0.765889577774063
0.684511780284108
0.686077027754891
0.667540988527598
0.54444632678908
0.630405893358496
0.599839423422166
0.585182066015984
0.670165800642654
0.712510339023913
0.725983159492709
0.698397225992619
0.673526929736606
0.730757231080188
0.72061767876162
0.834198128071577
0.705914432449869
0.699406898912524
0.628446336234527
0.832629056122255
0.761332389777566
0.784832624454409
0.784611674798526
0.690061524804443
0.868909415427778
0.661697962836713
0.625683608413787
0.810430264685108
0.558641749739131
0.697636239507724
0.838655200832417
0.69790496319401
0.765877778680464
0.790548179887741
0.76422591966635
0.742591233606497
0.754016109939448
0.803500415311943
0.763358885562666
0.696840414913934
0.779767648826105
0.731923417403059
0.789628959806801
0.796217765684563
0.76468485591669
0.707651910146607
0.720892209332295
0.719636007839873
0.714755011376493
0.930722877523162
0.812372262806193
0.770630729787824
0.688034137207622
0.858163091800749
0.863456150749086
0.736047783418321
0.657296070639128
0.760294806345017
0.77397324608099
0.814009355470425
0.682782764849376
0.857258500917428
0.859894288104338
0.569650682929491
0.775256387301818
0.840537143888777
0.757890466708081
0.830222135731568
0.691979355128151
0.822613720784328
0.714183159545994
0.736849181145592
0.702939959440718
0.846185703449798
0.774490046274473
0.751554939991724
0.8910476951408
0.74874000330162
0.723953677234986
0.801271804887542
0.804471943502282
0.824791979706978
0.908069131863389
0.815965749753796
0.83794481314204
0.746429097607846
0.924685464652654
0.890252954742694
0.903082626122705
0.914424863916113
0.997901554482419
0.80865102590268
0.92425511538087
0.70414934796137
0.937412910943578
0.888651511000266
0.797230312424941
0.92550670178525
0.837904772768999
0.974084191629065
0.850673694005909
0.956365503662629
0.9871001192934
0.970895291401961
0.770844059052242
0.995504365181639
0.790563377230024
1.05635842149387
0.835649165585562
0.842412813750757
0.932126596726397
0.851703833482583
0.9244112075096
1.06663549296857
1.07898006095668
0.936039960682355
1.00613529242789
1.06910539290591
0.855617600702605
0.850880646121749
0.813984892581717
1.02084891972825
0.915733030958346
0.906416192175997
0.89753669647355
0.767163164394268
0.947046752677779
0.908158830331702
0.758946226587379
0.977916347270894
0.87623928258533
0.975981821832229
0.970518353618623
0.833079617532643
0.977573009217575
0.999769250080663
1.06391169885627
1.01355633362941
0.951477320180789
0.855105865864842
0.89964009169638
0.829108709393427
1.00027660742151
0.858567006730369
0.801506275860826
0.829788000430762
0.965431825179061
0.838565130043947
0.941432862154681
0.943133397883863
0.838307169861303
0.895486141005092
0.923742169173362
0.903415766243289
1.03024094351295
1.08582578382528
0.965276079792357
1.03295654181642
1.05917531198775
0.823317764826455
1.18037736208969
0.998897405620613
1.03882557770536
1.02591679835731
0.828316526150212
1.05429590855501
