-0.0246666634684868
-0.818993200486254
-0.910614025799514
-0.996423807745369
-0.967841048347761
-1.03253136480596
-0.984172926200459
-0.936558743254195
-1.01111340114944
-0.992449267084111
-1.04988118927052
-0.931132822460594
-0.922636367437735
-1.02707125214274
-0.978506482522452
-0.856454179619948
-0.942400167978237
-0.968894425751458
-1.0035826982466
-0.982869485063912
-1.08358043424777
-0.90078773728772
-0.930650173110868
-0.886555573659978
-0.945360415744337
-1.06698483282243
-0.908980327954493
-0.854795927908004
-0.934660759748496
-0.82135836316678
-1.02469408833135
-0.935956861318536
-0.922668883373086
-0.932695563628028
-0.950536902657344
-0.933771608820991
-0.962860886015216
-1.01977796159686
-0.787134027975116
-0.885857452114598
-0.852033295802907
-0.84500375159554
-0.845002651024887
-0.888945478893673
-0.892709401286599
-0.948909928998154
-0.862914041705609
-0.632831972122078
-1.00215466018366
-0.801147098692098
-0.974793251447563
-0.818425960613314
-1.09341629553777
-0.972299105547362
-0.887210714170126
-0.993284772358773
-0.825387608112741
-0.847269451802733
-0.832423108862011
-0.767545249772381
-0.921945788991217
-0.84924023046741
-0.882726826790576
-0.839167186988502
-0.887134660298611
-0.866149578160909
-0.842256971459437
-0.855650951703743
-0.806279695104038
-0.751264252461734
-0.846810183901453
-0.778749305548223
-0.917817382381026
-0.783226672702659
-0.855131661151586
-0.866459662762072
-0.892985130646462
-0.867043319884476
-0.98573707058972
-0.863874811166532
-0.706586184290344
-0.951300865174244
-0.766621193162596
-0.730030200470342
-0.831204649586932
-0.830433647259214
-0.915856313169818
-0.81156777480631
-0.857584479285569
-0.806313002982707
-0.799027049749038
-0.761081269322208
-0.857900185876873
-0.773191259441649
-0.751012643159215
-0.84613396382098
-0.701243020717907
-0.718727873303406
-0.655562311856095
-0.89952547238785
-0.875737675319103
-0.841923810327589
-0.706570464259655
-0.804595338969961
-0.831709788131313
-0.784780990231699
-0.840161916297255
-0.695455863623391
-0.738505145307931
-0.790735295692166
-0.835835092648131
-0.808711510637827
-0.908585076387
-0.752699731094365
-0.666103892711425
-0.773953580499589
-0.928208361884501
-0.777446785213904
-0.661148422441438
-0.712863535817781
-0.79643054075342
-0.701925426047545
-0.76591143948481
-0.801167239185829
-0.755840061283506
-0.712589090538035
-0.80732397722801
-0.758152464271637
-0.705026664796867
-0.842582276862702
-0.725349946543398
-0.681277282184984
-0.715741157682008
-0.776125078247877
-0.965543720883645
-0.729236347365168
-0.760839210974786
-0.757489578694545
-0.799528955489791
-0.741600273085489
-0.560996815045632
-0.851092177180661
-0.809235591724283
-0.949392658615766
-0.643320432970881
-0.798809631488006
-0.867275896486146
-0.835316493643281
-0.729690522649195
-0.639849361087144
-0.82429769551167
-0.638370505077363
-0.722339651894203
-0.797039691956273
-0.660849734591232
-0.616758631888839
-0.687942079653959
-0.655445062604386
-0.803582339047773
-0.747810376827556
-0.734126992451414
-0.616564233172862
-0.777870960013619
-0.753805466371532
-0.747997042958219
-0.671219561011208
-0.747125360219171
-0.612221821677916
-0.883941405040882
-0.639291974131727
-0.672618999043821
-0.675779440210139
-0.657449198656415
-0.762180648004585
-0.777047128438294
-0.587257920719213
-0.651214123809842
-0.585487011358171
-0.682754716447475
-0.75959175728403
-0.580368960613766
-0.567207673810751
-0.58251579336594
-0.560790441017543
-0.679713070078792
-0.668541497944779
-0.520063118980866
-0.686545600167311
-0.534628359281918
-0.59431631547952
-0.572220570943504
-0.590501037979509
-0.5671659906337
-0.729044914556779
-0.583826990912039
-0.769294433122886
-0.603401883572072
-0.602131189360765
-0.653214682333125
-0.520658735643377
-0.614555615873703
-0.461892071923717
-0.777371040486377
-0.699504457898153
-0.656330225425749
-0.536169216485437
-0.63550651031205
-0.515945201488814
-0.852255362034412
-0.57605062264852
-0.56285396052087
-0.580295593069795
-0.507715728619377
-0.673771351468491
-0.66264613889468
-0.636824512755767
-0.578776791494497
-0.63098710271888
-0.627322895034681
-0.691164764958279
-0.614224638660146
-0.528480307730378
-0.581768122003096
-0.710339599991307
-0.528205246405151
-0.456131149136753
-0.568079243615975
-0.416937612489804
-0.647380613482712
-0.567999619955407
-0.402348947760368
-0.574783729968014
-0.616802308491833
-0.529417868689293
-0.561157427954347
-0.537752546571008
-0.510884848371381
-0.540717106522668
-0.489158259235114
-0.505352944772868
-0.621028954692959
-0.537454292536901
-0.606190089325203
-0.528434887374509
-0.599254916169224
-0.604732366593153
-0.509709970986431
-0.46986471046581
-0.446369578070006
-0.35756441402353
-0.464219891083749
-0.46061671403082
-0.523304377517212
-0.389026245187523
-0.636264184232385
-0.477021981859371
-0.600645584248441
-0.571778615774791
-0.442670670059949
-0.466026402891571
-0.320260978641914
-0.474258864691541
-0.536012447405488
-0.565810334833526
-0.466694542533315
-0.396567058079721
-0.417212659299783
-0.626290449699644
-0.323297483478385
-0.463080640699516
-0.477550965299841
-0.56799081034656
-0.419918020579024
-0.563725010996219
-0.541839700504956
-0.389635187081574
-0.371696845724483
-0.458804059048173
-0.505138726827576
-0.430064737327562
-0.367406480816472
-0.572614105058903
-0.358474327977857
-0.382282311174889
-0.294420295157692
-0.493857415125054
-0.424184700415791
-0.438530593957866
-0.531760192567322
-0.468677937967179
-0.271629434452374
-0.468462015337699
-0.364198387615525
-0.395962106737066
-0.404160268278258
-0.359003296866534
-0.264090383055977
-0.515575698899097
-0.345366425734507
-0.274039760587613
-0.385879868825695
-0.566496613644267
-0.403651652315125
-0.315890950030326
-0.342370874049777
-0.3865187605105
-0.290581387039621
-0.378448160567812
-0.31656293299496
-0.355228248722892
-0.423232816641132
-0.399971310397387
-0.53993465377141
-0.450511832212951
-0.382647119314612
-0.369980200328885
-0.361335244570886
-0.370521676108762
-0.419060411693174
-0.352178298420513
-0.209744492232888
-0.290061413743132
-0.287973336848031
-0.386396957398965
-0.386987134944515
-0.348146367700823
-0.366194323947472
-0.455665255947785
-0.283059038397565
-0.168844785535892
-0.345631972349216
-0.338386236161385
-0.497538983623109
-0.239665986382507
-0.395361690522483
-0.458691405376171
-0.415464661698918
-0.313953495245391
-0.303429710747713
-0.393587768358155
-0.465381667982817
-0.297891878555168
-0.471746968538069
-0.336816449774017
-0.231086554416851
-0.156493881153262
-0.326514900859713
-0.423881296811521
-0.274653002279523
-0.467080588160097
-0.388102756132417
-0.418106198466451
-0.251868527828326
-0.446543812442011
-0.419867800546874
-0.320652912736766
-0.0788566254828135
-0.171987127142725
-0.412731051863636
-0.287736279645794
-0.355033140961301
-0.171263492275774
-0.0517251582662908
-0.200474785768109
-0.28954902384147
-0.120967275902696
-0.20392616718293
-0.285112840196676
-0.376528522365548
-0.209774992822382
-0.269857351626114
-0.383338890053953
-0.305657044220474
-0.38614487138725
-0.275208944187808
-0.181236938592455
-0.222588106763082
-0.267399040931821
-0.294965544595976
-0.296835978879346
-0.260595583835702
-0.165790149778964
-0.230455128081608
-0.272540661027086
-0.399425316592392
-0.350636571588736
-0.422817815982004
-0.286208206826522
-0.221206322120503
-0.235698750712356
-0.361046139730961
-0.19269450379908
-0.198357862307422
-0.389305141972544
-0.301984438176525
-0.274578419145169
-0.23544885274856
-0.148718230587609
-0.186302760179142
-0.174428019433943
-0.164896120726537
-0.210469975961069
-0.106717660222554
-0.306137315963498
-0.395562103053954
-0.111567569110082
-0.0581061874865211
-0.165661374944267
-0.260759385743101
-0.225487261169927
-0.131651655075085
-0.171285100932047
-0.208203909217184
-0.172228267485889
-0.248878896878654
-0.191354521887952
-0.196916899101935
-0.106423197992399
-0.0866562321380414
-0.311178627844551
-0.247441109281067
-0.121331070037512
-0.250233137194116
-0.259968443959914
-0.0837827342398911
-0.0374325108019066
-0.0943959592310867
-0.207122968046194
-0.104728951669924
0.0341610211480065
-0.172729987124166
-0.193912436224493
-0.0726504761414779
-0.159066519953289
-0.149045252689035
-0.179828863964402
-0.0212980536234006
-0.0349611872635985
-0.105648129221054
-0.234246648708349
-0.228384078302841
-0.259463552182076
-0.222526955021921
-0.262197500323071
-0.0875913360706302
-0.061812875927992
-0.227547071124778
-0.00641925243592617
0.119443278361448
-0.0962170412938313
-0.0901730353418708
-0.0504007432112702
-0.0987961649621862
-0.0762657873608263
-0.0890101763269336
0.132039579709823
-0.056994919735464
0.025068747061086
-0.0636827361994746
-0.110970275339744
-0.109252486784196
-0.141489873311187
-0.0151470684610866
-0.0858521921246015
-0.060096508003077
-0.0307502206209466
-0.0401741430899386
-0.196454544982477
0.0642271690083067
-0.139803295275319
-0.187318850910632
-0.0769834267797018
0.0246919429942768
-0.236950459009095
0.0780145925188906
-0.0216123475293241
0.000817492416336467
-0.0360691945115072
0.0212863776953342
-0.117161399894937
-0.112519888939722
0.0358353961394191
0.171997865506135
0.0196917435424544
0.0842012324409679
-0.198104293134228
0.183585996275959
0.0292621513709138
-0.22326908241591
-0.0156532463297031
0.012856086050192
-0.0130962084965631
0.0485632320055391
0.118737566459343
-0.184566180159908
0.166857311993448
0.0347133887975223
-0.0634474104868601
-0.000705598403782334
-0.0199156939295457
-0.0441859446973535
-0.0303263677498938
0.0716612554583421
-0.0189694059402791
0.043572817133344
-0.135247576581871
0.0417429708384911
-0.153656368027487
0.0291657978198684
0.0333298380594706
-0.229514097616678
0.0463282154985358
-0.0322930882808954
-0.0143055703994241
-0.045512235442285
0.252795947470015
0.0629601684018775
0.0441654961395144
-0.0363812560672502
0.147022383467097
0.0577943235354967
-0.0659033189420817
0.144452121730761
-0.0299150460371809
0.10865754418156
-0.000911691226527499
0.192071003994288
0.00294880412859495
0.0532559091047701
0.14948414982387
0.0157977641596796
-0.0575032220199255
-0.0673669658625961
-0.0281107335584367
-0.0572140097658872
-0.0243909671770405
0.079139645459949
0.0159408676413312
-0.0990715536293645
0.258019537894563
0.0273481527345628
0.203820785895453
0.176831687779719
0.104206914376163
0.0629318917098715
0.0746426789485471
0.121982619769364
0.169630701558871
0.0322946274499338
0.0740064317589751
0.0300224485969054
0.0812501410960677
0.140867575745318
0.12424964565762
0.145885802474756
0.0869861147085109
0.15412056837268
0.174400194709055
0.191296646187002
0.00939647757846305
0.163980066008498
0.253903170839006
0.0587563741131096
0.0340052378739226
0.212675703470233
0.0685061222350424
0.071763426361933
0.126768724085352
0.15993365134446
0.0616454786070934
0.243845308244164
0.032177381502581
0.029156725971454
0.241592521118948
0.122601839044641
0.0727791240930842
0.181838425476382
0.0995813748617223
0.148605515442362
0.0622028470248452
0.310091463549225
0.158934747281994
0.259555183480308
0.0765143711443805
0.223033959850948
0.231515560418633
0.22858216525126
0.0941630749400281
0.20003958726878
0.0691171042462477
0.221385018701511
0.24409271326294
0.146694780595552
0.168661020880457
0.196334035124359
0.167002138896263
0.108245512667435
0.171286022390208
0.359732813611314
0.219710296726411
0.244545927344512
0.222607995169844
0.25474103348386
0.201176835422968
0.259736043065776
0.202065564419988
0.253645446500944
0.41550989755419
0.00536170478348826
0.153409768959414
0.189651267761363
0.181577987297626
0.32296952308616
0.169001398692826
0.308113411006886
0.165311082414716
0.235993089349762
0.210726474039196
0.467586581673688
0.384547270106279
0.172681548222636
0.191931649781088
0.202501847724813
0.208143938366699
0.244118644394908
0.224165913789962
0.233044333559333
0.158872504319504
0.210448412123087
0.315421773832153
0.2703727304146
0.177791279861283
0.318280063613289
0.199000748344647
0.358397705235668
0.269242271517177
0.218387428068079
0.148243060111517
0.325341309071649
0.292538552566601
0.332117324636928
0.24893187259832
0.181518164951593
0.258110372722683
0.383517847202605
0.329094584205081
0.27890206212259
0.192005904269276
0.303754105898516
0.247082828669755
0.311975191918221
0.185259234780674
0.434638795387085
0.407764581956482
0.313639363594676
0.235269747739364
0.228202964796275
0.402049399006234
0.397511168114133
0.318590228607612
0.316684801591793
0.329314264694544
0.50614457721685
0.331131141633653
0.395881138568991
0.387481952898306
0.449844842652542
0.417264055736896
0.33752293027206
0.217063028609591
0.215041855335941
0.451890786974791
0.327703365188501
0.277639982319688
0.273232527690027
0.385140073802799
0.474604888442688
0.4644233338283
0.409271668895142
0.374014519993285
0.40957764604087
0.246720949155602
0.433485334821775
0.361996626201739
0.427385590085252
0.278371612492076
0.278043503901831
0.352000691174132
0.487024360754615
0.429989517214536
0.381661091229599
0.372279526544659
0.295893149751052
0.432975017802968
0.355243897661195
0.287198896286262
0.35698073253549
0.351304013242735
0.415359522821932
0.506814638156618
0.470134404905846
0.423388900739972
0.404796778993543
0.419796729831043
0.414428363284531
0.421119124880726
0.503676268426938
0.450171728481607
0.407226734009842
0.401454192592576
0.54373005369974
0.478954622861092
0.372717936572673
0.234554986393183
0.603711157571956
0.462560309391051
0.422059930352594
0.532387378118895
0.429984137634607
0.462057739755163
0.492013779753288
0.52699270899071
0.490307534165
0.438147589363901
0.480471440321937
0.621664892095949
0.431277268169515
0.300051089436186
0.451814341111915
0.464741866151556
0.370584023280664
0.54533829045491
0.460252085602984
0.580326400825666
0.507310027367703
0.316133820402292
0.43395364695096
0.34609807809995
0.466736833629387
0.506952426896047
0.472946070207462
0.579551427897244
0.50982865779247
0.372412167514222
0.429709340182895
0.556081513799629
0.391993457721703
0.455074288380854
0.432805609830764
0.412760704142091
0.490893404521263
0.483785264868823
0.613270441884023
0.46775521679477
0.525922258046495
0.610817240241202
0.636786507931934
0.297227222112091
0.586043129342757
0.592714605382004
0.484396254676834
0.432447706348485
0.604878091877587
0.496976887771477
0.493911719558404
0.691626353265731
0.540826991196606
0.63389973986079
0.451605887081507
0.45321143848833
0.594647670330483
0.60027967955667
0.48420976537796
0.460372179583125
0.381925943888604
0.435009998980565
0.589783182269301
0.48811764673346
0.496222306123731
0.572582260058152
0.550186384944526
0.663696320413493
0.70412992033443
0.586363222768915
0.580267573407561
0.529877801727022
0.56273316583655
0.546811405643162
0.66354214060523
0.748578392397802
0.474918682474102
0.58265175357118
0.522359732168849
0.423714647940664
0.663499643319818
0.604897700043352
0.677823926001884
0.457649197770449
0.500069363756835
0.629830784756995
0.462598281388367
0.633643625836897
0.727644794825818
0.629270854940808
0.66098624032397
0.670413876554274
0.581156338576616
0.334927152356684
0.615146054016677
0.607835125929068
0.58080499387539
0.630651014487871
0.690416039920123
0.677810049480639
0.652188836982595
0.60676437590984
0.589801226317901
0.724238651356566
0.605236415018354
0.694215745851942
0.738922219514819
0.715822881954418
0.670877069066648
0.721843521259155
0.68252178597393
0.534211925799844
0.819553807110315
0.735331298134187
0.649965055303819
0.684443234051016
0.723957549044231
0.659926378581683
0.577451298626893
0.737163787415682
0.60319135168686
0.598750337018849
0.845947430639544
0.628551677870602
0.592689255009626
0.824060763317053
0.726197885568673
0.833572227507348
0.662367324892927
0.793129670334597
0.578901676646268
0.813888146313194
0.757705284718245
0.885540421406222
0.707740089264569
0.56479438791311
0.609228912492557
0.656777942715879
0.635635290002789
0.599017195936969
0.671231689743591
0.751155602494836
0.665387033470254
0.728810285163322
0.687284341320169
0.752589882300638
0.72508463687831
0.550467844326633
0.739986734851624
0.742717861755247
0.842886654761344
0.714276500740109
0.643173627206059
0.714456814809466
0.847877890265521
0.786444403736456
0.839624708783248
0.860705422163396
0.7436339036156
0.73347198358908
0.769142598876759
0.76306881066146
0.680043926852948
0.793967937708675
0.794460244444919
0.676493646255729
0.745343285000859
0.84292171202045
0.768843193599513
0.675491468763322
0.791002515985089
0.68257941348042
0.945937610308327
0.690403763986473
1.00991212483327
0.844380526858333
0.73717009219522
0.846275630229535
0.793933353329389
0.605700970282694
0.906690645917078
0.83833652759973
0.748070594973357
0.913224459652487
0.768265094973394
0.768685449586144
0.92262160321553
0.806049014289253
0.934103069778123
0.811499348804111
0.75640959100905
0.88098604465553
0.803606759478046
0.838935230790833
0.694887977730171
0.858479818603791
0.779772655434041
0.739351222531576
1.00768609924854
0.799853643987791
0.788826761970485
0.848094622243774
0.970781923316748
0.859984600246017
0.948232063561413
0.852574758150078
0.654436748608098
0.710107513016173
0.808934597390737
0.840823678580622
0.92000257639031
0.633217419403676
0.7849283259032
0.774383359134048
0.831889295295583
0.883104862283434
0.879671611231199
0.829829033983541
0.781019523100551
0.813427472457852
1.01822888218821
0.967289247514158
0.912622282134878
0.926328313815724
0.823140185538211
0.813185223900309
0.836291827048625
0.795254813142074
0.834724532969679
0.75155437879291
0.887848255842634
0.944413761828438
0.976869959453965
0.913952641903135
0.714387884183344
0.961649885410948
0.853973828231004
0.941883107232137
0.805985778202142
0.845612480156217
0.850691799457548
0.995089909338865
0.902772480921398
0.90960459588837
0.946353610359287
0.815323302079823
0.916507790422345
0.899032142297012
0.905175381498739
0.979516709228963
0.961400630357343
0.998091065340386
0.918245197346405
0.880429515147402
0.987059652532459
0.967054569657354
0.844755712963254
0.930080022072218
0.869793808062107
1.03999636072332
0.933710915214207
0.836132050413839
0.856838147178661
0.975479517032082
0.908148668533386
0.930857793324774
1.00971291587904
0.9836542152867
1.01148655447602
0.808572141893211
0.833418241993696
1.03234333274305
0.956232473883271
1.08265209137141
1.03473558157677
0.990136961980518
1.01049814495447
0.88863565475098
0.997254124284557
1.08140327404948
0.941202630005679
0.980811524610798
0.977669154203773
1.04373408312296
0.799687559830134
0.950105326018921
0.9361212722
