0.137347235742832
-1.11906354469134
-0.907705172688058
-0.89076462579059
-1.01896461483076
-0.995940287112559
-1.08175350173816
-1.17235694270461
-0.998675326253898
-0.967066671880099
-0.991823591124904
-1.06642172549186
-0.976293163446071
-1.09401581741444
-0.933159421152828
-0.952434535397918
-0.798083477972105
-1.08482549159091
-0.753196101807777
-0.921385909906498
-1.04903043459436
-1.09472782963728
-0.870574295257026
-1.12549571658471
-1.04620919062821
-0.996925559095803
-1.03438883912508
-0.905031896025088
-0.957477492647345
-1.04975358349825
-0.954827381837479
-0.939119527759148
-0.873571965316501
-0.952223221218417
-0.904255372189227
-0.788027611657118
-0.933383580832871
-1.00855041688683
-0.909029894681539
-0.873292434989389
-0.875074081876918
-1.0397208053184
-0.720825114706866
-0.927336325180685
-0.955011856208082
-0.945215971617143
-0.874393205452741
-0.814686025734847
-0.850073598148976
-0.918514865007651
-0.847863000053123
-0.880357417291552
-1.00629381533061
-0.950952094886028
-0.956368759660414
-0.862805232212131
-0.806423424797371
-1.01856366080611
-0.766115454296333
-0.895055010015245
-0.913401807646644
-0.919085738230109
-0.776349143945473
-0.938642002403471
-0.839331900869533
-0.912148787901099
-0.891533715481079
-0.907936457313758
-0.820499536383857
-0.892700338479775
-0.86917370718193
-0.733071394340831
-0.74158420270413
-0.8170190750541
-0.906060507293483
-0.809504602765275
-0.857266250363589
-0.946895122740168
-0.732891910477463
-0.816700109628498
-0.79266784320216
-0.914874529182184
-0.836772035306705
-0.898405840951336
-0.923271114756646
-0.726037475230104
-0.97560758993276
-0.877487675129806
-0.811654087955079
-0.980042501629523
-0.705982047251446
-0.6809052079267
-0.736593728653981
-0.851012869331159
-0.745728749112539
-0.873592232347245
-0.718362379509703
-0.72998980681426
-0.764275312017627
-0.832069934949573
-0.666446883724115
-0.825258248367182
-0.732351155687761
-0.7247086843566
-0.753011808140957
-0.700964044509339
-0.826397867020099
-0.657253765031203
-0.845020153276179
-0.926522594069928
-0.837305094048231
-0.809965605412463
-0.746970389627366
-0.702043393892612
-0.65979577718289
-0.799322436828687
-0.685101154365083
-0.792897516771766
-0.827284346210505
-0.725884291328425
-0.768943409409333
-0.770847213917464
-0.843208279837415
-0.799539745463509
-0.651052943413084
-0.62136480322164
-0.861693753171451
-0.715214846816454
-0.788819864841603
-0.725585059147404
-0.812479559931745
-0.691718175371079
-0.814518078982255
-0.588143996498081
-0.761190026661327
-0.643105019410261
-0.69428906050149
-0.748000418909494
-0.780920659886597
-0.813327174340166
-0.728170560954317
-0.721979318444019
-0.648035865815709
-0.767266374241916
-0.694054568342834
-0.674234331570018
-0.685133788643653
-0.687209744863493
-0.802444299550595
-0.787563254654888
-0.718343050927754
-0.689054929458364
-0.681201887455607
-0.790737507012584
-0.746195806440385
-0.645352276687709
-0.585719874391097
-0.713559396890781
-0.68154404307201
-0.640903348678834
-0.728858715109011
-0.572076055749723
-0.714417364054455
-0.689655006608698
-0.849194508848002
-0.578095688767201
-0.605431158336188
-0.71865636633503
-0.721229305942258
-0.825077983294595
-0.673819127832092
-0.574582183598493
-0.551528876924163
-0.641716165967938
-0.732579014529484
-0.630152999847218
-0.514973884543279
-0.695213304724499
-0.623693085960848
-0.803706167678339
-0.850586767615601
-0.648689312212924
-0.608080027260176
-0.667120064430916
-0.78813093283723
-0.615590298905104
-0.65028967746591
-0.608817523385647
-0.663119248039234
-0.64640752803073
-0.811888244214362
-0.598252113717054
-0.702756810345766
-0.575112635249566
-0.592865359532463
-0.694108844377348
-0.674390402160916
-0.477599543171791
-0.606370583992204
-0.722540316943902
-0.58412164371156
-0.621493245145395
-0.497624080346627
-0.572500080845082
-0.656978884303116
-0.734893121453391
-0.545568183542981
-0.602850431629627
-0.512596471750335
-0.552419935743722
-0.582641811414257
-0.481018854656628
-0.679419914181889
-0.599677602777924
-0.479403913436421
-0.518162587935853
-0.531248634291667
-0.510890207565207
-0.581509845295336
-0.427490830203758
-0.371143600584849
-0.550616344390709
-0.571820613551621
-0.474874483689654
-0.598894662306622
-0.523623971938701
-0.556329626821753
-0.634617237105889
-0.514847918417516
-0.540364709201813
-0.471935618411849
-0.488746262866586
-0.61357341240697
-0.580317352460787
-0.599028951447821
-0.603142673457846
-0.513550700027424
-0.523487066284525
-0.546955339846212
-0.502258729052851
-0.653841108791528
-0.486723061209537
-0.479274315015036
-0.572670766783649
-0.490514408276724
-0.573153439742943
-0.465259001776463
-0.410263024329094
-0.518826060023008
-0.580884632134544
-0.479229144494454
-0.430013599352378
-0.425733183817974
-0.459505777406796
-0.455635571223701
-0.57466238650938
-0.472941214301378
-0.49692794156867
-0.439317340972917
-0.310908786990687
-0.436995940638106
-0.451245074632335
-0.372893873336278
-0.381223820695263
-0.423256947051307
-0.451675780793819
-0.523195483339469
-0.513423388339428
-0.53193502379919
-0.609142453775811
-0.377176424585035
-0.368246092310496
-0.516551699008272
-0.499296228735809
-0.311836940557597
-0.362869507694143
-0.343408260759669
-0.447186224382624
-0.599211181352678
-0.387291184624648
-0.514928415288927
-0.420115288270186
-0.481651790306105
-0.379405511194427
-0.426812932729325
-0.296271969297762
-0.464022270721918
-0.400751635030919
-0.374414406406512
-0.560509416123825
-0.430416832997535
-0.484311327135809
-0.447202467197257
-0.401584284820457
-0.404720988806728
-0.481570529880858
-0.280532861774857
-0.314929230148406
-0.410271109431108
-0.391833331605381
-0.445903774182459
-0.45688986124512
-0.403107079454832
-0.386386210910776
-0.529360254059284
-0.506951161697507
-0.259376550526386
-0.405183056417262
-0.395598696228373
-0.370392231902357
-0.403736287691052
-0.546693526947362
-0.365965388618745
-0.545392202838042
-0.415064673174664
-0.16755315576891
-0.352185096564324
-0.349881151463329
-0.574877448525872
-0.315115555031475
-0.506151615539227
-0.413082023703349
-0.441222322041714
-0.362783350081064
-0.335005697076268
-0.329688645885398
-0.25976204270199
-0.281566211722216
-0.240159706793854
-0.422360289093034
-0.309069206774809
-0.370534475038518
-0.360630505702887
-0.199667380380023
-0.240702921147278
-0.328879300871633
-0.489725775416078
-0.278535064377302
-0.266515992705682
-0.319518604496883
-0.395652438661402
-0.459854105114123
-0.286983027267357
-0.32923080378416
-0.353811697096744
-0.417689512551881
-0.333353794940505
-0.396952111884388
-0.330894894803501
-0.160461229260878
-0.461400487462821
-0.224495407569916
-0.293701483281484
-0.410606679590561
-0.306301546682217
-0.22142414989699
-0.286801506789874
-0.354278361431972
-0.289536435882714
-0.223356023454625
-0.310450860098126
-0.235094021057421
-0.322455661820819
-0.239220319025137
-0.30861545197137
-0.217501220040643
-0.406567439741241
-0.376991760924226
-0.26775322547789
-0.323348500594475
-0.147597380314863
-0.241365619588369
-0.30199804582773
-0.298505907304371
-0.181864888666936
-0.18172998956175
-0.265539689891047
-0.267459172507121
-0.330639956157732
-0.192903306459678
-0.362410909073594
-0.244844780372237
-0.272765873482373
-0.275716934169562
-0.383721425671119
-0.424169685167881
-0.292513242697317
-0.246738082412857
-0.238136159734264
-0.0911307622079732
-0.289431560716282
-0.334831271579313
-0.295374828787439
-0.25555438582423
-0.209166822252274
-0.252117539366017
-0.169220504189377
-0.11198415988958
-0.224439014545646
-0.209095181814156
-0.187307885478138
-0.282267659994744
-0.2586346973776
-0.243011853343823
-0.316536715410891
-0.168913152530009
0.0111112823262401
-0.148755312324934
-0.279907652828945
-0.0671848684311525
-0.318203211416116
-0.20557309750268
-0.286119511979895
-0.0049392039182392
-0.0374840701380496
-0.282986833491986
-0.266350939286128
-0.11806068632522
-0.171252523150492
0.0269485001411414
-0.196569743999112
-0.229723096105734
-0.114692414875077
-0.0373479012218547
-0.237775052417622
-0.259359704120302
-0.19065251577423
-0.132696628454199
-0.205792465522802
-0.114357517249371
-0.146753857397717
0.0214111393108679
-0.289584981568418
-0.189079380256824
-0.0842952174866177
-0.301224511691675
-0.14351598690744
-0.187840053933568
-0.109484078203004
-0.106710274977947
-0.362160545391097
-0.0782152176889783
-0.301725307859393
-0.0446211004166736
-0.0151437075565696
-0.191927176373178
-0.226160231165869
-0.0539059074174507
-0.0560289409945074
-0.141253189511578
-0.237325807557649
-0.160738353438352
-0.206382337620373
-0.170127684230459
-0.0271278428984356
-0.135839427863909
-0.00174836578289502
-0.0161167783139059
-0.175649747801519
-0.129779654324859
-0.0846385569145615
-0.0476492382727241
-0.0613745882954019
-0.110204236569293
-0.0207604831326339
-0.11140954825515
-0.0526673738467018
-0.0534820650772384
-0.0934971883059768
-0.060834837893589
-0.114247313655094
-0.0178199297096611
-0.0883935596464601
0.131688703114059
-0.0403587313670578
-0.0667106225337581
-0.0465579501939274
0.00383620124684042
0.0498519306192167
-0.153424747050609
0.0637139045833688
-0.0325945169473562
-0.28402570214878
-0.214695209269142
-0.0450456060743907
-0.179439027785554
-0.0821859102627185
0.0155849422600401
-0.174447444935337
0.0070961681049798
-0.087584314720161
-0.0959424259313042
-0.0696610397703488
0.00076487815091063
-0.0930190759006072
0.0551880903485775
-0.0873282942647404
0.0851389241913625
0.0260264557850265
-0.00894007350311005
-0.00638876412798266
-0.0416334925687322
0.0150648150079686
0.0320690738474634
-0.00727891331877046
0.11545223229378
-0.177653848875571
-0.0275718485092089
-0.0135811372739796
0.0116688878112534
0.113453378295027
-0.0811602011788366
0.0337810421353298
-0.0584425074385837
-0.0515003134226053
-0.0418203981914643
0.0983808088044378
-0.0678887408456402
0.119883337533482
0.159094138684464
0.13724645374707
0.0832606443618552
-0.0635814162463276
0.047968265418526
-0.0338867545465899
-0.0209311033719552
0.0100302234858648
0.0780007860377609
0.0529240322887756
-0.0925493744892766
0.0445248084878501
0.149683170516774
0.0852317329642427
0.0281777966766886
-0.0526134491120472
0.186086078692917
0.0513032295078666
0.0343702490767654
0.024213875781024
-0.0126273609840382
0.108974816899703
-0.11521124848368
0.0429117464424811
0.0811168974356666
0.0182102834439413
0.10105996898125
0.0889339328902196
0.134437492099676
0.0109282379151605
0.138824869726628
0.234112457031991
0.0756558346077403
0.116897796802523
0.0696217991286958
0.223255624886669
0.048587253765393
0.0617070777657544
-0.0536198932364653
0.0741358583803186
-0.00939897603095881
0.124740824360941
0.0319550056734082
0.159646053226121
0.188390970610617
0.0671846971457621
0.0981933041979975
0.20599254926172
0.204951742300794
0.33213271950323
0.0944930373718678
0.216104723314991
0.175906534690505
0.211001623163399
0.0615317174903298
0.333033834272787
0.234066637207081
0.198850490111436
0.20840670138705
0.0338448589498903
0.285945321920807
0.159664484380942
0.157809608455391
0.249483134112704
0.109671367094499
0.308683770551941
0.170077175463105
0.133413189848823
0.243981085989601
0.20807016214041
0.241661619392935
0.294399199825688
0.136882458273512
0.304067878483359
0.214577023114033
0.186447462307927
0.395882237218693
0.152718159182061
0.0704634198761713
0.208500787061384
0.351772896379298
0.120911359958073
0.312174049702739
0.256359616878583
0.184782846468728
0.231444617320463
0.212925122988282
0.31850482842375
0.191860908545001
0.211363391609738
0.280711569243628
0.192816040092869
0.400278987119071
0.133997290142294
0.321335102206307
0.316319170525736
0.236858855606167
0.365028268435835
0.0324479648718864
0.254951801229099
0.24571751117913
0.185086783794487
0.265854951317775
0.378281133858388
0.318819280250771
0.326637901670339
0.180824479367533
0.317212623298119
0.255142671121362
0.189742776777808
0.253219128362883
0.367286903387114
0.241735423568743
0.428217345240526
0.410982563043532
0.141051994824948
0.450569028211522
0.440018316503987
0.39934254374291
0.151929265104832
0.314423912789667
0.260262575883296
0.215930584868008
0.354373143697215
0.277357545305388
0.267440212687849
0.322603110514373
0.323068350309782
0.124068167838082
0.279797121453197
0.405927976349008
0.329417819128739
0.349940475422165
0.202049569471947
0.243450234579134
0.382214329325466
0.30904247452927
0.270186827085986
0.316565444518343
0.328689541450828
0.338809425869662
0.376378076788652
0.230535586863055
0.172428500493314
0.334777632608036
0.442141282202394
0.326580745752027
0.324838716874894
0.349781786315674
0.375862762459275
0.388212293632847
0.416620353157693
0.410704834563066
0.351376729687004
0.352624539968867
0.267423834112979
0.420890334857858
0.346579265553774
0.404854595041503
0.32175650395587
0.453819616283972
0.1814238187808
0.321007774849893
0.285502783644432
0.357308431664109
0.354003492279869
0.353725695738748
0.23092151563363
0.382768323874249
0.31281521401996
0.351501033724463
0.362285962798615
0.276553391090672
0.381803941127571
0.345367318822284
0.288873956787129
0.378243964407724
0.367696274386857
0.312440515397281
0.362135510268443
0.399358300095222
0.309211817027106
0.416969977754067
0.467792486484825
0.639600062685012
0.392325296167252
0.397938081099537
0.316779870350252
0.436102161205044
0.577457601313228
0.298999215705727
0.536564557936207
0.37747817077112
0.432342682676074
0.322004699420048
0.506995287943804
0.361029183502177
0.489162539068389
0.487367904543068
0.338080028764954
0.502233228000166
0.333534997822959
0.603993291191936
0.351749270011302
0.362999081002253
0.38338330516739
0.535973878824946
0.378192660760344
0.470689294804842
0.405605038986017
0.61411718077399
0.482276650942371
0.463147248620194
0.454885309678104
0.604753762143002
0.400785919783526
0.455605084819136
0.46741688452675
0.492212620281984
0.555831660293504
0.408733814936294
0.356631937167732
0.406847479540013
0.486993020921758
0.459291782043079
0.637636492057148
0.59306666279385
0.49849892760887
0.47442171114806
0.490036974941296
0.625388966724376
0.481344226556591
0.556685620680503
0.429165559744524
0.717885785849758
0.478489087953289
0.411991413766125
0.525219108279898
0.477287620812705
0.494805604852944
0.364790807677263
0.613819256973016
0.581836506474808
0.549060560021568
0.351903900995106
0.61212810504444
0.487392972470008
0.48447401069396
0.587367325610159
0.430433331262859
0.535702881247663
0.492228447343618
0.503634726999807
0.556763482823522
0.451520529559734
0.465827617732293
0.495523558502041
0.716478891259291
0.492778444709778
0.53527909437796
0.529810804554113
0.454044658321518
0.531527893419767
0.486306403627451
0.812409373115284
0.556855896802789
0.380091374466958
0.600004346731393
0.510042064520776
0.470895837420685
0.60488776394165
0.493289213537875
0.702305465735207
0.665795702262777
0.508687964983084
0.649520735982604
0.559939725753697
0.635464631602778
0.420807371899565
0.556881393317849
0.521398415123173
0.648411989514388
0.587950647241531
0.540860190940324
0.615769337341495
0.498690005393083
0.618189431236321
0.514114694944287
0.61004105771059
0.581847904052355
0.558576154489431
0.761893195348556
0.65036566124534
0.451346920931136
0.68650887478352
0.615069637371009
0.585408139098012
0.543935355469593
0.59453560865754
0.651102161390796
0.588514895758409
0.707449022445118
0.540055229253558
0.56971223151948
0.61464253020954
0.633314120685397
0.673094354411864
0.514154375750559
0.653856196229642
0.763170415435351
0.728951396258495
0.656627927123428
0.590717266043726
0.682604299048877
0.74187463225783
0.582793730287856
0.746633396862856
0.807374349193631
0.573328753605909
0.67081274370274
0.739687577831509
0.741136479337908
0.774982864330028
0.899795119591518
0.601775194267303
0.570250965001074
0.650247465611425
0.702797456544035
0.660397842018173
0.75705496008503
0.735098494240842
0.711309112387389
0.618890954896963
0.696495623265664
0.674458869441764
0.704024073362735
0.622730857825946
0.769271143977035
0.874302609201541
0.661352473210305
0.580625981463211
0.596194885074038
0.764314794541905
0.659361577661595
0.590021610373737
0.701893910391502
0.78007603450081
0.607849995452801
0.906947937798519
0.675896388907631
0.745109381131381
0.767514550319757
0.649929855822691
0.786741926896954
0.789815841335178
0.673923536372265
0.74728514749237
0.698824908964661
0.876312223025179
0.699953903895086
0.760860294174159
0.723310750919393
0.755307394556927
0.76767732926012
0.810579867028996
0.775506496318572
0.759676373811835
0.71873375401981
0.779453310661683
0.864157334236377
0.915934134290076
0.830393599942259
0.863112224510672
0.818473109327569
0.845374295743814
0.759004808011267
0.972516211968801
0.822080766898151
0.840408635037724
0.741324328763897
0.750249100768725
0.691101534357792
0.664248319601576
0.843887797998672
0.891148824537906
0.937979705246879
0.906032672497503
0.966828071855592
0.96005833149711
0.797238910440924
0.877443109767439
0.861845652665811
0.724718490781359
0.941452050057706
0.874933564069722
0.91728249834031
0.764559822095051
0.910198632775574
0.87550893534899
0.821931756683919
0.702818658888746
0.790619935191159
0.817411225024309
0.705153400658267
0.648255413338243
0.788427211332394
0.941538149386833
0.855926235855226
0.876530851089618
0.726840864603463
0.859559624994557
0.796113424652563
0.963175203401191
0.955873301338163
0.871885762518566
0.852470526635468
0.821702223327065
0.877398840592794
0.742184315758559
0.910863161390941
1.03708376935479
0.994925107625203
1.07623630186885
0.959053192555203
0.930056733978482
0.871584704408769
0.944376347216596
0.702849498631996
0.815252236792092
0.908914763514378
0.933594027017254
0.816206200860881
0.833137507060983
1.0559787661101
0.921660032134952
0.872135813753559
0.865669307305297
0.867757553940136
0.94297059611882
0.95268806549377
0.960292321210144
0.889515706076947
0.987983933774734
0.994455228874574
0.912739001594582
0.988352441453898
1.0132046385083
0.936952054098831
0.961536604358034
0.947975905660125
0.912340782940037
0.865716253548119
0.999798935638375
0.891094929560537
0.979757382612803
0.917884609899198
0.949607838676795
0.930312285286195
0.980899861574979
1.05203727192562
0.828480709257895
0.952866760590083
0.954299207140988
0.941642313936668
0.915832889944064
1.0379546595219
0.923346999120369
1.08545344417466
1.15131925572204
0.990923105577315
0.917044581235898
0.863918236863159
1.04770729995235
0.920930711155513
0.972980576152501
1.06118792184273
0.941465047216685
1.00809819467906
1.05029458755968
1.04758517358783
1.12070380838746
0.845989115103941
