-0.148850070891426
-0.942703911664906
-1.06335922907375
-0.961054601775107
-1.09496561561888
-0.959626548956672
-0.948989925112966
-0.928864186187319
-1.04710189470076
-0.996219007551559
-0.888376067892771
-1.09412159458655
-1.13805641434946
-0.938162389431292
-1.07804441757115
-0.967909419907321
-1.15619222837742
-0.9835549649825
-0.933370192641634
-0.883532751945793
-0.869958204550169
-0.908335131830831
-0.851870917703769
-0.899008544384153
-0.992120915894141
-1.1370950889441
-0.939903632278752
-0.797415691210699
-0.971340505235449
-0.956683234320381
-0.915107163556787
-0.97833329391545
-0.899131557685094
-0.872109152235951
-0.893752329950863
-0.854441871146067
-0.820373690933531
-0.925380030404138
-0.889220345498094
-0.901261024683546
-0.665907039471979
-0.930071748808999
-0.887464884385536
-0.88780113212777
-0.938438831524467
-0.814368224523163
-0.969864232278242
-0.913860503946617
-0.767750480096424
-0.823298819039187
-0.942249947479883
-0.879870966959403
-1.0240364685752
-0.763310907382285
-0.824898859241456
-0.723220408791044
-0.918224232355429
-0.859628240591634
-0.868011461857495
-0.801355219352685
-0.8262802971165
-0.94237879493022
-0.898346123317574
-0.908388315368144
-0.864315374361007
-0.913311833690587
-0.928148442432741
-1.00543680149984
-0.853994950325485
-0.82446919485602
-0.846834014989952
-0.779044960115805
-0.834205185503667
-0.706063320687648
-0.867399916730302
-0.911220412227782
-0.861576114665573
-0.867870041050942
-0.739064103774769
-0.775869385106738
-0.817903191059956
-0.755578757714413
-0.811811258450124
-0.899137952602548
-0.751194903726239
-0.96528710705224
-0.915347766688183
-0.750440643342102
-0.858237610212398
-0.726779176973203
-0.877087522556571
-0.873398488871804
-0.675634872575749
-0.953736108051047
-0.819262898607148
-0.693502824423944
-0.799970880442525
-0.858549153572952
-0.874731569326982
-0.888694828656773
-0.890223136691375
-0.790180785693721
-0.819453794456764
-0.746187767222942
-0.793275377173684
-0.836858742294855
-0.789182622777691
-0.801286288598773
-0.766983114908546
-0.710611008764446
-0.764855717224416
-0.663418481524916
-0.758429597590706
-0.761368672335867
-0.932251671767925
-0.768076251070343
-0.758919806600318
-0.609836389471016
-0.674965166793173
-0.661150819547894
-0.787244425568092
-0.89808316425823
-0.697819315663324
-0.870802960593176
-0.659466694818476
-0.963056906314374
-0.788666663689864
-0.739930054435318
-0.584553585377702
-0.833833332442919
-0.610163452319649
-0.759882386964451
-0.768465992186134
-0.715612646248127
-0.720850060001592
-0.652719607154155
-0.623472457141777
-0.756235863264664
-0.586901193204325
-0.848231507337766
-0.657100639258102
-0.774856965314424
-0.723629600042932
-0.636484776144036
-0.581906127945207
-0.622048460744515
-0.742813409754821
-0.659462953677308
-0.690824682169418
-0.790367764367808
-0.711057006053515
-0.726209972864946
-0.827897561965364
-0.770695146162622
-0.646116363942699
-0.672790282084601
-0.622752639741693
-0.597759038401798
-0.618363239507503
-0.807868705518475
-0.670956282996749
-0.773778677181344
-0.705147853434223
-0.787961461968097
-0.838767778087632
-0.693324998753765
-0.676450521129028
-0.595182771036482
-0.723351936906257
-0.608387530532937
-0.739821757292233
-0.683298710556206
-0.788520994891741
-0.664197162831442
-0.73235820362512
-0.601682869249506
-0.704389366353024
-0.706364510338875
-0.622891099325706
-0.671077680352794
-0.644626260033137
-0.727530532862039
-0.616845970982011
-0.540421753463047
-0.627050251814019
-0.672550518504604
-0.641698189640656
-0.735816321111052
-0.601909565278097
-0.678423639977453
-0.514089017402144
-0.624472186638897
-0.664067505289269
-0.681691607465732
-0.508154197682399
-0.718516838309756
-0.468392579279687
-0.508429048996636
-0.629519872919891
-0.483219530257933
-0.437047898620583
-0.689134235612766
-0.7614342299231
-0.607164949329303
-0.542285846792494
-0.594053339624486
-0.573891762374606
-0.545979239300015
-0.488954111273637
-0.682975880301048
-0.668028141875416
-0.662716097876329
-0.618006420761494
-0.652707344882025
-0.655316911849754
-0.582278215306354
-0.560736537369477
-0.583879637954317
-0.509295228576158
-0.579020196081489
-0.629752897677762
-0.499754003895697
-0.576173375780527
-0.637210941033859
-0.547863414982978
-0.497055079184127
-0.416663768446816
-0.697461842646692
-0.383057956753747
-0.696887112714911
-0.58684527610798
-0.47125780580785
-0.543488004936967
-0.462851891726159
-0.528753134973928
-0.590502010222952
-0.6916239427294
-0.423095193692507
-0.540492784761888
-0.524358107913781
-0.470665805461915
-0.598260462305005
-0.65530430420316
-0.487471379958475
-0.681737261740311
-0.518942291008386
-0.523594941159873
-0.605640179179633
-0.452731631948439
-0.652803787557563
-0.59191907822169
-0.494167322087529
-0.603741820936642
-0.598263266201465
-0.679636148392645
-0.440561026923416
-0.426164081559145
-0.48181739733115
-0.419155499793384
-0.573097699649466
-0.467921914261457
-0.454247498913733
-0.42317885390845
-0.326753689128856
-0.524843117093164
-0.375208575405302
-0.471048398411197
-0.369292760320058
-0.540873657819233
-0.649409560921122
-0.426072847794809
-0.510136026251023
-0.380753414296589
-0.293305866304778
-0.363504356231129
-0.495481859756355
-0.480306102436224
-0.563434860907622
-0.272011104452867
-0.485152463291316
-0.492080973676029
-0.445237169818307
-0.478906336087741
-0.50132038450128
-0.554357713062166
-0.23345156851641
-0.400296065660836
-0.49679511388289
-0.513160992557587
-0.518172077619676
-0.353841923824365
-0.392637576062851
-0.365841411722941
-0.381869933843865
-0.490576149554017
-0.528356415014769
-0.412841257766355
-0.393769065488454
-0.311859261453678
-0.370828046402731
-0.374091484686581
-0.41009437271263
-0.331485379665878
-0.495944009068591
-0.616772383427597
-0.515074981887592
-0.232824110332349
-0.405650224781793
-0.571725186446253
-0.594857363621059
-0.42441947903003
-0.459174825698468
-0.414369896233005
-0.3554265834252
-0.400636043187778
-0.268454979805183
-0.261005814463491
-0.30856874073673
-0.365549187559664
-0.402158289457179
-0.427081507163727
-0.375793724602696
-0.2469323118884
-0.351772033176683
-0.392738641531466
-0.271068452948719
-0.283649933339801
-0.356911691033315
-0.303855996311388
-0.281692215961677
-0.480234743550852
-0.376004087907825
-0.519878404665362
-0.197511932130047
-0.365355539170264
-0.357797492086825
-0.183388557911996
-0.338691951112225
-0.289978252602053
-0.416897193868995
-0.300058900001828
-0.263104000474144
-0.273522366755072
-0.27961425524512
-0.351392448923532
-0.404147944019824
-0.268525087806994
-0.249786092071536
-0.202142107208318
-0.367595294290776
-0.244807468416797
-0.276977012731145
-0.330213958747323
-0.291544515071381
-0.293170663175805
-0.392233855351545
-0.378933877513978
-0.287613807032315
-0.299552013973666
-0.320306171962545
-0.173815208415333
-0.25784064482515
-0.442657467144649
-0.341180857623059
-0.163446014262464
-0.262462952715578
-0.178206047953218
-0.28442497237547
-0.251210634232732
-0.250058333040811
-0.2544109910791
-0.172793672664319
-0.258132985753168
-0.19021450943763
-0.348519489130079
-0.274038796083147
-0.265808071450699
-0.262673412521549
-0.332038700433723
-0.271467593490888
-0.450408679706176
-0.225968658817738
-0.255935322836672
-0.275803117828544
-0.269888599356757
-0.25757053884509
-0.332089267897524
-0.145786780481293
-0.336971843712973
-0.2489905594543
-0.260982884602058
-0.206331557007602
-0.20064223721139
-0.246516394050816
-0.21629005149197
-0.263443067022812
-0.118780901276539
-0.241083588902011
-0.248570826857149
-0.161777553456738
-0.0633099108953526
-0.242461549687765
-0.204496877111873
-0.198708206413047
-0.267615851915605
-0.173986637494697
-0.2016135024352
-0.122068523073753
0.0910919076311927
-0.245390829949004
-0.00975552312949545
-0.165473860023096
-0.281554481862634
-0.115381636002648
-0.12619086601318
-0.314576237399509
-0.170830476883016
-0.29179470359466
-0.258320630845525
-0.19117366735439
-0.257534285504467
-0.196359806121097
-0.0880706299399217
-0.22602864207853
-0.276296253869472
-0.10189889972008
-0.0120903098481222
-0.0909556320015693
-0.155895932021517
-0.092936411655157
-0.138715345859805
-0.19247024717958
-0.221518487861844
-0.266656572725952
-0.10146601970859
-0.126297586724514
-0.13609909843073
-0.074061495560374
-0.121007547991392
-0.10766060785375
-0.0797476088159497
-0.207690048857077
-0.119626611474473
-0.11534972680881
-0.0613323710651734
-0.140812095716646
-0.156273708857245
-0.105162078809866
-0.116332542387638
-0.104181807481618
0.0336311936066276
-0.115902531573505
-0.0924266599770052
0.0134881386600994
-0.116717157778347
-0.157865087461724
-0.088074134572181
-0.0326841109192804
-0.0628240554217257
-0.0728063150434034
-0.12407648423869
-0.021792741965658
0.0058129674329118
-0.0623892598867472
-0.0186195274800343
-0.0614114027631987
-0.0178182961774651
-0.072813709034423
-0.0644229145578226
0.0810807022309247
-0.111444057747652
-0.136419186423262
-0.150193485283632
0.0108804031642927
-0.044491553557476
0.0251666388511241
0.00822834536749079
-0.110309844396735
0.0415554372338224
0.0199565839638807
0.0101096987582943
0.127008078848456
0.0426091389603026
-0.0055471498455431
-0.0598211298544637
0.0339712654171784
0.0383345972020394
-0.0265086064925798
-0.0421523627873295
-0.060125692349863
-0.0724768738802054
0.0560242770587319
0.0361632494543709
-0.168448397081595
-0.117273158440269
-0.1898289072218
0.0127381736299296
-0.119129936308266
-0.00249735923053282
-0.0794159972036117
0.0204648742886406
0.161710908358297
-0.114260700151416
-0.0610390545861227
0.040248675966255
0.00843111980634465
-0.120154352578896
-0.0463122256877438
0.123732010782192
-0.0194719856040448
0.0617319983768373
-0.0927829846372893
0.0199497839170499
-0.0342332521554257
0.0301521987010927
0.0693708845694156
0.042037558379602
0.0942870321282078
0.183740091651896
0.175045751336339
0.168465975112358
0.0872722554302467
0.041351157287219
-0.0148690344582755
0.0371295651678457
0.184133144188189
-0.00503452943111992
0.012145025084877
0.0537644710993954
0.0752169575081198
-0.0262512747084017
0.0682008660651232
0.0759139936282305
0.0157495938943009
0.00537790362657994
0.0955241288055882
0.0508829917423876
-0.0360924805810407
0.124017704121487
0.215405558760485
0.103341755293509
0.0617740421869964
0.138285024647854
0.138083819083994
0.0720390194710221
-0.0382196145032885
0.135243442882221
0.111372069677586
-0.146623757893205
0.055134917612066
0.195512821699194
0.208195696784058
0.14824831181511
-0.0237994615788967
0.121155799997154
0.172565314033106
0.083639121867753
0.104047773489374
0.0198895671163447
0.138880855362655
0.0908304728692084
0.173208888341856
0.154407983233607
0.195566976030898
0.245548492670667
0.204637997880468
0.122374486800398
0.273990487271231
0.241618190941413
0.113410805465762
0.273210770975152
0.0591377228406281
0.165608067497433
0.0686492151133913
0.206272473657187
0.0906551845158612
0.0798457169627764
-0.0336848467272855
0.190032107016377
-0.0647232395851764
0.0835247068439731
0.230460339507646
0.140534493263601
0.0520078248851308
-0.0381655955739202
0.174779617857762
0.14589204359948
0.218249823013182
0.166063197808577
-0.000678330095459975
0.157338143283603
0.26361720939648
0.191266486024615
0.10998215613452
0.155106648750497
0.162766398112134
0.0495245334423724
0.267984083365914
0.199591785641434
0.273571415456853
0.102687301820183
0.189065236899118
0.192622727996132
0.163962958840889
0.154956474120847
0.346890384779603
0.299691204012657
0.111492476861601
0.188667422793807
0.232487034527184
0.123053509700531
0.173797056673762
0.187492417057181
0.291391167828242
0.16767623049699
0.1882098034304
0.363532531710619
0.193177690879885
0.222601733708714
0.24401699618225
0.318357913566024
0.294812638656914
0.274967262283951
0.232098349647974
0.403406040746893
0.20264635366666
0.239775405222138
0.173110650041061
0.298031410730143
0.260389970655262
0.193224931911929
0.164746225725804
0.26153201575682
0.130373960082929
0.194514642009804
0.234558495321327
0.100183960979243
0.161282467601408
0.251019189879855
0.351782616076744
0.182455430713983
0.236385167723373
0.331681432973876
0.256161047366882
0.388789132956427
0.280744217769602
0.271400404997547
0.491531696566769
0.303924685752467
0.293234885282453
0.150574762623342
0.225162061951446
0.189044506700667
0.406883617658182
0.26403235088627
0.410344757117298
0.296340513872797
0.19967299901155
0.374494999757468
0.363654700999692
0.184539538155556
0.334725478724719
0.268167760479707
0.291127038268211
0.430296954606883
0.256055415755359
0.36887930532712
0.239162652462281
0.340803637695617
0.179710370700624
0.315687647565801
0.204497733534422
0.259076439045313
0.422700412692916
0.474862072937459
0.506238579828215
0.265872469952764
0.348724701617841
0.410392589582896
0.4297499567196
0.438739889682759
0.341690311377319
0.46326032070872
0.36442215547265
0.298545305901835
0.456877887385704
0.221330601882701
0.291327424857628
0.448913423809805
0.434253312460064
0.447065023027618
0.359744802992169
0.425762848376116
0.297900950122392
0.346158022477921
0.435682202658403
0.409697870182783
0.31002981374137
0.357306885587572
0.378547950012298
0.205224041545116
0.508176427469738
0.451126358961568
0.355253520479576
0.403648097803829
0.365465376251191
0.439531229530645
0.414223938806396
0.33446951331258
0.280931564058746
0.455886195161144
0.468204141050148
0.542309570692384
0.267287342006285
0.416819370339836
0.536752654273625
0.573167481473159
0.466484043736854
0.546264170175145
0.433979148349785
0.412925444079183
0.391217244880904
0.462670209116966
0.265699321312536
0.569809263776759
0.414555499565165
0.385835213551173
0.283131858021823
0.549013131943029
0.456328383690642
0.480578903451007
0.364612272429142
0.472748289383668
0.361984464988654
0.397625569304291
0.444704216434531
0.597633143869233
0.506508313326121
0.523012655586181
0.623856367186004
0.432817136208564
0.568392306475038
0.498708762240255
0.398220494541045
0.612975534250577
0.616359406933562
0.49188362847342
0.438797077076466
0.492985865130273
0.543039294417506
0.518202007269705
0.458871211787945
0.350081063206455
0.460547191290381
0.695470081456765
0.593740253339312
0.62888561011976
0.370370814993838
0.454676445652681
0.536534481285148
0.459956855261773
0.554144672785975
0.592605512072698
0.394413988170329
0.541519090020692
0.479155276954155
0.701733666780053
0.586929181373701
0.473603791554758
0.538165116438271
0.550336822379744
0.307606721884322
0.483976230234939
0.580511450156565
0.58884770786362
0.702079352605214
0.529164470337201
0.363849048263651
0.467036222447939
0.466154452192204
0.577755745289612
0.554869100603904
0.53212667406001
0.470477073073479
0.653911068816182
0.625127688935134
0.614668964046497
0.59289607120589
0.561834080536075
0.447217611189605
0.441754175615482
0.567394103899655
0.554585705639107
0.512935814367749
0.716034566263399
0.658996817064217
0.549584634381032
0.631031369100659
0.532314820229888
0.510710117476992
0.63013553277417
0.591603971711793
0.613566164203605
0.657692233919578
0.613359711010521
0.64512760904238
0.615129785102385
0.510855263219774
0.545965934825318
0.713736932824726
0.701304996883209
0.654484117970677
0.713539743882208
0.550551858862963
0.502809233097988
0.583829677084462
0.697187009322324
0.792969231035419
0.510146098952279
0.849935455266263
0.628158371121767
0.746613074115312
0.656405347691066
0.611463565610609
0.59677053728794
0.535419117960049
0.646578478969925
0.69088624989933
0.619097716406085
0.581598120409286
0.64180370919561
0.705917295745589
0.661064047215364
0.634393176435308
0.830962324247306
0.762012511999826
0.737522530917485
0.687376458890017
0.709900363556563
0.687604746095581
0.764062824242225
0.679638582149
0.593504426830034
0.738715972188846
0.734627783574521
0.787271665338175
0.674863499011857
0.727469301775527
0.713638363488876
0.695930739123456
0.753194074930614
0.679664452958973
0.76087961946268
0.708804515626646
0.716936543180203
0.738018413755329
0.755582904621077
0.677954874442311
0.652496270102366
0.731358217648914
0.708495085209171
0.617129126278634
0.739186238679784
0.759298613880047
0.700930496786716
0.675877604075284
0.631784660455083
0.700475019984572
0.700750412662453
0.725183282023314
0.543577563797863
0.861399595900148
0.759439837824214
0.709821687766503
0.760336905784838
0.773081150338795
0.784074730363683
0.871474225776846
0.740997368525878
0.646204236114138
0.751369206605618
0.917354552551155
0.869743500697585
0.829469771201088
0.789579574044909
0.632637341614602
0.684360961860885
0.747631024077428
0.666601991108093
0.690819253087375
0.817559003429019
0.83165107659056
0.72834043691267
0.739210837078764
0.710922017378574
0.686719896776211
0.76903791868539
0.762234020354057
0.587334816362341
0.803246305524494
0.909743928051587
0.906685462075672
0.659572508763383
0.890541652888078
0.834570893787917
0.97719002410633
0.782377895015137
0.822787633645989
0.802572881975832
0.929973457467196
0.913265951633768
0.791193634727197
0.816933907146509
0.780610857599114
0.794961074957663
0.984735037563705
0.911717935073155
0.800467463065547
0.860945871202884
0.816247580246044
0.768830147965739
0.90638787511356
0.756795964088514
0.948971693808023
0.9277856542914
0.782238745818088
0.720969071062275
0.862430507835298
0.917154329560004
0.797798630809247
0.952049371504881
0.857823508780995
0.944545184561558
0.89529936949368
0.948025115419921
0.87517244589156
0.861937924386472
0.797795062683277
1.01299892351449
0.729499564291375
0.869425789436781
0.886763463290383
0.966024908229848
0.811602322719543
0.806785961837444
0.909539278119822
0.920918590753778
0.820746724105345
1.03126074208882
0.919921448180717
0.777413734270131
0.978329282786664
0.866010718890642
0.946214888607135
0.882288326042537
1.00711422857029
0.768294585691707
0.855121304005723
0.913326648130252
0.893736942599088
1.04150078952413
0.916836271410136
1.04599986044687
0.964976928484399
0.769870328256692
0.966870347592384
0.824710291729032
0.90689051763133
0.890728221286244
1.04530194160741
0.976831316824072
0.862890655048126
1.06049692376822
0.984049748273098
0.935841724699655
1.05984533752754
0.954249081153558
0.900942752587824
0.822711741180129
0.828365892477423
0.963811423217369
1.04739796033897
0.96970637171965
1.09766739912028
0.979020902971926
0.866187101692099
0.974659775675554
0.943777075611201
1.03527476635825
0.969353940881746
0.918449202240523
0.838566632561902
1.00967780053089
0.972809223113434
1.0139526823777
0.957298132205982
0.942574789521033
1.06077992590996
0.969732609058531
0.87494533815614
1.12488750973566
