0.0535596301194204
-0.91521390136818
-1.05277916704891
-1.12600287302957
-0.916924820174587
-1.14916201146986
-0.885894704649917
-0.982763970405518
-1.04422595997488
-1.19135730467022
-0.962262419654666
-1.09748485019628
-0.943469284800523
-0.972083953310458
-0.939670757395842
-0.918212363575755
-0.991933404396013
-1.0347084532083
-1.13277290174939
-0.992463718016336
-0.904237951359783
-1.04364807231724
-1.00540999887284
-1.02965523475839
-0.926932032103579
-1.03274285917947
-0.935420044931569
-0.963882795028523
-0.967122489992513
-1.04440094536301
-0.867747829689907
-1.10148984714262
-0.805527585076176
-0.938682070861737
-1.05568847990989
-1.08391233371056
-0.850211369502604
-1.09254339735327
-0.976868888998865
-0.890125641183269
-0.852964700011729
-0.78599691666693
-0.969544811167405
-0.907167277299277
-0.958546981463454
-0.867008615145271
-0.855807080279176
-0.991427487850626
-0.919353150609993
-0.949796697918909
-1.08371180576991
-0.986878832965175
-0.975156673682634
-0.850051474996811
-0.850710851759386
-0.883000057373373
-0.856988434748384
-0.947638066456827
-0.799859092595691
-0.978316318904408
-0.736023355569175
-1.00263387794938
-0.842000220299343
-0.90595224409836
-0.890033254517786
-0.951057482873869
-1.00622091380597
-0.834438856839616
-0.951115673187177
-0.793945639526276
-0.879551107951965
-0.748665884682963
-0.807049349227905
-0.970571488665617
-0.912346106374043
-0.857788235853482
-0.956026791452947
-0.880751813427355
-0.878333009823755
-0.816854519877837
-0.868664584375
-0.768322177212369
-0.855579094308994
-0.775576208372151
-0.997706945794627
-0.719286802959927
-0.76049633451671
-0.830195357656215
-0.904569770396061
-1.01788252396458
-0.896440036563998
-0.86819174347934
-0.733434931897619
-0.766752160200809
-0.679126988100567
-0.611649133838157
-0.832423134665529
-0.770263245512878
-0.812501529998023
-0.9196809160933
-0.744412970215521
-0.836077485458495
-0.62188521232693
-0.797442185182844
-0.782392636061417
-0.673078939854449
-0.829280854048886
-0.784449710791569
-0.788120858547094
-0.691073149528265
-0.983867126679945
-0.789221189265987
-0.715880083017414
-0.69992195083188
-0.831100942705791
-0.589483172125117
-0.724675294974239
-0.647096127161706
-0.735511878174099
-0.813891610038914
-0.852683735354406
-0.576930889678005
-0.830730573767851
-0.767313265931499
-0.747132828185947
-0.61971697705952
-0.812084540019099
-0.579167070859317
-0.653883174659999
-0.589458737540413
-0.818096718462493
-0.665129970616363
-0.618152021596545
-0.852467181689343
-0.751468505808509
-0.748427285191969
-0.621008003976406
-0.807531379073997
-0.711163329453517
-0.649508944506579
-0.721030130212569
-0.749947549378712
-0.840344826960448
-0.663397518271746
-0.687041839094443
-0.722480115893565
-0.620766448686583
-0.634236227797177
-0.732629468436568
-0.660013873639573
-0.593092621177448
-0.685207105005595
-0.700527353784755
-0.871769200005932
-0.709906313865912
-0.64810044064894
-0.39333213669394
-0.766107211709823
-0.621989526720375
-0.656915466092078
-0.825334820658842
-0.620096958988467
-0.674800053239252
-0.661644795633742
-0.668118678315279
-0.668574594815904
-0.661012703840547
-0.602166416285134
-0.720352563314716
-0.655961392843668
-0.606608316566561
-0.651057571315319
-0.748887596434941
-0.709053314125974
-0.624496466485609
-0.668118819339145
-0.578331658555398
-0.708310949633634
-0.639894286054256
-0.795061627832336
-0.498481146605064
-0.572606818308463
-0.55852532675323
-0.671309167262438
-0.646905313766209
-0.612575037198116
-0.635012474757649
-0.593935205365369
-0.604436384798873
-0.671635276352972
-0.60625697958125
-0.53856968037326
-0.621014443766586
-0.634863840115437
-0.514656810612621
-0.684897191484827
-0.679010497229279
-0.554340158308175
-0.565971766941321
-0.581827691638626
-0.421863902293726
-0.570987557610399
-0.66955411074349
-0.684589158285395
-0.642225413060587
-0.605648404169664
-0.557442880082658
-0.662296851229745
-0.517745175088275
-0.510351406430914
-0.698916539512374
-0.64432947003049
-0.597489982239601
-0.467836382529618
-0.639547053330044
-0.558687449220233
-0.666116048701605
-0.523087188317814
-0.51554127710702
-0.606577997590033
-0.573622965094018
-0.517422880858321
-0.58187399919433
-0.520682858476713
-0.531546109461255
-0.407515025317703
-0.444285691889163
-0.479029169137903
-0.293800333381255
-0.479467185400847
-0.593407756576637
-0.505208362817923
-0.559464189987823
-0.643036336210282
-0.559923078375921
-0.658427780225805
-0.481783256548983
-0.59453545187587
-0.609269104702468
-0.501001727294824
-0.393748879567958
-0.730290160744647
-0.482069651407359
-0.514572963239582
-0.420750527757204
-0.644111488262433
-0.459958589443145
-0.542547306630164
-0.607540998679082
-0.483050728327124
-0.390042567436482
-0.522937537204039
-0.313545704887711
-0.453501621634435
-0.501117009971955
-0.450074635294397
-0.464200772354615
-0.513811467533456
-0.532651637744383
-0.594542470372615
-0.397944687782569
-0.513026000997321
-0.302514448816728
-0.43181152561925
-0.436464506640993
-0.402519250321276
-0.533060611615082
-0.339589852934612
-0.425091657680959
-0.338414977586795
-0.409139260225485
-0.597661869792814
-0.600793438758922
-0.409832325534295
-0.56278228925316
-0.504900427361355
-0.583279622015583
-0.446471109788195
-0.462277277794518
-0.382180691706527
-0.356274741960897
-0.383939696635634
-0.347251605149568
-0.39875787108434
-0.416006226480986
-0.355943612157147
-0.392808355621904
-0.426956655218071
-0.465199991622141
-0.485353004999265
-0.379263574145421
-0.353400900511411
-0.453765903818054
-0.48209439978803
-0.382629645482051
-0.48162451511773
-0.386258644514851
-0.425098729244782
-0.344903976815312
-0.41363985507527
-0.319699069840478
-0.383615375491862
-0.49809001189381
-0.430005453175225
-0.300992538454292
-0.492800072330012
-0.390723967167737
-0.448879515759807
-0.345319250656301
-0.317475071251398
-0.444819006719342
-0.515134965479282
-0.495229744208502
-0.411860903441781
-0.379687140041111
-0.431494859694873
-0.348737947384116
-0.348155205752611
-0.357284099055864
-0.39174410051056
-0.470135162399593
-0.300883088690118
-0.502822865326259
-0.295317828826802
-0.272356608896701
-0.304142567061419
-0.293733052451333
-0.344273672224874
-0.256472061970306
-0.370410779346962
-0.451826140517729
-0.299431430138188
-0.467789772369558
-0.0639705183665393
-0.253193857229442
-0.263503817723975
-0.1921390356434
-0.290363173734338
-0.35846897425017
-0.418661165058593
-0.270516867083047
-0.285706469561613
-0.175042983249372
-0.355766328228872
-0.281804538075606
-0.212177921140688
-0.14487340559827
-0.154588057856679
-0.27434669918218
-0.293844451916526
-0.202380468489056
-0.520670857394378
-0.280341629908497
-0.265077611712288
-0.246134672833733
-0.237531181167402
-0.334341445499815
-0.371725688156254
-0.176442290166193
-0.445793291015539
-0.257663867719021
-0.461287554181411
-0.305633434924273
-0.265987607693817
-0.38537567465939
-0.213782923723254
-0.228975530350424
-0.262776340406242
-0.282092138479379
-0.312238485390445
-0.292118366258301
-0.200507350512736
-0.212287629472101
-0.211366949385022
-0.201392314349683
-0.311200812878122
-0.214519963386183
-0.262445382311396
-0.313212677079929
-0.119563570911259
-0.308827980556179
-0.253901796122447
-0.189509793387084
-0.252296517734852
-0.306949036765935
-0.131998553445838
-0.256572024623447
-0.233110474075495
-0.248608208636744
-0.239067154200656
-0.304327112033565
-0.333423747832603
-0.213268307808811
-0.179312359708852
-0.272095813190364
-0.0614042612789757
-0.205659980206352
-0.233908513934856
-0.226279516615962
-0.137372903220986
-0.219418936790836
-0.255297169775449
-0.270883573166516
-0.155925383503577
-0.132397907034818
-0.0144889959012402
-0.169247926186281
-0.190015201582891
-0.302558099305175
-0.151274967479513
-0.162709936006444
-0.327550826781259
-0.234275979142514
-0.190312677716769
-0.188864652932456
-0.163218554554811
-0.2140377143591
-0.322738565663529
-0.155469376049661
-0.045480240709323
-0.17207338196153
-0.230354110941006
-0.141015994261626
0.0140508438280792
-0.107279038707267
-0.19793507853764
-0.246851087092789
-0.0701104869370165
-0.119578577281693
-0.14716965520307
-0.186159278747417
-0.131896622489343
-0.108648349499624
-0.0817689798232197
-0.198060645543044
-0.259427068395843
-0.206635661672344
-0.0834156354448065
-0.110962636244593
-0.0725722950589698
-0.0569162125417809
-0.118885303623932
-0.116260618908801
-0.0862680147630651
-0.256213352587774
-0.146991298999255
-0.166495725215005
-0.124814722279644
-0.209249203020034
-0.22142369483116
-0.200015525124782
-0.108154967912802
-0.207861295982259
-0.0862845521887967
0.0655588426925657
-0.171924771373685
-0.101359660497367
-0.0977665750318932
-0.0964412411605896
-0.0598880940611311
0.0207581600864344
-0.142294767617649
-0.0553798728832342
0.00844682128608516
-0.0605881131766505
-0.203263332543736
-0.120537324218029
-0.036412677666174
-0.0598686398363095
-0.0354285951405354
-0.114934660210712
-0.155014547984147
-0.13289636064735
0.0235367088973498
-0.0757939136745303
-0.0271476497256089
-0.0126411544139111
0.00946859456945898
-0.0330191185175347
0.101352154891791
-0.0614054506607297
-0.0579621576210568
0.0335283252697153
-0.0538635222106471
0.0073153891353937
0.0589212618469996
-0.102738144331291
-0.0362554254222016
0.0330262586276834
-0.10675023809531
-0.0578313228773742
-0.0138904479725113
0.0739071656281056
0.0507234107719952
-0.0918013134510016
0.154570130426541
-0.0940458761941773
0.0416820533018297
0.129652406681511
-0.0314425305526165
-0.072666699164033
0.0184984138118763
0.0613770875495504
-0.0746569652874799
0.0446491062125942
0.000220827308070974
-0.0588715263938218
0.095547377904808
-0.236246984965472
-0.112350306912132
-0.0703611888618237
0.0359615079260199
0.107283828558066
0.0184059109930277
0.0839193662239854
0.0491339293578978
-0.00530457462374987
0.130741422891975
0.0425125136330167
0.18927953097279
0.0702921406968287
0.0469387232153688
-0.0067364920341436
0.112201166731428
-0.0689704602300572
-0.0254623519936049
0.261523219499501
0.204817944005059
0.0827483149510049
0.19533683772241
0.31710508410824
0.0688703151731981
-0.00615615286749852
0.0522352769636531
-0.00659011595155436
-0.00604637232136255
0.130921990915343
0.0217102848210334
-0.0155567231323119
0.0184427601605089
0.0539014791562159
0.00407062513795034
0.0201637165198841
-0.0226822481160734
0.192580808329523
0.221299035864091
0.180168013672073
0.133346215690144
0.131941078686934
-0.0462867875137312
0.100077552312259
0.147862388721138
0.113795516401039
0.248804071744517
0.184519321814481
0.258241325460462
0.0319892826557663
0.211221278184228
0.143636074096458
0.0456563758234792
0.0160169419289784
-0.0490781155283185
0.143663123300608
0.20295357183249
0.0994808395424413
0.00670442636003378
0.0653421577562828
0.0741284927573718
0.135229075520751
-0.0809471203774199
0.171489453282224
0.279569026191956
0.0481710634491203
0.199745402033108
0.122578855081868
0.240247043348037
0.152885849103276
0.208563042281198
0.137451763939768
0.163922445764721
0.114620440486369
0.0114508447247229
0.0864593965390825
0.0308382549796518
0.179444657093406
0.106873684126647
0.0814675572356613
0.12515372677535
0.232249795131904
0.0739913022260014
0.204910173361435
0.124338941557925
0.220236782871891
0.290103659734964
0.131751381771136
0.0825517226157235
0.167892922234746
0.114545381556985
0.334687153534324
0.269766679253784
0.263013834744766
0.264946594471463
0.0954400086004032
0.195107779981255
0.190351786850848
0.344845879244862
0.163975255122921
0.231955251091214
0.259560290941814
0.122924111426502
0.14723656809145
0.163865459563193
0.24810453304927
0.198066569031993
0.293828901778811
0.120156329613879
0.191390169923932
0.208810019937457
0.235354750813872
0.322475244985466
0.105099769822301
0.107289649549319
0.213810111514734
0.293219952450951
0.238133389871964
0.255591219454518
0.0334079789853866
0.0738551438743506
0.279044991648242
0.111843373776965
0.266123034742487
0.263813083848605
0.352764452348693
0.0933098759091337
0.249423827106371
0.224786370937323
0.186062984171306
0.156999456049234
0.352673483249463
0.285833876047202
0.209119449811669
0.249040913076529
0.23641838695912
0.207519590641129
0.359562096852397
0.287890261005086
0.335902413715354
0.269435115743924
0.256309543192654
0.231784517079796
0.24187686486381
0.31928056226087
0.15502636027713
0.133517604322484
0.437466584916428
0.363878369236773
0.267666116342793
0.325035842793798
0.276972005758003
0.446820027488407
0.200292233241424
0.434800207818764
0.368506783735349
0.364426564687142
0.439139558975519
0.315531142979729
0.282679427728165
0.352583848858855
0.319801400685482
0.130154097760233
0.309682675265176
0.380800298963341
0.318897923417331
0.407094557066591
0.317793836294715
0.302840899811823
0.310845599190047
0.366993982533585
0.455855080291475
0.264500837168716
0.393928096507932
0.419083053288171
0.407612457869711
0.372696297689642
0.271710564470069
0.352497628014446
0.426796832683525
0.283745274118224
0.443699772706004
0.320940123751983
0.500620005494233
0.495669995099251
0.374428387332752
0.355966131026845
0.407775336444165
0.481042028425316
0.277800541495412
0.372035494164815
0.360768946214456
0.389939686613689
0.383429189577774
0.424491228737464
0.438939459305112
0.3856745932595
0.501027565398355
0.341891045490383
0.492960227635341
0.293120615284514
0.430815394764971
0.274446405618419
0.405389036466815
0.440205272896076
0.454282364690805
0.302389980909921
0.526863293150106
0.346573992509791
0.427940822009051
0.423182746561515
0.329986960058782
0.462199264712723
0.400265346242417
0.420754432922998
0.316955788467556
0.408952409580915
0.40133202704595
0.376750773491448
0.225982639889621
0.525659938218646
0.383152933877694
0.508536199040536
0.500194099668967
0.486429278079315
0.44954016011332
0.522907081584746
0.501002149255752
0.460673919676752
0.372295123255197
0.592549160547432
0.507013075352847
0.524280496424899
0.408632882079796
0.64300307961062
0.485000720517339
0.390849063183408
0.554322366444371
0.484728160631559
0.502189613575038
0.414180215337441
0.469776936014412
0.432912510558758
0.520941302599602
0.444061596821442
0.372791738512141
0.555152497504132
0.481106736262054
0.502958340876921
0.421860411171409
0.55743376346663
0.417040886637462
0.500954571624544
0.562246255519835
0.497148620524745
0.603644337240567
0.260526292692034
0.604980444223832
0.595051953209192
0.546501489152722
0.548749794204091
0.64043008615205
0.468220475213839
0.47472547235304
0.670598131026662
0.650224454444858
0.561046406976994
0.524471568489939
0.589669337388512
0.665157478715623
0.522656874572013
0.53659248888221
0.569609426040007
0.599391104304597
0.570943387105073
0.323750743003938
0.620351872305653
0.545830558144063
0.680565372009865
0.571359380807886
0.705808282562933
0.551064029467671
0.619468776897903
0.393724074755734
0.485023410121239
0.534455063160494
0.696325029336422
0.702065294349549
0.571736949856385
0.707087044824596
0.606572959885268
0.545120787711988
0.461813075569435
0.647887652036055
0.635993563259616
0.758347922961664
0.656236569933943
0.679957142125751
0.548407618074579
0.721944433319963
0.590603188491189
0.741532566990907
0.638331405221508
0.638450831048286
0.564881263368875
0.622911685603699
0.541730898593611
0.545883476414202
0.57437637144359
0.814507310806557
0.758395826734491
0.681184321870512
0.616499168541256
0.681956783245786
0.661929554244684
0.74071316482374
0.497745666355492
0.75897870645166
0.553804688267527
0.695632345378819
0.765027827092347
0.735659631834224
0.702974480604631
0.633915003774162
0.618467066736453
0.621733970409918
0.528463706576482
0.605601677005751
0.712899891969488
0.592897748903168
0.680043725705249
0.739712852883418
0.543664570960546
0.606253860349264
0.734629235015503
0.704018675705802
0.729004722708407
0.686681011516982
0.697100057017745
0.488163389695352
0.918247845483041
0.773497701360331
0.603831957411778
0.438757595112872
0.791718163937791
0.819459043471143
0.725060820654712
0.78096614995508
0.743026475619675
0.573241797786506
0.721442436654443
0.761627611047111
0.646675851583531
0.835497777443795
0.713128046756787
0.727943254300737
0.690106026409866
0.714715544093209
0.76715353534583
0.6894604777879
0.832221122257913
0.696892139527608
0.853935740114234
0.756768715499333
0.717803570828776
0.655983357549453
0.683472021193236
0.504267088118898
0.814925574762727
0.689689463528611
0.704324821472896
0.822369403571432
0.789933942011687
0.709756950771062
0.810398877361069
0.733324330212946
0.76443140815527
0.908434238672013
0.839410641877894
0.728317587138229
0.681074987853458
0.752835816972292
0.792869635421985
0.803093155221931
0.845600964771125
0.954618563917815
0.927217900232159
0.787338236798024
0.753279399330388
0.861506217284238
0.721388562335021
0.780189581038312
0.698761066754442
0.89395930129869
0.74585144782154
0.94592797052791
0.831692590677952
0.721486347654092
0.638331388925443
0.938000295910699
0.849059546293486
0.972954347542251
0.746106078586514
0.970033249535422
0.872333794427737
0.828621218075369
0.886911595947697
0.794936744358549
0.878415826984331
0.869171028008276
0.815172353143813
0.824946512886341
0.858910750073926
0.939028309576456
0.774786950772851
0.904654803025985
0.841344701022708
0.687737036271258
0.758805480908822
0.820268984902121
0.906526516732078
0.853409015006513
0.908177572898824
0.774228598287505
0.822734825808044
0.94809635156431
0.9046691255251
0.719681158545003
1.03264320862369
0.781818169851363
0.810268608144874
0.902227522880872
0.836154429862949
0.815084403824885
0.956559183094083
0.871436422947915
1.00158258704829
0.96047837191694
0.941365388133915
0.842966315687885
0.856800763233988
0.942885440429072
0.858709866507835
0.939533216138539
0.875265540666025
0.960287846331678
0.764702045378123
1.04656188236057
0.99291709432907
0.849675599995548
0.996493935124707
0.889276214750707
0.980498973384258
1.0215919404291
0.95002639082888
0.949028037420864
0.923127156618888
1.02312804619114
0.955341072919973
0.956185697300568
0.955882605706336
0.880120585319932
1.04037209789962
0.855610223241689
0.854060744478889
0.88235162291051
0.932780914010995
1.1068681728459
0.997168268751135
1.05008764061859
1.04293197388781
0.963220083212082
1.0774747802663
0.864383605302875
0.940771647831593
1.00150624540758
1.02455980823752
1.03445547902867
0.96062242555
1.0286742186248
0.92736605790912
0.908167359480918
0.958788148422544
1.23641220795369
1.0039065179533
1.11166732937717
1.13172681313104
0.976724253635704
1.09054730647082
0.806638395143117
0.975233335804152
1.0227885787465
1.07510272587551
1.01584436970125
