-0.0104265774615027
-0.947708511379632
-1.01592770336379
-0.96844927750351
-1.1046409257046
-1.01167368012194
-1.00965842165124
-1.04061362758145
-0.944247844282422
-0.969150706812917
-1.07369703040863
-1.06079176646926
-1.00591601819981
-1.00520287340388
-1.08346803682674
-0.829333753337297
-0.929351797448249
-0.936278802127467
-0.967909563460688
-1.05507733195801
-0.925279485588772
-0.785961551235633
-1.05612743597188
-0.878039965491485
-0.940695700940402
-0.996986884130392
-0.879536622660914
-1.03859799813981
-0.97537445991554
-1.10576318329018
-0.910189362456725
-0.876445238824267
-1.1415794219485
-1.00420617167891
-0.847793355797399
-0.864456677381684
-0.954013085946871
-1.19411946075569
-0.860478114200197
-0.758568621860288
-0.991555692653664
-0.83766794200814
-0.906871713679836
-0.867451922411585
-0.975199587779238
-0.775899959458595
-0.852349020100795
-0.860293750967661
-0.895343013034574
-0.84212277556618
-0.886930069102042
-1.01651655292786
-0.92761793351365
-0.908071417415994
-0.812380129259663
-1.03477632210862
-0.998352554544468
-0.783202988276897
-0.827747401451586
-0.862610947404031
-1.0153757534671
-0.844329420145804
-0.858577925467433
-0.945175775124555
-0.795403930196067
-0.843608667385004
-0.744531060448802
-0.863663081168368
-0.925458961627242
-0.851050139326781
-0.914351389805523
-0.878601707759107
-0.829283435538574
-0.899031855200115
-0.686774427372081
-0.831302997829906
-0.752203129495181
-0.826767251223707
-0.649561244713879
-0.872425021699071
-0.599043089662171
-0.929389437242005
-0.798533857461645
-0.874656053567215
-0.757027711954681
-0.797520486386291
-0.83510297607946
-0.852703147578065
-0.839948680229884
-0.787691404613439
-0.767231798002335
-0.901302381258224
-0.763832897199589
-0.767199177392739
-0.890065417353679
-0.7837129158464
-0.814540337204161
-0.737796873719654
-0.684977827868616
-0.87314243216629
-0.731956683180186
-0.793535450759115
-0.64760694595334
-0.685770006209556
-0.775889913087597
-0.766987662456122
-0.729599151309062
-0.794004127264706
-0.807976591307035
-0.806569954726922
-0.777924762532654
-0.68964616413309
-0.875942287489165
-0.889590798614027
-0.863228369977274
-0.764514572619835
-0.834691193111906
-0.778180530537077
-0.719135435984883
-0.786195088499703
-0.79555108117352
-0.724655821285863
-0.821925683810105
-0.542756859474997
-0.744155363232439
-0.725351921930511
-0.822367471832384
-0.876504138916364
-0.756683629960581
-0.794497318091796
-0.908915002523203
-0.758025660301599
-0.896507548627856
-0.700983186499597
-0.729124928526109
-0.69509631408533
-0.814789270352639
-0.723045852422937
-0.65652273805558
-0.875157660141398
-0.686890855839436
-0.742726306219229
-0.752503465535739
-0.701813151923467
-0.840301809799006
-0.762156447376488
-0.681423363344791
-0.735401475144402
-0.695938675347231
-0.696187524286721
-0.766069561622639
-0.638595205163322
-0.717268034451215
-0.689499067814222
-0.847113143546173
-0.63868453578736
-0.677077336317582
-0.795661080288552
-0.658241523609009
-0.585930319325923
-0.807748300805676
-0.674799668193386
-0.710485674136969
-0.658253974774042
-0.620504344049402
-0.615875636092518
-0.644436149885057
-0.669815012432362
-0.824906997732955
-0.719714600888905
-0.629093202028416
-0.671477992983527
-0.707045817335799
-0.645309044366902
-0.490053413959923
-0.799290739568065
-0.516198812083588
-0.593482985529002
-0.620871693742631
-0.778625092449383
-0.616361487077244
-0.631893301915006
-0.640157557454669
-0.636656362611558
-0.572102535958538
-0.695024207742804
-0.656103412436607
-0.635694354980847
-0.472108950389113
-0.709569553323974
-0.604928480098982
-0.660407265108869
-0.601379365011724
-0.669460950057568
-0.672740705022403
-0.552084060409919
-0.657979003096027
-0.664014438910414
-0.540375481732359
-0.574811637035438
-0.589637413358967
-0.440396880967336
-0.641931208225485
-0.662911173452457
-0.635445159304568
-0.573745604928545
-0.623043565194379
-0.595722728781775
-0.725431748808854
-0.556896295763234
-0.561225669997357
-0.531531542796859
-0.595571993490357
-0.556434077572506
-0.649574434830377
-0.597783883208958
-0.648046729480271
-0.472925272466662
-0.540945639172658
-0.670857834321194
-0.570682923329073
-0.468190416457774
-0.741235510918525
-0.511523867859488
-0.527890145456504
-0.491204750681409
-0.584889047427206
-0.599151105183174
-0.686035013297788
-0.529906552750346
-0.44586612052798
-0.52043543338943
-0.503624479737022
-0.567140958634301
-0.472734342609668
-0.484812834436397
-0.537219869843558
-0.620660647711432
-0.441502542736312
-0.514575547135107
-0.477609546509208
-0.606258663363679
-0.504233384142625
-0.704887598222264
-0.538051382736038
-0.508316733171308
-0.594592438981768
-0.587569517859531
-0.489900499317067
-0.513463630600536
-0.420386555545139
-0.47841320279583
-0.598799067769784
-0.403943745517119
-0.44646481112732
-0.489048382511985
-0.592129988495614
-0.427315078536726
-0.444436380203352
-0.457400571852505
-0.365372778660008
-0.464393870383688
-0.471578818872179
-0.466552262618197
-0.400215448004987
-0.497601021257606
-0.427524580313013
-0.379136414488138
-0.4393252034376
-0.541303780109231
-0.523256437559965
-0.537895485819023
-0.520400194626597
-0.36098513868378
-0.366161239663214
-0.495157878438413
-0.578255935894806
-0.517956434089601
-0.446059612683884
-0.43731023495671
-0.449908620717202
-0.243787370596361
-0.428253476180282
-0.353736620963264
-0.386359775932102
-0.497155888996001
-0.535548676542917
-0.36371350758067
-0.477895581475155
-0.475652250486346
-0.426437586328366
-0.445225517461911
-0.41277813142299
-0.376685527950172
-0.322337818811397
-0.467690501763149
-0.398237076115593
-0.488150695042808
-0.40685941106446
-0.489528476863202
-0.442724417799737
-0.320284746497157
-0.316947818704561
-0.448678676560123
-0.213968894303409
-0.438816262679459
-0.171922141347939
-0.236336789943015
-0.259624253876931
-0.330778410792357
-0.500516104212628
-0.361682137613576
-0.373290284251466
-0.361152231540167
-0.486143572869168
-0.323271053022756
-0.373295728492365
-0.391203730721942
-0.409626359755041
-0.220268983082653
-0.425597296198046
-0.378654994831695
-0.360026450040951
-0.396689995098218
-0.260534255449519
-0.39030672760361
-0.228367269025359
-0.454593357126999
-0.18048876373938
-0.368579967440798
-0.464813684362243
-0.394167499778254
-0.394529828591992
-0.319921329276457
-0.254848135145887
-0.320108825342311
-0.218623408298248
-0.469386577847573
-0.41424362453779
-0.275293893041246
-0.444149825521372
-0.28518256083993
-0.293543350082447
-0.320252903924351
-0.135395723433636
-0.299174802401117
-0.408830423997685
-0.255088648867208
-0.235125344918382
-0.346863074363725
-0.292257041016651
-0.134455828912319
-0.300221069388285
-0.193149271289499
-0.317908692869321
-0.276058987001672
-0.269982451951866
-0.31765454557272
-0.273092177244944
-0.353192424479034
-0.194960369309685
-0.329137340285911
-0.350338645691822
-0.291549932518376
-0.225126846963068
-0.158302760873095
-0.243570441187254
-0.261800926052179
-0.138318047643451
-0.309472761829032
-0.318251431186633
-0.253948098648967
-0.261895011230244
-0.296089061883375
-0.299420542551536
-0.229552048033764
-0.121854591095316
-0.371127161439359
-0.271054359774223
-0.15986276160549
-0.0531816206828721
-0.253146558109011
-0.239721030645505
-0.176957857506674
-0.376464447605903
-0.221050218744936
-0.228160301666013
-0.198833064703698
-0.165302289257018
-0.24324229596933
-0.170457912343342
-0.115451544470374
-0.281430498597154
-0.185524304411351
-0.365334812282953
-0.233639297925673
-0.179132238545945
-0.290087827974446
-0.120509717266722
-0.248350892350333
-0.360283742131343
-0.246562773751282
-0.171988152364378
-0.225397623373408
-0.356560538153199
-0.372972364437719
-0.193560106543244
-0.0322092181336384
-0.0903425109884329
-0.252201375708929
-0.0188024015421713
-0.234858882782344
-0.360995931208369
-0.153842829817474
-0.0340042951242551
-0.303881589242099
-0.247255104993978
-0.106122363880649
-0.0577950940268765
-0.0488268127710344
-0.21320119911329
-0.0594572721097394
-0.108325219397406
-0.232610785564679
-0.180669695381026
-0.0309741396046698
-0.0253540482458619
-0.130843798279266
-0.112627191078935
-0.110920365947208
-0.124775807688695
-0.0456124413660012
-0.114674175073815
-0.132165488129099
-0.203001850219502
-0.277660844882565
-0.0803242319573357
-0.214071092463974
-0.0689941005303537
-0.0846116740871586
-0.213514500085034
-0.111603796207562
-0.0275935320646531
-0.10027763943166
-0.154988343847015
-0.210005308718558
-0.147721319014624
0.0519757180784603
-0.29232860300266
-0.159543206544221
-0.074828336721756
0.0194350768113812
-0.21521056224167
-0.208612719922419
-0.0378513477524719
-0.134074865965511
-0.0405971036846057
-0.0646740538677173
-0.074167119353164
0.0984422687698512
-0.176793074978779
-0.169725220020046
-0.0188420925065206
0.0778148748945794
-0.0350050597131682
-0.154892880089872
-0.0700136707324415
-0.0691370353813505
-0.216145040213948
-0.089952523460631
-0.110330479110349
-0.177281302457583
-0.195509736418622
-0.0702839722266167
0.0167237783529665
-0.195400704524213
-0.0283210760905118
-0.091856366060615
-0.125918620276152
-0.050446266805811
-0.0767787337444344
-0.128900893399715
0.043733207436863
-0.0996813641678716
0.027143502817053
-0.0615033942306634
-0.087509377795693
-0.0660034651311851
-0.0250180937652084
-0.00866523410759259
0.0649296135851985
0.0796847722662427
0.0444417054230144
0.0194840874904677
-0.0334021619175941
0.0667985426185454
0.0219108093797415
0.0783890193608724
-0.0361834506160016
-0.06175430373165
-0.055923113563729
0.172249905230046
0.122026082335365
-0.0625363370117457
-0.0278340759450651
-0.00538618315793207
0.0969944278581947
-0.0545879373540188
0.150145373867358
-0.00223761040980538
-0.10938775894879
0.178645585303825
-0.0140466048929278
-0.147882035047389
0.249212699172429
0.0763380744634669
-0.0808005584469092
-0.0725919968456212
0.00910409386388591
0.124499789403974
0.0400347787951676
-0.0543778576495232
0.128923066517138
-0.0218193037727145
0.139893988924775
0.0483908570082853
-0.039222575465287
-0.0723860353872466
-0.00793260958594938
0.00801129636028567
0.153390615392749
0.0256918277939484
0.0549307295862441
0.21846234203157
0.0788962456368957
0.199874909904425
0.227402079725945
0.0799398033159689
-0.0535254965824607
0.159261215649097
0.128034901176841
0.185057603888373
0.04150248914635
0.120947893449691
0.145090569475357
-0.0955484571796618
0.192647338323262
0.164797841160581
0.179555123777252
0.175340797608877
0.0790660066455833
0.16748664772279
-0.0314802654450288
0.165308593091788
0.284381771663604
0.200179524720175
0.116134902000575
0.174083780794222
0.210634646492799
0.0918708992137254
0.173574173885172
0.115685421533149
0.0127878773034347
0.088109206545343
0.17643436042575
0.0241483349948202
0.0621341274415227
0.0884526078310247
0.248889264140934
0.241048566640616
0.174066927665741
0.28968797233503
0.272108989148398
0.122863755623917
0.195405302685074
0.149036150737873
0.0694474565449249
0.185823579604703
0.0908024305196154
0.212600757425551
0.217052945365376
0.244552276142052
0.145041296288948
0.388473981140199
0.113218610830337
0.0991248061022189
0.316999684813927
0.12119378904923
0.0469652595862305
-0.029367891581716
0.185200281974517
0.0661216098822532
0.141182358564451
0.0697017459746629
0.234915811870445
0.132923607188407
0.167604730824617
0.184089414316598
0.105666166557012
0.161522727847793
0.275162484405791
0.162835248293555
0.234216560286788
0.20028011623399
0.188042050126291
0.15851040934163
0.223246472226998
0.414977257683913
0.076161460713232
0.375972588112089
0.269848221188942
0.264468758885422
0.16682798753445
0.274322496373483
0.349587382750393
0.335590580278082
0.254370578639851
0.244355329395941
0.300914837886744
0.347428493713464
0.296073970490298
0.323067131177755
0.13824494119106
0.395760294298655
0.25751891768435
0.14886061165048
0.442205806024851
0.325551266480891
0.290543359627721
0.296733046089775
0.217850833404104
0.229682369940935
0.379150592180562
0.315666161867435
0.279730270084999
0.0769548202678455
0.246188015127688
0.308679499973386
0.373197040108439
0.200575000821106
0.169908213641772
0.286808888431561
0.422511690757871
0.242704769682436
0.355739633156035
0.28392824804201
0.34580496632659
0.250559296445479
0.375646247649824
0.308697125824431
0.298825102984755
0.278075547445335
0.361355598972125
0.288228301066337
0.239420503120214
0.441006122709985
0.334319312653869
0.298036545624753
0.340158887041527
0.384493465747853
0.304595634853297
0.305768272056883
0.431781839545402
0.309068252415397
0.451974112911575
0.34705922211563
0.30192010679997
0.331904379651129
0.249663425194862
0.36642077773473
0.175657697756998
0.271096274198798
0.274220116583438
0.407077830188914
0.458911247405288
0.487271300230411
0.264253086400181
0.294413108763996
0.302825778268737
0.525432924456021
0.350591762206362
0.46593861700517
0.123763408880077
0.242166168347339
0.368135963709441
0.42984954634597
0.4474852608445
0.379127492748527
0.414333634248367
0.290366643177309
0.400858928227259
0.506460030529313
0.341310063094831
0.25727446790041
0.524259201238782
0.321869058213463
0.377518751180522
0.457316127672168
0.21345578538983
0.370465875760622
0.340533774936899
0.429022823002533
0.249162418229213
0.410979725143454
0.533344175174834
0.334012146272496
0.329956748971296
0.455536844426701
0.40446204900598
0.343184436189638
0.454136791464338
0.508042376965755
0.385420553776972
0.517488020266839
0.461286936584756
0.380097823772505
0.537933029854563
0.314070025941888
0.602860832730893
0.554227519146807
0.437226899967287
0.363456783447398
0.47692755625756
0.353980563560023
0.425491042507068
0.617809196466139
0.488644879994797
0.39977795414605
0.560152473235524
0.447023239637773
0.348717569723678
0.352869570705667
0.349383786613669
0.345596344397057
0.342705946236351
0.535168133984447
0.574945391756959
0.508819831406535
0.469277268016412
0.393794382742579
0.486808778689755
0.476034672596523
0.362690993985628
0.419309478619164
0.43683820848978
0.557180891635679
0.422820122757036
0.497158322272265
0.36099444025963
0.549660289027711
0.542385208577988
0.556348583639728
0.510721461219957
0.452482720690341
0.576329685388396
0.394383837378895
0.508342563792487
0.445275832533498
0.439567582740045
0.660902185482105
0.526532892787116
0.678582710134628
0.49467093839338
0.589845462847057
0.431446319243456
0.654282485006239
0.52693057317457
0.485313137692171
0.655059817154374
0.484324797982206
0.603970845106828
0.466022542472118
0.484444069726113
0.513048571482193
0.526313358931512
0.558555228289403
0.525840972017492
0.552299813113073
0.588845497636492
0.734248229079006
0.577312550370946
0.53316417103016
0.58975782577564
0.54952128086087
0.617575045759036
0.59768335322118
0.758402958840934
0.511157794061301
0.657563758877136
0.597060526188528
0.652431730181625
0.545250839140026
0.682567726945555
0.661470093796555
0.505272476643701
0.55937547004858
0.606185157917558
0.558778734428745
0.61088966836724
0.749495342987262
0.689957777741483
0.597624304212885
0.573066513408369
0.553626666751002
0.475375804783836
0.67892206726439
0.657940237005054
0.674695854292421
0.600993768977123
0.479619996949548
0.54387393107665
0.511539637162783
0.719318054965268
0.52754406057186
0.455823026344431
0.726106520266638
0.6489769968906
0.791560127572165
0.605478649853882
0.646423685753299
0.55367789939187
0.516897189320291
0.718784905001539
0.609820931939104
0.577064330653149
0.610882504285193
0.650188360978113
0.686057373355359
0.677626786238194
0.841324228769237
0.643604149920724
0.568982412193112
0.657775382540186
0.72518642836257
0.755703897246697
0.572259166038388
0.639151308292712
0.612703343409953
0.750899724004872
0.708951303966962
0.745608404055721
0.594311881024199
0.703560509550237
0.717347453522982
0.696593416215236
0.523939831201062
0.692240688586593
0.768515970691096
0.80073525576127
0.679610992531493
0.878206950131466
0.639773319568963
0.678085174938328
0.786735604364468
0.877023613317484
0.775339837946311
0.805958338562483
0.655030614053391
0.718916015745268
0.63313369703258
0.720066418462458
0.750392869301498
0.658641462130471
0.802233464258259
0.752678581871616
0.671185081677947
0.8023474281267
0.808605103367534
0.716394503988041
0.806644270136583
0.543464526871527
0.76695904552636
0.782239784410388
0.727877568093319
0.875266080578859
0.878723235966282
0.762235534964582
0.717673980843476
0.819465987546522
0.684145332978176
0.741372654785725
0.777166211880392
0.750429820437928
0.861419532928419
0.615468167911031
0.818228926078547
0.746189440065009
0.821254166538931
0.87506699876444
0.688277620085215
0.800012776926333
0.931278320361573
0.752797382232492
0.69145976731173
0.759118210390134
0.902756779161171
0.792065602271596
0.844870507033621
0.693281527106229
0.836104723714957
0.709381618682814
0.739998336589653
0.774061021936065
0.816663337198141
0.765450296219901
0.751260147881038
0.826320003054187
0.959719302317641
0.811914891911793
0.883473079285346
0.846333154569213
0.945548770261591
0.706598611780851
0.903494000434092
0.870375145912353
0.796902140923189
0.827948236457456
0.696533053651878
0.714608163365976
0.734395772532454
0.79045270443908
0.865832118991437
0.83831233471374
0.862146889313823
0.919768202623026
0.865000932449158
0.73532791910247
0.761247077397961
0.797210469582937
0.752586113644851
0.86407243295276
0.694499562478904
0.773701965779726
0.924611598070579
0.98962058879267
0.901650070435418
0.811441944245593
0.748837659692354
0.757475150247186
0.933416366545646
0.967038919620517
0.97988947071421
0.963833386885929
0.923621078878024
0.921542427697153
1.04211261058545
0.966004667741508
0.861148939960355
1.01085430901001
1.01319410980222
0.71487209162974
0.865175598970565
0.987766401372717
1.06227157689889
0.966941060905953
0.832100864192356
0.802155563199956
0.932164388967958
0.979649679701149
0.97834029111256
0.912950621969983
0.964862742864083
0.785563925026263
1.02353936823404
0.954788316688001
0.911958066604957
0.861793108641597
1.11364947074519
0.98945152279647
1.06720769388535
0.710682668463573
1.00560307657897
1.02674212668723
0.988692330652531
0.897938771138227
0.912248662103526
0.938531869225995
0.862706445187341
0.820751152712195
0.858054138329301
0.858367009671914
0.94773616878042
0.87393173452801
0.985768639753472
0.919942951497655
1.08397856983394
1.06783759462997
1.06951873033156
0.742691054271266
0.860549335956161
1.0002652003546
0.736312481684032
0.887943334095819
1.06658348235963
1.11801400300842
1.01833749932948
0.996870529252764
1.03384606391523
0.841733359660829
0.990296207553634
0.987059345371862
