x
0.0847626893419151
0.0787205663042866
0.0788669104103938
0.0840972091655613
0.0812364580862118
0.0789298751977965
0.0811430522383271
0.0850377443794846
0.080650038608364
0.0864598023270399
0.0816690112218009
0.0792464064102667
0.0811906615114437
0.0796948781855553
0.0710474116019093
0.0837067175698131
0.0823347524073264
0.0849666833820206
0.0817607089491588
0.0784798911327966
0.0797958583387349
0.0785030548101036
0.0781359991369134
0.0801433788750059
0.0771015644739878
0.0758366101577891
0.078118546528562
0.0806747781839904
0.0836221586191154
0.0780741504219254
0.0845021131758414
0.0799497849176181
0.0804706401985707
0.085622716676525
0.0811850599652454
0.0806731871023097
0.083410316559191
0.0779099426399446
0.084601668811977
0.0787295489426411
0.0826809140887855
0.0846814307728014
0.0810592873947119
0.0799560175982726
0.0803005216414674
0.0829981546085778
0.0826420688590298
0.0713627162455259
0.0773206438095041
0.0833060672980222
0.0778130720738335
0.0787264295574918
0.073538487683839
0.0723359094254802
0.0851092463639331
0.0828231855423989
0.0816812052015602
0.0756273199733975
0.0807735628500029
0.0779955313139275
0.0764347396846443
0.083293347341634
0.0834247061526895
0.0802060201226104
0.0778002968677351
0.0862633497916779
0.0843322697330764
0.0825162524726412
0.0764328209243827
0.080279379229691
0.084853805220853
0.0823481458968337
0.0842882225310912
0.0748542435830946
0.0815588628324935
0.0771769992941752
0.0855732356452788
0.0779227813222406
0.0846060209471571
0.0839449866813234
0.0829970374362809
0.0849470491514281
0.0860132988649156
0.0790698166769085
0.0823711866730717
0.0835795955931797
0.08043277902879
0.0798146681478195
0.0806806550861763
0.0879998747679684
0.0840565712625276
0.0860581861589889
0.07720005197717
0.0805589048734903
0.0859405340242726
0.0795527741971808
0.0888760483015215
0.085411539671217
0.0727075588369661
0.0802803068287797
0.0826322630261079
0.086117965091755
0.0790727339355782
0.0775829475907597
0.0847686107760126
0.0857722035087143
0.0800839328983116
0.077485010272243
0.0803873418026106
0.0830749142249305
0.0851031935616443
0.0758716361862065
0.0789577246678848
0.0870886642920146
0.0807029606606469
0.0745974781742585
0.0834311953854542
0.0769856143185934
0.0830477299766859
0.0817784182237766
0.0856939930882158
0.0835426968584253
0.0802851976800654
0.084530228256368
0.0767758759375455
0.0816487511897968
0.088177520314219
0.0777756413600002
0.0847569128034685
0.0834528035844821
0.0829737059205183
0.0779828171945511
0.0824196995233422
0.083316704117236
0.082678718364214
0.0744397447263105
0.083815448532137
0.0772228650224308
0.0842611093304172
0.0835676663595038
0.081724407082489
0.0821131800035701
0.0814585654094832
0.0792185745468028
0.0813660146038428
0.0823148588391953
0.0803705013711257
0.0838618414145064
0.0772789995139795
0.0752584358042807
0.0838449278254677
0.0818345349803689
0.0792018806043317
0.0795326638802785
0.0821049045772321
0.0798756856055464
0.0863034252990257
0.0878108461583597
0.0788328933427915
0.0900369280127136
0.0858559917849808
0.0832717326290809
0.0856041066222903
0.0831027344503636
0.0787111343715345
0.0839031949898113
0.0801556406623331
0.0864336897680097
0.0837595707148929
0.0819363578020425
0.0812576243416035
0.0777082571400835
0.0822633177109599
0.0837210441733983
0.0846142019671324
0.0800579663602774
0.0814013740293935
0.0804804170704244
0.092326243083326
0.08846005414943
0.0809300109752023
0.0781262045160765
0.0847593194496458
0.072880279421333
0.0774994435093444
0.0740200809749227
0.0754134880677152
0.084671511818432
0.0829665466704646
0.0794550292976994
0.088376434794536
0.0793688423071537
0.08060278709329
0.0802808304834704
0.0809167786993204
0.0841207204114155
0.0832035028055826
0.0859614726821431
0.0820115722318214
0.0859109523659073
0.0827240785640897
0.0794056283293585
0.0795316394530491
0.0804494310554998
0.0778906283205351
0.0761670791469101
0.0882755270750025
0.0811129559445983
0.0829611679582235
0.086578448244737
0.0789642231175508
0.0845512177505912
0.0799793891716393
0.0807255370936941
0.0743524132251262
0.0848949290293155
0.0831468307932722
0.081160267885238
0.0821805454658506
0.0811881263003342
0.0771122452273972
0.0792440154540177
0.0792513288463239
0.0774835859378788
0.0822102361221017
0.0768154615391186
0.073119473700214
0.0854260103379574
0.0857868196957914
0.0846671611123406
0.08416983854639
0.0842978203487525
0.083654091691582
0.0850143430156039
0.0854702489499535
0.0836060417006458
0.0801037859068564
0.0775727326456235
0.084665998992512
0.0816799513065725
0.0793013288019984
0.0820863222349707
0.0786835100460471
0.0839509173009817
0.0869941032946518
0.084156715544953
0.0793888671787729
0.0697211281818649
0.0792768580971099
0.0788456242945171
0.0797464902535489
0.0907186805081196
0.0797007826526069
0.0902646908300138
0.0799641105575474
0.080616722482288
0.0923996387957192
0.079349685557596
0.0863192606284242
0.0806873489809623
0.0782991452429309
0.0818289535941806
0.0790885870374414
0.07642395559658
0.0774610700187321
0.0811908211196947
0.0765159904188993
0.0804439503385914
0.0826826222768045
0.0791880145063088
0.0847281501194118
0.0816296060120858
0.082324017374093
0.0769666560257929
0.0765733838488213
0.0845464356443051
0.0775412956671596
0.0850889029372749
0.0756238533560339
0.0826123639052923
0.0806712339758409
0.0842904858274809
0.0798552045647817
0.0798615857502004
0.0896610134872858
0.0817649777904434
0.0827053403110031
0.0797784588924944
0.0825251078611948
0.0865129124130922
0.0800960640382369
0.0810219934703854
0.0819412175429166
0.0789217792962331
0.085464618011964
0.0825016390849154
0.0798474492489369
0.0867813042905967
0.0742184316493632
0.0823100828107061
0.0801204810326311
0.0791857227303257
0.0857551346315087
0.0834327148651744
0.0750207303613666
0.0837444189075746
0.0825541590050505
0.0718612488860809
0.0817069387099793
0.0766512102525445
0.0816755033492829
0.0792780362853758
0.0828290709652815
0.0798827852712331
0.0827903276970886
0.0867302285357887
0.0712773499648359
0.0833106086026844
0.0784527612083712
0.0819566527639578
0.0825017519988201
0.081418398776205
0.0740014763838916
0.0834132864225997
0.082176020836596
0.0803568938201559
0.0814464217918049
0.0826638105647607
0.0778709232312928
0.083509690653409
0.083183939515012
0.0805851251723212
0.0823664353322865
0.0788887959542365
0.0858095515205157
0.082933915108092
0.0812708666106582
0.0788704987494343
0.0786077452862439
0.0813813268088301
0.0794668523997977
0.0805796943352316
0.0822138196734148
0.088408055129803
0.0836969215228802
0.0843246018624588
0.080635376363635
0.079667764857719
0.0821303651824138
0.0834895984558757
0.0852690007404483
0.0810146517555504
0.0837054415066187
0.0834148935036157
0.0894663343494519
0.0872208568047035
0.0827001163033107
0.0821583720222153
0.0855767910240391
0.0835960233085719
0.0883683321676757
0.0868161666453099
0.0819573174522958
0.0842164916442541
0.0901226989788531
0.0851227448095558
0.0809002744273979
0.0721394028671917
0.0851696900587305
0.0814558328854933
0.0825790382277857
0.0810737537101935
0.0800809703676549
0.0874158084627729
0.0750070042533149
0.0793943176849404
0.0821477037754572
0.0867735352038138
0.0794327565317066
0.0822511248870449
0.0786950498169204
0.0815710107402466
0.0819930612464674
0.0821388216892096
0.0793653863400338
0.0882235715009916
0.0785689969021738
0.0819555848149604
0.0823077783720191
0.0885162622609994
0.0758073401327156
0.0841721871950833
0.0778265633902115
0.0812426357535421
0.0847821728531276
0.084173561432128
0.0830615205696779
0.0777407926198501
0.0822498422523644
0.086916634966334
0.0827197007006466
0.0792822501371972
0.0845971524484259
0.0878908781336009
0.0839603488410957
0.0821399558500816
0.0764824432672127
0.0817680880032316
0.0786586422953353
0.0779240417002751
0.0835116082905423
0.0832146672139429
0.0805313450408351
0.0868130690381658
0.0795544788539806
0.0848349809232989
0.0781251373593618
0.0784982537628714
0.0890414271166052
0.0833130684133751
0.0875743551420252
0.0756545266739801
0.0840406528547371
0.0844029965411463
0.0824665245063675
0.0773836893923589
0.0800143577202226
0.0855158693193816
0.0788565519732991
0.0781838760816086
0.0851397921343679
0.0879696276106532
0.0862672759144979
0.078778910032746
0.0846822565092913
0.075810050684379
0.0747861574242555
0.0770571760117746
0.0791209187461822
0.0807402926194023
0.0831296164963434
0.0849314640112099
0.0827515657100349
0.0808146786149772
0.0783819028654007
0.0809267648731574
0.0799648736689759
0.0820607137475527
0.0781450117727934
0.0854839996912096
0.0857196212393865
0.0765496437170094
0.0801413692098263
0.082661029615111
0.0891204228214716
0.0753485092445022
0.0814114018082482
0.0829924383045411
0.0887272249440196
0.0778399782164246
0.0778749291925156
0.0846216677369717
0.0850009384455897
0.0781314940433733
0.0886257618382426
0.0838652674519207
0.0855844688878509
0.0855500938779943
0.0803722233391809
0.0830896010519401
0.0836153253807088
0.0837369911374318
0.0764032319692702
0.0780000303108242
0.0914246735030838
0.0796768134063038
0.0857776569451819
0.0853756276760872
0.0834242864688471
0.0848422227474522
0.0862900059687347
0.0863651635295355
0.0787508303908198
0.0824156386813434
0.0782010883341038
0.0847280229575507
0.0803918477298228
0.0800248399270689
0.0789548116121049
0.0835747609155325
0.0774177593526725
0.0803558416639051
0.0801960950345745
0.0844943776407773
0.084705066697741
0.0811760748929525
0.0780552375804144
0.0776892883935559
0.0860455689935901
0.0773321221419321
0.0806424434188467
0.0814336647727724
0.0777496140555189
0.0774148068539404
0.0827435345796354
0.0781610699603239
0.084283530904912
0.0819674082405518
0.0820133000009079
0.0872519142677831
0.0796866627499528
0.081825006869761
0.0784367779784193
0.0851279257336409
0.081748298399307
0.0794962166281636
0.0847472620479326
0.086165579555629
0.0744053446483284
0.0787500311097631
0.0855826582312588
0.0868511986384887
0.0842307525950902
0.0779449579140919
0.0752361422585593
0.0806842260445203
0.0840633166190782
0.0732710548444
0.0815486132560221
0.0781898332629112
0.079814873091128
0.0865252267352723
0.0798399239030647
0.0825168300315568
0.0854191793103573
0.0798712061055023
0.0794779469544753
0.0823527164390197
0.0833075062690742
0.0792395204694165
0.0809339406502164
0.0794745940240495
0.0827193929431032
0.0877072721902792
0.0821288708197973
0.0844930161409607
0.0843215447213925
0.0855212462399456
0.0785081016323661
0.0849770092491057
0.0803690156830344
0.0820813061228083
0.0836448402952663
0.0836599776854915
0.0868501839205188
0.0783469159977712
0.0816682708192706
0.0760332673241628
0.0834771045855425
0.0835950830652845
0.0779449265019768
0.0827268115600235
0.0864984488453718
0.0852515883608991
0.0795177516436533
0.0787974565481846
0.0808920319621261
0.0831146547099366
0.0792044358529979
0.0795797087411171
0.0784786903813572
0.0830782340867339
0.075830649606137
0.0849792523393907
0.0817877138570134
0.0829015350705669
0.0776094721848422
0.0808518017623138
0.0863193760369483
0.0865339782884587
0.0834700355959826
0.0865505346356529
0.0868886666179501
0.0851254252834485
0.0844116728116935
0.0769244040809059
0.0848935928471592
0.0782035654496943
0.0840668930137895
0.0770017657679022
0.0736467326950724
0.0812538795081165
0.0799399756660822
0.0801432557042541
0.0873970887499684
0.0886345533086024
0.0813312180208404
0.0744958746804386
0.082344289970018
0.0757722550593276
0.0804043903800838
0.0827668029306264
0.0727763200331678
0.0894364889238984
0.0780243944598991
0.0881850481728069
0.0748077384596245
0.0780096334438717
0.0839076720624824
0.0802635842270634
0.0851644008452034
0.0801391450694895
0.0838974796260706
0.0831958094375945
0.0844090337535387
0.0808183575345989
0.0788029626428717
0.0777453094450219
0.0854459864274679
0.0820061785840141
0.0749014714119509
0.0774886497471586
0.0764817473845712
0.084241889459282
0.0753169498649536
0.0802257179447877
0.0810749373581865
0.0801054486787432
0.0795269288716636
0.0808287864105329
0.0857421813024007
0.0871690263864426
0.0840028516223638
0.0825388501229875
0.0835322378737305
0.0828031679573942
0.0804808462363054
0.0838765752806343
0.0822287595023085
0.0913609037854581
0.073537491688466
0.0803453453133406
0.0856814317872705
0.0829170606597053
0.0850498390365205
0.0856498548662053
0.0813005950292488
0.0811216111629717
0.0838609758784722
0.081613742576168
0.072058287616389
0.0790676792202047
0.0862992574399162
0.0798598720651345
0.0792549238098157
0.0810547378843375
0.0817725418671925
0.0870801265319762
0.0774374670263642
0.0820064851995313
0.0836297126178339
0.0877036873417552
0.0771577000085069
0.0831682709275846
0.083515796518875
0.0806686308423733
0.0813658668001577
0.0807734296664347
0.0846747134042928
0.0814568981250038
0.0870566274973364
0.080646934710597
0.0824984487786832
0.0791771843993611
0.0822484818763228
0.0857703088195302
0.0864488441723931
0.0797527919262929
0.0824010585099531
0.0853256449382451
0.0826796687023408
0.0792887261406219
0.0764495814262016
0.0842818600714445
0.0798535098992881
0.0898836412029583
0.0733874076479341
0.0840408818285669
0.0766273568097113
0.0807865553713907
0.0822000577187402
0.0829732499846295
0.0808182802319939
0.0745204619440735
0.0817994585249598
0.0810122890414578
0.0823694843925609
0.0890310408425825
0.0837603002314389
0.085361545051764
0.0756946497043909
0.0874277164765357
0.0852853967661276
0.0801152110218675
0.0821266232307028
0.0825256950005222
0.0740932390650384
0.0836998151953255
0.0851584662992155
0.0836927502165428
0.0821207825972137
0.080576924674708
0.0821638513585458
0.082340297813481
0.0785586792415095
0.0817454373598788
0.0810738997522975
0.0773013118320713
0.0825880291328441
0.0795261455429294
0.0807111439951735
0.0823698058036628
0.0837811702156987
0.081341377557411
0.0816673722797296
0.0776187067416002
0.0799534951088763
0.0799575980499935
0.0780321578254287
0.0782386760423428
0.0886052942071096
0.0846515732780756
0.0823814903280392
0.0815625276339417
0.0812621738129419
0.0746609766989466
0.0800689892823509
0.0791255124241821
0.0781254826917054
0.0799017978699229
0.0900797697185696
0.0816040502330034
0.0786371614200688
0.0746304999154904
0.0818429208196031
0.084532134227364
0.0749256489371115
0.0825511765322486
0.0843793865442969
0.0823319507850747
0.0762362737602835
0.0814212763092466
0.0825771937317044
0.0832156166638477
0.084323644075927
0.0813574767525325
0.0896237372087584
0.0825834570262201
0.0770764880371959
0.085330776312737
0.0794477332152117
0.082350858212248
0.0852362820600297
0.0788030454796958
0.0895662152281375
0.0780390348902391
0.0843991759773694
0.0859977952507827
0.0810723511118899
0.0766477299779681
0.0825809213813592
0.0796085187852527
0.0794761033976289
0.0908479568466781
0.0791931735846907
0.0800019439780532
0.0847230080734018
0.0810550577704005
0.077466265034817
0.0819422907100298
0.0777112550752622
0.0822374136125616
0.0795473408626869
0.0764727679674563
0.0813124419271394
0.0831510788014937
0.0820490562146711
0.0710647232896812
0.0855280404021186
0.0821524205271532
0.0930157286378377
0.0786605311781681
0.0813596798636831
0.0789340434076426
0.0824250885613699
0.0796006838764259
0.0764590144651468
0.0777981015421086
0.0833303429473575
0.0787207909692437
0.0733730455095415
0.0804741738911582
0.0794698580016996
0.0801683843918669
0.0810240572971535
0.0873436080477425
0.0808678710297085
0.0759533192976923
0.0851549450765828
0.0743567650668208
0.08119207299165
0.0823072655767324
0.084287137723922
0.0786198113035363
0.0787223391433741
0.0741741806313021
0.0848398831475964
0.0806733621217046
0.0863006361505437
0.0810709884220431
0.0793523673166645
0.0857760466153766
0.0805754984070675
0.0780145882305159
0.0837387192466853
0.0801263538493181
0.0720495233865252
0.079587535847813
0.0753481952950928
0.0762829346714622
0.0840437712181975
0.078449441399713
0.0813981498019578
0.0834280088453856
0.0801678384500278
0.0783365956556503
0.0797360544180693
0.0765328844079724
0.0838472725747148
0.0748528649372905
0.0914025610837721
0.0795794359862889
0.0750399152298279
0.0816673401985456
0.0795485633366422
0.0815387297749272
0.0796767710177412
0.085758750723328
0.079539690004814
0.0787528969504569
0.0850520891387302
0.0776056838794928
0.080438313234871
0.0789465527090592
0.0897434714165445
0.0833651244372071
0.0801469589007399
0.0760406184396199
0.0864856912108841
0.0781761019082605
0.0800579306006893
0.0791293296181938
0.080277975983885
0.0826733549601097
0.0835315652320179
0.0845910441736567
0.0890911896522138
0.0830011505835408
0.0884381847721617
0.0885315793961929
0.0812863997647074
0.0829554492951444
0.0821500028421603
0.0794144980875988
0.0830196904270471
0.0783563618426725
0.0840165306970655
0.0807034210649161
0.0846575470996637
0.0816565137535331
0.0860401939730332
0.0849619789119115
0.0883311651727362
0.0895729260184397
0.0782727434259491
0.0780103562589258
0.0810489850472846
0.0820861735478948
0.0775336273460559
0.0800108099991062
0.0838728231738734
0.0895389127497451
0.075891705780337
0.0822714157363114
0.0777068912510081
0.0829865770672648
0.0845168503650516
0.0825888543989477
0.0821628117282701
0.0800294320804672
0.0785728701927526
0.0768263059947437
0.0806088110738445
0.0825068117626052
0.0847456219597398
0.0824083334329592
0.0887427496983288
0.0851966245855002
0.0788563938984299
0.0779802901774564
0.0802213494966447
0.0803334307178657
0.0824917561503987
0.0850104372595914
0.0862564224930144
0.0819078557049629
0.0848962983485779
0.082315763753715
0.0833282272589921
0.0857374942489902
0.0777735115828655
0.0849256744266085
0.0833891671693081
0.0807730390834755
0.0792164487941903
0.0854384603445591
0.0728037465698732
0.0851078060740633
0.0753461669729861
0.0856342316156344
0.0862983228076505
0.0873310315568738
0.0759755457040681
0.0954479181639362
0.0815876089265102
0.0855666806425534
0.0785710716647218
0.0808527290236159
0.0811510685379454
0.0857996418394518
0.0834995967462326
0.0744677678622529
0.0854319082231841
0.081699929665723
0.0861099279106932
0.0781604323981621
0.0807562512148836
0.0852387696884494
0.0793572706475576
0.077789817662631
0.0837775095439421
0.086247897740952
0.0808319788964637
0.0803684689659267
0.0735002129315548
0.081618053489879
0.0788800015760338
0.0858260465444103
0.0794111892861518
0.0828946497789688
0.0757513344610284
0.0879024584604349
0.0808811001234527
0.0839285834726142
0.0782651959304726
0.0823956100465829
0.0766640694736657
0.0840933684616484
0.0832127562347254
0.0821042398490735
0.0846735154180344
0.0867216562887261
0.0784444517939394
0.0790496927089827
0.0822487930826232
0.0790936795592138
0.0893402842455453
0.0795877622988906
0.0800233299283254
0.0752948583364411
0.0797243067553146
0.0819391189872419
0.0761278221517208
0.0805194948082825
0.0776140312124196
0.0829047893229001
0.0899912601808971
0.0857788687899804
0.08744481057714
0.0813926457742785
0.0838096381282731
0.0834305451786039
0.0802690835046881
0.0752843913924213
0.0880811627725402
0.0836306683833483
0.0846035744382975
0.090143765564571
0.0850334388040007
0.0807984471251525
